0	816.708	830.875
0.0119366	816.558	830.818
0.0238732	816.25	830.67
0.0358099	815.935	830.472
0.0477465	815.618	830.245
0.0596831	815.299	830.003
0.0716197	814.979	829.751
0.0835563	814.658	829.494
0.095493	814.335	829.234
0.10743	814.011	828.971
0.119366	813.686	828.706
0.131303	813.359	828.44
0.143239	813.032	828.172
0.155176	812.703	827.903
0.167113	812.373	827.633
0.179049	812.042	827.362
0.190986	811.709	827.09
0.202923	811.376	826.816
0.214859	811.041	826.541
0.226796	810.705	826.265
0.238732	810.368	825.988
0.250669	810.029	825.71
0.262606	809.689	825.431
0.274542	809.349	825.15
0.286479	809.006	824.869
0.298416	808.663	824.586
0.310352	808.319	824.302
0.322289	807.973	824.017
0.334225	807.626	823.73
0.346162	807.278	823.443
0.358099	806.929	823.154
0.370035	806.578	822.864
0.381972	806.226	822.573
0.393908	805.873	822.281
0.405845	805.519	821.988
0.417782	805.164	821.693
0.429718	804.807	821.398
0.441655	804.449	821.101
0.453592	804.09	820.803
0.465528	803.73	820.503
0.477465	803.368	820.203
0.489401	803.005	819.901
0.501338	802.642	819.599
0.513275	802.276	819.295
0.525211	801.91	818.99
0.537148	801.542	818.683
0.549085	801.174	818.376
0.561021	800.804	818.067
0.572958	800.432	817.757
0.584894	800.06	817.446
0.596831	799.686	817.134
0.608768	799.312	816.82
0.620704	798.935	816.505
0.632641	798.558	816.189
0.644578	798.18	815.872
0.656514	797.8	815.554
0.668451	797.419	815.234
0.680387	797.037	814.914
0.692324	796.653	814.592
0.704261	796.269	814.269
0.716197	795.883	813.944
0.728134	795.496	813.619
0.74007	795.108	813.292
0.752007	794.719	812.964
0.763944	794.328	812.635
0.77588	793.936	812.305
0.787817	793.543	811.973
0.799754	793.149	811.641
0.81169	792.753	811.307
0.823627	792.357	810.971
0.835563	791.959	810.635
0.8475	791.56	810.297
0.859437	791.159	809.959
0.871373	790.758	809.619
0.88331	790.355	809.277
0.895247	789.951	808.935
0.907183	789.546	808.591
0.91912	789.14	808.246
0.931056	788.732	807.9
0.942993	788.324	807.553
0.95493	787.914	807.204
0.966866	787.503	806.855
0.978803	787.09	806.504
0.99074	786.677	806.152
1.00268	786.262	805.798
1.01461	785.846	805.444
1.02655	785.429	805.088
1.03849	785.011	804.731
1.05042	784.591	804.372
1.06236	784.171	804.013
1.0743	783.749	803.652
1.08623	783.326	803.29
1.09817	782.902	802.927
1.11011	782.476	802.563
1.12204	782.05	802.197
1.13398	781.622	801.831
1.14592	781.193	801.463
1.15785	780.763	801.093
1.16979	780.331	800.723
1.18173	779.899	800.351
1.19366	779.465	799.978
1.2056	779.03	799.604
1.21754	778.594	799.229
1.22947	778.157	798.853
1.24141	777.719	798.475
1.25335	777.279	798.096
1.26528	776.838	797.716
1.27722	776.397	797.334
1.28916	775.953	796.952
1.30109	775.509	796.568
1.31303	775.064	796.183
1.32496	774.617	795.797
1.3369	774.17	795.409
1.34884	773.721	795.02
1.36077	773.271	794.63
1.37271	772.82	794.239
1.38465	772.367	793.847
1.39658	771.914	793.453
1.40852	771.459	793.059
1.42046	771.004	792.663
1.43239	770.547	792.266
1.44433	770.089	791.867
1.45627	769.63	791.468
1.4682	769.169	791.067
1.48014	768.708	790.665
1.49208	768.245	790.262
1.50401	767.781	789.857
1.51595	767.317	789.451
1.52789	766.851	789.045
1.53982	766.384	788.637
1.55176	765.915	788.227
1.5637	765.446	787.817
1.57563	764.976	787.405
1.58757	764.504	786.992
1.59951	764.031	786.578
1.61144	763.557	786.163
1.62338	763.083	785.747
1.63532	762.607	785.329
1.64725	762.129	784.91
1.65919	761.651	784.49
1.67113	761.172	784.069
1.68306	760.691	783.646
1.695	760.21	783.223
1.70694	759.727	782.798
1.71887	759.244	782.372
1.73081	758.759	781.945
1.74275	758.273	781.516
1.75468	757.786	781.087
1.76662	757.298	780.656
1.77856	756.809	780.224
1.79049	756.318	779.791
1.80243	755.827	779.357
1.81437	755.335	778.921
1.8263	754.841	778.485
1.83824	754.347	778.047
1.85018	753.851	777.608
1.86211	753.355	777.168
1.87405	752.857	776.726
1.88599	752.358	776.284
1.89792	751.859	775.84
1.90986	751.358	775.395
1.9218	750.856	774.949
1.93373	750.353	774.502
1.94567	749.849	774.054
1.95761	749.344	773.604
1.96954	748.838	773.154
1.98148	748.331	772.702
1.99342	747.823	772.249
2.00535	747.314	771.795
2.01729	746.804	771.339
2.02923	746.293	770.883
2.04116	745.78	770.425
2.0531	745.267	769.967
2.06504	744.753	769.507
2.07697	744.238	769.046
2.08891	743.722	768.584
2.10085	743.205	768.121
2.11278	742.686	767.656
2.12472	742.167	767.191
2.13666	741.647	766.724
2.14859	741.126	766.256
2.16053	740.604	765.787
2.17246	740.081	765.317
2.1844	739.557	764.846
2.19634	739.032	764.374
2.20827	738.505	763.9
2.22021	737.978	763.426
2.23215	737.451	762.95
2.24408	736.922	762.473
2.25602	736.392	761.995
2.26796	735.861	761.516
2.27989	735.329	761.036
2.29183	734.796	760.555
2.30377	734.263	760.073
2.3157	733.728	759.589
2.32764	733.193	759.105
2.33958	732.656	758.619
2.35151	732.119	758.133
2.36345	731.58	757.645
2.37539	731.041	757.156
2.38732	730.501	756.666
2.39926	729.96	756.175
2.4112	729.418	755.683
2.42313	728.875	755.19
2.43507	728.331	754.696
2.44701	727.787	754.201
2.45894	727.241	753.704
2.47088	726.695	753.207
2.48282	726.147	752.708
2.49475	725.599	752.209
2.50669	725.05	751.708
2.51863	724.5	751.207
2.53056	723.949	750.704
2.5425	723.398	750.2
2.55444	722.845	749.695
2.56637	722.292	749.19
2.57831	721.737	748.683
2.59025	721.182	748.175
2.60218	720.626	747.666
2.61412	720.069	747.156
2.62606	719.512	746.645
2.63799	718.953	746.133
2.64993	718.394	745.62
2.66187	717.834	745.106
2.6738	717.273	744.591
2.68574	716.711	744.075
2.69768	716.148	743.558
2.70961	715.585	743.04
2.72155	715.021	742.521
2.73349	714.456	742.001
2.74542	713.89	741.48
2.75736	713.323	740.958
2.7693	712.756	740.435
2.78123	712.188	739.911
2.79317	711.619	739.386
2.80511	711.049	738.86
2.81704	710.479	738.333
2.82898	709.908	737.805
2.84092	709.336	737.276
2.85285	708.763	736.746
2.86479	708.189	736.215
2.87673	707.615	735.684
2.88866	707.04	735.151
2.9006	706.464	734.617
2.91254	705.888	734.083
2.92447	705.311	733.547
2.93641	704.733	733.011
2.94835	704.154	732.473
2.96028	703.575	731.935
2.97222	702.995	731.396
2.98416	702.414	730.856
2.99609	701.833	730.314
3.00803	701.25	729.772
3.01997	700.668	729.23
3.0319	700.084	728.686
3.04384	699.5	728.141
3.05577	698.915	727.595
3.06771	698.329	727.049
3.07965	697.743	726.501
3.09158	697.156	725.953
3.10352	696.569	725.404
3.11546	695.98	724.854
3.12739	695.391	724.303
3.13933	694.802	723.751
3.15127	694.212	723.198
3.1632	693.621	722.645
3.17514	693.029	722.09
3.18708	692.437	721.535
3.19901	691.845	720.979
3.21095	691.251	720.422
3.22289	690.658	719.864
3.23482	690.063	719.306
3.24676	689.468	718.746
3.2587	688.872	718.186
3.27063	688.276	717.625
3.28257	687.679	717.063
3.29451	687.082	716.5
3.30644	686.484	715.936
3.31838	685.885	715.372
3.33032	685.286	714.807
3.34225	684.686	714.241
3.35419	684.086	713.674
3.36613	683.485	713.106
3.37806	682.883	712.538
3.39	682.281	711.969
3.40194	681.679	711.399
3.41387	681.076	710.828
3.42581	680.472	710.257
3.43775	679.868	709.684
3.44968	679.264	709.111
3.46162	678.659	708.537
3.47356	678.053	707.963
3.48549	677.447	707.388
3.49743	676.84	706.812
3.50937	676.233	706.235
3.5213	675.626	705.657
3.53324	675.017	705.079
3.54518	674.409	704.5
3.55711	673.8	703.92
3.56905	673.19	703.34
3.58099	672.58	702.759
3.59292	671.97	702.177
3.60486	671.359	701.594
3.6168	670.748	701.011
3.62873	670.136	700.427
3.64067	669.524	699.843
3.65261	668.911	699.257
3.66454	668.298	698.671
3.67648	667.685	698.085
3.68842	667.071	697.497
3.70035	666.457	696.909
3.71229	665.842	696.321
3.72423	665.227	695.731
3.73616	664.611	695.142
3.7481	663.996	694.551
3.76004	663.379	693.96
3.77197	662.763	693.368
3.78391	662.146	692.775
3.79585	661.528	692.182
3.80778	660.91	691.588
3.81972	660.292	690.994
3.83166	659.674	690.399
3.84359	659.055	689.803
3.85553	658.436	689.207
3.86747	657.816	688.61
3.8794	657.197	688.013
3.89134	656.577	687.415
3.90327	655.956	686.816
3.91521	655.335	686.217
3.92715	654.714	685.618
3.93908	654.093	685.017
3.95102	653.471	684.416
3.96296	652.849	683.815
3.97489	652.227	683.213
3.98683	651.604	682.61
3.99877	650.981	682.007
4.0107	650.358	681.404
4.02264	649.735	680.8
4.03458	649.111	680.195
4.04651	648.487	679.59
4.05845	647.863	678.984
4.07039	647.239	678.378
4.08232	646.614	677.771
4.09426	645.989	677.164
4.1062	645.364	676.556
4.11813	644.739	675.948
4.13007	644.113	675.339
4.14201	643.487	674.73
4.15394	642.861	674.12
4.16588	642.235	673.51
4.17782	641.609	672.9
4.18975	640.982	672.289
4.20169	640.355	671.677
4.21363	639.728	671.065
4.22556	639.101	670.453
4.2375	638.474	669.84
4.24944	637.846	669.227
4.26137	637.218	668.613
4.27331	636.591	667.999
4.28525	635.963	667.384
4.29718	635.334	666.769
4.30912	634.706	666.154
4.32106	634.078	665.538
4.33299	633.449	664.922
4.34493	632.821	664.305
4.35687	632.192	663.688
4.3688	631.563	663.071
4.38074	630.934	662.453
4.39268	630.305	661.835
4.40461	629.675	661.216
4.41655	629.046	660.597
4.42849	628.417	659.978
4.44042	627.787	659.359
4.45236	627.158	658.739
4.4643	626.528	658.118
4.47623	625.898	657.498
4.48817	625.268	656.877
4.50011	624.639	656.256
4.51204	624.009	655.634
4.52398	623.379	655.012
4.53592	622.749	654.39
4.54785	622.119	653.767
4.55979	621.488	653.145
4.57173	620.858	652.521
4.58366	620.228	651.898
4.5956	619.598	651.274
4.60754	618.968	650.65
4.61947	618.338	650.026
4.63141	617.708	649.402
4.64335	617.077	648.777
4.65528	616.447	648.152
4.66722	615.817	647.527
4.67916	615.187	646.901
4.69109	614.557	646.275
4.70303	613.927	645.649
4.71497	613.297	645.023
4.7269	612.667	644.397
4.73884	612.037	643.77
4.75078	611.407	643.143
4.76271	610.777	642.516
4.77465	610.147	641.888
4.78658	609.517	641.261
4.79852	608.888	640.633
4.81046	608.258	640.005
4.82239	607.629	639.377
4.83433	606.999	638.749
4.84627	606.37	638.121
4.8582	605.74	637.492
4.87014	605.111	636.863
4.88208	604.482	636.234
4.89401	603.853	635.605
4.90595	603.224	634.976
4.91789	602.596	634.347
4.92982	601.967	633.717
4.94176	601.339	633.087
4.9537	600.71	632.458
4.96563	600.082	631.828
4.97757	599.454	631.198
4.98951	598.826	630.568
5.00144	598.198	629.938
5.01338	597.571	629.307
5.02532	596.943	628.677
5.03725	596.316	628.046
5.04919	595.689	627.416
5.06113	595.062	626.785
5.07306	594.435	626.154
5.085	593.809	625.524
5.09694	593.182	624.893
5.10887	592.556	624.262
5.12081	591.93	623.631
5.13275	591.304	623
5.14468	590.679	622.369
5.15662	590.054	621.738
5.16856	589.428	621.107
5.18049	588.804	620.475
5.19243	588.179	619.844
5.20437	587.554	619.213
5.2163	586.93	618.582
5.22824	586.306	617.951
5.24018	585.683	617.319
5.25211	585.059	616.688
5.26405	584.436	616.057
5.27599	583.813	615.426
5.28792	583.19	614.795
5.29986	582.568	614.164
5.3118	581.946	613.533
5.32373	581.324	612.901
5.33567	580.702	612.27
5.34761	580.081	611.639
5.35954	579.46	611.009
5.37148	578.839	610.378
5.38342	578.219	609.747
5.39535	577.599	609.116
5.40729	576.979	608.485
5.41923	576.36	607.855
5.43116	575.741	607.224
5.4431	575.122	606.594
5.45504	574.503	605.964
5.46697	573.885	605.333
5.47891	573.267	604.703
5.49085	572.65	604.073
5.50278	572.033	603.443
5.51472	571.416	602.813
5.52666	570.8	602.184
5.53859	570.184	601.554
5.55053	569.568	600.925
5.56247	568.953	600.295
5.5744	568.338	599.666
5.58634	567.723	599.037
5.59828	567.109	598.408
5.61021	566.495	597.78
5.62215	565.882	597.151
5.63408	565.269	596.523
5.64602	564.656	595.895
5.65796	564.044	595.266
5.66989	563.432	594.639
5.68183	562.821	594.011
5.69377	562.21	593.383
5.7057	561.599	592.756
5.71764	560.989	592.129
5.72958	560.379	591.502
5.74151	559.77	590.876
5.75345	559.161	590.249
5.76539	558.553	589.623
5.77732	557.945	588.997
5.78926	557.337	588.371
5.8012	556.73	587.746
5.81313	556.124	587.12
5.82507	555.517	586.495
5.83701	554.912	585.87
5.84894	554.307	585.246
5.86088	553.702	584.621
5.87282	553.098	583.997
5.88475	552.494	583.374
5.89669	551.89	582.75
5.90863	551.288	582.127
5.92056	550.685	581.504
5.9325	550.083	580.881
5.94444	549.482	580.259
5.95637	548.881	579.637
5.96831	548.281	579.015
5.98025	547.681	578.393
5.99218	547.082	577.772
6.00412	546.483	577.151
6.01606	545.885	576.531
6.02799	545.287	575.91
6.03993	544.69	575.29
6.05187	544.093	574.671
6.0638	543.497	574.052
6.07574	542.901	573.433
6.08768	542.306	572.814
6.09961	541.711	572.196
6.11155	541.117	571.578
6.12349	540.524	570.96
6.13542	539.931	570.343
6.14736	539.339	569.726
6.1593	538.747	569.11
6.17123	538.156	568.494
6.18317	537.565	567.878
6.19511	536.975	567.263
6.20704	536.386	566.648
6.21898	535.797	566.033
6.23092	535.208	565.419
6.24285	534.621	564.805
6.25479	534.034	564.192
6.26673	533.447	563.579
6.27866	532.861	562.967
6.2906	532.276	562.355
6.30254	531.691	561.743
6.31447	531.107	561.132
6.32641	530.523	560.521
6.33835	529.94	559.91
6.35028	529.358	559.3
6.36222	528.776	558.691
6.37416	528.195	558.082
6.38609	527.615	557.473
6.39803	527.035	556.865
6.40997	526.456	556.257
6.4219	525.877	555.65
6.43384	525.299	555.043
6.44578	524.722	554.437
6.45771	524.146	553.831
6.46965	523.57	553.226
6.48159	522.994	552.621
6.49352	522.42	552.016
6.50546	521.846	551.412
6.51739	521.272	550.809
6.52933	520.7	550.206
6.54127	520.127	549.603
6.5532	519.556	549.001
6.56514	518.985	548.4
6.57708	518.415	547.799
6.58901	517.846	547.199
6.60095	517.277	546.599
6.61289	516.709	545.999
6.62482	516.142	545.4
6.63676	515.576	544.802
6.6487	515.01	544.204
6.66063	514.444	543.607
6.67257	513.88	543.01
6.68451	513.316	542.414
6.69644	512.753	541.818
6.70838	512.19	541.223
6.72032	511.629	540.629
6.73225	511.068	540.035
6.74419	510.507	539.441
6.75613	509.948	538.849
6.76806	509.389	538.256
6.78	508.831	537.665
6.79194	508.273	537.073
6.80387	507.717	536.483
6.81581	507.161	535.893
6.82775	506.605	535.303
6.83968	506.051	534.715
6.85162	505.497	534.126
6.86356	504.944	533.539
6.87549	504.392	532.952
6.88743	503.84	532.365
6.89937	503.289	531.78
6.9113	502.739	531.194
6.92324	502.19	530.61
6.93518	501.641	530.026
6.94711	501.094	529.442
6.95905	500.546	528.86
6.97099	500	528.278
6.98292	499.455	527.696
6.99486	498.91	527.115
7.0068	498.366	526.535
7.01873	497.822	525.955
7.03067	497.28	525.376
7.04261	496.738	524.798
7.05454	496.197	524.221
7.06648	495.657	523.644
7.07842	495.118	523.067
7.09035	494.579	522.491
7.10229	494.041	521.916
7.11423	493.504	521.342
7.12616	492.968	520.768
7.1381	492.432	520.195
7.15004	491.898	519.623
7.16197	491.364	519.051
7.17391	490.831	518.48
7.18585	490.298	517.91
7.19778	489.767	517.34
7.20972	489.236	516.771
7.22166	488.706	516.203
7.23359	488.177	515.635
7.24553	487.649	515.068
7.25747	487.121	514.502
7.2694	486.594	513.937
7.28134	486.068	513.372
7.29328	485.543	512.808
7.30521	485.019	512.244
7.31715	484.495	511.682
7.32909	483.973	511.12
7.34102	483.451	510.558
7.35296	482.93	509.998
7.36489	482.41	509.438
7.37683	481.89	508.879
7.38877	481.372	508.32
7.4007	480.854	507.763
7.41264	480.337	507.206
7.42458	479.821	506.65
7.43651	479.306	506.094
7.44845	478.791	505.539
7.46039	478.278	504.985
7.47232	477.765	504.432
7.48426	477.253	503.88
7.4962	476.742	503.328
7.50813	476.232	502.777
7.52007	475.722	502.227
7.53201	475.214	501.677
7.54394	474.706	501.128
7.55588	474.199	500.58
7.56782	473.693	500.033
7.57975	473.188	499.487
7.59169	472.684	498.941
7.60363	472.18	498.396
7.61556	471.678	497.852
7.6275	471.176	497.308
7.63944	470.675	496.766
7.65137	470.175	496.224
7.66331	469.676	495.683
7.67525	469.177	495.142
7.68718	468.68	494.603
7.69912	468.183	494.064
7.71106	467.687	493.526
7.72299	467.192	492.989
7.73493	466.698	492.453
7.74687	466.205	491.917
7.7588	465.713	491.382
7.77074	465.221	490.848
7.78268	464.731	490.315
7.79461	464.241	489.783
7.80655	463.752	489.251
7.81849	463.264	488.72
7.83042	462.777	488.19
7.84236	462.291	487.661
7.8543	461.805	487.133
7.86623	461.321	486.605
7.87817	460.837	486.079
7.89011	460.355	485.553
7.90204	459.873	485.028
7.91398	459.392	484.503
7.92592	458.912	483.98
7.93785	458.432	483.457
7.94979	457.954	482.935
7.96173	457.477	482.414
7.97366	457	481.894
7.9856	456.524	481.375
7.99754	456.049	480.856
8.00947	455.575	480.338
8.02141	455.102	479.822
8.03335	454.63	479.305
8.04528	454.159	478.79
8.05722	453.689	478.276
8.06916	453.219	477.762
8.08109	452.75	477.25
8.09303	452.283	476.738
8.10497	451.816	476.227
8.1169	451.35	475.717
8.12884	450.885	475.207
8.14078	450.421	474.699
8.15271	449.957	474.191
8.16465	449.495	473.684
8.17659	449.033	473.179
8.18852	448.573	472.673
8.20046	448.113	472.169
8.2124	447.654	471.666
8.22433	447.196	471.163
8.23627	446.739	470.662
8.2482	446.283	470.161
8.26014	445.828	469.661
8.27208	445.374	469.162
8.28401	444.92	468.664
8.29595	444.468	468.166
8.30789	444.016	467.67
8.31982	443.565	467.174
8.33176	443.115	466.68
8.3437	442.666	466.186
8.35563	442.218	465.693
8.36757	441.771	465.2
8.37951	441.325	464.709
8.39144	440.88	464.219
8.40338	440.435	463.729
8.41532	439.992	463.241
8.42725	439.549	462.753
8.43919	439.107	462.266
8.45113	438.666	461.78
8.46306	438.226	461.295
8.475	437.787	460.81
8.48694	437.349	460.327
8.49887	436.912	459.845
8.51081	436.475	459.363
8.52275	436.04	458.882
8.53468	435.605	458.402
8.54662	435.172	457.923
8.55856	434.739	457.445
8.57049	434.307	456.968
8.58243	433.876	456.492
8.59437	433.446	456.016
8.6063	433.017	455.542
8.61824	432.589	455.068
8.63018	432.162	454.595
8.64211	431.735	454.123
8.65405	431.31	453.652
8.66599	430.885	453.182
8.67792	430.461	452.713
8.68986	430.038	452.245
8.7018	429.617	451.777
8.71373	429.196	451.311
8.72567	428.775	450.845
8.73761	428.356	450.38
8.74954	427.938	449.916
8.76148	427.521	449.453
8.77342	427.104	448.991
8.78535	426.688	448.53
8.79729	426.274	448.07
8.80923	425.86	447.611
8.82116	425.447	447.152
8.8331	425.035	446.695
8.84504	424.624	446.238
8.85697	424.214	445.782
8.86891	423.805	445.327
8.88085	423.396	444.873
8.89278	422.989	444.42
8.90472	422.582	443.968
8.91666	422.176	443.517
8.92859	421.772	443.066
8.94053	421.368	442.617
8.95247	420.965	442.168
8.9644	420.563	441.721
8.97634	420.161	441.274
8.98828	419.761	440.828
9.00021	419.362	440.383
9.01215	418.963	439.939
9.02409	418.566	439.496
9.03602	418.169	439.054
9.04796	417.773	438.612
9.0599	417.378	438.172
9.07183	416.984	437.732
9.08377	416.591	437.294
9.0957	416.199	436.856
9.10764	415.807	436.419
9.11958	415.417	435.983
9.13151	415.027	435.548
9.14345	414.639	435.114
9.15539	414.251	434.681
9.16732	413.864	434.249
9.17926	413.478	433.817
9.1912	413.093	433.387
9.20313	412.709	432.957
9.21507	412.325	432.529
9.22701	411.943	432.101
9.23894	411.561	431.674
9.25088	411.181	431.248
9.26282	410.801	430.823
9.27475	410.422	430.399
9.28669	410.044	429.976
9.29863	409.667	429.553
9.31056	409.291	429.132
9.3225	408.915	428.711
9.33444	408.541	428.292
9.34637	408.167	427.873
9.35831	407.795	427.455
9.37025	407.423	427.038
9.38218	407.052	426.622
9.39412	406.682	426.207
9.40606	406.313	425.793
9.41799	405.945	425.38
9.42993	405.577	424.967
9.44187	405.211	424.556
9.4538	404.845	424.145
9.46574	404.48	423.736
9.47768	404.116	423.327
9.48961	403.753	422.919
9.50155	403.391	422.512
9.51349	403.03	422.106
9.52542	402.669	421.701
9.53736	402.31	421.297
9.5493	401.951	420.894
9.56123	401.593	420.491
9.57317	401.237	420.09
9.58511	400.88	419.689
9.59704	400.525	419.289
9.60898	400.171	418.89
9.62092	399.818	418.492
9.63285	399.465	418.095
9.64479	399.113	417.699
9.65673	398.762	417.304
9.66866	398.412	416.91
9.6806	398.063	416.516
9.69254	397.715	416.124
9.70447	397.368	415.732
9.71641	397.021	415.341
9.72835	396.675	414.951
9.74028	396.331	414.562
9.75222	395.987	414.174
9.76416	395.644	413.787
9.77609	395.301	413.401
9.78803	394.96	413.016
9.79997	394.619	412.631
9.8119	394.28	412.248
9.82384	393.941	411.865
9.83578	393.603	411.483
9.84771	393.266	411.102
9.85965	392.929	410.722
9.87159	392.594	410.343
9.88352	392.259	409.965
9.89546	391.926	409.587
9.9074	391.593	409.211
9.91933	391.261	408.835
9.93127	390.929	408.461
9.94321	390.599	408.087
9.95514	390.27	407.714
9.96708	389.941	407.342
9.97901	389.613	406.971
9.99095	389.286	406.6
10.0029	388.96	406.231
10.0148	388.635	405.862
10.0268	388.31	405.495
10.0387	387.986	405.128
10.0506	387.664	404.762
10.0626	387.342	404.397
10.0745	387.02	404.033
10.0864	386.7	403.67
10.0984	386.381	403.307
10.1103	386.062	402.946
10.1223	385.744	402.585
10.1342	385.427	402.226
10.1461	385.111	401.867
10.1581	384.795	401.509
10.17	384.481	401.152
10.1819	384.167	400.795
10.1939	383.854	400.44
10.2058	383.542	400.086
10.2177	383.231	399.732
10.2297	382.92	399.379
10.2416	382.611	399.027
10.2536	382.302	398.676
10.2655	381.994	398.326
10.2774	381.687	397.977
10.2894	381.38	397.628
10.3013	381.075	397.281
10.3132	380.77	396.934
10.3252	380.466	396.588
10.3371	380.163	396.243
10.3491	379.861	395.899
10.361	379.559	395.556
10.3729	379.258	395.213
10.3849	378.958	394.872
10.3968	378.659	394.531
10.4087	378.361	394.191
10.4207	378.063	393.852
10.4326	377.767	393.514
10.4445	377.471	393.177
10.4565	377.176	392.841
10.4684	376.881	392.505
10.4804	376.588	392.17
10.4923	376.295	391.836
10.5042	376.003	391.503
10.5162	375.712	391.171
10.5281	375.421	390.84
10.54	375.132	390.509
10.552	374.843	390.18
10.5639	374.555	389.851
10.5758	374.268	389.523
10.5878	373.981	389.196
10.5997	373.696	388.87
10.6117	373.411	388.544
10.6236	373.127	388.22
10.6355	372.843	387.896
10.6475	372.561	387.573
10.6594	372.279	387.251
10.6713	371.998	386.929
10.6833	371.718	386.609
10.6952	371.438	386.289
10.7071	371.159	385.971
10.7191	370.881	385.653
10.731	370.604	385.336
10.743	370.328	385.019
10.7549	370.052	384.704
10.7668	369.777	384.389
10.7788	369.503	384.075
10.7907	369.23	383.762
10.8026	368.957	383.45
10.8146	368.685	383.139
10.8265	368.414	382.828
10.8385	368.144	382.519
10.8504	367.874	382.21
10.8623	367.606	381.902
10.8743	367.337	381.595
10.8862	367.07	381.288
10.8981	366.804	380.982
10.9101	366.538	380.678
10.922	366.273	380.374
10.9339	366.008	380.07
10.9459	365.745	379.768
10.9578	365.482	379.466
10.9698	365.22	379.166
10.9817	364.958	378.866
10.9936	364.698	378.566
11.0056	364.438	378.268
11.0175	364.179	377.971
11.0294	363.92	377.674
11.0414	363.663	377.378
11.0533	363.406	377.083
11.0652	363.149	376.788
11.0772	362.894	376.495
11.0891	362.639	376.202
11.1011	362.385	375.91
11.113	362.132	375.619
11.1249	361.879	375.328
11.1369	361.627	375.039
11.1488	361.376	374.75
11.1607	361.126	374.462
11.1727	360.876	374.174
11.1846	360.627	373.888
11.1966	360.379	373.602
11.2085	360.131	373.317
11.2204	359.884	373.033
11.2324	359.638	372.75
11.2443	359.393	372.467
11.2562	359.148	372.185
11.2682	358.904	371.904
11.2801	358.66	371.624
11.292	358.418	371.345
11.304	358.176	371.066
11.3159	357.935	370.788
11.3279	357.694	370.511
11.3398	357.454	370.234
11.3517	357.215	369.959
11.3637	356.977	369.684
11.3756	356.739	369.41
11.3875	356.502	369.136
11.3995	356.266	368.864
11.4114	356.03	368.592
11.4233	355.795	368.321
11.4353	355.561	368.05
11.4472	355.327	367.781
11.4592	355.094	367.512
11.4711	354.862	367.244
11.483	354.631	366.977
11.495	354.4	366.71
11.5069	354.17	366.444
11.5188	353.94	366.179
11.5308	353.711	365.915
11.5427	353.483	365.651
11.5546	353.256	365.389
11.5666	353.029	365.126
11.5785	352.803	364.865
11.5905	352.577	364.605
11.6024	352.352	364.345
11.6143	352.128	364.086
11.6263	351.905	363.827
11.6382	351.682	363.569
11.6501	351.46	363.313
11.6621	351.238	363.056
11.674	351.017	362.801
11.686	350.797	362.546
11.6979	350.578	362.292
11.7098	350.359	362.039
11.7218	350.141	361.786
11.7337	349.923	361.534
11.7456	349.706	361.283
11.7576	349.49	361.033
11.7695	349.274	360.783
11.7814	349.059	360.534
11.7934	348.845	360.286
11.8053	348.631	360.038
11.8173	348.418	359.792
11.8292	348.206	359.546
11.8411	347.994	359.3
11.8531	347.783	359.055
11.865	347.573	358.811
11.8769	347.363	358.568
11.8889	347.154	358.326
11.9008	346.945	358.084
11.9127	346.737	357.843
11.9247	346.53	357.602
11.9366	346.323	357.362
11.9486	346.117	357.123
11.9605	345.912	356.885
11.9724	345.707	356.647
11.9844	345.503	356.41
11.9963	345.299	356.174
12.0082	345.096	355.938
12.0202	344.894	355.704
12.0321	344.692	355.469
12.0441	344.491	355.236
12.056	344.291	355.003
12.0679	344.091	354.771
12.0799	343.891	354.539
12.0918	343.693	354.309
12.1037	343.495	354.078
12.1157	343.297	353.849
12.1276	343.1	353.62
12.1395	342.904	353.392
12.1515	342.709	353.165
12.1634	342.514	352.938
12.1754	342.319	352.712
12.1873	342.125	352.487
12.1992	341.932	352.262
12.2112	341.739	352.038
12.2231	341.547	351.814
12.235	341.356	351.592
12.247	341.165	351.37
12.2589	340.975	351.148
12.2708	340.785	350.928
12.2828	340.596	350.707
12.2947	340.408	350.488
12.3067	340.22	350.269
12.3186	340.032	350.051
12.3305	339.846	349.834
12.3425	339.659	349.617
12.3544	339.474	349.401
12.3663	339.289	349.185
12.3783	339.104	348.97
12.3902	338.92	348.756
12.4021	338.737	348.543
12.4141	338.554	348.33
12.426	338.372	348.117
12.438	338.191	347.906
12.4499	338.01	347.695
12.4618	337.829	347.484
12.4738	337.649	347.275
12.4857	337.47	347.065
12.4976	337.291	346.857
12.5096	337.113	346.649
12.5215	336.935	346.442
12.5335	336.758	346.235
12.5454	336.582	346.029
12.5573	336.406	345.824
12.5693	336.23	345.619
12.5812	336.055	345.415
12.5931	335.881	345.212
12.6051	335.707	345.009
12.617	335.534	344.807
12.6289	335.361	344.605
12.6409	335.189	344.404
12.6528	335.017	344.204
12.6648	334.846	344.004
12.6767	334.676	343.805
12.6886	334.506	343.606
12.7006	334.336	343.409
12.7125	334.167	343.211
12.7244	333.999	343.014
12.7364	333.831	342.818
12.7483	333.664	342.623
12.7602	333.497	342.428
12.7722	333.331	342.234
12.7841	333.165	342.04
12.7961	333	341.847
12.808	332.835	341.654
12.8199	332.671	341.462
12.8319	332.508	341.271
12.8438	332.344	341.08
12.8557	332.182	340.89
12.8677	332.02	340.701
12.8796	331.858	340.512
12.8916	331.697	340.323
12.9035	331.537	340.135
12.9154	331.377	339.948
12.9274	331.217	339.762
12.9393	331.058	339.576
12.9512	330.9	339.39
12.9632	330.742	339.205
12.9751	330.584	339.021
12.987	330.427	338.837
12.999	330.271	338.654
13.0109	330.115	338.471
13.0229	329.96	338.289
13.0348	329.805	338.108
13.0467	329.65	337.927
13.0587	329.496	337.747
13.0706	329.343	337.567
13.0825	329.19	337.388
13.0945	329.037	337.209
13.1064	328.885	337.031
13.1183	328.734	336.853
13.1303	328.583	336.676
13.1422	328.432	336.5
13.1542	328.282	336.324
13.1661	328.133	336.149
13.178	327.984	335.974
13.19	327.835	335.8
13.2019	327.687	335.626
13.2138	327.539	335.453
13.2258	327.392	335.281
13.2377	327.246	335.109
13.2496	327.099	334.937
13.2616	326.954	334.766
13.2735	326.808	334.596
13.2855	326.664	334.426
13.2974	326.519	334.257
13.3093	326.376	334.088
13.3213	326.232	333.92
13.3332	326.089	333.752
13.3451	325.947	333.585
13.3571	325.805	333.418
13.369	325.663	333.252
13.381	325.522	333.087
13.3929	325.382	332.922
13.4048	325.242	332.757
13.4168	325.102	332.593
13.4287	324.963	332.43
13.4406	324.824	332.267
13.4526	324.686	332.104
13.4645	324.548	331.942
13.4764	324.411	331.781
13.4884	324.274	331.62
13.5003	324.137	331.46
13.5123	324.001	331.3
13.5242	323.866	331.14
13.5361	323.731	330.982
13.5481	323.596	330.823
13.56	323.462	330.665
13.5719	323.328	330.508
13.5839	323.194	330.351
13.5958	323.061	330.195
13.6077	322.929	330.039
13.6197	322.797	329.884
13.6316	322.665	329.729
13.6436	322.534	329.575
13.6555	322.403	329.421
13.6674	322.273	329.268
13.6794	322.143	329.115
13.6913	322.014	328.963
13.7032	321.885	328.811
13.7152	321.756	328.66
13.7271	321.628	328.509
13.7391	321.5	328.358
13.751	321.373	328.209
13.7629	321.246	328.059
13.7749	321.119	327.91
13.7868	320.993	327.762
13.7987	320.868	327.614
13.8107	320.742	327.466
13.8226	320.618	327.319
13.8345	320.493	327.173
13.8465	320.369	327.027
13.8584	320.246	326.881
13.8704	320.123	326.736
13.8823	320	326.592
13.8942	319.877	326.448
13.9062	319.756	326.304
13.9181	319.634	326.161
13.93	319.513	326.018
13.942	319.392	325.876
13.9539	319.272	325.734
13.9658	319.152	325.593
13.9778	319.033	325.452
13.9897	318.913	325.311
14.0017	318.795	325.171
14.0136	318.676	325.032
14.0255	318.559	324.893
14.0375	318.441	324.754
14.0494	318.324	324.616
14.0613	318.207	324.479
14.0733	318.091	324.341
14.0852	317.975	324.205
14.0971	317.859	324.068
14.1091	317.744	323.932
14.121	317.63	323.797
14.133	317.515	323.662
14.1449	317.401	323.528
14.1568	317.288	323.393
14.1688	317.174	323.26
14.1807	317.062	323.127
14.1926	316.949	322.994
14.2046	316.837	322.862
14.2165	316.725	322.73
14.2285	316.614	322.598
14.2404	316.503	322.467
14.2523	316.393	322.337
14.2643	316.282	322.206
14.2762	316.173	322.077
14.2881	316.063	321.947
14.3001	315.954	321.819
14.312	315.845	321.69
14.3239	315.737	321.562
14.3359	315.629	321.435
14.3478	315.522	321.307
14.3598	315.414	321.181
14.3717	315.308	321.054
14.3836	315.201	320.928
14.3956	315.095	320.803
14.4075	314.989	320.678
14.4194	314.884	320.553
14.4314	314.779	320.429
14.4433	314.674	320.305
14.4552	314.57	320.182
14.4672	314.466	320.059
14.4791	314.362	319.936
14.4911	314.259	319.814
14.503	314.156	319.692
14.5149	314.054	319.571
14.5269	313.952	319.45
14.5388	313.85	319.33
14.5507	313.748	319.209
14.5627	313.647	319.09
14.5746	313.546	318.97
14.5866	313.446	318.851
14.5985	313.346	318.733
14.6104	313.246	318.615
14.6224	313.147	318.497
14.6343	313.048	318.38
14.6462	312.949	318.263
14.6582	312.851	318.146
14.6701	312.753	318.03
14.682	312.655	317.914
14.694	312.558	317.799
14.7059	312.461	317.684
14.7179	312.364	317.569
14.7298	312.268	317.455
14.7417	312.172	317.341
14.7537	312.077	317.228
14.7656	311.981	317.115
14.7775	311.886	317.002
14.7895	311.792	316.89
14.8014	311.697	316.778
14.8133	311.603	316.667
14.8253	311.51	316.556
14.8372	311.417	316.445
14.8492	311.324	316.334
14.8611	311.231	316.224
14.873	311.139	316.115
14.885	311.047	316.005
14.8969	310.955	315.897
14.9088	310.864	315.788
14.9208	310.773	315.68
14.9327	310.682	315.572
14.9446	310.592	315.465
14.9566	310.502	315.358
14.9685	310.412	315.251
14.9805	310.323	315.145
14.9924	310.234	315.039
15.0043	310.145	314.933
15.0163	310.056	314.828
15.0282	309.968	314.723
15.0401	309.88	314.619
15.0521	309.793	314.515
15.064	309.706	314.411
15.076	309.619	314.307
15.0879	309.532	314.204
15.0998	309.446	314.102
15.1118	309.36	313.999
15.1237	309.275	313.897
15.1356	309.189	313.796
15.1476	309.104	313.694
15.1595	309.02	313.593
15.1714	308.935	313.493
15.1834	308.851	313.392
15.1953	308.767	313.293
15.2073	308.684	313.193
15.2192	308.601	313.094
15.2311	308.518	312.995
15.2431	308.435	312.896
15.255	308.353	312.798
15.2669	308.271	312.7
15.2789	308.19	312.603
15.2908	308.108	312.506
15.3027	308.027	312.409
15.3147	307.946	312.313
15.3266	307.866	312.216
15.3386	307.786	312.121
15.3505	307.706	312.025
15.3624	307.626	311.93
15.3744	307.547	311.835
15.3863	307.468	311.741
15.3982	307.389	311.647
15.4102	307.311	311.553
15.4221	307.233	311.459
15.4341	307.155	311.366
15.446	307.078	311.273
15.4579	307	311.181
15.4699	306.924	311.089
15.4818	306.847	310.997
15.4937	306.771	310.906
15.5057	306.694	310.814
15.5176	306.619	310.724
15.5295	306.543	310.633
15.5415	306.468	310.543
15.5534	306.393	310.453
15.5654	306.318	310.363
15.5773	306.244	310.274
15.5892	306.17	310.185
15.6012	306.096	310.097
15.6131	306.023	310.008
15.625	305.949	309.92
15.637	305.876	309.833
15.6489	305.804	309.745
15.6608	305.731	309.658
15.6728	305.659	309.572
15.6847	305.587	309.485
15.6967	305.516	309.399
15.7086	305.444	309.313
15.7205	305.373	309.228
15.7325	305.303	309.143
15.7444	305.232	309.058
15.7563	305.162	308.973
15.7683	305.092	308.889
15.7802	305.022	308.805
15.7921	304.953	308.721
15.8041	304.884	308.638
15.816	304.815	308.555
15.828	304.746	308.472
15.8399	304.678	308.39
15.8518	304.61	308.308
15.8638	304.542	308.226
15.8757	304.475	308.144
15.8876	304.408	308.063
15.8996	304.341	307.982
15.9115	304.274	307.902
15.9235	304.207	307.821
15.9354	304.141	307.741
15.9473	304.075	307.662
15.9593	304.01	307.582
15.9712	303.944	307.503
15.9831	303.879	307.424
15.9951	303.814	307.346
16.007	303.75	307.267
16.0189	303.685	307.189
16.0309	303.621	307.112
16.0428	303.557	307.034
16.0548	303.494	306.957
16.0667	303.43	306.88
16.0786	303.367	306.804
16.0906	303.305	306.727
16.1025	303.242	306.651
16.1144	303.18	306.576
16.1264	303.118	306.5
16.1383	303.056	306.425
16.1502	302.994	306.35
16.1622	302.933	306.276
16.1741	302.872	306.202
16.1861	302.811	306.128
16.198	302.751	306.054
16.2099	302.691	305.981
16.2219	302.631	305.907
16.2338	302.571	305.835
16.2457	302.511	305.762
16.2577	302.452	305.69
16.2696	302.393	305.618
16.2816	302.334	305.546
16.2935	302.276	305.474
16.3054	302.217	305.403
16.3174	302.159	305.332
16.3293	302.102	305.262
16.3412	302.044	305.191
16.3532	301.987	305.121
16.3651	301.93	305.051
16.377	301.873	304.982
16.389	301.816	304.912
16.4009	301.76	304.843
16.4129	301.704	304.775
16.4248	301.648	304.706
16.4367	301.593	304.638
16.4487	301.537	304.57
16.4606	301.482	304.502
16.4725	301.427	304.435
16.4845	301.373	304.368
16.4964	301.318	304.301
16.5083	301.264	304.234
16.5203	301.21	304.168
16.5322	301.156	304.102
16.5442	301.103	304.036
16.5561	301.05	303.97
16.568	300.997	303.905
16.58	300.944	303.84
16.5919	300.892	303.775
16.6038	300.839	303.711
16.6158	300.787	303.646
16.6277	300.735	303.582
16.6396	300.684	303.519
16.6516	300.633	303.455
16.6635	300.581	303.392
16.6755	300.531	303.329
16.6874	300.48	303.266
16.6993	300.43	303.204
16.7113	300.379	303.141
16.7232	300.329	303.079
16.7351	300.28	303.018
16.7471	300.23	302.956
16.759	300.181	302.895
16.771	300.132	302.834
16.7829	300.083	302.773
16.7948	300.034	302.713
16.8068	299.986	302.653
16.8187	299.938	302.593
16.8306	299.89	302.533
16.8426	299.842	302.474
16.8545	299.795	302.414
16.8664	299.748	302.356
16.8784	299.701	302.297
16.8903	299.654	302.238
16.9023	299.607	302.18
16.9142	299.561	302.122
16.9261	299.515	302.064
16.9381	299.469	302.007
16.95	299.423	301.95
16.9619	299.378	301.893
16.9739	299.332	301.836
16.9858	299.287	301.779
16.9977	299.243	301.723
17.0097	299.198	301.667
17.0216	299.154	301.611
17.0336	299.109	301.556
17.0455	299.065	301.501
17.0574	299.022	301.445
17.0694	298.978	301.391
17.0813	298.935	301.336
17.0932	298.892	301.282
17.1052	298.849	301.228
17.1171	298.806	301.174
17.1291	298.764	301.12
17.141	298.722	301.067
17.1529	298.68	301.013
17.1649	298.638	300.961
17.1768	298.596	300.908
17.1887	298.555	300.855
17.2007	298.514	300.803
17.2126	298.473	300.751
17.2245	298.432	300.699
17.2365	298.391	300.648
17.2484	298.351	300.597
17.2604	298.311	300.545
17.2723	298.271	300.495
17.2842	298.231	300.444
17.2962	298.192	300.394
17.3081	298.152	300.343
17.32	298.113	300.294
17.332	298.074	300.244
17.3439	298.035	300.194
17.3558	297.997	300.145
17.3678	297.959	300.096
17.3797	297.921	300.047
17.3917	297.883	299.999
17.4036	297.845	299.95
17.4155	297.807	299.902
17.4275	297.77	299.854
17.4394	297.733	299.807
17.4513	297.696	299.759
17.4633	297.66	299.712
17.4752	297.623	299.665
17.4871	297.587	299.618
17.4991	297.551	299.572
17.511	297.515	299.525
17.523	297.479	299.479
17.5349	297.444	299.433
17.5468	297.408	299.388
17.5588	297.373	299.342
17.5707	297.338	299.297
17.5826	297.303	299.252
17.5946	297.269	299.207
17.6065	297.235	299.163
17.6185	297.2	299.118
17.6304	297.166	299.074
17.6423	297.133	299.03
17.6543	297.099	298.987
17.6662	297.066	298.943
17.6781	297.033	298.9
17.6901	297	298.857
17.702	296.967	298.814
17.7139	296.934	298.771
17.7259	296.902	298.729
17.7378	296.869	298.686
17.7498	296.837	298.644
17.7617	296.805	298.603
17.7736	296.774	298.561
17.7856	296.742	298.52
17.7975	296.711	298.479
17.8094	296.68	298.438
17.8214	296.649	298.397
17.8333	296.618	298.356
17.8452	296.587	298.316
17.8572	296.557	298.276
17.8691	296.527	298.236
17.8811	296.497	298.196
17.893	296.467	298.157
17.9049	296.437	298.117
17.9169	296.408	298.078
17.9288	296.378	298.039
17.9407	296.349	298.001
17.9527	296.32	297.962
17.9646	296.292	297.924
17.9766	296.263	297.886
17.9885	296.234	297.848
18.0004	296.206	297.81
18.0124	296.178	297.773
18.0243	296.15	297.735
18.0362	296.122	297.698
18.0482	296.095	297.661
18.0601	296.068	297.625
18.072	296.04	297.588
18.084	296.013	297.552
18.0959	295.986	297.516
18.1079	295.96	297.48
18.1198	295.933	297.444
18.1317	295.907	297.409
18.1437	295.881	297.374
18.1556	295.855	297.338
18.1675	295.829	297.303
18.1795	295.803	297.269
18.1914	295.778	297.234
18.2033	295.752	297.2
18.2153	295.727	297.166
18.2272	295.702	297.132
18.2392	295.677	297.098
18.2511	295.652	297.065
18.263	295.628	297.031
18.275	295.604	296.998
18.2869	295.579	296.965
18.2988	295.555	296.932
18.3108	295.531	296.9
18.3227	295.508	296.867
18.3346	295.484	296.835
18.3466	295.461	296.803
18.3585	295.438	296.771
18.3705	295.414	296.739
18.3824	295.392	296.708
18.3943	295.369	296.676
18.4063	295.346	296.645
18.4182	295.324	296.614
18.4301	295.301	296.584
18.4421	295.279	296.553
18.454	295.257	296.523
18.466	295.236	296.492
18.4779	295.214	296.462
18.4898	295.192	296.433
18.5018	295.171	296.403
18.5137	295.15	296.373
18.5256	295.129	296.344
18.5376	295.108	296.315
18.5495	295.087	296.286
18.5614	295.066	296.257
18.5734	295.046	296.229
18.5853	295.026	296.2
18.5973	295.005	296.172
18.6092	294.985	296.144
18.6211	294.966	296.116
18.6331	294.946	296.088
18.645	294.926	296.061
18.6569	294.907	296.033
18.6689	294.888	296.006
18.6808	294.868	295.979
18.6927	294.849	295.952
18.7047	294.831	295.926
18.7166	294.812	295.899
18.7286	294.793	295.873
18.7405	294.775	295.847
18.7524	294.756	295.821
18.7644	294.738	295.795
18.7763	294.72	295.769
18.7882	294.702	295.744
18.8002	294.685	295.718
18.8121	294.667	295.693
18.8241	294.65	295.668
18.836	294.632	295.643
18.8479	294.615	295.619
18.8599	294.598	295.594
18.8718	294.581	295.57
18.8837	294.564	295.546
18.8957	294.548	295.522
18.9076	294.531	295.498
18.9195	294.515	295.474
18.9315	294.498	295.451
18.9434	294.482	295.427
18.9554	294.466	295.404
18.9673	294.45	295.381
18.9792	294.435	295.358
18.9912	294.419	295.335
19.0031	294.403	295.313
19.015	294.388	295.29
19.027	294.373	295.268
19.0389	294.358	295.246
19.0508	294.343	295.224
19.0628	294.328	295.202
19.0747	294.313	295.181
19.0867	294.299	295.159
19.0986	294.284	295.138
19.1105	294.27	295.117
19.1225	294.255	295.096
19.1344	294.241	295.075
19.1463	294.227	295.054
19.1583	294.213	295.034
19.1702	294.2	295.013
19.1821	294.186	294.993
19.1941	294.172	294.973
19.206	294.159	294.953
19.218	294.146	294.933
19.2299	294.132	294.913
19.2418	294.119	294.894
19.2538	294.106	294.874
19.2657	294.094	294.855
19.2776	294.081	294.836
19.2896	294.068	294.817
19.3015	294.056	294.798
19.3135	294.043	294.78
19.3254	294.031	294.761
19.3373	294.019	294.743
19.3493	294.007	294.724
19.3612	293.995	294.706
19.3731	293.983	294.688
19.3851	293.971	294.671
19.397	293.96	294.653
19.4089	293.948	294.635
19.4209	293.937	294.618
19.4328	293.925	294.601
19.4448	293.914	294.583
19.4567	293.903	294.566
19.4686	293.892	294.55
19.4806	293.881	294.533
19.4925	293.87	294.516
19.5044	293.859	294.5
19.5164	293.849	294.483
19.5283	293.838	294.467
19.5402	293.828	294.451
19.5522	293.818	294.435
19.5641	293.807	294.419
19.5761	293.797	294.404
19.588	293.787	294.388
19.5999	293.777	294.373
19.6119	293.768	294.357
19.6238	293.758	294.342
19.6357	293.748	294.327
19.6477	293.739	294.312
19.6596	293.729	294.297
19.6716	293.72	294.283
19.6835	293.711	294.268
19.6954	293.702	294.254
19.7074	293.693	294.239
19.7193	293.684	294.225
19.7312	293.675	294.211
19.7432	293.666	294.197
19.7551	293.657	294.183
19.767	293.649	294.17
19.779	293.64	294.156
19.7909	293.632	294.143
19.8029	293.623	294.129
19.8148	293.615	294.116
19.8267	293.607	294.103
19.8387	293.599	294.09
19.8506	293.591	294.077
19.8625	293.583	294.064
19.8745	293.575	294.052
19.8864	293.567	294.039
19.8983	293.559	294.027
19.9103	293.552	294.014
19.9222	293.544	294.002
19.9342	293.537	293.99
19.9461	293.529	293.978
19.958	293.522	293.966
19.97	293.515	293.955
19.9819	293.508	293.943
19.9938	293.501	293.931
20.0058	293.494	293.92
20.0177	293.487	293.909
20.0296	293.48	293.897
20.0416	293.473	293.886
20.0535	293.467	293.875
20.0655	293.46	293.864
20.0774	293.454	293.854
20.0893	293.447	293.843
20.1013	293.441	293.832
20.1132	293.434	293.822
20.1251	293.428	293.811
20.1371	293.422	293.801
20.149	293.416	293.791
20.161	293.41	293.781
20.1729	293.404	293.771
20.1848	293.398	293.761
20.1968	293.392	293.751
20.2087	293.386	293.741
20.2206	293.381	293.732
20.2326	293.375	293.722
20.2445	293.37	293.713
20.2564	293.364	293.703
20.2684	293.359	293.694
20.2803	293.353	293.685
20.2923	293.348	293.676
20.3042	293.343	293.667
20.3161	293.338	293.658
20.3281	293.333	293.649
20.34	293.327	293.641
20.3519	293.322	293.632
20.3639	293.318	293.624
20.3758	293.313	293.615
20.3877	293.308	293.607
20.3997	293.303	293.599
20.4116	293.298	293.59
20.4236	293.294	293.582
20.4355	293.289	293.574
20.4474	293.285	293.566
20.4594	293.28	293.559
20.4713	293.276	293.551
20.4832	293.271	293.543
20.4952	293.267	293.536
20.5071	293.263	293.528
20.5191	293.259	293.521
20.531	293.255	293.513
20.5429	293.251	293.506
20.5549	293.247	293.499
20.5668	293.243	293.492
20.5787	293.239	293.485
20.5907	293.235	293.478
20.6026	293.231	293.471
20.6145	293.227	293.464
20.6265	293.223	293.458
20.6384	293.22	293.451
20.6504	293.216	293.444
20.6623	293.213	293.438
20.6742	293.209	293.432
20.6862	293.206	293.425
20.6981	293.202	293.419
20.71	293.199	293.413
20.722	293.195	293.407
20.7339	293.192	293.401
20.7458	293.189	293.395
20.7578	293.186	293.389
20.7697	293.182	293.383
20.7817	293.179	293.377
20.7936	293.176	293.371
20.8055	293.173	293.366
20.8175	293.17	293.36
20.8294	293.167	293.355
20.8413	293.164	293.349
20.8533	293.161	293.344
20.8652	293.159	293.339
20.8771	293.156	293.333
20.8891	293.153	293.328
20.901	293.15	293.323
20.913	293.148	293.318
20.9249	293.145	293.313
20.9368	293.142	293.308
20.9488	293.14	293.303
20.9607	293.137	293.299
20.9726	293.135	293.294
20.9846	293.132	293.289
20.9965	293.13	293.284
21.0085	293.128	293.28
21.0204	293.125	293.275
21.0323	293.123	293.271
21.0443	293.121	293.267
21.0562	293.118	293.262
21.0681	293.116	293.258
21.0801	293.114	293.254
21.092	293.112	293.25
21.1039	293.11	293.245
21.1159	293.108	293.241
21.1278	293.106	293.237
21.1398	293.104	293.233
21.1517	293.102	293.229
21.1636	293.1	293.226
21.1756	293.098	293.222
21.1875	293.096	293.218
21.1994	293.094	293.214
21.2114	293.092	293.211
21.2233	293.091	293.207
21.2352	293.089	293.204
21.2472	293.087	293.2
21.2591	293.085	293.197
21.2711	293.084	293.193
21.283	293.082	293.19
21.2949	293.08	293.187
21.3069	293.079	293.183
21.3188	293.077	293.18
21.3307	293.076	293.177
21.3427	293.074	293.174
21.3546	293.073	293.171
21.3666	293.071	293.168
21.3785	293.07	293.165
21.3904	293.068	293.162
21.4024	293.067	293.159
21.4143	293.065	293.156
21.4262	293.064	293.153
21.4382	293.063	293.15
21.4501	293.061	293.147
21.462	293.06	293.145
21.474	293.059	293.142
21.4859	293.058	293.139
21.4979	293.056	293.137
21.5098	293.055	293.134
21.5217	293.054	293.132
21.5337	293.053	293.129
21.5456	293.052	293.127
21.5575	293.051	293.124
21.5695	293.049	293.122
21.5814	293.048	293.12
21.5933	293.047	293.117
21.6053	293.046	293.115
21.6172	293.045	293.113
21.6292	293.044	293.111
21.6411	293.043	293.109
21.653	293.042	293.107
21.665	293.041	293.104
21.6769	293.04	293.102
21.6888	293.039	293.1
21.7008	293.039	293.098
21.7127	293.038	293.096
21.7246	293.037	293.094
21.7366	293.036	293.093
21.7485	293.035	293.091
21.7605	293.034	293.089
21.7724	293.034	293.087
21.7843	293.033	293.085
21.7963	293.032	293.084
21.8082	293.031	293.082
21.8201	293.03	293.08
21.8321	293.03	293.078
21.844	293.029	293.077
21.856	293.028	293.075
21.8679	293.028	293.074
21.8798	293.027	293.072
21.8918	293.026	293.071
21.9037	293.026	293.069
21.9156	293.025	293.068
21.9276	293.024	293.066
21.9395	293.024	293.065
21.9514	293.023	293.063
21.9634	293.023	293.062
21.9753	293.022	293.061
21.9873	293.022	293.059
21.9992	293.021	293.058
22.0111	293.02	293.057
22.0231	293.02	293.055
22.035	293.019	293.054
22.0469	293.019	293.053
22.0589	293.018	293.052
22.0708	293.018	293.051
22.0827	293.017	293.049
22.0947	293.017	293.048
22.1066	293.017	293.047
22.1186	293.016	293.046
22.1305	293.016	293.045
22.1424	293.015	293.044
22.1544	293.015	293.043
22.1663	293.014	293.042
22.1782	293.014	293.041
22.1902	293.014	293.04
22.2021	293.013	293.039
22.2141	293.013	293.038
22.226	293.013	293.037
22.2379	293.012	293.036
22.2499	293.012	293.035
22.2618	293.012	293.035
22.2737	293.011	293.034
22.2857	293.011	293.033
22.2976	293.011	293.032
22.3095	293.01	293.031
22.3215	293.01	293.031
22.3334	293.01	293.03
22.3454	293.009	293.029
22.3573	293.009	293.028
22.3692	293.009	293.028
22.3812	293.009	293.027
22.3931	293.008	293.026
22.405	293.008	293.026
22.417	293.008	293.025
22.4289	293.008	293.024
22.4408	293.007	293.024
22.4528	293.007	293.023
22.4647	293.007	293.022
22.4767	293.007	293.022
22.4886	293.007	293.021
22.5005	293.006	293.021
22.5125	293.006	293.02
22.5244	293.006	293.02
22.5363	293.006	293.019
22.5483	293.006	293.018
22.5602	293.005	293.018
22.5721	293.005	293.017
22.5841	293.005	293.017
22.596	293.005	293.016
22.608	293.005	293.016
22.6199	293.005	293.016
22.6318	293.004	293.015
22.6438	293.004	293.015
22.6557	293.004	293.014
22.6676	293.004	293.014
22.6796	293.004	293.013
22.6915	293.004	293.013
22.7035	293.004	293.013
22.7154	293.003	293.012
22.7273	293.003	293.012
22.7393	293.003	293.012
22.7512	293.003	293.011
22.7631	293.003	293.011
22.7751	293.003	293.011
22.787	293.003	293.01
22.7989	293.003	293.01
22.8109	293.003	293.01
22.8228	293.002	293.009
22.8348	293.002	293.009
22.8467	293.002	293.009
22.8586	293.002	293.008
22.8706	293.002	293.008
22.8825	293.002	293.008
22.8944	293.002	293.008
22.9064	293.002	293.007
22.9183	293.002	293.007
22.9302	293.002	293.007
22.9422	293.002	293.007
22.9541	293.002	293.006
22.9661	293.002	293.006
22.978	293.001	293.006
22.9899	293.001	293.006
23.0019	293.001	293.006
23.0138	293.001	293.005
23.0257	293.001	293.005
23.0377	293.001	293.005
23.0496	293.001	293.005
23.0616	293.001	293.005
23.0735	293.001	293.005
23.0854	293.001	293.004
23.0974	293.001	293.004
23.1093	293.001	293.004
23.1212	293.001	293.004
23.1332	293.001	293.004
23.1451	293.001	293.004
23.157	293.001	293.003
23.169	293.001	293.003
23.1809	293.001	293.003
23.1929	293.001	293.003
23.2048	293.001	293.003
23.2167	293.001	293.003
23.2287	293.001	293.003
23.2406	293.001	293.003
23.2525	293.001	293.002
23.2645	293	293.002
23.2764	293	293.002
23.2883	293	293.002
23.3003	293	293.002
23.3122	293	293.002
23.3242	293	293.002
23.3361	293	293.002
23.348	293	293.002
23.36	293	293.002
23.3719	293	293.002
23.3838	293	293.002
23.3958	293	293.001
23.4077	293	293.001
23.4196	293	293.001
23.4316	293	293.001
23.4435	293	293.001
23.4555	293	293.001
23.4674	293	293.001
23.4793	293	293.001
23.4913	293	293.001
23.5032	293	293.001
23.5151	293	293.001
23.5271	293	293.001
23.539	293	293.001
23.551	293	293.001
23.5629	293	293.001
23.5748	293	293.001
23.5868	293	293.001
23.5987	293	293.001
23.6106	293	293.001
23.6226	293	293.001
23.6345	293	293
23.6464	293	293
23.6584	293	293
23.6703	293	293
23.6823	293	293
23.6942	293	293
23.7061	293	293
23.7181	293	293
23.73	293	293
23.7419	293	293
23.7539	293	293
23.7658	293	293
23.7777	293	293
23.7897	293	293
23.8016	293	293
23.8136	293	293
23.8255	293	293
23.8374	293	293
23.8494	293	293
23.8613	293	293
23.8732	293	293
