0	873	872.935
0.0119366	872.999	872.935
0.0238732	872.998	872.933
0.0358099	872.997	872.931
0.0477465	872.997	872.928
0.0596831	872.996	872.924
0.0716197	872.995	872.919
0.0835563	872.994	872.914
0.095493	872.993	872.909
0.10743	872.992	872.903
0.119366	872.991	872.897
0.131303	872.99	872.891
0.143239	872.988	872.884
0.155176	872.987	872.877
0.167113	872.986	872.87
0.179049	872.984	872.862
0.190986	872.983	872.855
0.202923	872.981	872.846
0.214859	872.979	872.838
0.226796	872.977	872.829
0.238732	872.975	872.82
0.250669	872.973	872.811
0.262606	872.971	872.801
0.274542	872.969	872.791
0.286479	872.967	872.781
0.298416	872.964	872.771
0.310352	872.962	872.76
0.322289	872.959	872.749
0.334225	872.956	872.737
0.346162	872.954	872.725
0.358099	872.951	872.713
0.370035	872.947	872.7
0.381972	872.944	872.687
0.393908	872.941	872.674
0.405845	872.937	872.66
0.417782	872.933	872.646
0.429718	872.93	872.632
0.441655	872.926	872.617
0.453592	872.922	872.601
0.465528	872.917	872.586
0.477465	872.913	872.57
0.489401	872.908	872.553
0.501338	872.903	872.536
0.513275	872.898	872.519
0.525211	872.893	872.501
0.537148	872.888	872.483
0.549085	872.882	872.464
0.561021	872.877	872.445
0.572958	872.871	872.425
0.584894	872.865	872.405
0.596831	872.859	872.384
0.608768	872.852	872.363
0.620704	872.845	872.341
0.632641	872.838	872.319
0.644578	872.831	872.296
0.656514	872.824	872.273
0.668451	872.816	872.249
0.680387	872.809	872.225
0.692324	872.801	872.2
0.704261	872.792	872.175
0.716197	872.784	872.149
0.728134	872.775	872.122
0.74007	872.766	872.095
0.752007	872.756	872.067
0.763944	872.747	872.039
0.77588	872.737	872.01
0.787817	872.727	871.981
0.799754	872.716	871.951
0.81169	872.706	871.92
0.823627	872.695	871.888
0.835563	872.683	871.856
0.8475	872.672	871.824
0.859437	872.66	871.79
0.871373	872.647	871.756
0.88331	872.635	871.722
0.895247	872.622	871.686
0.907183	872.609	871.65
0.91912	872.595	871.614
0.931056	872.581	871.576
0.942993	872.567	871.538
0.95493	872.552	871.499
0.966866	872.537	871.46
0.978803	872.522	871.419
0.99074	872.506	871.378
1.00268	872.49	871.336
1.01461	872.474	871.294
1.02655	872.457	871.25
1.03849	872.439	871.206
1.05042	872.422	871.161
1.06236	872.403	871.115
1.0743	872.385	871.069
1.08623	872.366	871.021
1.09817	872.346	870.973
1.11011	872.327	870.924
1.12204	872.306	870.874
1.13398	872.286	870.823
1.14592	872.264	870.772
1.15785	872.243	870.719
1.16979	872.22	870.666
1.18173	872.198	870.612
1.19366	872.175	870.557
1.2056	872.151	870.501
1.21754	872.127	870.444
1.22947	872.102	870.386
1.24141	872.077	870.327
1.25335	872.052	870.268
1.26528	872.025	870.207
1.27722	871.999	870.145
1.28916	871.971	870.083
1.30109	871.944	870.019
1.31303	871.915	869.955
1.32496	871.886	869.889
1.3369	871.857	869.823
1.34884	871.827	869.755
1.36077	871.796	869.687
1.37271	871.765	869.617
1.38465	871.733	869.547
1.39658	871.7	869.475
1.40852	871.667	869.403
1.42046	871.633	869.329
1.43239	871.599	869.254
1.44433	871.564	869.179
1.45627	871.528	869.102
1.4682	871.492	869.024
1.48014	871.455	868.945
1.49208	871.417	868.865
1.50401	871.379	868.784
1.51595	871.34	868.701
1.52789	871.3	868.618
1.53982	871.26	868.533
1.55176	871.219	868.447
1.5637	871.177	868.361
1.57563	871.135	868.273
1.58757	871.091	868.183
1.59951	871.047	868.093
1.61144	871.003	868.001
1.62338	870.957	867.909
1.63532	870.911	867.815
1.64725	870.864	867.72
1.65919	870.816	867.623
1.67113	870.767	867.526
1.68306	870.718	867.427
1.695	870.668	867.327
1.70694	870.617	867.226
1.71887	870.565	867.123
1.73081	870.512	867.019
1.74275	870.458	866.914
1.75468	870.404	866.808
1.76662	870.349	866.7
1.77856	870.293	866.592
1.79049	870.236	866.481
1.80243	870.178	866.37
1.81437	870.119	866.257
1.8263	870.06	866.143
1.83824	869.999	866.028
1.85018	869.938	865.911
1.86211	869.876	865.793
1.87405	869.812	865.674
1.88599	869.748	865.553
1.89792	869.683	865.431
1.90986	869.617	865.307
1.9218	869.55	865.183
1.93373	869.482	865.057
1.94567	869.413	864.929
1.95761	869.343	864.8
1.96954	869.272	864.67
1.98148	869.2	864.538
1.99342	869.127	864.405
2.00535	869.053	864.27
2.01729	868.978	864.134
2.02923	868.902	863.997
2.04116	868.825	863.858
2.0531	868.747	863.718
2.06504	868.668	863.576
2.07697	868.588	863.433
2.08891	868.507	863.289
2.10085	868.424	863.143
2.11278	868.341	862.995
2.12472	868.256	862.846
2.13666	868.171	862.696
2.14859	868.084	862.544
2.16053	867.996	862.391
2.17246	867.907	862.236
2.1844	867.817	862.079
2.19634	867.726	861.921
2.20827	867.634	861.762
2.22021	867.54	861.601
2.23215	867.445	861.439
2.24408	867.35	861.275
2.25602	867.253	861.11
2.26796	867.154	860.943
2.27989	867.055	860.774
2.29183	866.955	860.604
2.30377	866.853	860.433
2.3157	866.75	860.26
2.32764	866.646	860.085
2.33958	866.54	859.909
2.35151	866.433	859.732
2.36345	866.326	859.552
2.37539	866.216	859.372
2.38732	866.106	859.189
2.39926	865.994	859.005
2.4112	865.881	858.82
2.42313	865.767	858.633
2.43507	865.652	858.444
2.44701	865.535	858.254
2.45894	865.417	858.062
2.47088	865.298	857.869
2.48282	865.177	857.674
2.49475	865.055	857.478
2.50669	864.932	857.28
2.51863	864.807	857.08
2.53056	864.681	856.879
2.5425	864.554	856.676
2.55444	864.425	856.471
2.56637	864.295	856.265
2.57831	864.164	856.058
2.59025	864.031	855.848
2.60218	863.897	855.638
2.61412	863.762	855.425
2.62606	863.625	855.211
2.63799	863.486	854.995
2.64993	863.347	854.778
2.66187	863.206	854.559
2.6738	863.063	854.339
2.68574	862.92	854.117
2.69768	862.774	853.893
2.70961	862.628	853.668
2.72155	862.48	853.441
2.73349	862.33	853.212
2.74542	862.179	852.982
2.75736	862.027	852.75
2.7693	861.873	852.517
2.78123	861.718	852.282
2.79317	861.561	852.045
2.80511	861.403	851.807
2.81704	861.243	851.567
2.82898	861.082	851.326
2.84092	860.919	851.083
2.85285	860.755	850.838
2.86479	860.59	850.592
2.87673	860.422	850.344
2.88866	860.254	850.095
2.9006	860.084	849.844
2.91254	859.912	849.591
2.92447	859.739	849.337
2.93641	859.565	849.081
2.94835	859.389	848.823
2.96028	859.211	848.564
2.97222	859.032	848.303
2.98416	858.851	848.041
2.99609	858.669	847.777
3.00803	858.485	847.512
3.01997	858.3	847.245
3.0319	858.114	846.976
3.04384	857.925	846.706
3.05577	857.735	846.434
3.06771	857.544	846.16
3.07965	857.351	845.885
3.09158	857.157	845.609
3.10352	856.961	845.331
3.11546	856.763	845.051
3.12739	856.564	844.77
3.13933	856.363	844.487
3.15127	856.161	844.202
3.1632	855.957	843.916
3.17514	855.752	843.629
3.18708	855.545	843.34
3.19901	855.336	843.049
3.21095	855.126	842.757
3.22289	854.915	842.463
3.23482	854.701	842.168
3.24676	854.487	841.871
3.2587	854.27	841.573
3.27063	854.052	841.273
3.28257	853.833	840.972
3.29451	853.612	840.669
3.30644	853.389	840.365
3.31838	853.165	840.059
3.33032	852.939	839.752
3.34225	852.711	839.443
3.35419	852.482	839.132
3.36613	852.252	838.82
3.37806	852.02	838.507
3.39	851.786	838.192
3.40194	851.55	837.876
3.41387	851.313	837.558
3.42581	851.075	837.239
3.43775	850.835	836.919
3.44968	850.593	836.596
3.46162	850.35	836.273
3.47356	850.105	835.948
3.48549	849.858	835.622
3.49743	849.61	835.294
3.50937	849.361	834.964
3.5213	849.11	834.634
3.53324	848.857	834.302
3.54518	848.602	833.968
3.55711	848.346	833.633
3.56905	848.089	833.297
3.58099	847.83	832.96
3.59292	847.569	832.621
3.60486	847.307	832.28
3.6168	847.043	831.938
3.62873	846.778	831.595
3.64067	846.511	831.251
3.65261	846.242	830.905
3.66454	845.972	830.558
3.67648	845.7	830.21
3.68842	845.427	829.86
3.70035	845.152	829.509
3.71229	844.876	829.156
3.72423	844.598	828.803
3.73616	844.319	828.448
3.7481	844.038	828.091
3.76004	843.755	827.734
3.77197	843.471	827.375
3.78391	843.186	827.015
3.79585	842.899	826.654
3.80778	842.61	826.291
3.81972	842.32	825.927
3.83166	842.028	825.562
3.84359	841.735	825.196
3.85553	841.44	824.829
3.86747	841.144	824.46
3.8794	840.846	824.09
3.89134	840.547	823.719
3.90327	840.246	823.347
3.91521	839.944	822.973
3.92715	839.64	822.599
3.93908	839.335	822.223
3.95102	839.028	821.846
3.96296	838.72	821.468
3.97489	838.41	821.089
3.98683	838.099	820.709
3.99877	837.786	820.328
4.0107	837.472	819.945
4.02264	837.157	819.562
4.03458	836.84	819.177
4.04651	836.521	818.791
4.05845	836.201	818.404
4.07039	835.88	818.017
4.08232	835.557	817.628
4.09426	835.233	817.238
4.1062	834.907	816.847
4.11813	834.58	816.455
4.13007	834.252	816.062
4.14201	833.922	815.668
4.15394	833.591	815.273
4.16588	833.258	814.877
4.17782	832.924	814.48
4.18975	832.589	814.082
4.20169	832.252	813.683
4.21363	831.914	813.283
4.22556	831.574	812.882
4.2375	831.233	812.481
4.24944	830.891	812.078
4.26137	830.548	811.674
4.27331	830.203	811.27
4.28525	829.857	810.865
4.29718	829.509	810.458
4.30912	829.16	810.051
4.32106	828.81	809.643
4.33299	828.459	809.234
4.34493	828.106	808.825
4.35687	827.752	808.414
4.3688	827.397	808.003
4.38074	827.04	807.591
4.39268	826.682	807.178
4.40461	826.323	806.764
4.41655	825.963	806.35
4.42849	825.601	805.934
4.44042	825.238	805.518
4.45236	824.874	805.101
4.4643	824.509	804.684
4.47623	824.143	804.265
4.48817	823.775	803.846
4.50011	823.406	803.427
4.51204	823.036	803.006
4.52398	822.665	802.585
4.53592	822.292	802.163
4.54785	821.919	801.74
4.55979	821.544	801.317
4.57173	821.168	800.893
4.58366	820.791	800.469
4.5956	820.413	800.044
4.60754	820.034	799.618
4.61947	819.653	799.191
4.63141	819.272	798.764
4.64335	818.889	798.337
4.65528	818.506	797.908
4.66722	818.121	797.479
4.67916	817.735	797.05
4.69109	817.348	796.62
4.70303	816.96	796.189
4.71497	816.571	795.758
4.7269	816.181	795.327
4.73884	815.79	794.895
4.75078	815.398	794.462
4.76271	815.005	794.029
4.77465	814.611	793.595
4.78658	814.216	793.161
4.79852	813.82	792.726
4.81046	813.423	792.291
4.82239	813.025	791.855
4.83433	812.626	791.419
4.84627	812.226	790.983
4.8582	811.825	790.546
4.87014	811.423	790.108
4.88208	811.021	789.671
4.89401	810.617	789.232
4.90595	810.212	788.794
4.91789	809.807	788.355
4.92982	809.401	787.916
4.94176	808.994	787.476
4.9537	808.586	787.036
4.96563	808.177	786.595
4.97757	807.767	786.154
4.98951	807.356	785.713
5.00144	806.945	785.272
5.01338	806.533	784.83
5.02532	806.12	784.388
5.03725	805.706	783.945
5.04919	805.292	783.503
5.06113	804.876	783.06
5.07306	804.46	782.617
5.085	804.043	782.173
5.09694	803.626	781.729
5.10887	803.207	781.285
5.12081	802.788	780.841
5.13275	802.368	780.396
5.14468	801.948	779.952
5.15662	801.526	779.507
5.16856	801.105	779.062
5.18049	800.682	778.616
5.19243	800.259	778.171
5.20437	799.835	777.725
5.2163	799.41	777.279
5.22824	798.985	776.833
5.24018	798.559	776.387
5.25211	798.132	775.94
5.26405	797.705	775.494
5.27599	797.277	775.047
5.28792	796.849	774.6
5.29986	796.42	774.153
5.3118	795.991	773.706
5.32373	795.561	773.259
5.33567	795.13	772.812
5.34761	794.699	772.364
5.35954	794.267	771.917
5.37148	793.835	771.469
5.38342	793.402	771.022
5.39535	792.969	770.574
5.40729	792.535	770.126
5.41923	792.1	769.679
5.43116	791.666	769.231
5.4431	791.23	768.783
5.45504	790.795	768.335
5.46697	790.358	767.887
5.47891	789.922	767.439
5.49085	789.485	766.991
5.50278	789.047	766.544
5.51472	788.609	766.096
5.52666	788.171	765.648
5.53859	787.732	765.2
5.55053	787.293	764.752
5.56247	786.853	764.304
5.5744	786.413	763.856
5.58634	785.973	763.409
5.59828	785.533	762.961
5.61021	785.092	762.513
5.62215	784.65	762.066
5.63408	784.209	761.618
5.64602	783.767	761.171
5.65796	783.324	760.723
5.66989	782.882	760.276
5.68183	782.439	759.829
5.69377	781.995	759.382
5.7057	781.552	758.935
5.71764	781.108	758.488
5.72958	780.664	758.041
5.74151	780.22	757.594
5.75345	779.775	757.148
5.76539	779.331	756.701
5.77732	778.886	756.255
5.78926	778.44	755.809
5.8012	777.995	755.363
5.81313	777.549	754.917
5.82507	777.103	754.471
5.83701	776.657	754.026
5.84894	776.211	753.58
5.86088	775.765	753.135
5.87282	775.318	752.69
5.88475	774.871	752.245
5.89669	774.425	751.8
5.90863	773.978	751.356
5.92056	773.53	750.912
5.9325	773.083	750.467
5.94444	772.636	750.024
5.95637	772.188	749.58
5.96831	771.741	749.136
5.98025	771.293	748.693
5.99218	770.845	748.25
6.00412	770.397	747.807
6.01606	769.949	747.364
6.02799	769.501	746.922
6.03993	769.053	746.48
6.05187	768.605	746.038
6.0638	768.157	745.596
6.07574	767.709	745.154
6.08768	767.26	744.713
6.09961	766.812	744.272
6.11155	766.364	743.831
6.12349	765.916	743.391
6.13542	765.467	742.95
6.14736	765.019	742.51
6.1593	764.571	742.071
6.17123	764.122	741.631
6.18317	763.674	741.192
6.19511	763.226	740.753
6.20704	762.777	740.314
6.21898	762.329	739.876
6.23092	761.881	739.438
6.24285	761.433	739
6.25479	760.985	738.562
6.26673	760.537	738.125
6.27866	760.089	737.688
6.2906	759.641	737.251
6.30254	759.194	736.815
6.31447	758.746	736.378
6.32641	758.298	735.943
6.33835	757.851	735.507
6.35028	757.404	735.072
6.36222	756.956	734.637
6.37416	756.509	734.202
6.38609	756.062	733.768
6.39803	755.615	733.334
6.40997	755.168	732.9
6.4219	754.722	732.467
6.43384	754.275	732.034
6.44578	753.829	731.601
6.45771	753.383	731.168
6.46965	752.937	730.736
6.48159	752.491	730.304
6.49352	752.045	729.873
6.50546	751.6	729.442
6.51739	751.154	729.011
6.52933	750.709	728.58
6.54127	750.264	728.15
6.5532	749.819	727.72
6.56514	749.374	727.29
6.57708	748.93	726.861
6.58901	748.486	726.432
6.60095	748.042	726.003
6.61289	747.598	725.575
6.62482	747.154	725.147
6.63676	746.711	724.719
6.6487	746.268	724.292
6.66063	745.825	723.865
6.67257	745.382	723.439
6.68451	744.94	723.012
6.69644	744.497	722.586
6.70838	744.055	722.161
6.72032	743.614	721.735
6.73225	743.172	721.31
6.74419	742.731	720.886
6.75613	742.29	720.461
6.76806	741.849	720.037
6.78	741.408	719.614
6.79194	740.968	719.19
6.80387	740.528	718.767
6.81581	740.088	718.345
6.82775	739.649	717.922
6.83968	739.21	717.5
6.85162	738.771	717.078
6.86356	738.332	716.657
6.87549	737.894	716.236
6.88743	737.456	715.815
6.89937	737.018	715.395
6.9113	736.581	714.975
6.92324	736.143	714.555
6.93518	735.706	714.136
6.94711	735.27	713.717
6.95905	734.833	713.298
6.97099	734.397	712.88
6.98292	733.962	712.462
6.99486	733.526	712.044
7.0068	733.091	711.627
7.01873	732.656	711.209
7.03067	732.222	710.793
7.04261	731.788	710.376
7.05454	731.354	709.96
7.06648	730.92	709.544
7.07842	730.487	709.129
7.09035	730.054	708.714
7.10229	729.622	708.299
7.11423	729.189	707.884
7.12616	728.757	707.47
7.1381	728.326	707.056
7.15004	727.894	706.642
7.16197	727.463	706.229
7.17391	727.033	705.816
7.18585	726.602	705.403
7.19778	726.172	704.991
7.20972	725.743	704.579
7.22166	725.313	704.167
7.23359	724.884	703.756
7.24553	724.456	703.345
7.25747	724.027	702.934
7.2694	723.599	702.523
7.28134	723.172	702.113
7.29328	722.744	701.703
7.30521	722.317	701.293
7.31715	721.891	700.884
7.32909	721.464	700.475
7.34102	721.038	700.066
7.35296	720.613	699.657
7.36489	720.187	699.249
7.37683	719.762	698.841
7.38877	719.338	698.434
7.4007	718.913	698.026
7.41264	718.489	697.619
7.42458	718.066	697.212
7.43651	717.642	696.806
7.44845	717.219	696.4
7.46039	716.797	695.994
7.47232	716.374	695.588
7.48426	715.953	695.182
7.4962	715.531	694.777
7.50813	715.11	694.372
7.52007	714.689	693.968
7.53201	714.268	693.563
7.54394	713.848	693.159
7.55588	713.428	692.755
7.56782	713.008	692.352
7.57975	712.589	691.948
7.59169	712.17	691.545
7.60363	711.751	691.142
7.61556	711.333	690.74
7.6275	710.915	690.337
7.63944	710.497	689.935
7.65137	710.08	689.533
7.66331	709.663	689.132
7.67525	709.247	688.73
7.68718	708.83	688.329
7.69912	708.414	687.928
7.71106	707.999	687.527
7.72299	707.583	687.127
7.73493	707.168	686.727
7.74687	706.753	686.327
7.7588	706.339	685.927
7.77074	705.925	685.527
7.78268	705.511	685.128
7.79461	705.098	684.729
7.80655	704.685	684.33
7.81849	704.272	683.931
7.83042	703.86	683.533
7.84236	703.447	683.134
7.8543	703.035	682.736
7.86623	702.624	682.338
7.87817	702.213	681.941
7.89011	701.802	681.543
7.90204	701.391	681.146
7.91398	700.981	680.749
7.92592	700.571	680.352
7.93785	700.161	679.955
7.94979	699.752	679.559
7.96173	699.343	679.162
7.97366	698.934	678.766
7.9856	698.525	678.37
7.99754	698.117	677.975
8.00947	697.709	677.579
8.02141	697.301	677.184
8.03335	696.894	676.788
8.04528	696.487	676.393
8.05722	696.08	675.998
8.06916	695.673	675.604
8.08109	695.267	675.209
8.09303	694.861	674.815
8.10497	694.456	674.421
8.1169	694.05	674.027
8.12884	693.645	673.633
8.14078	693.24	673.239
8.15271	692.836	672.845
8.16465	692.431	672.452
8.17659	692.027	672.059
8.18852	691.623	671.666
8.20046	691.22	671.273
8.2124	690.816	670.88
8.22433	690.413	670.487
8.23627	690.011	670.095
8.2482	689.608	669.702
8.26014	689.206	669.31
8.27208	688.804	668.918
8.28401	688.402	668.526
8.29595	688.001	668.134
8.30789	687.599	667.742
8.31982	687.198	667.351
8.33176	686.797	666.959
8.3437	686.397	666.568
8.35563	685.997	666.177
8.36757	685.596	665.786
8.37951	685.197	665.395
8.39144	684.797	665.004
8.40338	684.398	664.613
8.41532	683.998	664.222
8.42725	683.599	663.832
8.43919	683.201	663.441
8.45113	682.802	663.051
8.46306	682.404	662.661
8.475	682.006	662.271
8.48694	681.608	661.881
8.49887	681.21	661.491
8.51081	680.813	661.101
8.52275	680.415	660.711
8.53468	680.018	660.322
8.54662	679.622	659.932
8.55856	679.225	659.543
8.57049	678.828	659.153
8.58243	678.432	658.764
8.59437	678.036	658.375
8.6063	677.64	657.986
8.61824	677.245	657.597
8.63018	676.849	657.208
8.64211	676.454	656.819
8.65405	676.059	656.43
8.66599	675.664	656.042
8.67792	675.269	655.653
8.68986	674.874	655.265
8.7018	674.48	654.876
8.71373	674.086	654.488
8.72567	673.691	654.1
8.73761	673.298	653.711
8.74954	672.904	653.323
8.76148	672.51	652.935
8.77342	672.117	652.547
8.78535	671.723	652.159
8.79729	671.33	651.771
8.80923	670.937	651.383
8.82116	670.545	650.995
8.8331	670.152	650.608
8.84504	669.759	650.22
8.85697	669.367	649.832
8.86891	668.975	649.445
8.88085	668.583	649.057
8.89278	668.191	648.67
8.90472	667.799	648.282
8.91666	667.407	647.895
8.92859	667.016	647.507
8.94053	666.624	647.12
8.95247	666.233	646.733
8.9644	665.842	646.346
8.97634	665.451	645.959
8.98828	665.06	645.571
9.00021	664.669	645.184
9.01215	664.279	644.797
9.02409	663.888	644.41
9.03602	663.498	644.023
9.04796	663.107	643.636
9.0599	662.717	643.249
9.07183	662.327	642.863
9.08377	661.937	642.476
9.0957	661.547	642.089
9.10764	661.157	641.702
9.11958	660.768	641.315
9.13151	660.378	640.929
9.14345	659.989	640.542
9.15539	659.599	640.155
9.16732	659.21	639.768
9.17926	658.821	639.382
9.1912	658.432	638.995
9.20313	658.043	638.609
9.21507	657.654	638.222
9.22701	657.265	637.835
9.23894	656.877	637.449
9.25088	656.488	637.062
9.26282	656.099	636.676
9.27475	655.711	636.289
9.28669	655.322	635.903
9.29863	654.934	635.516
9.31056	654.546	635.13
9.3225	654.158	634.744
9.33444	653.77	634.357
9.34637	653.382	633.971
9.35831	652.994	633.584
9.37025	652.606	633.198
9.38218	652.218	632.812
9.39412	651.83	632.425
9.40606	651.442	632.039
9.41799	651.055	631.652
9.42993	650.667	631.266
9.44187	650.28	630.88
9.4538	649.892	630.493
9.46574	649.505	630.107
9.47768	649.118	629.721
9.48961	648.73	629.334
9.50155	648.343	628.948
9.51349	647.956	628.562
9.52542	647.569	628.175
9.53736	647.182	627.789
9.5493	646.794	627.403
9.56123	646.407	627.016
9.57317	646.021	626.63
9.58511	645.634	626.244
9.59704	645.247	625.857
9.60898	644.86	625.471
9.62092	644.473	625.085
9.63285	644.086	624.698
9.64479	643.7	624.312
9.65673	643.313	623.926
9.66866	642.926	623.539
9.6806	642.54	623.153
9.69254	642.153	622.766
9.70447	641.766	622.38
9.71641	641.38	621.994
9.72835	640.993	621.607
9.74028	640.607	621.221
9.75222	640.22	620.835
9.76416	639.834	620.448
9.77609	639.448	620.062
9.78803	639.061	619.675
9.79997	638.675	619.289
9.8119	638.288	618.902
9.82384	637.902	618.516
9.83578	637.516	618.129
9.84771	637.13	617.743
9.85965	636.743	617.356
9.87159	636.357	616.97
9.88352	635.971	616.583
9.89546	635.585	616.197
9.9074	635.198	615.81
9.91933	634.812	615.424
9.93127	634.426	615.037
9.94321	634.04	614.651
9.95514	633.654	614.264
9.96708	633.267	613.878
9.97901	632.881	613.491
9.99095	632.495	613.104
10.0029	632.109	612.718
10.0148	631.723	612.331
10.0268	631.337	611.944
10.0387	630.951	611.558
10.0506	630.564	611.171
10.0626	630.178	610.784
10.0745	629.792	610.398
10.0864	629.406	610.011
10.0984	629.02	609.624
10.1103	628.634	609.237
10.1223	628.248	608.851
10.1342	627.862	608.464
10.1461	627.476	608.077
10.1581	627.089	607.69
10.17	626.703	607.303
10.1819	626.317	606.917
10.1939	625.931	606.53
10.2058	625.545	606.143
10.2177	625.159	605.756
10.2297	624.773	605.369
10.2416	624.387	604.982
10.2536	624	604.595
10.2655	623.614	604.208
10.2774	623.228	603.821
10.2894	622.842	603.434
10.3013	622.456	603.047
10.3132	622.07	602.66
10.3252	621.684	602.273
10.3371	621.297	601.886
10.3491	620.911	601.499
10.361	620.525	601.112
10.3729	620.139	600.725
10.3849	619.753	600.338
10.3968	619.366	599.951
10.4087	618.98	599.564
10.4207	618.594	599.177
10.4326	618.208	598.789
10.4445	617.821	598.402
10.4565	617.435	598.015
10.4684	617.049	597.628
10.4804	616.662	597.241
10.4923	616.276	596.853
10.5042	615.89	596.466
10.5162	615.503	596.079
10.5281	615.117	595.692
10.54	614.731	595.304
10.552	614.344	594.917
10.5639	613.958	594.53
10.5758	613.572	594.142
10.5878	613.185	593.755
10.5997	612.799	593.368
10.6117	612.412	592.98
10.6236	612.026	592.593
10.6355	611.639	592.206
10.6475	611.253	591.818
10.6594	610.866	591.431
10.6713	610.48	591.043
10.6833	610.093	590.656
10.6952	609.707	590.268
10.7071	609.32	589.881
10.7191	608.933	589.493
10.731	608.547	589.106
10.743	608.16	588.718
10.7549	607.774	588.331
10.7668	607.387	587.943
10.7788	607	587.556
10.7907	606.614	587.168
10.8026	606.227	586.78
10.8146	605.84	586.393
10.8265	605.453	586.005
10.8385	605.067	585.618
10.8504	604.68	585.23
10.8623	604.293	584.842
10.8743	603.906	584.455
10.8862	603.519	584.067
10.8981	603.132	583.679
10.9101	602.745	583.292
10.922	602.359	582.904
10.9339	601.972	582.516
10.9459	601.585	582.128
10.9578	601.198	581.741
10.9698	600.811	581.353
10.9817	600.424	580.965
10.9936	600.037	580.577
11.0056	599.65	580.19
11.0175	599.263	579.802
11.0294	598.876	579.414
11.0414	598.488	579.026
11.0533	598.101	578.638
11.0652	597.714	578.251
11.0772	597.327	577.863
11.0891	596.94	577.475
11.1011	596.553	577.087
11.113	596.165	576.699
11.1249	595.778	576.311
11.1369	595.391	575.923
11.1488	595.004	575.535
11.1607	594.616	575.148
11.1727	594.229	574.76
11.1846	593.842	574.372
11.1966	593.454	573.984
11.2085	593.067	573.596
11.2204	592.68	573.208
11.2324	592.292	572.82
11.2443	591.905	572.432
11.2562	591.518	572.044
11.2682	591.13	571.656
11.2801	590.743	571.268
11.292	590.355	570.88
11.304	589.968	570.492
11.3159	589.58	570.104
11.3279	589.193	569.716
11.3398	588.805	569.328
11.3517	588.418	568.94
11.3637	588.03	568.552
11.3756	587.643	568.164
11.3875	587.255	567.776
11.3995	586.867	567.388
11.4114	586.48	567
11.4233	586.092	566.612
11.4353	585.705	566.224
11.4472	585.317	565.836
11.4592	584.929	565.448
11.4711	584.542	565.06
11.483	584.154	564.672
11.495	583.766	564.284
11.5069	583.379	563.896
11.5188	582.991	563.508
11.5308	582.603	563.12
11.5427	582.215	562.732
11.5546	581.828	562.343
11.5666	581.44	561.955
11.5785	581.052	561.567
11.5905	580.664	561.179
11.6024	580.277	560.791
11.6143	579.889	560.403
11.6263	579.501	560.015
11.6382	579.113	559.627
11.6501	578.725	559.239
11.6621	578.337	558.851
11.674	577.95	558.463
11.686	577.562	558.074
11.6979	577.174	557.686
11.7098	576.786	557.298
11.7218	576.398	556.91
11.7337	576.01	556.522
11.7456	575.622	556.134
11.7576	575.234	555.746
11.7695	574.847	555.358
11.7814	574.459	554.97
11.7934	574.071	554.581
11.8053	573.683	554.193
11.8173	573.295	553.805
11.8292	572.907	553.417
11.8411	572.519	553.029
11.8531	572.131	552.641
11.865	571.743	552.253
11.8769	571.355	551.865
11.8889	570.967	551.477
11.9008	570.579	551.088
11.9127	570.191	550.7
11.9247	569.803	550.312
11.9366	569.415	549.924
11.9486	569.027	549.536
11.9605	568.639	549.148
11.9724	568.251	548.76
11.9844	567.863	548.372
11.9963	567.475	547.984
12.0082	567.087	547.595
12.0202	566.699	547.207
12.0321	566.311	546.819
12.0441	565.923	546.431
12.056	565.535	546.043
12.0679	565.147	545.655
12.0799	564.759	545.267
12.0918	564.371	544.879
12.1037	563.983	544.491
12.1157	563.595	544.103
12.1276	563.206	543.715
12.1395	562.818	543.327
12.1515	562.43	542.939
12.1634	562.042	542.55
12.1754	561.654	542.162
12.1873	561.266	541.774
12.1992	560.878	541.386
12.2112	560.49	540.998
12.2231	560.102	540.61
12.235	559.714	540.222
12.247	559.326	539.834
12.2589	558.938	539.446
12.2708	558.549	539.058
12.2828	558.161	538.67
12.2947	557.773	538.282
12.3067	557.385	537.894
12.3186	556.997	537.506
12.3305	556.609	537.118
12.3425	556.221	536.73
12.3544	555.833	536.342
12.3663	555.445	535.954
12.3783	555.057	535.566
12.3902	554.669	535.178
12.4021	554.28	534.79
12.4141	553.892	534.402
12.426	553.504	534.015
12.438	553.116	533.627
12.4499	552.728	533.239
12.4618	552.34	532.851
12.4738	551.952	532.463
12.4857	551.564	532.075
12.4976	551.176	531.687
12.5096	550.788	531.299
12.5215	550.399	530.911
12.5335	550.011	530.524
12.5454	549.623	530.136
12.5573	549.235	529.748
12.5693	548.847	529.36
12.5812	548.459	528.972
12.5931	548.071	528.585
12.6051	547.683	528.197
12.617	547.295	527.809
12.6289	546.907	527.421
12.6409	546.519	527.033
12.6528	546.131	526.646
12.6648	545.743	526.258
12.6767	545.355	525.87
12.6886	544.967	525.483
12.7006	544.579	525.095
12.7125	544.19	524.707
12.7244	543.802	524.32
12.7364	543.414	523.932
12.7483	543.026	523.544
12.7602	542.638	523.157
12.7722	542.25	522.769
12.7841	541.862	522.381
12.7961	541.474	521.994
12.808	541.086	521.606
12.8199	540.698	521.219
12.8319	540.31	520.831
12.8438	539.922	520.444
12.8557	539.534	520.056
12.8677	539.146	519.669
12.8796	538.758	519.281
12.8916	538.371	518.894
12.9035	537.983	518.506
12.9154	537.595	518.119
12.9274	537.207	517.732
12.9393	536.819	517.344
12.9512	536.431	516.957
12.9632	536.043	516.57
12.9751	535.655	516.182
12.987	535.267	515.795
12.999	534.879	515.408
13.0109	534.491	515.02
13.0229	534.104	514.633
13.0348	533.716	514.246
13.0467	533.328	513.859
13.0587	532.94	513.472
13.0706	532.552	513.084
13.0825	532.164	512.697
13.0945	531.777	512.31
13.1064	531.389	511.923
13.1183	531.001	511.536
13.1303	530.613	511.149
13.1422	530.225	510.762
13.1542	529.838	510.375
13.1661	529.45	509.988
13.178	529.062	509.601
13.19	528.674	509.214
13.2019	528.287	508.827
13.2138	527.899	508.44
13.2258	527.511	508.054
13.2377	527.124	507.667
13.2496	526.736	507.28
13.2616	526.348	506.893
13.2735	525.961	506.507
13.2855	525.573	506.12
13.2974	525.186	505.733
13.3093	524.798	505.347
13.3213	524.41	504.96
13.3332	524.023	504.573
13.3451	523.635	504.187
13.3571	523.248	503.8
13.369	522.86	503.414
13.381	522.473	503.027
13.3929	522.085	502.641
13.4048	521.698	502.255
13.4168	521.31	501.868
13.4287	520.923	501.482
13.4406	520.535	501.096
13.4526	520.148	500.709
13.4645	519.761	500.323
13.4764	519.373	499.937
13.4884	518.986	499.551
13.5003	518.599	499.165
13.5123	518.211	498.779
13.5242	517.824	498.393
13.5361	517.437	498.007
13.5481	517.049	497.621
13.56	516.662	497.235
13.5719	516.275	496.849
13.5839	515.888	496.463
13.5958	515.501	496.077
13.6077	515.114	495.692
13.6197	514.726	495.306
13.6316	514.339	494.92
13.6436	513.952	494.535
13.6555	513.565	494.149
13.6674	513.178	493.764
13.6794	512.791	493.378
13.6913	512.404	492.993
13.7032	512.017	492.607
13.7152	511.63	492.222
13.7271	511.243	491.837
13.7391	510.856	491.451
13.751	510.47	491.066
13.7629	510.083	490.681
13.7749	509.696	490.296
13.7868	509.309	489.911
13.7987	508.922	489.526
13.8107	508.536	489.141
13.8226	508.149	488.756
13.8345	507.762	488.371
13.8465	507.376	487.987
13.8584	506.989	487.602
13.8704	506.603	487.217
13.8823	506.216	486.833
13.8942	505.829	486.448
13.9062	505.443	486.063
13.9181	505.057	485.679
13.93	504.67	485.295
13.942	504.284	484.91
13.9539	503.897	484.526
13.9658	503.511	484.142
13.9778	503.125	483.758
13.9897	502.738	483.374
14.0017	502.352	482.99
14.0136	501.966	482.606
14.0255	501.58	482.222
14.0375	501.194	481.838
14.0494	500.808	481.454
14.0613	500.422	481.07
14.0733	500.036	480.687
14.0852	499.65	480.303
14.0971	499.264	479.92
14.1091	498.878	479.536
14.121	498.492	479.153
14.133	498.106	478.77
14.1449	497.72	478.386
14.1568	497.335	478.003
14.1688	496.949	477.62
14.1807	496.563	477.237
14.1926	496.178	476.854
14.2046	495.792	476.472
14.2165	495.407	476.089
14.2285	495.021	475.706
14.2404	494.636	475.323
14.2523	494.25	474.941
14.2643	493.865	474.559
14.2762	493.48	474.176
14.2881	493.094	473.794
14.3001	492.709	473.412
14.312	492.324	473.03
14.3239	491.939	472.648
14.3359	491.554	472.266
14.3478	491.169	471.884
14.3598	490.784	471.502
14.3717	490.399	471.12
14.3836	490.014	470.739
14.3956	489.629	470.357
14.4075	489.245	469.976
14.4194	488.86	469.594
14.4314	488.475	469.213
14.4433	488.091	468.832
14.4552	487.706	468.451
14.4672	487.322	468.07
14.4791	486.937	467.689
14.4911	486.553	467.308
14.503	486.169	466.928
14.5149	485.785	466.547
14.5269	485.4	466.167
14.5388	485.016	465.786
14.5507	484.632	465.406
14.5627	484.248	465.026
14.5746	483.864	464.646
14.5866	483.48	464.266
14.5985	483.097	463.886
14.6104	482.713	463.507
14.6224	482.329	463.127
14.6343	481.946	462.747
14.6462	481.562	462.368
14.6582	481.179	461.989
14.6701	480.795	461.61
14.682	480.412	461.231
14.694	480.029	460.852
14.7059	479.645	460.473
14.7179	479.262	460.094
14.7298	478.879	459.715
14.7417	478.496	459.337
14.7537	478.113	458.959
14.7656	477.731	458.58
14.7775	477.348	458.202
14.7895	476.965	457.824
14.8014	476.583	457.447
14.8133	476.2	457.069
14.8253	475.818	456.691
14.8372	475.435	456.314
14.8492	475.053	455.936
14.8611	474.671	455.559
14.873	474.289	455.182
14.885	473.907	454.805
14.8969	473.525	454.428
14.9088	473.143	454.052
14.9208	472.761	453.675
14.9327	472.379	453.299
14.9446	471.998	452.923
14.9566	471.616	452.546
14.9685	471.235	452.17
14.9805	470.854	451.795
14.9924	470.472	451.419
15.0043	470.091	451.043
15.0163	469.71	450.668
15.0282	469.329	450.293
15.0401	468.948	449.918
15.0521	468.567	449.543
15.064	468.187	449.168
15.076	467.806	448.793
15.0879	467.426	448.419
15.0998	467.045	448.044
15.1118	466.665	447.67
15.1237	466.285	447.296
15.1356	465.905	446.922
15.1476	465.525	446.549
15.1595	465.145	446.175
15.1714	464.765	445.802
15.1834	464.386	445.429
15.1953	464.006	445.056
15.2073	463.627	444.683
15.2192	463.247	444.31
15.2311	462.868	443.938
15.2431	462.489	443.565
15.255	462.11	443.193
15.2669	461.731	442.821
15.2789	461.352	442.449
15.2908	460.974	442.077
15.3027	460.595	441.706
15.3147	460.217	441.335
15.3266	459.838	440.964
15.3386	459.46	440.593
15.3505	459.082	440.222
15.3624	458.704	439.851
15.3744	458.327	439.481
15.3863	457.949	439.111
15.3982	457.571	438.741
15.4102	457.194	438.371
15.4221	456.817	438.001
15.4341	456.439	437.632
15.446	456.062	437.263
15.4579	455.685	436.894
15.4699	455.309	436.525
15.4818	454.932	436.156
15.4937	454.556	435.788
15.5057	454.179	435.42
15.5176	453.803	435.052
15.5295	453.427	434.684
15.5415	453.051	434.316
15.5534	452.675	433.949
15.5654	452.299	433.582
15.5773	451.924	433.215
15.5892	451.549	432.848
15.6012	451.173	432.481
15.6131	450.798	432.115
15.625	450.423	431.749
15.637	450.049	431.383
15.6489	449.674	431.017
15.6608	449.299	430.652
15.6728	448.925	430.287
15.6847	448.551	429.922
15.6967	448.177	429.557
15.7086	447.803	429.192
15.7205	447.429	428.828
15.7325	447.056	428.464
15.7444	446.682	428.1
15.7563	446.309	427.737
15.7683	445.936	427.373
15.7802	445.563	427.01
15.7921	445.191	426.647
15.8041	444.818	426.285
15.816	444.446	425.922
15.828	444.073	425.56
15.8399	443.701	425.198
15.8518	443.33	424.837
15.8638	442.958	424.475
15.8757	442.586	424.114
15.8876	442.215	423.753
15.8996	441.844	423.392
15.9115	441.473	423.032
15.9235	441.102	422.672
15.9354	440.731	422.312
15.9473	440.361	421.952
15.9593	439.991	421.593
15.9712	439.621	421.234
15.9831	439.251	420.875
15.9951	438.881	420.517
16.007	438.512	420.158
16.0189	438.142	419.8
16.0309	437.773	419.443
16.0428	437.404	419.085
16.0548	437.036	418.728
16.0667	436.667	418.371
16.0786	436.299	418.015
16.0906	435.931	417.658
16.1025	435.563	417.302
16.1144	435.195	416.946
16.1264	434.828	416.591
16.1383	434.461	416.236
16.1502	434.093	415.881
16.1622	433.727	415.526
16.1741	433.36	415.172
16.1861	432.994	414.818
16.198	432.627	414.464
16.2099	432.261	414.111
16.2219	431.896	413.758
16.2338	431.53	413.405
16.2457	431.165	413.052
16.2577	430.8	412.7
16.2696	430.435	412.348
16.2816	430.07	411.997
16.2935	429.706	411.645
16.3054	429.341	411.294
16.3174	428.977	410.944
16.3293	428.614	410.593
16.3412	428.25	410.243
16.3532	427.887	409.894
16.3651	427.524	409.544
16.377	427.161	409.195
16.389	426.798	408.847
16.4009	426.436	408.498
16.4129	426.074	408.15
16.4248	425.712	407.802
16.4367	425.351	407.455
16.4487	424.989	407.108
16.4606	424.628	406.761
16.4725	424.267	406.415
16.4845	423.907	406.069
16.4964	423.546	405.723
16.5083	423.186	405.378
16.5203	422.827	405.033
16.5322	422.467	404.688
16.5442	422.108	404.344
16.5561	421.749	404
16.568	421.39	403.656
16.58	421.031	403.313
16.5919	420.673	402.97
16.6038	420.315	402.627
16.6158	419.958	402.285
16.6277	419.6	401.943
16.6396	419.243	401.602
16.6516	418.886	401.261
16.6635	418.53	400.92
16.6755	418.173	400.58
16.6874	417.817	400.24
16.6993	417.462	399.9
16.7113	417.106	399.561
16.7232	416.751	399.222
16.7351	416.396	398.884
16.7471	416.041	398.545
16.759	415.687	398.208
16.771	415.333	397.87
16.7829	414.979	397.533
16.7948	414.626	397.197
16.8068	414.273	396.861
16.8187	413.92	396.525
16.8306	413.568	396.189
16.8426	413.215	395.854
16.8545	412.863	395.52
16.8664	412.512	395.186
16.8784	412.161	394.852
16.8903	411.81	394.518
16.9023	411.459	394.185
16.9142	411.109	393.853
16.9261	410.759	393.52
16.9381	410.409	393.189
16.95	410.059	392.857
16.9619	409.71	392.526
16.9739	409.362	392.196
16.9858	409.013	391.866
16.9977	408.665	391.536
17.0097	408.317	391.207
17.0216	407.97	390.878
17.0336	407.623	390.549
17.0455	407.276	390.221
17.0574	406.93	389.894
17.0694	406.583	389.566
17.0813	406.238	389.24
17.0932	405.892	388.913
17.1052	405.547	388.587
17.1171	405.202	388.262
17.1291	404.858	387.937
17.141	404.514	387.612
17.1529	404.17	387.288
17.1649	403.827	386.965
17.1768	403.484	386.641
17.1887	403.141	386.318
17.2007	402.799	385.996
17.2126	402.457	385.674
17.2245	402.115	385.353
17.2365	401.774	385.032
17.2484	401.433	384.711
17.2604	401.093	384.391
17.2723	400.753	384.071
17.2842	400.413	383.752
17.2962	400.074	383.434
17.3081	399.735	383.115
17.32	399.396	382.797
17.332	399.058	382.48
17.3439	398.72	382.163
17.3558	398.382	381.847
17.3678	398.045	381.531
17.3797	397.709	381.216
17.3917	397.372	380.901
17.4036	397.036	380.586
17.4155	396.701	380.272
17.4275	396.366	379.959
17.4394	396.031	379.646
17.4513	395.696	379.333
17.4633	395.362	379.021
17.4752	395.029	378.709
17.4871	394.696	378.398
17.4991	394.363	378.088
17.511	394.03	377.777
17.523	393.698	377.468
17.5349	393.367	377.159
17.5468	393.036	376.85
17.5588	392.705	376.542
17.5707	392.374	376.234
17.5826	392.045	375.927
17.5946	391.715	375.621
17.6065	391.386	375.314
17.6185	391.057	375.009
17.6304	390.729	374.704
17.6423	390.401	374.399
17.6543	390.074	374.095
17.6662	389.747	373.791
17.6781	389.42	373.488
17.6901	389.094	373.186
17.702	388.768	372.884
17.7139	388.443	372.582
17.7259	388.118	372.281
17.7378	387.794	371.981
17.7498	387.47	371.681
17.7617	387.146	371.382
17.7736	386.823	371.083
17.7856	386.501	370.784
17.7975	386.178	370.487
17.8094	385.857	370.189
17.8214	385.535	369.893
17.8333	385.214	369.596
17.8452	384.894	369.301
17.8572	384.574	369.006
17.8691	384.255	368.711
17.8811	383.936	368.417
17.893	383.617	368.123
17.9049	383.299	367.83
17.9169	382.981	367.538
17.9288	382.664	367.246
17.9407	382.347	366.955
17.9527	382.031	366.664
17.9646	381.715	366.374
17.9766	381.4	366.084
17.9885	381.085	365.795
18.0004	380.771	365.506
18.0124	380.457	365.218
18.0243	380.143	364.931
18.0362	379.831	364.644
18.0482	379.518	364.358
18.0601	379.206	364.072
18.072	378.895	363.787
18.084	378.584	363.502
18.0959	378.273	363.218
18.1079	377.963	362.935
18.1198	377.654	362.652
18.1317	377.345	362.369
18.1437	377.036	362.088
18.1556	376.728	361.806
18.1675	376.42	361.526
18.1795	376.113	361.246
18.1914	375.807	360.966
18.2033	375.501	360.687
18.2153	375.195	360.409
18.2272	374.89	360.131
18.2392	374.586	359.854
18.2511	374.282	359.578
18.263	373.978	359.302
18.275	373.675	359.026
18.2869	373.373	358.752
18.2988	373.071	358.477
18.3108	372.769	358.204
18.3227	372.468	357.931
18.3346	372.168	357.658
18.3466	371.868	357.386
18.3585	371.569	357.115
18.3705	371.27	356.845
18.3824	370.972	356.575
18.3943	370.674	356.305
18.4063	370.377	356.036
18.4182	370.08	355.768
18.4301	369.784	355.5
18.4421	369.488	355.233
18.454	369.193	354.967
18.466	368.898	354.701
18.4779	368.604	354.436
18.4898	368.311	354.171
18.5018	368.018	353.907
18.5137	367.726	353.644
18.5256	367.434	353.381
18.5376	367.142	353.119
18.5495	366.852	352.857
18.5614	366.561	352.597
18.5734	366.272	352.336
18.5853	365.983	352.077
18.5973	365.694	351.817
18.6092	365.406	351.559
18.6211	365.118	351.301
18.6331	364.832	351.044
18.645	364.545	350.787
18.6569	364.259	350.531
18.6689	363.974	350.276
18.6808	363.69	350.021
18.6927	363.405	349.767
18.7047	363.122	349.514
18.7166	362.839	349.261
18.7286	362.557	349.009
18.7405	362.275	348.757
18.7524	361.994	348.506
18.7644	361.713	348.256
18.7763	361.433	348.006
18.7882	361.153	347.757
18.8002	360.874	347.509
18.8121	360.596	347.261
18.8241	360.318	347.014
18.836	360.041	346.767
18.8479	359.764	346.521
18.8599	359.488	346.276
18.8718	359.213	346.031
18.8837	358.938	345.787
18.8957	358.664	345.544
18.9076	358.39	345.301
18.9195	358.117	345.059
18.9315	357.844	344.818
18.9434	357.572	344.577
18.9554	357.301	344.337
18.9673	357.03	344.098
18.9792	356.76	343.859
18.9912	356.491	343.621
19.0031	356.222	343.383
19.015	355.953	343.146
19.027	355.685	342.91
19.0389	355.418	342.674
19.0508	355.152	342.439
19.0628	354.886	342.205
19.0747	354.62	341.971
19.0867	354.356	341.738
19.0986	354.092	341.506
19.1105	353.828	341.274
19.1225	353.565	341.043
19.1344	353.303	340.813
19.1463	353.041	340.583
19.1583	352.78	340.354
19.1702	352.52	340.126
19.1821	352.26	339.898
19.1941	352.001	339.671
19.206	351.742	339.445
19.218	351.484	339.219
19.2299	351.226	338.994
19.2418	350.97	338.769
19.2538	350.714	338.545
19.2657	350.458	338.322
19.2776	350.203	338.1
19.2896	349.949	337.878
19.3015	349.695	337.657
19.3135	349.442	337.436
19.3254	349.19	337.216
19.3373	348.938	336.997
19.3493	348.687	336.778
19.3612	348.436	336.561
19.3731	348.186	336.343
19.3851	347.937	336.127
19.397	347.688	335.911
19.4089	347.44	335.696
19.4209	347.193	335.481
19.4328	346.946	335.267
19.4448	346.7	335.054
19.4567	346.455	334.841
19.4686	346.21	334.629
19.4806	345.966	334.418
19.4925	345.722	334.208
19.5044	345.479	333.998
19.5164	345.237	333.788
19.5283	344.995	333.58
19.5402	344.754	333.372
19.5522	344.514	333.165
19.5641	344.274	332.958
19.5761	344.035	332.752
19.588	343.797	332.547
19.5999	343.559	332.342
19.6119	343.322	332.138
19.6238	343.085	331.935
19.6357	342.849	331.732
19.6477	342.614	331.53
19.6596	342.38	331.329
19.6716	342.146	331.129
19.6835	341.913	330.929
19.6954	341.68	330.729
19.7074	341.448	330.531
19.7193	341.217	330.333
19.7312	340.986	330.135
19.7432	340.756	329.939
19.7551	340.527	329.743
19.767	340.298	329.548
19.779	340.07	329.353
19.7909	339.842	329.159
19.8029	339.616	328.966
19.8148	339.39	328.773
19.8267	339.164	328.581
19.8387	338.939	328.39
19.8506	338.715	328.199
19.8625	338.492	328.009
19.8745	338.269	327.82
19.8864	338.047	327.631
19.8983	337.825	327.443
19.9103	337.604	327.256
19.9222	337.384	327.069
19.9342	337.165	326.883
19.9461	336.946	326.698
19.958	336.728	326.513
19.97	336.51	326.329
19.9819	336.293	326.146
19.9938	336.077	325.963
20.0058	335.861	325.781
20.0177	335.646	325.6
20.0296	335.432	325.419
20.0416	335.218	325.239
20.0535	335.006	325.06
20.0655	334.793	324.881
20.0774	334.582	324.703
20.0893	334.371	324.526
20.1013	334.16	324.349
20.1132	333.951	324.173
20.1251	333.742	323.997
20.1371	333.533	323.823
20.149	333.326	323.649
20.161	333.119	323.475
20.1729	332.913	323.302
20.1848	332.707	323.13
20.1968	332.502	322.959
20.2087	332.298	322.788
20.2206	332.094	322.618
20.2326	331.891	322.448
20.2445	331.689	322.279
20.2564	331.487	322.111
20.2684	331.286	321.944
20.2803	331.086	321.777
20.2923	330.886	321.61
20.3042	330.687	321.445
20.3161	330.489	321.28
20.3281	330.291	321.116
20.34	330.094	320.952
20.3519	329.897	320.789
20.3639	329.702	320.626
20.3758	329.507	320.465
20.3877	329.312	320.304
20.3997	329.119	320.143
20.4116	328.926	319.983
20.4236	328.733	319.824
20.4355	328.542	319.666
20.4474	328.35	319.508
20.4594	328.16	319.351
20.4713	327.97	319.194
20.4832	327.781	319.038
20.4952	327.593	318.883
20.5071	327.405	318.728
20.5191	327.218	318.574
20.531	327.032	318.421
20.5429	326.846	318.268
20.5549	326.661	318.116
20.5668	326.476	317.965
20.5787	326.293	317.814
20.5907	326.109	317.664
20.6026	325.927	317.514
20.6145	325.745	317.365
20.6265	325.564	317.217
20.6384	325.384	317.069
20.6504	325.204	316.922
20.6623	325.025	316.776
20.6742	324.846	316.63
20.6862	324.668	316.485
20.6981	324.491	316.34
20.71	324.314	316.196
20.722	324.139	316.053
20.7339	323.963	315.91
20.7458	323.789	315.768
20.7578	323.615	315.627
20.7697	323.442	315.486
20.7817	323.269	315.346
20.7936	323.097	315.206
20.8055	322.926	315.067
20.8175	322.755	314.929
20.8294	322.585	314.791
20.8413	322.416	314.654
20.8533	322.247	314.518
20.8652	322.079	314.382
20.8771	321.912	314.247
20.8891	321.745	314.112
20.901	321.579	313.978
20.913	321.413	313.845
20.9249	321.249	313.712
20.9368	321.085	313.579
20.9488	320.921	313.448
20.9607	320.758	313.317
20.9726	320.596	313.186
20.9846	320.434	313.057
20.9965	320.274	312.927
21.0085	320.113	312.799
21.0204	319.954	312.671
21.0323	319.795	312.543
21.0443	319.636	312.416
21.0562	319.479	312.29
21.0681	319.322	312.165
21.0801	319.165	312.04
21.092	319.009	311.915
21.1039	318.854	311.791
21.1159	318.7	311.668
21.1278	318.546	311.545
21.1398	318.393	311.423
21.1517	318.24	311.302
21.1636	318.088	311.181
21.1756	317.937	311.06
21.1875	317.786	310.941
21.1994	317.636	310.821
21.2114	317.487	310.703
21.2233	317.338	310.585
21.2352	317.19	310.467
21.2472	317.042	310.35
21.2591	316.895	310.234
21.2711	316.749	310.118
21.283	316.603	310.003
21.2949	316.458	309.888
21.3069	316.314	309.774
21.3188	316.17	309.661
21.3307	316.027	309.548
21.3427	315.884	309.436
21.3546	315.742	309.324
21.3666	315.601	309.213
21.3785	315.46	309.102
21.3904	315.32	308.992
21.4024	315.181	308.882
21.4143	315.042	308.773
21.4262	314.904	308.665
21.4382	314.766	308.557
21.4501	314.629	308.45
21.462	314.493	308.343
21.474	314.357	308.237
21.4859	314.222	308.131
21.4979	314.087	308.026
21.5098	313.953	307.921
21.5217	313.82	307.817
21.5337	313.687	307.714
21.5456	313.555	307.611
21.5575	313.424	307.508
21.5695	313.293	307.407
21.5814	313.162	307.305
21.5933	313.033	307.204
21.6053	312.904	307.104
21.6172	312.775	307.004
21.6292	312.647	306.905
21.6411	312.52	306.806
21.653	312.393	306.708
21.665	312.267	306.611
21.6769	312.141	306.513
21.6888	312.016	306.417
21.7008	311.892	306.321
21.7127	311.768	306.225
21.7246	311.645	306.13
21.7366	311.522	306.036
21.7485	311.4	305.942
21.7605	311.279	305.848
21.7724	311.158	305.755
21.7843	311.038	305.663
21.7963	310.918	305.571
21.8082	310.799	305.479
21.8201	310.68	305.388
21.8321	310.562	305.298
21.844	310.445	305.208
21.856	310.328	305.119
21.8679	310.212	305.03
21.8798	310.096	304.941
21.8918	309.981	304.853
21.9037	309.867	304.766
21.9156	309.753	304.679
21.9276	309.639	304.592
21.9395	309.526	304.506
21.9514	309.414	304.421
21.9634	309.302	304.336
21.9753	309.191	304.251
21.9873	309.081	304.167
21.9992	308.971	304.084
22.0111	308.861	304.001
22.0231	308.752	303.918
22.035	308.644	303.836
22.0469	308.536	303.754
22.0589	308.429	303.673
22.0708	308.322	303.592
22.0827	308.216	303.512
22.0947	308.11	303.432
22.1066	308.005	303.353
22.1186	307.901	303.274
22.1305	307.797	303.196
22.1424	307.693	303.118
22.1544	307.59	303.041
22.1663	307.488	302.964
22.1782	307.386	302.887
22.1902	307.285	302.811
22.2021	307.184	302.735
22.2141	307.084	302.66
22.226	306.984	302.586
22.2379	306.885	302.511
22.2499	306.786	302.438
22.2618	306.688	302.364
22.2737	306.59	302.291
22.2857	306.493	302.219
22.2976	306.397	302.147
22.3095	306.301	302.075
22.3215	306.205	302.004
22.3334	306.11	301.933
22.3454	306.016	301.863
22.3573	305.922	301.793
22.3692	305.828	301.724
22.3812	305.735	301.655
22.3931	305.643	301.586
22.405	305.551	301.518
22.417	305.46	301.45
22.4289	305.369	301.383
22.4408	305.278	301.316
22.4528	305.188	301.25
22.4647	305.099	301.184
22.4767	305.01	301.118
22.4886	304.922	301.053
22.5005	304.834	300.988
22.5125	304.746	300.924
22.5244	304.659	300.86
22.5363	304.573	300.796
22.5483	304.487	300.733
22.5602	304.402	300.67
22.5721	304.317	300.608
22.5841	304.232	300.546
22.596	304.148	300.485
22.608	304.065	300.423
22.6199	303.982	300.363
22.6318	303.899	300.302
22.6438	303.817	300.242
22.6557	303.735	300.183
22.6676	303.654	300.124
22.6796	303.573	300.065
22.6915	303.493	300.006
22.7035	303.414	299.948
22.7154	303.334	299.891
22.7273	303.255	299.833
22.7393	303.177	299.777
22.7512	303.099	299.72
22.7631	303.022	299.664
22.7751	302.945	299.608
22.787	302.868	299.553
22.7989	302.792	299.498
22.8109	302.717	299.443
22.8228	302.642	299.389
22.8348	302.567	299.335
22.8467	302.493	299.281
22.8586	302.419	299.228
22.8706	302.346	299.175
22.8825	302.273	299.123
22.8944	302.2	299.071
22.9064	302.128	299.019
22.9183	302.057	298.968
22.9302	301.986	298.917
22.9422	301.915	298.866
22.9541	301.845	298.816
22.9661	301.775	298.766
22.978	301.706	298.716
22.9899	301.637	298.667
23.0019	301.568	298.618
23.0138	301.5	298.569
23.0257	301.432	298.521
23.0377	301.365	298.473
23.0496	301.298	298.425
23.0616	301.232	298.378
23.0735	301.166	298.331
23.0854	301.1	298.285
23.0974	301.035	298.238
23.1093	300.97	298.192
23.1212	300.906	298.147
23.1332	300.842	298.102
23.1451	300.778	298.057
23.157	300.715	298.012
23.169	300.652	297.968
23.1809	300.59	297.924
23.1929	300.528	297.88
23.2048	300.467	297.837
23.2167	300.406	297.793
23.2287	300.345	297.751
23.2406	300.285	297.708
23.2525	300.225	297.666
23.2645	300.165	297.624
23.2764	300.106	297.583
23.2883	300.047	297.542
23.3003	299.989	297.501
23.3122	299.931	297.46
23.3242	299.873	297.42
23.3361	299.816	297.38
23.348	299.759	297.34
23.36	299.703	297.301
23.3719	299.646	297.262
23.3838	299.591	297.223
23.3958	299.535	297.184
23.4077	299.48	297.146
23.4196	299.426	297.108
23.4316	299.372	297.07
23.4435	299.318	297.033
23.4555	299.264	296.996
23.4674	299.211	296.959
23.4793	299.158	296.922
23.4913	299.106	296.886
23.5032	299.054	296.85
23.5151	299.002	296.814
23.5271	298.951	296.779
23.539	298.9	296.744
23.551	298.849	296.709
23.5629	298.799	296.674
23.5748	298.749	296.64
23.5868	298.699	296.606
23.5987	298.65	296.572
23.6106	298.601	296.538
23.6226	298.552	296.505
23.6345	298.504	296.472
23.6464	298.456	296.439
23.6584	298.409	296.406
23.6703	298.361	296.374
23.6823	298.314	296.342
23.6942	298.268	296.31
23.7061	298.222	296.279
23.7181	298.176	296.247
23.73	298.13	296.216
23.7419	298.085	296.186
23.7539	298.04	296.155
23.7658	297.995	296.125
23.7777	297.951	296.095
23.7897	297.907	296.065
23.8016	297.863	296.036
23.8136	297.82	296.007
23.8255	297.777	295.98
23.8374	297.734	295.954
23.8494	297.692	295.931
23.8613	297.651	295.913
23.8732	297.631	295.907
