0	873	872.999
0.0119366	873	872.999
0.0238732	873	872.999
0.0358099	873	872.999
0.0477465	873	872.999
0.0596831	873	872.999
0.0716197	873	872.999
0.0835563	873	872.999
0.095493	873	872.999
0.10743	873	872.999
0.119366	873	872.999
0.131303	873	872.999
0.143239	873	872.999
0.155176	873	872.999
0.167113	873	872.999
0.179049	873	872.999
0.190986	873	872.998
0.202923	873	872.998
0.214859	873	872.998
0.226796	873	872.998
0.238732	873	872.998
0.250669	873	872.998
0.262606	873	872.998
0.274542	873	872.997
0.286479	873	872.997
0.298416	873	872.997
0.310352	873	872.997
0.322289	873	872.997
0.334225	873	872.997
0.346162	872.999	872.996
0.358099	872.999	872.996
0.370035	872.999	872.996
0.381972	872.999	872.996
0.393908	872.999	872.995
0.405845	872.999	872.995
0.417782	872.999	872.995
0.429718	872.999	872.995
0.441655	872.999	872.994
0.453592	872.999	872.994
0.465528	872.999	872.994
0.477465	872.999	872.993
0.489401	872.999	872.993
0.501338	872.999	872.993
0.513275	872.999	872.992
0.525211	872.999	872.992
0.537148	872.998	872.991
0.549085	872.998	872.991
0.561021	872.998	872.991
0.572958	872.998	872.99
0.584894	872.998	872.99
0.596831	872.998	872.989
0.608768	872.998	872.989
0.620704	872.998	872.988
0.632641	872.998	872.988
0.644578	872.997	872.987
0.656514	872.997	872.987
0.668451	872.997	872.986
0.680387	872.997	872.985
0.692324	872.997	872.985
0.704261	872.997	872.984
0.716197	872.997	872.983
0.728134	872.996	872.983
0.74007	872.996	872.982
0.752007	872.996	872.981
0.763944	872.996	872.981
0.77588	872.996	872.98
0.787817	872.995	872.979
0.799754	872.995	872.978
0.81169	872.995	872.977
0.823627	872.995	872.976
0.835563	872.994	872.976
0.8475	872.994	872.975
0.859437	872.994	872.974
0.871373	872.994	872.973
0.88331	872.993	872.972
0.895247	872.993	872.971
0.907183	872.993	872.969
0.91912	872.992	872.968
0.931056	872.992	872.967
0.942993	872.992	872.966
0.95493	872.991	872.965
0.966866	872.991	872.963
0.978803	872.991	872.962
0.99074	872.99	872.961
1.00268	872.99	872.959
1.01461	872.989	872.958
1.02655	872.989	872.957
1.03849	872.989	872.955
1.05042	872.988	872.954
1.06236	872.988	872.952
1.0743	872.987	872.95
1.08623	872.987	872.949
1.09817	872.986	872.947
1.11011	872.985	872.945
1.12204	872.985	872.943
1.13398	872.984	872.942
1.14592	872.984	872.94
1.15785	872.983	872.938
1.16979	872.982	872.936
1.18173	872.982	872.934
1.19366	872.981	872.932
1.2056	872.98	872.93
1.21754	872.98	872.927
1.22947	872.979	872.925
1.24141	872.978	872.923
1.25335	872.977	872.92
1.26528	872.977	872.918
1.27722	872.976	872.915
1.28916	872.975	872.913
1.30109	872.974	872.91
1.31303	872.973	872.908
1.32496	872.972	872.905
1.3369	872.971	872.902
1.34884	872.97	872.899
1.36077	872.969	872.896
1.37271	872.968	872.893
1.38465	872.967	872.89
1.39658	872.966	872.887
1.40852	872.965	872.884
1.42046	872.964	872.88
1.43239	872.963	872.877
1.44433	872.961	872.874
1.45627	872.96	872.87
1.4682	872.959	872.866
1.48014	872.958	872.863
1.49208	872.956	872.859
1.50401	872.955	872.855
1.51595	872.953	872.851
1.52789	872.952	872.847
1.53982	872.95	872.843
1.55176	872.949	872.839
1.5637	872.947	872.835
1.57563	872.946	872.83
1.58757	872.944	872.826
1.59951	872.942	872.821
1.61144	872.941	872.816
1.62338	872.939	872.812
1.63532	872.937	872.807
1.64725	872.935	872.802
1.65919	872.933	872.797
1.67113	872.931	872.791
1.68306	872.929	872.786
1.695	872.927	872.781
1.70694	872.925	872.775
1.71887	872.923	872.769
1.73081	872.921	872.764
1.74275	872.918	872.758
1.75468	872.916	872.752
1.76662	872.914	872.746
1.77856	872.911	872.739
1.79049	872.909	872.733
1.80243	872.906	872.727
1.81437	872.903	872.72
1.8263	872.901	872.713
1.83824	872.898	872.706
1.85018	872.895	872.699
1.86211	872.892	872.692
1.87405	872.889	872.685
1.88599	872.886	872.678
1.89792	872.883	872.67
1.90986	872.88	872.662
1.9218	872.877	872.654
1.93373	872.874	872.646
1.94567	872.87	872.638
1.95761	872.867	872.63
1.96954	872.863	872.621
1.98148	872.86	872.613
1.99342	872.856	872.604
2.00535	872.852	872.595
2.01729	872.849	872.586
2.02923	872.845	872.577
2.04116	872.841	872.567
2.0531	872.837	872.558
2.06504	872.833	872.548
2.07697	872.828	872.538
2.08891	872.824	872.528
2.10085	872.82	872.518
2.11278	872.815	872.507
2.12472	872.811	872.497
2.13666	872.806	872.486
2.14859	872.801	872.475
2.16053	872.796	872.463
2.17246	872.791	872.452
2.1844	872.786	872.44
2.19634	872.781	872.429
2.20827	872.776	872.417
2.22021	872.771	872.404
2.23215	872.765	872.392
2.24408	872.759	872.379
2.25602	872.754	872.366
2.26796	872.748	872.353
2.27989	872.742	872.34
2.29183	872.736	872.327
2.30377	872.73	872.313
2.3157	872.724	872.299
2.32764	872.717	872.285
2.33958	872.711	872.27
2.35151	872.704	872.256
2.36345	872.697	872.241
2.37539	872.69	872.226
2.38732	872.683	872.21
2.39926	872.676	872.195
2.4112	872.669	872.179
2.42313	872.662	872.163
2.43507	872.654	872.146
2.44701	872.646	872.13
2.45894	872.638	872.113
2.47088	872.631	872.096
2.48282	872.622	872.079
2.49475	872.614	872.061
2.50669	872.606	872.043
2.51863	872.597	872.025
2.53056	872.588	872.006
2.5425	872.58	871.988
2.55444	872.571	871.968
2.56637	872.561	871.949
2.57831	872.552	871.93
2.59025	872.543	871.91
2.60218	872.533	871.889
2.61412	872.523	871.869
2.62606	872.513	871.848
2.63799	872.503	871.827
2.64993	872.493	871.806
2.66187	872.482	871.784
2.6738	872.471	871.762
2.68574	872.46	871.739
2.69768	872.449	871.717
2.70961	872.438	871.694
2.72155	872.427	871.67
2.73349	872.415	871.647
2.74542	872.403	871.623
2.75736	872.391	871.598
2.7693	872.379	871.574
2.78123	872.367	871.549
2.79317	872.354	871.523
2.80511	872.341	871.498
2.81704	872.328	871.472
2.82898	872.315	871.445
2.84092	872.302	871.418
2.85285	872.288	871.391
2.86479	872.274	871.364
2.87673	872.26	871.336
2.88866	872.246	871.308
2.9006	872.231	871.279
2.91254	872.216	871.25
2.92447	872.201	871.22
2.93641	872.186	871.191
2.94835	872.171	871.16
2.96028	872.155	871.13
2.97222	872.139	871.099
2.98416	872.123	871.067
2.99609	872.106	871.036
3.00803	872.09	871.003
3.01997	872.073	870.971
3.0319	872.055	870.938
3.04384	872.038	870.904
3.05577	872.02	870.87
3.06771	872.002	870.836
3.07965	871.984	870.801
3.09158	871.965	870.766
3.10352	871.947	870.73
3.11546	871.928	870.694
3.12739	871.908	870.657
3.13933	871.889	870.62
3.15127	871.869	870.583
3.1632	871.848	870.545
3.17514	871.828	870.507
3.18708	871.807	870.468
3.19901	871.786	870.428
3.21095	871.765	870.389
3.22289	871.743	870.348
3.23482	871.721	870.308
3.24676	871.699	870.266
3.2587	871.676	870.225
3.27063	871.653	870.182
3.28257	871.63	870.14
3.29451	871.606	870.096
3.30644	871.583	870.053
3.31838	871.558	870.008
3.33032	871.534	869.963
3.34225	871.509	869.918
3.35419	871.484	869.872
3.36613	871.458	869.826
3.37806	871.432	869.779
3.39	871.406	869.732
3.40194	871.379	869.684
3.41387	871.352	869.635
3.42581	871.325	869.586
3.43775	871.297	869.536
3.44968	871.269	869.486
3.46162	871.241	869.436
3.47356	871.212	869.384
3.48549	871.183	869.332
3.49743	871.153	869.28
3.50937	871.123	869.227
3.5213	871.093	869.173
3.53324	871.062	869.119
3.54518	871.031	869.064
3.55711	871	869.009
3.56905	870.968	868.953
3.58099	870.936	868.897
3.59292	870.903	868.84
3.60486	870.87	868.782
3.6168	870.836	868.723
3.62873	870.802	868.664
3.64067	870.768	868.605
3.65261	870.733	868.545
3.66454	870.698	868.484
3.67648	870.662	868.422
3.68842	870.626	868.36
3.70035	870.59	868.297
3.71229	870.553	868.234
3.72423	870.515	868.17
3.73616	870.477	868.105
3.7481	870.439	868.04
3.76004	870.4	867.974
3.77197	870.361	867.907
3.78391	870.321	867.84
3.79585	870.281	867.772
3.80778	870.24	867.703
3.81972	870.199	867.634
3.83166	870.158	867.564
3.84359	870.115	867.493
3.85553	870.073	867.421
3.86747	870.03	867.349
3.8794	869.986	867.276
3.89134	869.942	867.203
3.90327	869.898	867.129
3.91521	869.852	867.054
3.92715	869.807	866.978
3.93908	869.761	866.901
3.95102	869.714	866.824
3.96296	869.667	866.746
3.97489	869.619	866.668
3.98683	869.571	866.589
3.99877	869.522	866.508
4.0107	869.473	866.428
4.02264	869.423	866.346
4.03458	869.373	866.264
4.04651	869.322	866.181
4.05845	869.27	866.097
4.07039	869.218	866.012
4.08232	869.166	865.927
4.09426	869.113	865.841
4.1062	869.059	865.754
4.11813	869.004	865.666
4.13007	868.95	865.578
4.14201	868.894	865.488
4.15394	868.838	865.398
4.16588	868.781	865.308
4.17782	868.724	865.216
4.18975	868.666	865.123
4.20169	868.608	865.03
4.21363	868.549	864.936
4.22556	868.489	864.841
4.2375	868.429	864.746
4.24944	868.368	864.649
4.26137	868.306	864.552
4.27331	868.244	864.454
4.28525	868.182	864.355
4.29718	868.118	864.255
4.30912	868.054	864.154
4.32106	867.989	864.053
4.33299	867.924	863.95
4.34493	867.858	863.847
4.35687	867.792	863.743
4.3688	867.724	863.638
4.38074	867.656	863.532
4.39268	867.588	863.426
4.40461	867.518	863.318
4.41655	867.448	863.21
4.42849	867.378	863.101
4.44042	867.307	862.991
4.45236	867.235	862.88
4.4643	867.162	862.768
4.47623	867.088	862.655
4.48817	867.014	862.541
4.50011	866.94	862.427
4.51204	866.864	862.311
4.52398	866.788	862.195
4.53592	866.711	862.078
4.54785	866.634	861.96
4.55979	866.555	861.841
4.57173	866.476	861.721
4.58366	866.396	861.6
4.5956	866.316	861.478
4.60754	866.235	861.355
4.61947	866.153	861.232
4.63141	866.07	861.107
4.64335	865.986	860.982
4.65528	865.902	860.855
4.66722	865.817	860.728
4.67916	865.732	860.6
4.69109	865.645	860.47
4.70303	865.558	860.34
4.71497	865.47	860.209
4.7269	865.381	860.077
4.73884	865.291	859.944
4.75078	865.201	859.81
4.76271	865.11	859.675
4.77465	865.018	859.539
4.78658	864.925	859.402
4.79852	864.832	859.264
4.81046	864.737	859.125
4.82239	864.642	858.986
4.83433	864.546	858.845
4.84627	864.45	858.703
4.8582	864.352	858.56
4.87014	864.254	858.417
4.88208	864.155	858.272
4.89401	864.055	858.126
4.90595	863.954	857.98
4.91789	863.852	857.832
4.92982	863.75	857.683
4.94176	863.646	857.534
4.9537	863.542	857.383
4.96563	863.437	857.232
4.97757	863.331	857.079
4.98951	863.224	856.925
5.00144	863.117	856.771
5.01338	863.008	856.615
5.02532	862.899	856.458
5.03725	862.789	856.301
5.04919	862.678	856.142
5.06113	862.566	855.982
5.07306	862.453	855.821
5.085	862.34	855.66
5.09694	862.225	855.497
5.10887	862.11	855.333
5.12081	861.993	855.168
5.13275	861.876	855.002
5.14468	861.758	854.836
5.15662	861.639	854.668
5.16856	861.519	854.499
5.18049	861.399	854.329
5.19243	861.277	854.158
5.20437	861.154	853.986
5.2163	861.031	853.813
5.22824	860.906	853.638
5.24018	860.781	853.463
5.25211	860.655	853.287
5.26405	860.528	853.11
5.27599	860.399	852.931
5.28792	860.27	852.752
5.29986	860.14	852.572
5.3118	860.009	852.39
5.32373	859.878	852.208
5.33567	859.745	852.024
5.34761	859.611	851.84
5.35954	859.476	851.654
5.37148	859.341	851.467
5.38342	859.204	851.279
5.39535	859.067	851.091
5.40729	858.928	850.901
5.41923	858.789	850.71
5.43116	858.648	850.518
5.4431	858.507	850.325
5.45504	858.364	850.13
5.46697	858.221	849.935
5.47891	858.077	849.739
5.49085	857.932	849.542
5.50278	857.785	849.343
5.51472	857.638	849.144
5.52666	857.49	848.943
5.53859	857.341	848.742
5.55053	857.191	848.539
5.56247	857.039	848.335
5.5744	856.887	848.131
5.58634	856.734	847.925
5.59828	856.58	847.718
5.61021	856.425	847.51
5.62215	856.269	847.301
5.63408	856.112	847.091
5.64602	855.953	846.88
5.65796	855.794	846.667
5.66989	855.634	846.454
5.68183	855.473	846.24
5.69377	855.311	846.024
5.7057	855.148	845.808
5.71764	854.983	845.59
5.72958	854.818	845.372
5.74151	854.652	845.152
5.75345	854.485	844.931
5.76539	854.316	844.709
5.77732	854.147	844.486
5.78926	853.977	844.262
5.8012	853.805	844.037
5.81313	853.633	843.811
5.82507	853.46	843.584
5.83701	853.285	843.356
5.84894	853.11	843.126
5.86088	852.933	842.896
5.87282	852.756	842.665
5.88475	852.577	842.432
5.89669	852.397	842.199
5.90863	852.217	841.964
5.92056	852.035	841.728
5.9325	851.852	841.492
5.94444	851.669	841.254
5.95637	851.484	841.015
5.96831	851.298	840.775
5.98025	851.111	840.534
5.99218	850.923	840.292
6.00412	850.734	840.049
6.01606	850.544	839.805
6.02799	850.353	839.56
6.03993	850.161	839.314
6.05187	849.968	839.066
6.0638	849.773	838.818
6.07574	849.578	838.569
6.08768	849.382	838.318
6.09961	849.184	838.067
6.11155	848.986	837.814
6.12349	848.786	837.561
6.13542	848.586	837.306
6.14736	848.384	837.051
6.1593	848.181	836.794
6.17123	847.978	836.536
6.18317	847.773	836.278
6.19511	847.567	836.018
6.20704	847.36	835.757
6.21898	847.152	835.496
6.23092	846.943	835.233
6.24285	846.733	834.969
6.25479	846.522	834.704
6.26673	846.31	834.438
6.27866	846.096	834.171
6.2906	845.882	833.903
6.30254	845.667	833.635
6.31447	845.45	833.365
6.32641	845.233	833.094
6.33835	845.014	832.822
6.35028	844.794	832.549
6.36222	844.574	832.275
6.37416	844.352	832
6.38609	844.129	831.724
6.39803	843.905	831.447
6.40997	843.68	831.169
6.4219	843.455	830.89
6.43384	843.227	830.61
6.44578	842.999	830.329
6.45771	842.77	830.047
6.46965	842.54	829.765
6.48159	842.309	829.481
6.49352	842.077	829.196
6.50546	841.843	828.91
6.51739	841.609	828.623
6.52933	841.373	828.336
6.54127	841.137	828.047
6.5532	840.899	827.757
6.56514	840.661	827.467
6.57708	840.421	827.175
6.58901	840.18	826.883
6.60095	839.939	826.589
6.61289	839.696	826.295
6.62482	839.452	825.999
6.63676	839.207	825.703
6.6487	838.961	825.406
6.66063	838.714	825.107
6.67257	838.466	824.808
6.68451	838.217	824.508
6.69644	837.967	824.207
6.70838	837.716	823.905
6.72032	837.464	823.603
6.73225	837.211	823.299
6.74419	836.956	822.994
6.75613	836.701	822.689
6.76806	836.445	822.382
6.78	836.188	822.075
6.79194	835.929	821.766
6.80387	835.67	821.457
6.81581	835.409	821.147
6.82775	835.148	820.836
6.83968	834.886	820.524
6.85162	834.622	820.211
6.86356	834.358	819.898
6.87549	834.092	819.583
6.88743	833.826	819.268
6.89937	833.558	818.952
6.9113	833.29	818.635
6.92324	833.02	818.317
6.93518	832.75	817.998
6.94711	832.478	817.678
6.95905	832.206	817.357
6.97099	831.932	817.036
6.98292	831.658	816.714
6.99486	831.382	816.391
7.0068	831.106	816.067
7.01873	830.828	815.742
7.03067	830.55	815.416
7.04261	830.27	815.09
7.05454	829.99	814.763
7.06648	829.709	814.435
7.07842	829.426	814.106
7.09035	829.143	813.776
7.10229	828.859	813.446
7.11423	828.573	813.114
7.12616	828.287	812.782
7.1381	828	812.449
7.15004	827.712	812.116
7.16197	827.422	811.781
7.17391	827.132	811.446
7.18585	826.841	811.11
7.19778	826.549	810.773
7.20972	826.256	810.436
7.22166	825.962	810.097
7.23359	825.667	809.758
7.24553	825.372	809.418
7.25747	825.075	809.078
7.2694	824.777	808.736
7.28134	824.479	808.394
7.29328	824.179	808.051
7.30521	823.879	807.708
7.31715	823.577	807.363
7.32909	823.275	807.018
7.34102	822.972	806.673
7.35296	822.668	806.326
7.36489	822.363	805.979
7.37683	822.057	805.631
7.38877	821.75	805.282
7.4007	821.442	804.933
7.41264	821.133	804.583
7.42458	820.824	804.232
7.43651	820.513	803.881
7.44845	820.202	803.529
7.46039	819.89	803.176
7.47232	819.577	802.823
7.48426	819.263	802.469
7.4962	818.948	802.114
7.50813	818.632	801.758
7.52007	818.316	801.402
7.53201	817.998	801.046
7.54394	817.68	800.688
7.55588	817.361	800.33
7.56782	817.041	799.971
7.57975	816.72	799.612
7.59169	816.399	799.252
7.60363	816.076	798.892
7.61556	815.753	798.53
7.6275	815.428	798.169
7.63944	815.103	797.806
7.65137	814.778	797.443
7.66331	814.451	797.079
7.67525	814.123	796.715
7.68718	813.795	796.35
7.69912	813.466	795.985
7.71106	813.136	795.619
7.72299	812.805	795.252
7.73493	812.474	794.885
7.74687	812.142	794.517
7.7588	811.808	794.149
7.77074	811.474	793.78
7.78268	811.14	793.411
7.79461	810.804	793.041
7.80655	810.468	792.67
7.81849	810.131	792.299
7.83042	809.793	791.927
7.84236	809.455	791.555
7.8543	809.116	791.183
7.86623	808.775	790.809
7.87817	808.435	790.436
7.89011	808.093	790.061
7.90204	807.751	789.687
7.91398	807.408	789.311
7.92592	807.064	788.936
7.93785	806.72	788.559
7.94979	806.374	788.182
7.96173	806.028	787.805
7.97366	805.682	787.427
7.9856	805.334	787.049
7.99754	804.986	786.67
8.00947	804.638	786.291
8.02141	804.288	785.912
8.03335	803.938	785.531
8.04528	803.587	785.151
8.05722	803.235	784.77
8.06916	802.883	784.388
8.08109	802.53	784.006
8.09303	802.177	783.624
8.10497	801.822	783.241
8.1169	801.467	782.858
8.12884	801.112	782.474
8.14078	800.756	782.09
8.15271	800.399	781.706
8.16465	800.041	781.321
8.17659	799.683	780.935
8.18852	799.324	780.55
8.20046	798.965	780.163
8.2124	798.605	779.777
8.22433	798.244	779.39
8.23627	797.883	779.003
8.2482	797.521	778.615
8.26014	797.158	778.227
8.27208	796.795	777.838
8.28401	796.431	777.45
8.29595	796.067	777.06
8.30789	795.702	776.671
8.31982	795.336	776.281
8.33176	794.97	775.891
8.3437	794.603	775.5
8.35563	794.236	775.109
8.36757	793.868	774.718
8.37951	793.5	774.326
8.39144	793.131	773.934
8.40338	792.761	773.542
8.41532	792.391	773.149
8.42725	792.02	772.756
8.43919	791.649	772.363
8.45113	791.277	771.969
8.46306	790.905	771.575
8.475	790.532	771.181
8.48694	790.159	770.787
8.49887	789.785	770.392
8.51081	789.411	769.997
8.52275	789.036	769.602
8.53468	788.66	769.206
8.54662	788.284	768.81
8.55856	787.908	768.414
8.57049	787.531	768.017
8.58243	787.154	767.621
8.59437	786.776	767.224
8.6063	786.397	766.826
8.61824	786.019	766.429
8.63018	785.639	766.031
8.64211	785.26	765.633
8.65405	784.879	765.235
8.66599	784.499	764.836
8.67792	784.117	764.438
8.68986	783.736	764.039
8.7018	783.354	763.64
8.71373	782.971	763.24
8.72567	782.588	762.841
8.73761	782.205	762.441
8.74954	781.821	762.041
8.76148	781.437	761.64
8.77342	781.052	761.24
8.78535	780.667	760.839
8.79729	780.282	760.438
8.80923	779.896	760.037
8.82116	779.51	759.636
8.8331	779.123	759.235
8.84504	778.736	758.833
8.85697	778.348	758.431
8.86891	777.961	758.029
8.88085	777.572	757.627
8.89278	777.184	757.225
8.90472	776.795	756.822
8.91666	776.405	756.42
8.92859	776.016	756.017
8.94053	775.626	755.614
8.95247	775.235	755.211
8.9644	774.845	754.808
8.97634	774.453	754.404
8.98828	774.062	754.001
9.00021	773.67	753.597
9.01215	773.278	753.193
9.02409	772.886	752.789
9.03602	772.493	752.385
9.04796	772.1	751.981
9.0599	771.706	751.577
9.07183	771.313	751.172
9.08377	770.919	750.768
9.0957	770.524	750.363
9.10764	770.13	749.958
9.11958	769.735	749.553
9.13151	769.34	749.148
9.14345	768.944	748.743
9.15539	768.548	748.338
9.16732	768.152	747.933
9.17926	767.756	747.528
9.1912	767.359	747.122
9.20313	766.962	746.717
9.21507	766.565	746.311
9.22701	766.168	745.905
9.23894	765.77	745.499
9.25088	765.372	745.094
9.26282	764.974	744.688
9.27475	764.576	744.282
9.28669	764.177	743.876
9.29863	763.778	743.47
9.31056	763.379	743.063
9.3225	762.98	742.657
9.33444	762.58	742.251
9.34637	762.18	741.844
9.35831	761.78	741.438
9.37025	761.38	741.032
9.38218	760.98	740.625
9.39412	760.579	740.219
9.40606	760.178	739.812
9.41799	759.777	739.405
9.42993	759.376	738.999
9.44187	758.975	738.592
9.4538	758.573	738.185
9.46574	758.171	737.779
9.47768	757.769	737.372
9.48961	757.367	736.965
9.50155	756.965	736.558
9.51349	756.562	736.152
9.52542	756.16	735.745
9.53736	755.757	735.338
9.5493	755.354	734.931
9.56123	754.951	734.524
9.57317	754.548	734.117
9.58511	754.144	733.711
9.59704	753.741	733.304
9.60898	753.337	732.897
9.62092	752.933	732.49
9.63285	752.529	732.083
9.64479	752.125	731.676
9.65673	751.721	731.269
9.66866	751.316	730.863
9.6806	750.912	730.456
9.69254	750.507	730.049
9.70447	750.102	729.642
9.71641	749.698	729.235
9.72835	749.293	728.829
9.74028	748.888	728.422
9.75222	748.482	728.015
9.76416	748.077	727.609
9.77609	747.672	727.202
9.78803	747.266	726.795
9.79997	746.861	726.389
9.8119	746.455	725.982
9.82384	746.049	725.576
9.83578	745.644	725.169
9.84771	745.238	724.763
9.85965	744.832	724.356
9.87159	744.426	723.95
9.88352	744.019	723.544
9.89546	743.613	723.137
9.9074	743.207	722.731
9.91933	742.801	722.325
9.93127	742.394	721.919
9.94321	741.988	721.513
9.95514	741.581	721.107
9.96708	741.175	720.701
9.97901	740.768	720.295
9.99095	740.362	719.889
10.0029	739.955	719.483
10.0148	739.548	719.077
10.0268	739.141	718.672
10.0387	738.735	718.266
10.0506	738.328	717.86
10.0626	737.921	717.455
10.0745	737.514	717.05
10.0864	737.107	716.644
10.0984	736.7	716.239
10.1103	736.293	715.834
10.1223	735.886	715.428
10.1342	735.479	715.023
10.1461	735.072	714.618
10.1581	734.665	714.213
10.17	734.258	713.808
10.1819	733.851	713.404
10.1939	733.444	712.999
10.2058	733.037	712.594
10.2177	732.63	712.19
10.2297	732.223	711.785
10.2416	731.816	711.381
10.2536	731.409	710.976
10.2655	731.002	710.572
10.2774	730.594	710.168
10.2894	730.187	709.764
10.3013	729.78	709.36
10.3132	729.373	708.956
10.3252	728.966	708.552
10.3371	728.559	708.148
10.3491	728.152	707.745
10.361	727.746	707.341
10.3729	727.339	706.938
10.3849	726.932	706.534
10.3968	726.525	706.131
10.4087	726.118	705.728
10.4207	725.711	705.324
10.4326	725.305	704.921
10.4445	724.898	704.519
10.4565	724.491	704.116
10.4684	724.084	703.713
10.4804	723.678	703.31
10.4923	723.271	702.908
10.5042	722.865	702.505
10.5162	722.458	702.103
10.5281	722.052	701.701
10.54	721.645	701.298
10.552	721.239	700.896
10.5639	720.833	700.494
10.5758	720.426	700.092
10.5878	720.02	699.691
10.5997	719.614	699.289
10.6117	719.208	698.887
10.6236	718.802	698.486
10.6355	718.396	698.084
10.6475	717.99	697.683
10.6594	717.584	697.282
10.6713	717.179	696.881
10.6833	716.773	696.48
10.6952	716.367	696.079
10.7071	715.962	695.678
10.7191	715.556	695.277
10.731	715.151	694.877
10.743	714.745	694.476
10.7549	714.34	694.076
10.7668	713.935	693.676
10.7788	713.53	693.275
10.7907	713.125	692.875
10.8026	712.72	692.475
10.8146	712.315	692.075
10.8265	711.91	691.676
10.8385	711.505	691.276
10.8504	711.1	690.876
10.8623	710.696	690.477
10.8743	710.291	690.078
10.8862	709.887	689.678
10.8981	709.482	689.279
10.9101	709.078	688.88
10.922	708.674	688.481
10.9339	708.27	688.082
10.9459	707.866	687.684
10.9578	707.462	687.285
10.9698	707.058	686.886
10.9817	706.654	686.488
10.9936	706.25	686.09
11.0056	705.847	685.691
11.0175	705.443	685.293
11.0294	705.04	684.895
11.0414	704.637	684.497
11.0533	704.233	684.099
11.0652	703.83	683.702
11.0772	703.427	683.304
11.0891	703.024	682.907
11.1011	702.621	682.509
11.113	702.219	682.112
11.1249	701.816	681.715
11.1369	701.414	681.318
11.1488	701.011	680.92
11.1607	700.609	680.524
11.1727	700.206	680.127
11.1846	699.804	679.73
11.1966	699.402	679.333
11.2085	699	678.937
11.2204	698.598	678.54
11.2324	698.197	678.144
11.2443	697.795	677.748
11.2562	697.393	677.352
11.2682	696.992	676.956
11.2801	696.591	676.56
11.292	696.189	676.164
11.304	695.788	675.768
11.3159	695.387	675.373
11.3279	694.986	674.977
11.3398	694.585	674.582
11.3517	694.185	674.186
11.3637	693.784	673.791
11.3756	693.383	673.396
11.3875	692.983	673.001
11.3995	692.583	672.606
11.4114	692.182	672.211
11.4233	691.782	671.816
11.4353	691.382	671.421
11.4472	690.982	671.027
11.4592	690.582	670.632
11.4711	690.183	670.238
11.483	689.783	669.843
11.495	689.384	669.449
11.5069	688.984	669.055
11.5188	688.585	668.661
11.5308	688.186	668.267
11.5427	687.787	667.873
11.5546	687.388	667.479
11.5666	686.989	667.085
11.5785	686.59	666.692
11.5905	686.191	666.298
11.6024	685.793	665.905
11.6143	685.394	665.511
11.6263	684.996	665.118
11.6382	684.598	664.725
11.6501	684.2	664.332
11.6621	683.802	663.939
11.674	683.404	663.546
11.686	683.006	663.153
11.6979	682.608	662.76
11.7098	682.21	662.367
11.7218	681.813	661.974
11.7337	681.415	661.582
11.7456	681.018	661.189
11.7576	680.621	660.797
11.7695	680.224	660.405
11.7814	679.827	660.012
11.7934	679.43	659.62
11.8053	679.033	659.228
11.8173	678.636	658.836
11.8292	678.24	658.444
11.8411	677.843	658.052
11.8531	677.447	657.66
11.865	677.05	657.268
11.8769	676.654	656.877
11.8889	676.258	656.485
11.9008	675.862	656.094
11.9127	675.466	655.702
11.9247	675.07	655.311
11.9366	674.674	654.919
11.9486	674.279	654.528
11.9605	673.883	654.137
11.9724	673.488	653.746
11.9844	673.092	653.355
11.9963	672.697	652.964
12.0082	672.302	652.573
12.0202	671.907	652.182
12.0321	671.512	651.791
12.0441	671.117	651.4
12.056	670.722	651.01
12.0679	670.328	650.619
12.0799	669.933	650.229
12.0918	669.539	649.838
12.1037	669.144	649.448
12.1157	668.75	649.057
12.1276	668.356	648.667
12.1395	667.961	648.277
12.1515	667.567	647.887
12.1634	667.173	647.496
12.1754	666.78	647.106
12.1873	666.386	646.716
12.1992	665.992	646.326
12.2112	665.598	645.936
12.2231	665.205	645.546
12.235	664.811	645.157
12.247	664.418	644.767
12.2589	664.025	644.377
12.2708	663.632	643.987
12.2828	663.238	643.598
12.2947	662.845	643.208
12.3067	662.452	642.819
12.3186	662.06	642.429
12.3305	661.667	642.04
12.3425	661.274	641.651
12.3544	660.882	641.261
12.3663	660.489	640.872
12.3783	660.097	640.483
12.3902	659.704	640.094
12.4021	659.312	639.704
12.4141	658.92	639.315
12.426	658.527	638.926
12.438	658.135	638.537
12.4499	657.743	638.148
12.4618	657.351	637.759
12.4738	656.96	637.37
12.4857	656.568	636.982
12.4976	656.176	636.593
12.5096	655.784	636.204
12.5215	655.393	635.815
12.5335	655.001	635.427
12.5454	654.61	635.038
12.5573	654.219	634.649
12.5693	653.827	634.261
12.5812	653.436	633.872
12.5931	653.045	633.484
12.6051	652.654	633.095
12.617	652.263	632.707
12.6289	651.872	632.318
12.6409	651.481	631.93
12.6528	651.09	631.541
12.6648	650.699	631.153
12.6767	650.309	630.765
12.6886	649.918	630.377
12.7006	649.528	629.988
12.7125	649.137	629.6
12.7244	648.747	629.212
12.7364	648.356	628.824
12.7483	647.966	628.436
12.7602	647.576	628.048
12.7722	647.185	627.659
12.7841	646.795	627.271
12.7961	646.405	626.883
12.808	646.015	626.495
12.8199	645.625	626.107
12.8319	645.235	625.719
12.8438	644.845	625.332
12.8557	644.456	624.944
12.8677	644.066	624.556
12.8796	643.676	624.168
12.8916	643.286	623.78
12.9035	642.897	623.392
12.9154	642.507	623.004
12.9274	642.118	622.617
12.9393	641.728	622.229
12.9512	641.339	621.841
12.9632	640.95	621.453
12.9751	640.56	621.066
12.987	640.171	620.678
12.999	639.782	620.29
13.0109	639.393	619.903
13.0229	639.003	619.515
13.0348	638.614	619.127
13.0467	638.225	618.74
13.0587	637.836	618.352
13.0706	637.447	617.965
13.0825	637.058	617.577
13.0945	636.67	617.189
13.1064	636.281	616.802
13.1183	635.892	616.414
13.1303	635.503	616.027
13.1422	635.114	615.639
13.1542	634.726	615.252
13.1661	634.337	614.864
13.178	633.949	614.477
13.19	633.56	614.089
13.2019	633.171	613.702
13.2138	632.783	613.314
13.2258	632.394	612.927
13.2377	632.006	612.539
13.2496	631.618	612.152
13.2616	631.229	611.764
13.2735	630.841	611.377
13.2855	630.453	610.99
13.2974	630.064	610.602
13.3093	629.676	610.215
13.3213	629.288	609.827
13.3332	628.9	609.44
13.3451	628.512	609.052
13.3571	628.123	608.665
13.369	627.735	608.278
13.381	627.347	607.89
13.3929	626.959	607.503
13.4048	626.571	607.115
13.4168	626.183	606.728
13.4287	625.795	606.341
13.4406	625.407	605.953
13.4526	625.019	605.566
13.4645	624.631	605.178
13.4764	624.244	604.791
13.4884	623.856	604.404
13.5003	623.468	604.016
13.5123	623.08	603.629
13.5242	622.692	603.241
13.5361	622.305	602.854
13.5481	621.917	602.467
13.56	621.529	602.079
13.5719	621.141	601.692
13.5839	620.754	601.304
13.5958	620.366	600.917
13.6077	619.978	600.53
13.6197	619.591	600.142
13.6316	619.203	599.755
13.6436	618.815	599.367
13.6555	618.428	598.98
13.6674	618.04	598.592
13.6794	617.653	598.205
13.6913	617.265	597.818
13.7032	616.878	597.43
13.7152	616.49	597.043
13.7271	616.103	596.655
13.7391	615.715	596.268
13.751	615.328	595.88
13.7629	614.94	595.493
13.7749	614.553	595.105
13.7868	614.165	594.718
13.7987	613.778	594.33
13.8107	613.39	593.943
13.8226	613.003	593.555
13.8345	612.615	593.168
13.8465	612.228	592.78
13.8584	611.84	592.393
13.8704	611.453	592.005
13.8823	611.066	591.617
13.8942	610.678	591.23
13.9062	610.291	590.842
13.9181	609.904	590.455
13.93	609.516	590.067
13.942	609.129	589.679
13.9539	608.741	589.292
13.9658	608.354	588.904
13.9778	607.967	588.517
13.9897	607.579	588.129
14.0017	607.192	587.741
14.0136	606.805	587.354
14.0255	606.417	586.966
14.0375	606.03	586.578
14.0494	605.643	586.191
14.0613	605.255	585.803
14.0733	604.868	585.415
14.0852	604.48	585.027
14.0971	604.093	584.64
14.1091	603.706	584.252
14.121	603.318	583.864
14.133	602.931	583.476
14.1449	602.544	583.088
14.1568	602.156	582.701
14.1688	601.769	582.313
14.1807	601.382	581.925
14.1926	600.994	581.537
14.2046	600.607	581.149
14.2165	600.22	580.761
14.2285	599.832	580.374
14.2404	599.445	579.986
14.2523	599.057	579.598
14.2643	598.67	579.21
14.2762	598.283	578.822
14.2881	597.895	578.434
14.3001	597.508	578.046
14.312	597.12	577.658
14.3239	596.733	577.27
14.3359	596.346	576.882
14.3478	595.958	576.494
14.3598	595.571	576.106
14.3717	595.183	575.718
14.3836	594.796	575.33
14.3956	594.408	574.942
14.4075	594.021	574.554
14.4194	593.634	574.166
14.4314	593.246	573.778
14.4433	592.859	573.39
14.4552	592.471	573.001
14.4672	592.084	572.613
14.4791	591.696	572.225
14.4911	591.309	571.837
14.503	590.921	571.449
14.5149	590.534	571.061
14.5269	590.146	570.672
14.5388	589.759	570.284
14.5507	589.371	569.896
14.5627	588.983	569.508
14.5746	588.596	569.12
14.5866	588.208	568.731
14.5985	587.821	568.343
14.6104	587.433	567.955
14.6224	587.045	567.566
14.6343	586.658	567.178
14.6462	586.27	566.79
14.6582	585.883	566.401
14.6701	585.495	566.013
14.682	585.107	565.625
14.694	584.72	565.236
14.7059	584.332	564.848
14.7179	583.944	564.46
14.7298	583.556	564.071
14.7417	583.169	563.683
14.7537	582.781	563.294
14.7656	582.393	562.906
14.7775	582.006	562.518
14.7895	581.618	562.129
14.8014	581.23	561.741
14.8133	580.842	561.352
14.8253	580.454	560.964
14.8372	580.067	560.575
14.8492	579.679	560.187
14.8611	579.291	559.798
14.873	578.903	559.41
14.885	578.515	559.021
14.8969	578.127	558.633
14.9088	577.739	558.244
14.9208	577.352	557.855
14.9327	576.964	557.467
14.9446	576.576	557.078
14.9566	576.188	556.69
14.9685	575.8	556.301
14.9805	575.412	555.912
14.9924	575.024	555.524
15.0043	574.636	555.135
15.0163	574.248	554.747
15.0282	573.86	554.358
15.0401	573.472	553.969
15.0521	573.084	553.581
15.064	572.696	553.192
15.076	572.308	552.803
15.0879	571.92	552.415
15.0998	571.532	552.026
15.1118	571.143	551.637
15.1237	570.755	551.249
15.1356	570.367	550.86
15.1476	569.979	550.471
15.1595	569.591	550.082
15.1714	569.203	549.694
15.1834	568.815	549.305
15.1953	568.426	548.916
15.2073	568.038	548.528
15.2192	567.65	548.139
15.2311	567.262	547.75
15.2431	566.874	547.361
15.255	566.485	546.973
15.2669	566.097	546.584
15.2789	565.709	546.195
15.2908	565.321	545.806
15.3027	564.932	545.418
15.3147	564.544	545.029
15.3266	564.156	544.64
15.3386	563.767	544.251
15.3505	563.379	543.863
15.3624	562.991	543.474
15.3744	562.602	543.085
15.3863	562.214	542.696
15.3982	561.826	542.307
15.4102	561.437	541.919
15.4221	561.049	541.53
15.4341	560.66	541.141
15.446	560.272	540.752
15.4579	559.884	540.364
15.4699	559.495	539.975
15.4818	559.107	539.586
15.4937	558.718	539.197
15.5057	558.33	538.809
15.5176	557.941	538.42
15.5295	557.553	538.031
15.5415	557.164	537.642
15.5534	556.776	537.254
15.5654	556.387	536.865
15.5773	555.999	536.476
15.5892	555.61	536.088
15.6012	555.222	535.699
15.6131	554.833	535.31
15.625	554.445	534.921
15.637	554.056	534.533
15.6489	553.668	534.144
15.6608	553.279	533.755
15.6728	552.891	533.367
15.6847	552.502	532.978
15.6967	552.114	532.589
15.7086	551.725	532.201
15.7205	551.336	531.812
15.7325	550.948	531.424
15.7444	550.559	531.035
15.7563	550.171	530.646
15.7683	549.782	530.258
15.7802	549.393	529.869
15.7921	549.005	529.481
15.8041	548.616	529.092
15.816	548.227	528.704
15.828	547.839	528.315
15.8399	547.45	527.926
15.8518	547.062	527.538
15.8638	546.673	527.15
15.8757	546.284	526.761
15.8876	545.896	526.373
15.8996	545.507	525.984
15.9115	545.118	525.596
15.9235	544.73	525.207
15.9354	544.341	524.819
15.9473	543.952	524.431
15.9593	543.564	524.042
15.9712	543.175	523.654
15.9831	542.787	523.266
15.9951	542.398	522.877
16.007	542.009	522.489
16.0189	541.621	522.101
16.0309	541.232	521.713
16.0428	540.843	521.324
16.0548	540.455	520.936
16.0667	540.066	520.548
16.0786	539.677	520.16
16.0906	539.289	519.772
16.1025	538.9	519.384
16.1144	538.512	518.996
16.1264	538.123	518.608
16.1383	537.734	518.22
16.1502	537.346	517.832
16.1622	536.957	517.444
16.1741	536.569	517.056
16.1861	536.18	516.668
16.198	535.791	516.28
16.2099	535.403	515.892
16.2219	535.014	515.504
16.2338	534.626	515.117
16.2457	534.237	514.729
16.2577	533.849	514.341
16.2696	533.46	513.954
16.2816	533.072	513.566
16.2935	532.683	513.178
16.3054	532.295	512.791
16.3174	531.906	512.403
16.3293	531.518	512.016
16.3412	531.129	511.628
16.3532	530.741	511.241
16.3651	530.352	510.853
16.377	529.964	510.466
16.389	529.575	510.079
16.4009	529.187	509.691
16.4129	528.799	509.304
16.4248	528.41	508.917
16.4367	528.022	508.53
16.4487	527.633	508.143
16.4606	527.245	507.756
16.4725	526.857	507.369
16.4845	526.468	506.982
16.4964	526.08	506.595
16.5083	525.692	506.208
16.5203	525.304	505.821
16.5322	524.915	505.434
16.5442	524.527	505.047
16.5561	524.139	504.661
16.568	523.751	504.274
16.58	523.363	503.887
16.5919	522.975	503.501
16.6038	522.586	503.114
16.6158	522.198	502.728
16.6277	521.81	502.342
16.6396	521.422	501.955
16.6516	521.034	501.569
16.6635	520.646	501.183
16.6755	520.258	500.796
16.6874	519.87	500.41
16.6993	519.482	500.024
16.7113	519.095	499.638
16.7232	518.707	499.252
16.7351	518.319	498.866
16.7471	517.931	498.481
16.759	517.543	498.095
16.771	517.155	497.709
16.7829	516.768	497.323
16.7948	516.38	496.938
16.8068	515.992	496.552
16.8187	515.605	496.167
16.8306	515.217	495.781
16.8426	514.83	495.396
16.8545	514.442	495.011
16.8664	514.054	494.626
16.8784	513.667	494.24
16.8903	513.28	493.855
16.9023	512.892	493.47
16.9142	512.505	493.085
16.9261	512.117	492.701
16.9381	511.73	492.316
16.95	511.343	491.931
16.9619	510.956	491.546
16.9739	510.569	491.162
16.9858	510.181	490.777
16.9977	509.794	490.393
17.0097	509.407	490.009
17.0216	509.02	489.624
17.0336	508.633	489.24
17.0455	508.246	488.856
17.0574	507.859	488.472
17.0694	507.473	488.088
17.0813	507.086	487.704
17.0932	506.699	487.32
17.1052	506.312	486.937
17.1171	505.926	486.553
17.1291	505.539	486.17
17.141	505.152	485.786
17.1529	504.766	485.403
17.1649	504.379	485.02
17.1768	503.993	484.636
17.1887	503.607	484.253
17.2007	503.22	483.87
17.2126	502.834	483.488
17.2245	502.448	483.105
17.2365	502.062	482.722
17.2484	501.676	482.339
17.2604	501.29	481.957
17.2723	500.904	481.575
17.2842	500.518	481.192
17.2962	500.132	480.81
17.3081	499.746	480.428
17.32	499.36	480.046
17.332	498.974	479.664
17.3439	498.589	479.282
17.3558	498.203	478.9
17.3678	497.818	478.519
17.3797	497.432	478.137
17.3917	497.047	477.756
17.4036	496.662	477.375
17.4155	496.276	476.993
17.4275	495.891	476.612
17.4394	495.506	476.231
17.4513	495.121	475.851
17.4633	494.736	475.47
17.4752	494.351	475.089
17.4871	493.966	474.709
17.4991	493.581	474.328
17.511	493.197	473.948
17.523	492.812	473.568
17.5349	492.427	473.188
17.5468	492.043	472.808
17.5588	491.658	472.428
17.5707	491.274	472.049
17.5826	490.89	471.669
17.5946	490.506	471.29
17.6065	490.121	470.91
17.6185	489.737	470.531
17.6304	489.353	470.152
17.6423	488.97	469.773
17.6543	488.586	469.394
17.6662	488.202	469.016
17.6781	487.818	468.637
17.6901	487.435	468.259
17.702	487.051	467.881
17.7139	486.668	467.502
17.7259	486.285	467.124
17.7378	485.901	466.747
17.7498	485.518	466.369
17.7617	485.135	465.991
17.7736	484.752	465.614
17.7856	484.37	465.237
17.7975	483.987	464.859
17.8094	483.604	464.482
17.8214	483.222	464.106
17.8333	482.839	463.729
17.8452	482.457	463.352
17.8572	482.074	462.976
17.8691	481.692	462.6
17.8811	481.31	462.224
17.893	480.928	461.848
17.9049	480.546	461.472
17.9169	480.164	461.096
17.9288	479.783	460.721
17.9407	479.401	460.345
17.9527	479.02	459.97
17.9646	478.638	459.595
17.9766	478.257	459.22
17.9885	477.876	458.846
18.0004	477.495	458.471
18.0124	477.114	458.097
18.0243	476.733	457.722
18.0362	476.352	457.348
18.0482	475.972	456.975
18.0601	475.591	456.601
18.072	475.211	456.227
18.084	474.831	455.854
18.0959	474.451	455.481
18.1079	474.071	455.108
18.1198	473.691	454.735
18.1317	473.311	454.362
18.1437	472.931	453.99
18.1556	472.552	453.618
18.1675	472.172	453.245
18.1795	471.793	452.873
18.1914	471.414	452.502
18.2033	471.035	452.13
18.2153	470.656	451.759
18.2272	470.277	451.388
18.2392	469.898	451.017
18.2511	469.52	450.646
18.263	469.141	450.275
18.275	468.763	449.905
18.2869	468.385	449.534
18.2988	468.007	449.164
18.3108	467.629	448.794
18.3227	467.251	448.425
18.3346	466.874	448.055
18.3466	466.496	447.686
18.3585	466.119	447.317
18.3705	465.742	446.948
18.3824	465.365	446.58
18.3943	464.988	446.211
18.4063	464.611	445.843
18.4182	464.234	445.475
18.4301	463.858	445.107
18.4421	463.482	444.739
18.454	463.105	444.372
18.466	462.729	444.005
18.4779	462.354	443.638
18.4898	461.978	443.271
18.5018	461.602	442.904
18.5137	461.227	442.538
18.5256	460.852	442.172
18.5376	460.477	441.806
18.5495	460.102	441.441
18.5614	459.727	441.075
18.5734	459.352	440.71
18.5853	458.978	440.345
18.5973	458.604	439.98
18.6092	458.23	439.616
18.6211	457.856	439.251
18.6331	457.482	438.887
18.645	457.108	438.523
18.6569	456.735	438.16
18.6689	456.361	437.796
18.6808	455.988	437.433
18.6927	455.615	437.07
18.7047	455.243	436.708
18.7166	454.87	436.345
18.7286	454.498	435.983
18.7405	454.125	435.621
18.7524	453.753	435.26
18.7644	453.382	434.898
18.7763	453.01	434.537
18.7882	452.638	434.176
18.8002	452.267	433.816
18.8121	451.896	433.455
18.8241	451.525	433.095
18.836	451.154	432.735
18.8479	450.784	432.375
18.8599	450.413	432.016
18.8718	450.043	431.657
18.8837	449.673	431.298
18.8957	449.303	430.939
18.9076	448.934	430.581
18.9195	448.564	430.223
18.9315	448.195	429.865
18.9434	447.826	429.508
18.9554	447.457	429.15
18.9673	447.089	428.793
18.9792	446.72	428.437
18.9912	446.352	428.08
19.0031	445.984	427.724
19.015	445.616	427.368
19.027	445.249	427.013
19.0389	444.881	426.657
19.0508	444.514	426.302
19.0628	444.147	425.948
19.0747	443.781	425.593
19.0867	443.414	425.239
19.0986	443.048	424.885
19.1105	442.682	424.531
19.1225	442.316	424.178
19.1344	441.95	423.825
19.1463	441.585	423.472
19.1583	441.22	423.12
19.1702	440.855	422.768
19.1821	440.49	422.416
19.1941	440.125	422.064
19.206	439.761	421.713
19.218	439.397	421.362
19.2299	439.033	421.012
19.2418	438.67	420.661
19.2538	438.306	420.311
19.2657	437.943	419.962
19.2776	437.58	419.612
19.2896	437.218	419.263
19.3015	436.855	418.914
19.3135	436.493	418.566
19.3254	436.131	418.218
19.3373	435.77	417.87
19.3493	435.408	417.522
19.3612	435.047	417.175
19.3731	434.686	416.828
19.3851	434.325	416.482
19.397	433.965	416.136
19.4089	433.605	415.79
19.4209	433.245	415.444
19.4328	432.885	415.099
19.4448	432.526	414.754
19.4567	432.167	414.41
19.4686	431.808	414.065
19.4806	431.449	413.722
19.4925	431.091	413.378
19.5044	430.733	413.035
19.5164	430.375	412.692
19.5283	430.017	412.349
19.5402	429.66	412.007
19.5522	429.303	411.665
19.5641	428.946	411.324
19.5761	428.59	410.983
19.588	428.234	410.642
19.5999	427.878	410.302
19.6119	427.522	409.961
19.6238	427.167	409.622
19.6357	426.812	409.282
19.6477	426.457	408.943
19.6596	426.102	408.605
19.6716	425.748	408.266
19.6835	425.394	407.928
19.6954	425.04	407.591
19.7074	424.687	407.254
19.7193	424.334	406.917
19.7312	423.981	406.58
19.7432	423.629	406.244
19.7551	423.276	405.908
19.767	422.924	405.573
19.779	422.573	405.238
19.7909	422.221	404.903
19.8029	421.87	404.569
19.8148	421.52	404.235
19.8267	421.169	403.902
19.8387	420.819	403.569
19.8506	420.469	403.236
19.8625	420.12	402.904
19.8745	419.771	402.572
19.8864	419.422	402.24
19.8983	419.073	401.909
19.9103	418.725	401.578
19.9222	418.377	401.248
19.9342	418.03	400.918
19.9461	417.682	400.588
19.958	417.335	400.259
19.97	416.989	399.93
19.9819	416.642	399.602
19.9938	416.296	399.274
20.0058	415.951	398.946
20.0177	415.605	398.619
20.0296	415.26	398.292
20.0416	414.916	397.966
20.0535	414.571	397.64
20.0655	414.227	397.314
20.0774	413.884	396.989
20.0893	413.54	396.664
20.1013	413.197	396.34
20.1132	412.854	396.016
20.1251	412.512	395.693
20.1371	412.17	395.369
20.149	411.829	395.047
20.161	411.487	394.724
20.1729	411.146	394.403
20.1848	410.806	394.081
20.1968	410.465	393.76
20.2087	410.125	393.44
20.2206	409.786	393.12
20.2326	409.447	392.8
20.2445	409.108	392.481
20.2564	408.769	392.162
20.2684	408.431	391.843
20.2803	408.094	391.525
20.2923	407.756	391.208
20.3042	407.419	390.891
20.3161	407.082	390.574
20.3281	406.746	390.258
20.34	406.41	389.942
20.3519	406.075	389.627
20.3639	405.739	389.312
20.3758	405.405	388.997
20.3877	405.07	388.683
20.3997	404.736	388.37
20.4116	404.402	388.057
20.4236	404.069	387.744
20.4355	403.736	387.432
20.4474	403.403	387.12
20.4594	403.071	386.809
20.4713	402.739	386.498
20.4832	402.408	386.188
20.4952	402.077	385.878
20.5071	401.746	385.568
20.5191	401.416	385.259
20.531	401.086	384.951
20.5429	400.757	384.643
20.5549	400.428	384.335
20.5668	400.099	384.028
20.5787	399.771	383.721
20.5907	399.443	383.415
20.6026	399.115	383.11
20.6145	398.788	382.804
20.6265	398.462	382.5
20.6384	398.135	382.195
20.6504	397.81	381.891
20.6623	397.484	381.588
20.6742	397.159	381.285
20.6862	396.834	380.983
20.6981	396.51	380.681
20.71	396.186	380.38
20.722	395.863	380.079
20.7339	395.54	379.778
20.7458	395.217	379.478
20.7578	394.895	379.179
20.7697	394.574	378.88
20.7817	394.252	378.581
20.7936	393.931	378.283
20.8055	393.611	377.986
20.8175	393.291	377.689
20.8294	392.971	377.392
20.8413	392.652	377.096
20.8533	392.333	376.801
20.8652	392.015	376.506
20.8771	391.697	376.211
20.8891	391.38	375.917
20.901	391.063	375.624
20.913	390.746	375.331
20.9249	390.43	375.038
20.9368	390.114	374.746
20.9488	389.799	374.455
20.9607	389.484	374.164
20.9726	389.17	373.874
20.9846	388.856	373.584
20.9965	388.542	373.294
21.0085	388.229	373.005
21.0204	387.917	372.717
21.0323	387.605	372.429
21.0443	387.293	372.142
21.0562	386.982	371.855
21.0681	386.671	371.568
21.0801	386.361	371.283
21.092	386.051	370.997
21.1039	385.742	370.713
21.1159	385.433	370.428
21.1278	385.124	370.145
21.1398	384.816	369.861
21.1517	384.509	369.579
21.1636	384.202	369.297
21.1756	383.895	369.015
21.1875	383.589	368.734
21.1994	383.283	368.453
21.2114	382.978	368.173
21.2233	382.673	367.894
21.2352	382.369	367.615
21.2472	382.065	367.337
21.2591	381.762	367.059
21.2711	381.459	366.781
21.283	381.157	366.505
21.2949	380.855	366.228
21.3069	380.553	365.953
21.3188	380.253	365.677
21.3307	379.952	365.403
21.3427	379.652	365.129
21.3546	379.353	364.855
21.3666	379.054	364.582
21.3785	378.755	364.31
21.3904	378.457	364.038
21.4024	378.16	363.766
21.4143	377.863	363.496
21.4262	377.566	363.225
21.4382	377.27	362.956
21.4501	376.975	362.687
21.462	376.68	362.418
21.474	376.385	362.15
21.4859	376.091	361.882
21.4979	375.798	361.616
21.5098	375.505	361.349
21.5217	375.212	361.083
21.5337	374.92	360.818
21.5456	374.629	360.553
21.5575	374.338	360.289
21.5695	374.047	360.026
21.5814	373.757	359.763
21.5933	373.468	359.5
21.6053	373.179	359.238
21.6172	372.891	358.977
21.6292	372.603	358.716
21.6411	372.315	358.456
21.653	372.028	358.196
21.665	371.742	357.937
21.6769	371.456	357.679
21.6888	371.171	357.421
21.7008	370.886	357.164
21.7127	370.602	356.907
21.7246	370.318	356.651
21.7366	370.035	356.395
21.7485	369.752	356.14
21.7605	369.47	355.885
21.7724	369.188	355.632
21.7843	368.907	355.378
21.7963	368.627	355.125
21.8082	368.346	354.873
21.8201	368.067	354.622
21.8321	367.788	354.371
21.844	367.509	354.12
21.856	367.231	353.87
21.8679	366.954	353.621
21.8798	366.677	353.372
21.8918	366.401	353.124
21.9037	366.125	352.877
21.9156	365.85	352.63
21.9276	365.575	352.383
21.9395	365.301	352.137
21.9514	365.027	351.892
21.9634	364.754	351.648
21.9753	364.482	351.404
21.9873	364.21	351.16
21.9992	363.938	350.917
22.0111	363.667	350.675
22.0231	363.397	350.433
22.035	363.127	350.192
22.0469	362.858	349.952
22.0589	362.589	349.712
22.0708	362.321	349.472
22.0827	362.053	349.234
22.0947	361.786	348.996
22.1066	361.52	348.758
22.1186	361.254	348.521
22.1305	360.989	348.285
22.1424	360.724	348.049
22.1544	360.46	347.814
22.1663	360.196	347.579
22.1782	359.933	347.345
22.1902	359.67	347.112
22.2021	359.408	346.879
22.2141	359.147	346.647
22.226	358.886	346.415
22.2379	358.625	346.184
22.2499	358.366	345.953
22.2618	358.106	345.724
22.2737	357.848	345.494
22.2857	357.59	345.266
22.2976	357.332	345.038
22.3095	357.075	344.81
22.3215	356.819	344.583
22.3334	356.563	344.357
22.3454	356.308	344.132
22.3573	356.053	343.907
22.3692	355.799	343.682
22.3812	355.546	343.458
22.3931	355.293	343.235
22.405	355.04	343.012
22.417	354.789	342.79
22.4289	354.538	342.569
22.4408	354.287	342.348
22.4528	354.037	342.128
22.4647	353.787	341.908
22.4767	353.538	341.689
22.4886	353.29	341.471
22.5005	353.042	341.253
22.5125	352.795	341.036
22.5244	352.549	340.819
22.5363	352.303	340.603
22.5483	352.057	340.388
22.5602	351.813	340.173
22.5721	351.568	339.959
22.5841	351.325	339.745
22.596	351.082	339.532
22.608	350.839	339.32
22.6199	350.597	339.108
22.6318	350.356	338.897
22.6438	350.115	338.686
22.6557	349.875	338.476
22.6676	349.635	338.267
22.6796	349.396	338.058
22.6915	349.158	337.85
22.7035	348.92	337.642
22.7154	348.683	337.436
22.7273	348.447	337.229
22.7393	348.211	337.024
22.7512	347.975	336.818
22.7631	347.74	336.614
22.7751	347.506	336.41
22.787	347.272	336.207
22.7989	347.039	336.004
22.8109	346.807	335.802
22.8228	346.575	335.6
22.8348	346.344	335.4
22.8467	346.113	335.199
22.8586	345.883	335
22.8706	345.654	334.801
22.8825	345.425	334.602
22.8944	345.196	334.404
22.9064	344.969	334.207
22.9183	344.742	334.01
22.9302	344.515	333.814
22.9422	344.289	333.619
22.9541	344.064	333.424
22.9661	343.839	333.23
22.978	343.615	333.036
22.9899	343.392	332.843
23.0019	343.169	332.651
23.0138	342.946	332.459
23.0257	342.725	332.268
23.0377	342.504	332.077
23.0496	342.283	331.887
23.0616	342.063	331.698
23.0735	341.844	331.509
23.0854	341.625	331.321
23.0974	341.407	331.133
23.1093	341.19	330.947
23.1212	340.973	330.76
23.1332	340.756	330.574
23.1451	340.541	330.389
23.157	340.326	330.205
23.169	340.111	330.021
23.1809	339.897	329.837
23.1929	339.684	329.655
23.2048	339.471	329.473
23.2167	339.259	329.291
23.2287	339.048	329.11
23.2406	338.837	328.93
23.2525	338.627	328.75
23.2645	338.417	328.571
23.2764	338.208	328.392
23.2883	338	328.214
23.3003	337.792	328.037
23.3122	337.584	327.86
23.3242	337.378	327.684
23.3361	337.172	327.508
23.348	336.966	327.333
23.36	336.762	327.159
23.3719	336.557	326.985
23.3838	336.354	326.812
23.3958	336.151	326.64
23.4077	335.948	326.468
23.4196	335.746	326.296
23.4316	335.545	326.125
23.4435	335.345	325.955
23.4555	335.145	325.786
23.4674	334.945	325.617
23.4793	334.747	325.448
23.4913	334.548	325.28
23.5032	334.351	325.113
23.5151	334.154	324.946
23.5271	333.957	324.78
23.539	333.762	324.615
23.551	333.567	324.45
23.5629	333.372	324.286
23.5748	333.178	324.122
23.5868	332.985	323.959
23.5987	332.792	323.796
23.6106	332.6	323.634
23.6226	332.408	323.473
23.6345	332.217	323.312
23.6464	332.027	323.152
23.6584	331.837	322.993
23.6703	331.648	322.834
23.6823	331.46	322.675
23.6942	331.272	322.517
23.7061	331.085	322.36
23.7181	330.898	322.203
23.73	330.712	322.047
23.7419	330.526	321.892
23.7539	330.341	321.737
23.7658	330.157	321.583
23.7777	329.973	321.431
23.7897	329.79	321.279
23.8016	329.608	321.13
23.8136	329.426	320.983
23.8255	329.245	320.842
23.8374	329.065	320.711
23.8494	328.886	320.596
23.8613	328.711	320.511
23.8732	328.625	320.478
