0	873	872.994
0.0119366	873	872.994
0.0238732	873	872.994
0.0358099	873	872.994
0.0477465	873	872.993
0.0596831	873	872.993
0.0716197	873	872.992
0.0835563	872.999	872.992
0.095493	872.999	872.991
0.10743	872.999	872.991
0.119366	872.999	872.99
0.131303	872.999	872.989
0.143239	872.999	872.988
0.155176	872.999	872.988
0.167113	872.999	872.987
0.179049	872.998	872.986
0.190986	872.998	872.985
0.202923	872.998	872.984
0.214859	872.998	872.983
0.226796	872.998	872.982
0.238732	872.998	872.981
0.250669	872.997	872.98
0.262606	872.997	872.978
0.274542	872.997	872.977
0.286479	872.997	872.976
0.298416	872.996	872.974
0.310352	872.996	872.973
0.322289	872.996	872.971
0.334225	872.995	872.97
0.346162	872.995	872.968
0.358099	872.995	872.967
0.370035	872.994	872.965
0.381972	872.994	872.963
0.393908	872.994	872.961
0.405845	872.993	872.959
0.417782	872.993	872.957
0.429718	872.992	872.955
0.441655	872.992	872.953
0.453592	872.991	872.951
0.465528	872.991	872.949
0.477465	872.99	872.946
0.489401	872.99	872.944
0.501338	872.989	872.941
0.513275	872.988	872.939
0.525211	872.988	872.936
0.537148	872.987	872.933
0.549085	872.986	872.93
0.561021	872.985	872.928
0.572958	872.985	872.925
0.584894	872.984	872.921
0.596831	872.983	872.918
0.608768	872.982	872.915
0.620704	872.981	872.911
0.632641	872.98	872.908
0.644578	872.979	872.904
0.656514	872.978	872.901
0.668451	872.977	872.897
0.680387	872.976	872.893
0.692324	872.975	872.889
0.704261	872.974	872.885
0.716197	872.973	872.88
0.728134	872.971	872.876
0.74007	872.97	872.871
0.752007	872.969	872.867
0.763944	872.967	872.862
0.77588	872.966	872.857
0.787817	872.964	872.852
0.799754	872.963	872.847
0.81169	872.961	872.842
0.823627	872.96	872.836
0.835563	872.958	872.831
0.8475	872.956	872.825
0.859437	872.954	872.819
0.871373	872.952	872.813
0.88331	872.95	872.807
0.895247	872.948	872.8
0.907183	872.946	872.794
0.91912	872.944	872.787
0.931056	872.942	872.78
0.942993	872.94	872.773
0.95493	872.938	872.766
0.966866	872.935	872.759
0.978803	872.933	872.751
0.99074	872.93	872.744
1.00268	872.927	872.736
1.01461	872.925	872.728
1.02655	872.922	872.719
1.03849	872.919	872.711
1.05042	872.916	872.702
1.06236	872.913	872.694
1.0743	872.91	872.685
1.08623	872.907	872.675
1.09817	872.904	872.666
1.11011	872.9	872.656
1.12204	872.897	872.646
1.13398	872.893	872.636
1.14592	872.89	872.626
1.15785	872.886	872.615
1.16979	872.882	872.605
1.18173	872.878	872.594
1.19366	872.874	872.582
1.2056	872.87	872.571
1.21754	872.866	872.559
1.22947	872.861	872.547
1.24141	872.857	872.535
1.25335	872.852	872.523
1.26528	872.847	872.51
1.27722	872.843	872.497
1.28916	872.838	872.484
1.30109	872.833	872.47
1.31303	872.827	872.456
1.32496	872.822	872.442
1.3369	872.817	872.428
1.34884	872.811	872.413
1.36077	872.805	872.399
1.37271	872.799	872.383
1.38465	872.793	872.368
1.39658	872.787	872.352
1.40852	872.781	872.336
1.42046	872.774	872.32
1.43239	872.768	872.303
1.44433	872.761	872.286
1.45627	872.754	872.269
1.4682	872.747	872.251
1.48014	872.74	872.233
1.49208	872.732	872.215
1.50401	872.725	872.196
1.51595	872.717	872.177
1.52789	872.709	872.157
1.53982	872.701	872.138
1.55176	872.693	872.118
1.5637	872.684	872.097
1.57563	872.676	872.077
1.58757	872.667	872.055
1.59951	872.658	872.034
1.61144	872.649	872.012
1.62338	872.64	871.99
1.63532	872.63	871.967
1.64725	872.62	871.944
1.65919	872.61	871.92
1.67113	872.6	871.897
1.68306	872.59	871.872
1.695	872.579	871.848
1.70694	872.568	871.823
1.71887	872.557	871.797
1.73081	872.546	871.771
1.74275	872.534	871.745
1.75468	872.523	871.718
1.76662	872.511	871.691
1.77856	872.498	871.663
1.79049	872.486	871.635
1.80243	872.473	871.606
1.81437	872.46	871.577
1.8263	872.447	871.548
1.83824	872.434	871.518
1.85018	872.42	871.488
1.86211	872.406	871.457
1.87405	872.392	871.425
1.88599	872.377	871.393
1.89792	872.363	871.361
1.90986	872.347	871.328
1.9218	872.332	871.295
1.93373	872.317	871.261
1.94567	872.301	871.227
1.95761	872.284	871.192
1.96954	872.268	871.156
1.98148	872.251	871.12
1.99342	872.234	871.084
2.00535	872.217	871.047
2.01729	872.199	871.009
2.02923	872.181	870.971
2.04116	872.163	870.932
2.0531	872.144	870.893
2.06504	872.125	870.853
2.07697	872.106	870.813
2.08891	872.086	870.772
2.10085	872.066	870.73
2.11278	872.046	870.688
2.12472	872.025	870.646
2.13666	872.004	870.602
2.14859	871.983	870.558
2.16053	871.961	870.514
2.17246	871.939	870.469
2.1844	871.916	870.423
2.19634	871.893	870.377
2.20827	871.87	870.33
2.22021	871.846	870.282
2.23215	871.822	870.234
2.24408	871.798	870.185
2.25602	871.773	870.135
2.26796	871.748	870.085
2.27989	871.722	870.034
2.29183	871.696	869.983
2.30377	871.67	869.93
2.3157	871.643	869.877
2.32764	871.616	869.824
2.33958	871.588	869.769
2.35151	871.56	869.715
2.36345	871.531	869.659
2.37539	871.502	869.602
2.38732	871.473	869.545
2.39926	871.443	869.488
2.4112	871.413	869.429
2.42313	871.382	869.37
2.43507	871.351	869.31
2.44701	871.319	869.249
2.45894	871.287	869.188
2.47088	871.254	869.125
2.48282	871.221	869.062
2.49475	871.187	868.999
2.50669	871.153	868.934
2.51863	871.118	868.869
2.53056	871.083	868.803
2.5425	871.047	868.736
2.55444	871.011	868.668
2.56637	870.974	868.6
2.57831	870.937	868.531
2.59025	870.899	868.461
2.60218	870.861	868.39
2.61412	870.822	868.318
2.62606	870.783	868.246
2.63799	870.743	868.173
2.64993	870.702	868.098
2.66187	870.661	868.023
2.6738	870.62	867.948
2.68574	870.578	867.871
2.69768	870.535	867.794
2.70961	870.491	867.715
2.72155	870.448	867.636
2.73349	870.403	867.556
2.74542	870.358	867.475
2.75736	870.312	867.393
2.7693	870.266	867.31
2.78123	870.219	867.227
2.79317	870.171	867.142
2.80511	870.123	867.057
2.81704	870.074	866.971
2.82898	870.025	866.884
2.84092	869.975	866.795
2.85285	869.924	866.706
2.86479	869.873	866.616
2.87673	869.821	866.526
2.88866	869.768	866.434
2.9006	869.715	866.341
2.91254	869.661	866.247
2.92447	869.606	866.153
2.93641	869.551	866.057
2.94835	869.495	865.96
2.96028	869.438	865.863
2.97222	869.381	865.764
2.98416	869.323	865.665
2.99609	869.264	865.564
3.00803	869.204	865.463
3.01997	869.144	865.36
3.0319	869.083	865.257
3.04384	869.021	865.153
3.05577	868.959	865.047
3.06771	868.896	864.941
3.07965	868.832	864.833
3.09158	868.767	864.725
3.10352	868.702	864.615
3.11546	868.636	864.505
3.12739	868.569	864.393
3.13933	868.501	864.281
3.15127	868.433	864.167
3.1632	868.363	864.052
3.17514	868.293	863.937
3.18708	868.222	863.82
3.19901	868.151	863.702
3.21095	868.078	863.583
3.22289	868.005	863.463
3.23482	867.931	863.342
3.24676	867.856	863.22
3.2587	867.781	863.097
3.27063	867.704	862.973
3.28257	867.627	862.847
3.29451	867.549	862.721
3.30644	867.47	862.594
3.31838	867.39	862.465
3.33032	867.309	862.335
3.34225	867.228	862.204
3.35419	867.145	862.072
3.36613	867.062	861.939
3.37806	866.978	861.805
3.39	866.893	861.67
3.40194	866.807	861.534
3.41387	866.72	861.396
3.42581	866.632	861.257
3.43775	866.543	861.117
3.44968	866.454	860.977
3.46162	866.364	860.834
3.47356	866.272	860.691
3.48549	866.18	860.547
3.49743	866.087	860.401
3.50937	865.993	860.255
3.5213	865.898	860.107
3.53324	865.802	859.958
3.54518	865.705	859.808
3.55711	865.607	859.656
3.56905	865.508	859.504
3.58099	865.408	859.35
3.59292	865.308	859.195
3.60486	865.206	859.039
3.6168	865.103	858.882
3.62873	865	858.723
3.64067	864.895	858.564
3.65261	864.789	858.403
3.66454	864.683	858.241
3.67648	864.575	858.078
3.68842	864.467	857.913
3.70035	864.357	857.748
3.71229	864.246	857.581
3.72423	864.135	857.413
3.73616	864.022	857.244
3.7481	863.909	857.073
3.76004	863.794	856.902
3.77197	863.678	856.729
3.78391	863.562	856.555
3.79585	863.444	856.38
3.80778	863.325	856.203
3.81972	863.205	856.025
3.83166	863.084	855.846
3.84359	862.962	855.666
3.85553	862.839	855.485
3.86747	862.715	855.302
3.8794	862.59	855.118
3.89134	862.464	854.933
3.90327	862.336	854.747
3.91521	862.208	854.559
3.92715	862.079	854.37
3.93908	861.948	854.18
3.95102	861.816	853.989
3.96296	861.684	853.796
3.97489	861.55	853.603
3.98683	861.415	853.408
3.99877	861.279	853.211
4.0107	861.142	853.014
4.02264	861.004	852.815
4.03458	860.864	852.615
4.04651	860.724	852.414
4.05845	860.582	852.211
4.07039	860.439	852.007
4.08232	860.296	851.802
4.09426	860.151	851.596
4.1062	860.004	851.388
4.11813	859.857	851.18
4.13007	859.709	850.97
4.14201	859.559	850.758
4.15394	859.408	850.546
4.16588	859.257	850.332
4.17782	859.104	850.117
4.18975	858.949	849.9
4.20169	858.794	849.683
4.21363	858.638	849.464
4.22556	858.48	849.244
4.2375	858.321	849.023
4.24944	858.161	848.8
4.26137	858	848.576
4.27331	857.838	848.351
4.28525	857.674	848.125
4.29718	857.509	847.897
4.30912	857.343	847.668
4.32106	857.176	847.438
4.33299	857.008	847.207
4.34493	856.839	846.974
4.35687	856.668	846.74
4.3688	856.496	846.505
4.38074	856.323	846.268
4.39268	856.149	846.031
4.40461	855.973	845.792
4.41655	855.797	845.552
4.42849	855.619	845.31
4.44042	855.44	845.068
4.45236	855.259	844.824
4.4643	855.078	844.579
4.47623	854.895	844.332
4.48817	854.711	844.085
4.50011	854.526	843.836
4.51204	854.34	843.586
4.52398	854.152	843.334
4.53592	853.963	843.082
4.54785	853.773	842.828
4.55979	853.582	842.573
4.57173	853.389	842.317
4.58366	853.196	842.059
4.5956	853.001	841.801
4.60754	852.804	841.541
4.61947	852.607	841.28
4.63141	852.408	841.017
4.64335	852.208	840.754
4.65528	852.007	840.489
4.66722	851.805	840.223
4.67916	851.601	839.955
4.69109	851.396	839.687
4.70303	851.19	839.417
4.71497	850.983	839.146
4.7269	850.775	838.874
4.73884	850.565	838.601
4.75078	850.354	838.327
4.76271	850.141	838.051
4.77465	849.928	837.774
4.78658	849.713	837.496
4.79852	849.497	837.217
4.81046	849.28	836.937
4.82239	849.061	836.655
4.83433	848.842	836.372
4.84627	848.621	836.088
4.8582	848.399	835.803
4.87014	848.175	835.517
4.88208	847.95	835.229
4.89401	847.724	834.941
4.90595	847.497	834.651
4.91789	847.269	834.36
4.92982	847.039	834.068
4.94176	846.808	833.775
4.9537	846.576	833.48
4.96563	846.343	833.185
4.97757	846.108	832.888
4.98951	845.872	832.591
5.00144	845.635	832.292
5.01338	845.397	831.992
5.02532	845.157	831.69
5.03725	844.917	831.388
5.04919	844.675	831.085
5.06113	844.431	830.78
5.07306	844.187	830.475
5.085	843.941	830.168
5.09694	843.694	829.86
5.10887	843.446	829.551
5.12081	843.196	829.241
5.13275	842.946	828.93
5.14468	842.694	828.618
5.15662	842.441	828.305
5.16856	842.187	827.99
5.18049	841.931	827.675
5.19243	841.674	827.358
5.20437	841.416	827.041
5.2163	841.157	826.722
5.22824	840.897	826.403
5.24018	840.635	826.082
5.25211	840.372	825.76
5.26405	840.108	825.438
5.27599	839.843	825.114
5.28792	839.577	824.789
5.29986	839.309	824.463
5.3118	839.04	824.136
5.32373	838.77	823.808
5.33567	838.499	823.479
5.34761	838.227	823.15
5.35954	837.953	822.819
5.37148	837.678	822.487
5.38342	837.402	822.154
5.39535	837.125	821.82
5.40729	836.847	821.485
5.41923	836.567	821.149
5.43116	836.287	820.813
5.4431	836.005	820.475
5.45504	835.722	820.136
5.46697	835.438	819.797
5.47891	835.152	819.456
5.49085	834.866	819.114
5.50278	834.578	818.772
5.51472	834.289	818.428
5.52666	833.999	818.084
5.53859	833.708	817.739
5.55053	833.416	817.393
5.56247	833.122	817.046
5.5744	832.828	816.698
5.58634	832.532	816.349
5.59828	832.236	815.999
5.61021	831.938	815.648
5.62215	831.639	815.297
5.63408	831.338	814.944
5.64602	831.037	814.591
5.65796	830.735	814.237
5.66989	830.431	813.882
5.68183	830.127	813.526
5.69377	829.821	813.169
5.7057	829.514	812.812
5.71764	829.206	812.453
5.72958	828.897	812.094
5.74151	828.587	811.734
5.75345	828.276	811.373
5.76539	827.964	811.011
5.77732	827.651	810.649
5.78926	827.336	810.286
5.8012	827.021	809.921
5.81313	826.704	809.557
5.82507	826.387	809.191
5.83701	826.068	808.824
5.84894	825.749	808.457
5.86088	825.428	808.089
5.87282	825.106	807.721
5.88475	824.784	807.351
5.89669	824.46	806.981
5.90863	824.135	806.61
5.92056	823.809	806.238
5.9325	823.482	805.866
5.94444	823.154	805.493
5.95637	822.826	805.119
5.96831	822.496	804.744
5.98025	822.165	804.369
5.99218	821.833	803.993
6.00412	821.5	803.616
6.01606	821.167	803.239
6.02799	820.832	802.861
6.03993	820.496	802.482
6.05187	820.159	802.103
6.0638	819.822	801.723
6.07574	819.483	801.342
6.08768	819.144	800.961
6.09961	818.803	800.579
6.11155	818.462	800.196
6.12349	818.119	799.813
6.13542	817.776	799.429
6.14736	817.432	799.044
6.1593	817.086	798.659
6.17123	816.74	798.274
6.18317	816.393	797.887
6.19511	816.046	797.5
6.20704	815.697	797.113
6.21898	815.347	796.725
6.23092	814.997	796.336
6.24285	814.645	795.947
6.25479	814.293	795.557
6.26673	813.94	795.167
6.27866	813.586	794.776
6.2906	813.231	794.385
6.30254	812.875	793.993
6.31447	812.518	793.6
6.32641	812.161	793.207
6.33835	811.803	792.814
6.35028	811.444	792.42
6.36222	811.084	792.025
6.37416	810.723	791.63
6.38609	810.361	791.234
6.39803	809.999	790.838
6.40997	809.636	790.442
6.4219	809.272	790.045
6.43384	808.907	789.647
6.44578	808.542	789.25
6.45771	808.175	788.851
6.46965	807.808	788.452
6.48159	807.44	788.053
6.49352	807.072	787.653
6.50546	806.703	787.253
6.51739	806.332	786.853
6.52933	805.962	786.452
6.54127	805.59	786.05
6.5532	805.218	785.648
6.56514	804.845	785.246
6.57708	804.471	784.844
6.58901	804.097	784.441
6.60095	803.721	784.037
6.61289	803.346	783.633
6.62482	802.969	783.229
6.63676	802.592	782.825
6.6487	802.214	782.42
6.66063	801.835	782.015
6.67257	801.456	781.609
6.68451	801.076	781.203
6.69644	800.695	780.797
6.70838	800.314	780.39
6.72032	799.932	779.983
6.73225	799.55	779.576
6.74419	799.167	779.168
6.75613	798.783	778.761
6.76806	798.399	778.352
6.78	798.014	777.944
6.79194	797.628	777.535
6.80387	797.242	777.126
6.81581	796.855	776.717
6.82775	796.468	776.307
6.83968	796.08	775.897
6.85162	795.691	775.487
6.86356	795.302	775.077
6.87549	794.912	774.666
6.88743	794.522	774.255
6.89937	794.131	773.844
6.9113	793.74	773.432
6.92324	793.348	773.021
6.93518	792.956	772.609
6.94711	792.563	772.197
6.95905	792.169	771.784
6.97099	791.775	771.372
6.98292	791.381	770.959
6.99486	790.986	770.546
7.0068	790.59	770.133
7.01873	790.194	769.72
7.03067	789.798	769.306
7.04261	789.401	768.892
7.05454	789.003	768.479
7.06648	788.606	768.064
7.07842	788.207	767.65
7.09035	787.808	767.236
7.10229	787.409	766.821
7.11423	787.009	766.406
7.12616	786.609	765.992
7.1381	786.209	765.577
7.15004	785.808	765.161
7.16197	785.406	764.746
7.17391	785.005	764.331
7.18585	784.602	763.915
7.19778	784.2	763.5
7.20972	783.797	763.084
7.22166	783.393	762.668
7.23359	782.99	762.252
7.24553	782.585	761.836
7.25747	782.181	761.42
7.2694	781.776	761.003
7.28134	781.371	760.587
7.29328	780.965	760.17
7.30521	780.559	759.754
7.31715	780.153	759.337
7.32909	779.746	758.92
7.34102	779.339	758.504
7.35296	778.932	758.087
7.36489	778.524	757.67
7.37683	778.116	757.253
7.38877	777.708	756.836
7.4007	777.299	756.419
7.41264	776.891	756.002
7.42458	776.481	755.585
7.43651	776.072	755.167
7.44845	775.662	754.75
7.46039	775.252	754.333
7.47232	774.842	753.916
7.48426	774.431	753.498
7.4962	774.021	753.081
7.50813	773.61	752.664
7.52007	773.198	752.246
7.53201	772.787	751.829
7.54394	772.375	751.412
7.55588	771.963	750.994
7.56782	771.551	750.577
7.57975	771.138	750.159
7.59169	770.726	749.742
7.60363	770.313	749.325
7.61556	769.9	748.907
7.6275	769.486	748.49
7.63944	769.073	748.073
7.65137	768.659	747.656
7.66331	768.245	747.238
7.67525	767.831	746.821
7.68718	767.417	746.404
7.69912	767.002	745.987
7.71106	766.588	745.57
7.72299	766.173	745.153
7.73493	765.758	744.736
7.74687	765.343	744.319
7.7588	764.928	743.902
7.77074	764.513	743.485
7.78268	764.097	743.068
7.79461	763.682	742.652
7.80655	763.266	742.235
7.81849	762.85	741.819
7.83042	762.434	741.402
7.84236	762.018	740.986
7.8543	761.602	740.569
7.86623	761.185	740.153
7.87817	760.769	739.737
7.89011	760.352	739.321
7.90204	759.936	738.905
7.91398	759.519	738.489
7.92592	759.102	738.073
7.93785	758.685	737.657
7.94979	758.268	737.241
7.96173	757.851	736.826
7.97366	757.434	736.41
7.9856	757.017	735.995
7.99754	756.6	735.58
8.00947	756.182	735.165
8.02141	755.765	734.75
8.03335	755.348	734.335
8.04528	754.93	733.92
8.05722	754.513	733.505
8.06916	754.095	733.09
8.08109	753.678	732.676
8.09303	753.26	732.262
8.10497	752.843	731.847
8.1169	752.425	731.433
8.12884	752.007	731.019
8.14078	751.59	730.605
8.15271	751.172	730.192
8.16465	750.754	729.778
8.17659	750.337	729.364
8.18852	749.919	728.951
8.20046	749.501	728.538
8.2124	749.084	728.125
8.22433	748.666	727.712
8.23627	748.248	727.299
8.2482	747.831	726.886
8.26014	747.413	726.474
8.27208	746.996	726.061
8.28401	746.578	725.649
8.29595	746.161	725.237
8.30789	745.743	724.825
8.31982	745.326	724.413
8.33176	744.908	724.002
8.3437	744.491	723.59
8.35563	744.074	723.179
8.36757	743.656	722.767
8.37951	743.239	722.356
8.39144	742.822	721.945
8.40338	742.405	721.535
8.41532	741.988	721.124
8.42725	741.571	720.714
8.43919	741.154	720.303
8.45113	740.737	719.893
8.46306	740.32	719.483
8.475	739.904	719.074
8.48694	739.487	718.664
8.49887	739.071	718.254
8.51081	738.654	717.845
8.52275	738.238	717.436
8.53468	737.821	717.027
8.54662	737.405	716.618
8.55856	736.989	716.209
8.57049	736.573	715.801
8.58243	736.157	715.393
8.59437	735.741	714.984
8.6063	735.326	714.576
8.61824	734.91	714.169
8.63018	734.494	713.761
8.64211	734.079	713.353
8.65405	733.664	712.946
8.66599	733.249	712.539
8.67792	732.833	712.132
8.68986	732.419	711.725
8.7018	732.004	711.319
8.71373	731.589	710.912
8.72567	731.174	710.506
8.73761	730.76	710.1
8.74954	730.345	709.694
8.76148	729.931	709.288
8.77342	729.517	708.882
8.78535	729.103	708.477
8.79729	728.689	708.072
8.80923	728.276	707.666
8.82116	727.862	707.261
8.8331	727.449	706.857
8.84504	727.035	706.452
8.85697	726.622	706.048
8.86891	726.209	705.643
8.88085	725.796	705.239
8.89278	725.383	704.835
8.90472	724.971	704.432
8.91666	724.558	704.028
8.92859	724.146	703.625
8.94053	723.734	703.222
8.95247	723.322	702.818
8.9644	722.91	702.416
8.97634	722.498	702.013
8.98828	722.087	701.61
9.00021	721.675	701.208
9.01215	721.264	700.806
9.02409	720.853	700.404
9.03602	720.442	700.002
9.04796	720.031	699.6
9.0599	719.621	699.199
9.07183	719.21	698.797
9.08377	718.8	698.396
9.0957	718.39	697.995
9.10764	717.98	697.594
9.11958	717.57	697.193
9.13151	717.16	696.793
9.14345	716.751	696.393
9.15539	716.342	695.992
9.16732	715.932	695.592
9.17926	715.523	695.192
9.1912	715.115	694.793
9.20313	714.706	694.393
9.21507	714.298	693.994
9.22701	713.889	693.595
9.23894	713.481	693.195
9.25088	713.073	692.797
9.26282	712.665	692.398
9.27475	712.258	691.999
9.28669	711.85	691.601
9.29863	711.443	691.202
9.31056	711.036	690.804
9.3225	710.629	690.406
9.33444	710.222	690.009
9.34637	709.816	689.611
9.35831	709.409	689.213
9.37025	709.003	688.816
9.38218	708.597	688.419
9.39412	708.191	688.022
9.40606	707.785	687.625
9.41799	707.38	687.228
9.42993	706.974	686.831
9.44187	706.569	686.435
9.4538	706.164	686.039
9.46574	705.759	685.642
9.47768	705.354	685.246
9.48961	704.95	684.851
9.50155	704.546	684.455
9.51349	704.141	684.059
9.52542	703.737	683.664
9.53736	703.334	683.268
9.5493	702.93	682.873
9.56123	702.526	682.478
9.57317	702.123	682.083
9.58511	701.72	681.689
9.59704	701.317	681.294
9.60898	700.914	680.899
9.62092	700.512	680.505
9.63285	700.109	680.111
9.64479	699.707	679.717
9.65673	699.305	679.323
9.66866	698.903	678.929
9.6806	698.501	678.535
9.69254	698.1	678.142
9.70447	697.698	677.748
9.71641	697.297	677.355
9.72835	696.896	676.962
9.74028	696.495	676.569
9.75222	696.094	676.176
9.76416	695.694	675.783
9.77609	695.293	675.39
9.78803	694.893	674.997
9.79997	694.493	674.605
9.8119	694.093	674.213
9.82384	693.693	673.82
9.83578	693.294	673.428
9.84771	692.894	673.036
9.85965	692.495	672.644
9.87159	692.096	672.253
9.88352	691.697	671.861
9.89546	691.298	671.469
9.9074	690.9	671.078
9.91933	690.501	670.686
9.93127	690.103	670.295
9.94321	689.705	669.904
9.95514	689.307	669.513
9.96708	688.909	669.122
9.97901	688.511	668.731
9.99095	688.114	668.341
10.0029	687.716	667.95
10.0148	687.319	667.559
10.0268	686.922	667.169
10.0387	686.525	666.779
10.0506	686.128	666.388
10.0626	685.732	665.998
10.0745	685.335	665.608
10.0864	684.939	665.218
10.0984	684.543	664.828
10.1103	684.147	664.439
10.1223	683.751	664.049
10.1342	683.355	663.659
10.1461	682.96	663.27
10.1581	682.564	662.881
10.17	682.169	662.491
10.1819	681.774	662.102
10.1939	681.379	661.713
10.2058	680.984	661.324
10.2177	680.589	660.935
10.2297	680.195	660.546
10.2416	679.8	660.157
10.2536	679.406	659.768
10.2655	679.012	659.38
10.2774	678.618	658.991
10.2894	678.224	658.602
10.3013	677.83	658.214
10.3132	677.436	657.826
10.3252	677.043	657.437
10.3371	676.649	657.049
10.3491	676.256	656.661
10.361	675.863	656.273
10.3729	675.47	655.885
10.3849	675.077	655.497
10.3968	674.684	655.109
10.4087	674.292	654.721
10.4207	673.899	654.333
10.4326	673.507	653.945
10.4445	673.114	653.558
10.4565	672.722	653.17
10.4684	672.33	652.783
10.4804	671.938	652.395
10.4923	671.546	652.008
10.5042	671.155	651.62
10.5162	670.763	651.233
10.5281	670.372	650.846
10.54	669.98	650.458
10.552	669.589	650.071
10.5639	669.198	649.684
10.5758	668.807	649.297
10.5878	668.416	648.91
10.5997	668.025	648.523
10.6117	667.634	648.136
10.6236	667.244	647.749
10.6355	666.853	647.363
10.6475	666.463	646.976
10.6594	666.072	646.589
10.6713	665.682	646.202
10.6833	665.292	645.816
10.6952	664.902	645.429
10.7071	664.512	645.043
10.7191	664.122	644.656
10.731	663.732	644.27
10.743	663.343	643.883
10.7549	662.953	643.497
10.7668	662.564	643.11
10.7788	662.174	642.724
10.7907	661.785	642.338
10.8026	661.396	641.951
10.8146	661.006	641.565
10.8265	660.617	641.179
10.8385	660.228	640.793
10.8504	659.84	640.407
10.8623	659.451	640.02
10.8743	659.062	639.634
10.8862	658.673	639.248
10.8981	658.285	638.862
10.9101	657.896	638.476
10.922	657.508	638.09
10.9339	657.119	637.704
10.9459	656.731	637.318
10.9578	656.343	636.932
10.9698	655.955	636.546
10.9817	655.567	636.161
10.9936	655.179	635.775
11.0056	654.791	635.389
11.0175	654.403	635.003
11.0294	654.015	634.617
11.0414	653.627	634.231
11.0533	653.24	633.846
11.0652	652.852	633.46
11.0772	652.465	633.074
11.0891	652.077	632.688
11.1011	651.69	632.303
11.113	651.302	631.917
11.1249	650.915	631.531
11.1369	650.528	631.146
11.1488	650.14	630.76
11.1607	649.753	630.374
11.1727	649.366	629.988
11.1846	648.979	629.603
11.1966	648.592	629.217
11.2085	648.205	628.832
11.2204	647.818	628.446
11.2324	647.431	628.06
11.2443	647.045	627.675
11.2562	646.658	627.289
11.2682	646.271	626.903
11.2801	645.885	626.518
11.292	645.498	626.132
11.304	645.111	625.747
11.3159	644.725	625.361
11.3279	644.338	624.975
11.3398	643.952	624.59
11.3517	643.565	624.204
11.3637	643.179	623.819
11.3756	642.793	623.433
11.3875	642.406	623.047
11.3995	642.02	622.662
11.4114	641.634	622.276
11.4233	641.248	621.891
11.4353	640.862	621.505
11.4472	640.475	621.119
11.4592	640.089	620.734
11.4711	639.703	620.348
11.483	639.317	619.962
11.495	638.931	619.577
11.5069	638.545	619.191
11.5188	638.159	618.806
11.5308	637.773	618.42
11.5427	637.387	618.034
11.5546	637.001	617.648
11.5666	636.616	617.263
11.5785	636.23	616.877
11.5905	635.844	616.491
11.6024	635.458	616.106
11.6143	635.072	615.72
11.6263	634.687	615.334
11.6382	634.301	614.948
11.6501	633.915	614.563
11.6621	633.529	614.177
11.674	633.144	613.791
11.686	632.758	613.405
11.6979	632.372	613.019
11.7098	631.987	612.634
11.7218	631.601	612.248
11.7337	631.215	611.862
11.7456	630.83	611.476
11.7576	630.444	611.09
11.7695	630.058	610.704
11.7814	629.673	610.318
11.7934	629.287	609.932
11.8053	628.902	609.546
11.8173	628.516	609.16
11.8292	628.131	608.774
11.8411	627.745	608.388
11.8531	627.36	608.002
11.865	626.974	607.616
11.8769	626.588	607.23
11.8889	626.203	606.844
11.9008	625.817	606.458
11.9127	625.432	606.072
11.9247	625.046	605.686
11.9366	624.661	605.3
11.9486	624.275	604.913
11.9605	623.89	604.527
11.9724	623.504	604.141
11.9844	623.119	603.755
11.9963	622.733	603.368
12.0082	622.348	602.982
12.0202	621.962	602.596
12.0321	621.577	602.21
12.0441	621.191	601.823
12.056	620.806	601.437
12.0679	620.42	601.05
12.0799	620.034	600.664
12.0918	619.649	600.278
12.1037	619.263	599.891
12.1157	618.878	599.505
12.1276	618.492	599.118
12.1395	618.107	598.731
12.1515	617.721	598.345
12.1634	617.335	597.958
12.1754	616.95	597.572
12.1873	616.564	597.185
12.1992	616.179	596.798
12.2112	615.793	596.412
12.2231	615.407	596.025
12.235	615.022	595.638
12.247	614.636	595.252
12.2589	614.25	594.865
12.2708	613.864	594.478
12.2828	613.479	594.091
12.2947	613.093	593.704
12.3067	612.707	593.317
12.3186	612.322	592.93
12.3305	611.936	592.543
12.3425	611.55	592.157
12.3544	611.164	591.77
12.3663	610.778	591.383
12.3783	610.393	590.995
12.3902	610.007	590.608
12.4021	609.621	590.221
12.4141	609.235	589.834
12.426	608.849	589.447
12.438	608.463	589.06
12.4499	608.077	588.673
12.4618	607.691	588.285
12.4738	607.305	587.898
12.4857	606.919	587.511
12.4976	606.533	587.124
12.5096	606.147	586.736
12.5215	605.761	586.349
12.5335	605.375	585.961
12.5454	604.989	585.574
12.5573	604.603	585.187
12.5693	604.217	584.799
12.5812	603.831	584.412
12.5931	603.444	584.024
12.6051	603.058	583.637
12.617	602.672	583.249
12.6289	602.286	582.861
12.6409	601.899	582.474
12.6528	601.513	582.086
12.6648	601.127	581.698
12.6767	600.74	581.311
12.6886	600.354	580.923
12.7006	599.968	580.535
12.7125	599.581	580.147
12.7244	599.195	579.76
12.7364	598.808	579.372
12.7483	598.422	578.984
12.7602	598.035	578.596
12.7722	597.649	578.208
12.7841	597.262	577.82
12.7961	596.876	577.432
12.808	596.489	577.044
12.8199	596.103	576.656
12.8319	595.716	576.268
12.8438	595.329	575.88
12.8557	594.943	575.492
12.8677	594.556	575.104
12.8796	594.169	574.715
12.8916	593.782	574.327
12.9035	593.396	573.939
12.9154	593.009	573.551
12.9274	592.622	573.162
12.9393	592.235	572.774
12.9512	591.848	572.386
12.9632	591.461	571.997
12.9751	591.074	571.609
12.987	590.687	571.221
12.999	590.3	570.832
13.0109	589.913	570.444
13.0229	589.526	570.055
13.0348	589.139	569.667
13.0467	588.752	569.278
13.0587	588.365	568.89
13.0706	587.977	568.501
13.0825	587.59	568.112
13.0945	587.203	567.724
13.1064	586.816	567.335
13.1183	586.429	566.947
13.1303	586.041	566.558
13.1422	585.654	566.169
13.1542	585.267	565.78
13.1661	584.879	565.392
13.178	584.492	565.003
13.19	584.104	564.614
13.2019	583.717	564.225
13.2138	583.329	563.836
13.2258	582.942	563.447
13.2377	582.554	563.058
13.2496	582.167	562.669
13.2616	581.779	562.28
13.2735	581.391	561.891
13.2855	581.004	561.502
13.2974	580.616	561.113
13.3093	580.228	560.724
13.3213	579.84	560.335
13.3332	579.453	559.946
13.3451	579.065	559.557
13.3571	578.677	559.168
13.369	578.289	558.779
13.381	577.901	558.39
13.3929	577.513	558
13.4048	577.125	557.611
13.4168	576.738	557.222
13.4287	576.35	556.833
13.4406	575.962	556.443
13.4526	575.573	556.054
13.4645	575.185	555.665
13.4764	574.797	555.275
13.4884	574.409	554.886
13.5003	574.021	554.497
13.5123	573.633	554.107
13.5242	573.245	553.718
13.5361	572.856	553.328
13.5481	572.468	552.939
13.56	572.08	552.549
13.5719	571.692	552.16
13.5839	571.303	551.77
13.5958	570.915	551.381
13.6077	570.526	550.991
13.6197	570.138	550.602
13.6316	569.75	550.212
13.6436	569.361	549.822
13.6555	568.973	549.433
13.6674	568.584	549.043
13.6794	568.196	548.654
13.6913	567.807	548.264
13.7032	567.418	547.874
13.7152	567.03	547.485
13.7271	566.641	547.095
13.7391	566.253	546.705
13.751	565.864	546.315
13.7629	565.475	545.926
13.7749	565.086	545.536
13.7868	564.698	545.146
13.7987	564.309	544.756
13.8107	563.92	544.366
13.8226	563.531	543.977
13.8345	563.142	543.587
13.8465	562.754	543.197
13.8584	562.365	542.807
13.8704	561.976	542.417
13.8823	561.587	542.027
13.8942	561.198	541.637
13.9062	560.809	541.248
13.9181	560.42	540.858
13.93	560.031	540.468
13.942	559.642	540.078
13.9539	559.253	539.688
13.9658	558.864	539.298
13.9778	558.475	538.908
13.9897	558.085	538.518
14.0017	557.696	538.128
14.0136	557.307	537.738
14.0255	556.918	537.348
14.0375	556.529	536.958
14.0494	556.139	536.568
14.0613	555.75	536.178
14.0733	555.361	535.788
14.0852	554.972	535.398
14.0971	554.582	535.008
14.1091	554.193	534.618
14.121	553.804	534.228
14.133	553.414	533.838
14.1449	553.025	533.448
14.1568	552.635	533.058
14.1688	552.246	532.668
14.1807	551.857	532.277
14.1926	551.467	531.887
14.2046	551.078	531.497
14.2165	550.688	531.107
14.2285	550.299	530.717
14.2404	549.909	530.327
14.2523	549.52	529.937
14.2643	549.13	529.547
14.2762	548.741	529.157
14.2881	548.351	528.767
14.3001	547.961	528.377
14.312	547.572	527.987
14.3239	547.182	527.597
14.3359	546.792	527.206
14.3478	546.403	526.816
14.3598	546.013	526.426
14.3717	545.623	526.036
14.3836	545.234	525.646
14.3956	544.844	525.256
14.4075	544.454	524.866
14.4194	544.065	524.476
14.4314	543.675	524.086
14.4433	543.285	523.696
14.4552	542.895	523.306
14.4672	542.506	522.916
14.4791	542.116	522.526
14.4911	541.726	522.136
14.503	541.336	521.746
14.5149	540.946	521.356
14.5269	540.557	520.966
14.5388	540.167	520.576
14.5507	539.777	520.186
14.5627	539.387	519.796
14.5746	538.997	519.406
14.5866	538.607	519.016
14.5985	538.217	518.626
14.6104	537.828	518.236
14.6224	537.438	517.846
14.6343	537.048	517.456
14.6462	536.658	517.067
14.6582	536.268	516.677
14.6701	535.878	516.287
14.682	535.488	515.897
14.694	535.098	515.507
14.7059	534.708	515.117
14.7179	534.318	514.728
14.7298	533.928	514.338
14.7417	533.538	513.948
14.7537	533.148	513.558
14.7656	532.758	513.169
14.7775	532.369	512.779
14.7895	531.979	512.389
14.8014	531.589	512
14.8133	531.199	511.61
14.8253	530.809	511.22
14.8372	530.419	510.831
14.8492	530.029	510.441
14.8611	529.639	510.052
14.873	529.249	509.662
14.885	528.859	509.273
14.8969	528.469	508.883
14.9088	528.079	508.494
14.9208	527.689	508.104
14.9327	527.299	507.715
14.9446	526.909	507.326
14.9566	526.519	506.936
14.9685	526.129	506.547
14.9805	525.739	506.158
14.9924	525.349	505.768
15.0043	524.959	505.379
15.0163	524.57	504.99
15.0282	524.18	504.601
15.0401	523.79	504.212
15.0521	523.4	503.823
15.064	523.01	503.434
15.076	522.62	503.044
15.0879	522.23	502.655
15.0998	521.84	502.267
15.1118	521.45	501.878
15.1237	521.061	501.489
15.1356	520.671	501.1
15.1476	520.281	500.711
15.1595	519.891	500.322
15.1714	519.501	499.934
15.1834	519.111	499.545
15.1953	518.722	499.156
15.2073	518.332	498.768
15.2192	517.942	498.379
15.2311	517.552	497.991
15.2431	517.163	497.602
15.255	516.773	497.214
15.2669	516.383	496.825
15.2789	515.994	496.437
15.2908	515.604	496.049
15.3027	515.214	495.66
15.3147	514.825	495.272
15.3266	514.435	494.884
15.3386	514.046	494.496
15.3505	513.656	494.108
15.3624	513.266	493.72
15.3744	512.877	493.332
15.3863	512.487	492.944
15.3982	512.098	492.556
15.4102	511.708	492.168
15.4221	511.319	491.781
15.4341	510.93	491.393
15.446	510.54	491.005
15.4579	510.151	490.618
15.4699	509.761	490.23
15.4818	509.372	489.843
15.4937	508.983	489.455
15.5057	508.594	489.068
15.5176	508.204	488.681
15.5295	507.815	488.294
15.5415	507.426	487.906
15.5534	507.037	487.519
15.5654	506.648	487.132
15.5773	506.258	486.745
15.5892	505.869	486.359
15.6012	505.48	485.972
15.6131	505.091	485.585
15.625	504.702	485.198
15.637	504.313	484.812
15.6489	503.925	484.425
15.6608	503.536	484.039
15.6728	503.147	483.652
15.6847	502.758	483.266
15.6967	502.369	482.88
15.7086	501.981	482.494
15.7205	501.592	482.108
15.7325	501.203	481.722
15.7444	500.815	481.336
15.7563	500.426	480.95
15.7683	500.037	480.564
15.7802	499.649	480.178
15.7921	499.261	479.793
15.8041	498.872	479.407
15.816	498.484	479.022
15.828	498.095	478.636
15.8399	497.707	478.251
15.8518	497.319	477.866
15.8638	496.931	477.481
15.8757	496.543	477.096
15.8876	496.155	476.711
15.8996	495.767	476.326
15.9115	495.379	475.941
15.9235	494.991	475.557
15.9354	494.603	475.172
15.9473	494.215	474.788
15.9593	493.827	474.403
15.9712	493.439	474.019
15.9831	493.052	473.635
15.9951	492.664	473.251
16.007	492.276	472.867
16.0189	491.889	472.483
16.0309	491.502	472.099
16.0428	491.114	471.716
16.0548	490.727	471.332
16.0667	490.339	470.949
16.0786	489.952	470.565
16.0906	489.565	470.182
16.1025	489.178	469.799
16.1144	488.791	469.416
16.1264	488.404	469.033
16.1383	488.017	468.65
16.1502	487.63	468.268
16.1622	487.243	467.885
16.1741	486.857	467.503
16.1861	486.47	467.12
16.198	486.084	466.738
16.2099	485.697	466.356
16.2219	485.311	465.974
16.2338	484.924	465.592
16.2457	484.538	465.211
16.2577	484.152	464.829
16.2696	483.766	464.448
16.2816	483.38	464.066
16.2935	482.994	463.685
16.3054	482.608	463.304
16.3174	482.222	462.923
16.3293	481.836	462.542
16.3412	481.45	462.161
16.3532	481.065	461.781
16.3651	480.679	461.4
16.377	480.294	461.02
16.389	479.908	460.64
16.4009	479.523	460.26
16.4129	479.138	459.88
16.4248	478.753	459.5
16.4367	478.368	459.121
16.4487	477.983	458.741
16.4606	477.598	458.362
16.4725	477.213	457.983
16.4845	476.829	457.604
16.4964	476.444	457.225
16.5083	476.06	456.846
16.5203	475.675	456.468
16.5322	475.291	456.089
16.5442	474.907	455.711
16.5561	474.523	455.333
16.568	474.139	454.955
16.58	473.755	454.577
16.5919	473.371	454.199
16.6038	472.987	453.822
16.6158	472.604	453.444
16.6277	472.22	453.067
16.6396	471.837	452.69
16.6516	471.454	452.313
16.6635	471.071	451.937
16.6755	470.687	451.56
16.6874	470.304	451.184
16.6993	469.922	450.808
16.7113	469.539	450.432
16.7232	469.156	450.056
16.7351	468.774	449.68
16.7471	468.391	449.305
16.759	468.009	448.93
16.771	467.627	448.555
16.7829	467.245	448.18
16.7948	466.863	447.805
16.8068	466.481	447.43
16.8187	466.099	447.056
16.8306	465.718	446.682
16.8426	465.336	446.308
16.8545	464.955	445.934
16.8664	464.574	445.56
16.8784	464.193	445.187
16.8903	463.812	444.814
16.9023	463.431	444.44
16.9142	463.05	444.068
16.9261	462.67	443.695
16.9381	462.29	443.323
16.95	461.909	442.95
16.9619	461.529	442.578
16.9739	461.149	442.206
16.9858	460.769	441.835
16.9977	460.389	441.463
17.0097	460.01	441.092
17.0216	459.63	440.721
17.0336	459.251	440.35
17.0455	458.872	439.979
17.0574	458.493	439.609
17.0694	458.114	439.239
17.0813	457.735	438.869
17.0932	457.357	438.499
17.1052	456.978	438.13
17.1171	456.6	437.76
17.1291	456.222	437.391
17.141	455.844	437.022
17.1529	455.466	436.654
17.1649	455.088	436.285
17.1768	454.711	435.917
17.1887	454.334	435.549
17.2007	453.956	435.181
17.2126	453.579	434.814
17.2245	453.202	434.447
17.2365	452.826	434.08
17.2484	452.449	433.713
17.2604	452.073	433.346
17.2723	451.697	432.98
17.2842	451.321	432.614
17.2962	450.945	432.248
17.3081	450.569	431.882
17.32	450.193	431.517
17.332	449.818	431.152
17.3439	449.443	430.787
17.3558	449.068	430.423
17.3678	448.693	430.058
17.3797	448.319	429.694
17.3917	447.944	429.33
17.4036	447.57	428.967
17.4155	447.196	428.604
17.4275	446.822	428.241
17.4394	446.448	427.878
17.4513	446.075	427.515
17.4633	445.701	427.153
17.4752	445.328	426.791
17.4871	444.955	426.429
17.4991	444.582	426.068
17.511	444.21	425.707
17.523	443.837	425.346
17.5349	443.465	424.985
17.5468	443.093	424.625
17.5588	442.722	424.265
17.5707	442.35	423.905
17.5826	441.979	423.545
17.5946	441.607	423.186
17.6065	441.237	422.827
17.6185	440.866	422.469
17.6304	440.495	422.11
17.6423	440.125	421.752
17.6543	439.755	421.394
17.6662	439.385	421.037
17.6781	439.015	420.68
17.6901	438.646	420.323
17.702	438.277	419.966
17.7139	437.908	419.61
17.7259	437.539	419.254
17.7378	437.17	418.898
17.7498	436.802	418.543
17.7617	436.434	418.188
17.7736	436.066	417.833
17.7856	435.698	417.478
17.7975	435.331	417.124
17.8094	434.963	416.77
17.8214	434.596	416.417
17.8333	434.23	416.064
17.8452	433.863	415.711
17.8572	433.497	415.358
17.8691	433.131	415.006
17.8811	432.765	414.654
17.893	432.4	414.302
17.9049	432.034	413.951
17.9169	431.669	413.6
17.9288	431.305	413.249
17.9407	430.94	412.899
17.9527	430.576	412.549
17.9646	430.212	412.2
17.9766	429.848	411.85
17.9885	429.484	411.501
18.0004	429.121	411.153
18.0124	428.758	410.804
18.0243	428.395	410.457
18.0362	428.033	410.109
18.0482	427.67	409.762
18.0601	427.309	409.415
18.072	426.947	409.068
18.084	426.585	408.722
18.0959	426.224	408.376
18.1079	425.863	408.031
18.1198	425.503	407.686
18.1317	425.142	407.341
18.1437	424.782	406.997
18.1556	424.422	406.652
18.1675	424.063	406.309
18.1795	423.704	405.965
18.1914	423.345	405.623
18.2033	422.986	405.28
18.2153	422.628	404.938
18.2272	422.27	404.596
18.2392	421.912	404.254
18.2511	421.554	403.913
18.263	421.197	403.573
18.275	420.84	403.232
18.2869	420.483	402.892
18.2988	420.127	402.553
18.3108	419.771	402.214
18.3227	419.415	401.875
18.3346	419.06	401.536
18.3466	418.705	401.198
18.3585	418.35	400.861
18.3705	417.995	400.523
18.3824	417.641	400.187
18.3943	417.287	399.85
18.4063	416.934	399.514
18.4182	416.58	399.178
18.4301	416.227	398.843
18.4421	415.875	398.508
18.454	415.523	398.174
18.466	415.171	397.84
18.4779	414.819	397.506
18.4898	414.467	397.173
18.5018	414.116	396.84
18.5137	413.766	396.508
18.5256	413.415	396.176
18.5376	413.065	395.844
18.5495	412.716	395.513
18.5614	412.366	395.182
18.5734	412.017	394.852
18.5853	411.668	394.522
18.5973	411.32	394.192
18.6092	410.972	393.863
18.6211	410.624	393.535
18.6331	410.277	393.207
18.645	409.93	392.879
18.6569	409.583	392.551
18.6689	409.237	392.225
18.6808	408.891	391.898
18.6927	408.545	391.572
18.7047	408.2	391.246
18.7166	407.855	390.921
18.7286	407.511	390.597
18.7405	407.167	390.272
18.7524	406.823	389.948
18.7644	406.479	389.625
18.7763	406.136	389.302
18.7882	405.793	388.98
18.8002	405.451	388.658
18.8121	405.109	388.336
18.8241	404.767	388.015
18.836	404.426	387.694
18.8479	404.085	387.374
18.8599	403.745	387.054
18.8718	403.405	386.735
18.8837	403.065	386.416
18.8957	402.726	386.098
18.9076	402.387	385.78
18.9195	402.048	385.462
18.9315	401.71	385.145
18.9434	401.372	384.829
18.9554	401.034	384.513
18.9673	400.697	384.197
18.9792	400.361	383.882
18.9912	400.024	383.568
19.0031	399.689	383.254
19.015	399.353	382.94
19.027	399.018	382.627
19.0389	398.683	382.314
19.0508	398.349	382.002
19.0628	398.015	381.69
19.0747	397.682	381.379
19.0867	397.349	381.068
19.0986	397.016	380.758
19.1105	396.684	380.448
19.1225	396.352	380.139
19.1344	396.02	379.83
19.1463	395.689	379.522
19.1583	395.359	379.214
19.1702	395.029	378.907
19.1821	394.699	378.6
19.1941	394.37	378.294
19.206	394.041	377.988
19.218	393.712	377.683
19.2299	393.384	377.378
19.2418	393.057	377.074
19.2538	392.729	376.77
19.2657	392.403	376.467
19.2776	392.076	376.164
19.2896	391.75	375.862
19.3015	391.425	375.56
19.3135	391.1	375.259
19.3254	390.775	374.958
19.3373	390.451	374.658
19.3493	390.127	374.358
19.3612	389.804	374.059
19.3731	389.481	373.761
19.3851	389.159	373.463
19.397	388.837	373.165
19.4089	388.516	372.868
19.4209	388.195	372.572
19.4328	387.874	372.276
19.4448	387.554	371.98
19.4567	387.234	371.685
19.4686	386.915	371.391
19.4806	386.596	371.097
19.4925	386.278	370.804
19.5044	385.96	370.511
19.5164	385.643	370.219
19.5283	385.326	369.927
19.5402	385.01	369.636
19.5522	384.694	369.346
19.5641	384.378	369.056
19.5761	384.063	368.766
19.588	383.749	368.477
19.5999	383.435	368.189
19.6119	383.121	367.901
19.6238	382.808	367.614
19.6357	382.495	367.327
19.6477	382.183	367.041
19.6596	381.872	366.755
19.6716	381.56	366.47
19.6835	381.25	366.186
19.6954	380.94	365.902
19.7074	380.63	365.618
19.7193	380.321	365.336
19.7312	380.012	365.053
19.7432	379.704	364.772
19.7551	379.396	364.49
19.767	379.089	364.21
19.779	378.782	363.93
19.7909	378.476	363.65
19.8029	378.17	363.371
19.8148	377.865	363.093
19.8267	377.56	362.815
19.8387	377.256	362.538
19.8506	376.952	362.262
19.8625	376.649	361.986
19.8745	376.346	361.71
19.8864	376.044	361.435
19.8983	375.742	361.161
19.9103	375.441	360.887
19.9222	375.141	360.614
19.9342	374.841	360.342
19.9461	374.541	360.07
19.958	374.242	359.798
19.97	373.943	359.528
19.9819	373.645	359.257
19.9938	373.348	358.988
20.0058	373.051	358.719
20.0177	372.754	358.45
20.0296	372.458	358.182
20.0416	372.163	357.915
20.0535	371.868	357.649
20.0655	371.574	357.382
20.0774	371.28	357.117
20.0893	370.987	356.852
20.1013	370.694	356.588
20.1132	370.402	356.324
20.1251	370.11	356.061
20.1371	369.819	355.798
20.149	369.528	355.536
20.161	369.238	355.275
20.1729	368.949	355.014
20.1848	368.66	354.754
20.1968	368.371	354.495
20.2087	368.083	354.236
20.2206	367.796	353.978
20.2326	367.509	353.72
20.2445	367.223	353.463
20.2564	366.937	353.206
20.2684	366.652	352.95
20.2803	366.368	352.695
20.2923	366.084	352.441
20.3042	365.8	352.187
20.3161	365.517	351.933
20.3281	365.235	351.68
20.34	364.953	351.428
20.3519	364.672	351.176
20.3639	364.391	350.925
20.3758	364.111	350.675
20.3877	363.832	350.425
20.3997	363.553	350.176
20.4116	363.274	349.928
20.4236	362.997	349.68
20.4355	362.719	349.432
20.4474	362.443	349.186
20.4594	362.167	348.94
20.4713	361.891	348.694
20.4832	361.616	348.449
20.4952	361.342	348.205
20.5071	361.068	347.962
20.5191	360.795	347.719
20.531	360.522	347.476
20.5429	360.25	347.235
20.5549	359.978	346.994
20.5668	359.707	346.753
20.5787	359.437	346.513
20.5907	359.167	346.274
20.6026	358.898	346.036
20.6145	358.63	345.798
20.6265	358.362	345.56
20.6384	358.094	345.324
20.6504	357.827	345.087
20.6623	357.561	344.852
20.6742	357.296	344.617
20.6862	357.031	344.383
20.6981	356.766	344.149
20.71	356.502	343.917
20.722	356.239	343.684
20.7339	355.976	343.453
20.7458	355.714	343.222
20.7578	355.453	342.991
20.7697	355.192	342.761
20.7817	354.932	342.532
20.7936	354.672	342.304
20.8055	354.413	342.076
20.8175	354.154	341.849
20.8294	353.897	341.622
20.8413	353.639	341.396
20.8533	353.383	341.171
20.8652	353.127	340.946
20.8771	352.871	340.722
20.8891	352.616	340.499
20.901	352.362	340.276
20.913	352.108	340.054
20.9249	351.855	339.832
20.9368	351.603	339.612
20.9488	351.351	339.391
20.9607	351.1	339.172
20.9726	350.849	338.953
20.9846	350.599	338.735
20.9965	350.35	338.517
21.0085	350.101	338.3
21.0204	349.853	338.084
21.0323	349.606	337.868
21.0443	349.359	337.653
21.0562	349.113	337.438
21.0681	348.867	337.224
21.0801	348.622	337.011
21.092	348.377	336.799
21.1039	348.134	336.587
21.1159	347.89	336.376
21.1278	347.648	336.165
21.1398	347.406	335.955
21.1517	347.165	335.746
21.1636	346.924	335.537
21.1756	346.684	335.329
21.1875	346.444	335.122
21.1994	346.206	334.915
21.2114	345.967	334.709
21.2233	345.73	334.503
21.2352	345.493	334.298
21.2472	345.257	334.094
21.2591	345.021	333.891
21.2711	344.786	333.688
21.283	344.551	333.485
21.2949	344.318	333.284
21.3069	344.084	333.083
21.3188	343.852	332.883
21.3307	343.62	332.683
21.3427	343.389	332.484
21.3546	343.158	332.285
21.3666	342.928	332.088
21.3785	342.698	331.89
21.3904	342.47	331.694
21.4024	342.242	331.498
21.4143	342.014	331.303
21.4262	341.787	331.108
21.4382	341.561	330.914
21.4501	341.335	330.721
21.462	341.11	330.528
21.474	340.886	330.336
21.4859	340.662	330.145
21.4979	340.439	329.954
21.5098	340.217	329.764
21.5217	339.995	329.575
21.5337	339.774	329.386
21.5456	339.553	329.198
21.5575	339.334	329.01
21.5695	339.114	328.823
21.5814	338.896	328.637
21.5933	338.678	328.451
21.6053	338.46	328.266
21.6172	338.244	328.082
21.6292	338.028	327.898
21.6411	337.812	327.715
21.653	337.597	327.533
21.665	337.383	327.351
21.6769	337.17	327.17
21.6888	336.957	326.989
21.7008	336.745	326.81
21.7127	336.533	326.63
21.7246	336.322	326.452
21.7366	336.112	326.274
21.7485	335.902	326.096
21.7605	335.693	325.92
21.7724	335.485	325.743
21.7843	335.277	325.568
21.7963	335.07	325.393
21.8082	334.863	325.219
21.8201	334.658	325.045
21.8321	334.452	324.872
21.844	334.248	324.7
21.856	334.044	324.528
21.8679	333.841	324.357
21.8798	333.638	324.187
21.8918	333.436	324.017
21.9037	333.235	323.848
21.9156	333.034	323.68
21.9276	332.834	323.512
21.9395	332.634	323.344
21.9514	332.436	323.178
21.9634	332.238	323.012
21.9753	332.04	322.846
21.9873	331.843	322.681
21.9992	331.647	322.517
22.0111	331.451	322.354
22.0231	331.256	322.191
22.035	331.062	322.028
22.0469	330.868	321.867
22.0589	330.675	321.706
22.0708	330.483	321.545
22.0827	330.291	321.385
22.0947	330.1	321.226
22.1066	329.91	321.068
22.1186	329.72	320.91
22.1305	329.531	320.752
22.1424	329.342	320.596
22.1544	329.154	320.439
22.1663	328.967	320.284
22.1782	328.78	320.129
22.1902	328.594	319.975
22.2021	328.409	319.821
22.2141	328.224	319.668
22.226	328.04	319.515
22.2379	327.856	319.364
22.2499	327.673	319.212
22.2618	327.491	319.062
22.2737	327.31	318.912
22.2857	327.129	318.762
22.2976	326.948	318.613
22.3095	326.769	318.465
22.3215	326.59	318.318
22.3334	326.411	318.171
22.3454	326.234	318.024
22.3573	326.056	317.878
22.3692	325.88	317.733
22.3812	325.704	317.589
22.3931	325.529	317.445
22.405	325.354	317.301
22.417	325.18	317.158
22.4289	325.007	317.016
22.4408	324.834	316.874
22.4528	324.662	316.733
22.4647	324.49	316.593
22.4767	324.32	316.453
22.4886	324.149	316.314
22.5005	323.98	316.175
22.5125	323.811	316.037
22.5244	323.643	315.9
22.5363	323.475	315.763
22.5483	323.308	315.626
22.5602	323.141	315.491
22.5721	322.975	315.356
22.5841	322.81	315.221
22.596	322.646	315.087
22.608	322.482	314.954
22.6199	322.318	314.821
22.6318	322.155	314.689
22.6438	321.993	314.557
22.6557	321.832	314.426
22.6676	321.671	314.295
22.6796	321.511	314.165
22.6915	321.351	314.036
22.7035	321.192	313.907
22.7154	321.034	313.779
22.7273	320.876	313.651
22.7393	320.719	313.524
22.7512	320.562	313.398
22.7631	320.406	313.272
22.7751	320.251	313.146
22.787	320.096	313.021
22.7989	319.942	312.897
22.8109	319.788	312.774
22.8228	319.635	312.65
22.8348	319.483	312.528
22.8467	319.331	312.406
22.8586	319.18	312.284
22.8706	319.03	312.163
22.8825	318.88	312.043
22.8944	318.731	311.923
22.9064	318.582	311.804
22.9183	318.434	311.685
22.9302	318.286	311.567
22.9422	318.14	311.45
22.9541	317.993	311.333
22.9661	317.848	311.216
22.978	317.703	311.1
22.9899	317.558	310.985
23.0019	317.414	310.87
23.0138	317.271	310.756
23.0257	317.128	310.642
23.0377	316.986	310.529
23.0496	316.845	310.416
23.0616	316.704	310.304
23.0735	316.563	310.192
23.0854	316.424	310.081
23.0974	316.285	309.971
23.1093	316.146	309.861
23.1212	316.008	309.751
23.1332	315.871	309.642
23.1451	315.734	309.534
23.157	315.598	309.426
23.169	315.462	309.318
23.1809	315.327	309.212
23.1929	315.193	309.105
23.2048	315.059	309
23.2167	314.926	308.894
23.2287	314.793	308.789
23.2406	314.661	308.685
23.2525	314.529	308.581
23.2645	314.398	308.478
23.2764	314.268	308.376
23.2883	314.138	308.273
23.3003	314.009	308.172
23.3122	313.88	308.071
23.3242	313.752	307.97
23.3361	313.624	307.87
23.348	313.497	307.77
23.36	313.371	307.671
23.3719	313.245	307.572
23.3838	313.12	307.474
23.3958	312.995	307.377
23.4077	312.871	307.279
23.4196	312.747	307.183
23.4316	312.624	307.087
23.4435	312.502	306.991
23.4555	312.38	306.896
23.4674	312.259	306.801
23.4793	312.138	306.707
23.4913	312.018	306.613
23.5032	311.898	306.52
23.5151	311.779	306.428
23.5271	311.66	306.335
23.539	311.542	306.244
23.551	311.425	306.152
23.5629	311.308	306.062
23.5748	311.191	305.971
23.5868	311.075	305.881
23.5987	310.96	305.792
23.6106	310.845	305.703
23.6226	310.731	305.615
23.6345	310.618	305.527
23.6464	310.504	305.439
23.6584	310.392	305.352
23.6703	310.28	305.266
23.6823	310.168	305.18
23.6942	310.057	305.094
23.7061	309.947	305.009
23.7181	309.837	304.925
23.73	309.727	304.84
23.7419	309.619	304.757
23.7539	309.51	304.674
23.7658	309.402	304.591
23.7777	309.295	304.509
23.7897	309.188	304.428
23.8016	309.082	304.348
23.8136	308.976	304.269
23.8255	308.871	304.194
23.8374	308.767	304.123
23.8494	308.663	304.061
23.8613	308.562	304.014
23.8732	308.513	303.996
