0	776.025	776.042
0.0119366	776.004	776.021
0.0238732	775.941	775.957
0.0358099	775.839	775.854
0.0477465	775.699	775.713
0.0596831	775.525	775.537
0.0716197	775.322	775.332
0.0835563	775.093	775.101
0.095493	774.842	774.849
0.10743	774.573	774.579
0.119366	774.291	774.296
0.131303	773.998	774.001
0.143239	773.696	773.699
0.155176	773.388	773.39
0.167113	773.075	773.077
0.179049	772.759	772.761
0.190986	772.441	772.442
0.202923	772.12	772.122
0.214859	771.799	771.8
0.226796	771.476	771.477
0.238732	771.153	771.154
0.250669	770.828	770.829
0.262606	770.504	770.505
0.274542	770.178	770.179
0.286479	769.853	769.853
0.298416	769.526	769.527
0.310352	769.199	769.2
0.322289	768.872	768.873
0.334225	768.544	768.545
0.346162	768.216	768.217
0.358099	767.887	767.888
0.370035	767.558	767.559
0.381972	767.229	767.23
0.393908	766.899	766.9
0.405845	766.568	766.569
0.417782	766.237	766.238
0.429718	765.906	765.907
0.441655	765.574	765.575
0.453592	765.242	765.243
0.465528	764.909	764.91
0.477465	764.576	764.577
0.489401	764.242	764.243
0.501338	763.908	763.909
0.513275	763.573	763.574
0.525211	763.239	763.239
0.537148	762.903	762.904
0.549085	762.567	762.568
0.561021	762.231	762.232
0.572958	761.894	761.895
0.584894	761.557	761.558
0.596831	761.22	761.22
0.608768	760.882	760.882
0.620704	760.543	760.544
0.632641	760.204	760.205
0.644578	759.865	759.866
0.656514	759.525	759.526
0.668451	759.185	759.186
0.680387	758.845	758.845
0.692324	758.504	758.504
0.704261	758.162	758.163
0.716197	757.82	757.821
0.728134	757.478	757.479
0.74007	757.135	757.136
0.752007	756.792	756.793
0.763944	756.449	756.45
0.77588	756.105	756.106
0.787817	755.761	755.762
0.799754	755.416	755.417
0.81169	755.071	755.072
0.823627	754.725	754.726
0.835563	754.379	754.38
0.8475	754.033	754.034
0.859437	753.686	753.687
0.871373	753.339	753.34
0.88331	752.992	752.993
0.895247	752.644	752.645
0.907183	752.296	752.296
0.91912	751.947	751.948
0.931056	751.598	751.599
0.942993	751.248	751.249
0.95493	750.898	750.899
0.966866	750.548	750.549
0.978803	750.198	750.198
0.99074	749.847	749.847
1.00268	749.495	749.496
1.01461	749.143	749.144
1.02655	748.791	748.792
1.03849	748.439	748.439
1.05042	748.086	748.087
1.06236	747.732	747.733
1.0743	747.379	747.38
1.08623	747.025	747.026
1.09817	746.67	746.671
1.11011	746.316	746.316
1.12204	745.96	745.961
1.13398	745.605	745.606
1.14592	745.249	745.25
1.15785	744.893	744.894
1.16979	744.536	744.537
1.18173	744.179	744.18
1.19366	743.822	743.823
1.2056	743.464	743.465
1.21754	743.106	743.107
1.22947	742.748	742.749
1.24141	742.389	742.39
1.25335	742.03	742.031
1.26528	741.671	741.671
1.27722	741.311	741.312
1.28916	740.951	740.952
1.30109	740.59	740.591
1.31303	740.229	740.23
1.32496	739.868	739.869
1.3369	739.507	739.508
1.34884	739.145	739.146
1.36077	738.783	738.784
1.37271	738.42	738.421
1.38465	738.058	738.058
1.39658	737.694	737.695
1.40852	737.331	737.332
1.42046	736.967	736.968
1.43239	736.603	736.604
1.44433	736.238	736.239
1.45627	735.874	735.875
1.4682	735.509	735.509
1.48014	735.143	735.144
1.49208	734.777	734.778
1.50401	734.411	734.412
1.51595	734.045	734.046
1.52789	733.678	733.679
1.53982	733.311	733.312
1.55176	732.944	732.945
1.5637	732.576	732.577
1.57563	732.208	732.209
1.58757	731.84	731.841
1.59951	731.471	731.472
1.61144	731.103	731.104
1.62338	730.733	730.734
1.63532	730.364	730.365
1.64725	729.994	729.995
1.65919	729.624	729.625
1.67113	729.254	729.255
1.68306	728.883	728.884
1.695	728.512	728.513
1.70694	728.141	728.142
1.71887	727.77	727.77
1.73081	727.398	727.399
1.74275	727.026	727.027
1.75468	726.653	726.654
1.76662	726.281	726.281
1.77856	725.908	725.909
1.79049	725.534	725.535
1.80243	725.161	725.162
1.81437	724.787	724.788
1.8263	724.413	724.414
1.83824	724.039	724.04
1.85018	723.664	723.665
1.86211	723.289	723.29
1.87405	722.914	722.915
1.88599	722.539	722.54
1.89792	722.163	722.164
1.90986	721.787	721.788
1.9218	721.411	721.412
1.93373	721.035	721.035
1.94567	720.658	720.659
1.95761	720.281	720.282
1.96954	719.904	719.905
1.98148	719.526	719.527
1.99342	719.148	719.149
2.00535	718.77	718.771
2.01729	718.392	718.393
2.02923	718.014	718.015
2.04116	717.635	717.636
2.0531	717.256	717.257
2.06504	716.877	716.878
2.07697	716.497	716.498
2.08891	716.118	716.118
2.10085	715.738	715.739
2.11278	715.357	715.358
2.12472	714.977	714.978
2.13666	714.596	714.597
2.14859	714.215	714.216
2.16053	713.834	713.835
2.17246	713.453	713.454
2.1844	713.071	713.072
2.19634	712.69	712.69
2.20827	712.308	712.308
2.22021	711.925	711.926
2.23215	711.543	711.544
2.24408	711.16	711.161
2.25602	710.777	710.778
2.26796	710.394	710.395
2.27989	710.011	710.012
2.29183	709.627	709.628
2.30377	709.243	709.244
2.3157	708.859	708.86
2.32764	708.475	708.476
2.33958	708.091	708.092
2.35151	707.706	707.707
2.36345	707.321	707.322
2.37539	706.936	706.937
2.38732	706.551	706.552
2.39926	706.166	706.166
2.4112	705.78	705.781
2.42313	705.394	705.395
2.43507	705.008	705.009
2.44701	704.622	704.623
2.45894	704.235	704.236
2.47088	703.849	703.85
2.48282	703.462	703.463
2.49475	703.075	703.076
2.50669	702.688	702.689
2.51863	702.3	702.301
2.53056	701.913	701.914
2.5425	701.525	701.526
2.55444	701.137	701.138
2.56637	700.749	700.75
2.57831	700.361	700.362
2.59025	699.972	699.973
2.60218	699.584	699.585
2.61412	699.195	699.196
2.62606	698.806	698.807
2.63799	698.417	698.418
2.64993	698.027	698.028
2.66187	697.638	697.639
2.6738	697.248	697.249
2.68574	696.858	696.859
2.69768	696.468	696.469
2.70961	696.078	696.079
2.72155	695.688	695.689
2.73349	695.298	695.298
2.74542	694.907	694.908
2.75736	694.516	694.517
2.7693	694.125	694.126
2.78123	693.734	693.735
2.79317	693.343	693.344
2.80511	692.951	692.952
2.81704	692.56	692.561
2.82898	692.168	692.169
2.84092	691.776	691.777
2.85285	691.384	691.385
2.86479	690.992	690.993
2.87673	690.6	690.601
2.88866	690.207	690.208
2.9006	689.815	689.816
2.91254	689.422	689.423
2.92447	689.029	689.03
2.93641	688.636	688.637
2.94835	688.243	688.244
2.96028	687.85	687.851
2.97222	687.456	687.457
2.98416	687.063	687.064
2.99609	686.669	686.67
3.00803	686.275	686.276
3.01997	685.881	685.882
3.0319	685.487	685.488
3.04384	685.093	685.094
3.05577	684.699	684.7
3.06771	684.305	684.305
3.07965	683.91	683.911
3.09158	683.515	683.516
3.10352	683.121	683.121
3.11546	682.726	682.727
3.12739	682.331	682.332
3.13933	681.936	681.937
3.15127	681.54	681.541
3.1632	681.145	681.146
3.17514	680.75	680.751
3.18708	680.354	680.355
3.19901	679.958	679.959
3.21095	679.563	679.564
3.22289	679.167	679.168
3.23482	678.771	678.772
3.24676	678.375	678.376
3.2587	677.979	677.979
3.27063	677.582	677.583
3.28257	677.186	677.187
3.29451	676.79	676.79
3.30644	676.393	676.394
3.31838	675.996	675.997
3.33032	675.6	675.6
3.34225	675.203	675.204
3.35419	674.806	674.807
3.36613	674.409	674.41
3.37806	674.012	674.012
3.39	673.614	673.615
3.40194	673.217	673.218
3.41387	672.82	672.821
3.42581	672.422	672.423
3.43775	672.025	672.026
3.44968	671.627	671.628
3.46162	671.23	671.23
3.47356	670.832	670.833
3.48549	670.434	670.435
3.49743	670.036	670.037
3.50937	669.638	669.639
3.5213	669.24	669.241
3.53324	668.842	668.843
3.54518	668.444	668.444
3.55711	668.045	668.046
3.56905	667.647	667.648
3.58099	667.248	667.249
3.59292	666.85	666.851
3.60486	666.451	666.452
3.6168	666.053	666.054
3.62873	665.654	665.655
3.64067	665.255	665.256
3.65261	664.857	664.857
3.66454	664.458	664.459
3.67648	664.059	664.06
3.68842	663.66	663.661
3.70035	663.261	663.262
3.71229	662.862	662.863
3.72423	662.463	662.463
3.73616	662.063	662.064
3.7481	661.664	661.665
3.76004	661.265	661.266
3.77197	660.866	660.866
3.78391	660.466	660.467
3.79585	660.067	660.068
3.80778	659.667	659.668
3.81972	659.268	659.269
3.83166	658.868	658.869
3.84359	658.469	658.469
3.85553	658.069	658.07
3.86747	657.669	657.67
3.8794	657.269	657.27
3.89134	656.87	656.871
3.90327	656.47	656.471
3.91521	656.07	656.071
3.92715	655.67	655.671
3.93908	655.27	655.271
3.95102	654.87	654.871
3.96296	654.47	654.471
3.97489	654.07	654.071
3.98683	653.67	653.671
3.99877	653.27	653.271
4.0107	652.87	652.871
4.02264	652.47	652.471
4.03458	652.07	652.071
4.04651	651.67	651.67
4.05845	651.269	651.27
4.07039	650.869	650.87
4.08232	650.469	650.47
4.09426	650.069	650.07
4.1062	649.668	649.669
4.11813	649.268	649.269
4.13007	648.868	648.869
4.14201	648.468	648.468
4.15394	648.067	648.068
4.16588	647.667	647.668
4.17782	647.266	647.267
4.18975	646.866	646.867
4.20169	646.466	646.466
4.21363	646.065	646.066
4.22556	645.665	645.666
4.2375	645.264	645.265
4.24944	644.864	644.865
4.26137	644.463	644.464
4.27331	644.063	644.064
4.28525	643.663	643.663
4.29718	643.262	643.263
4.30912	642.862	642.862
4.32106	642.461	642.462
4.33299	642.061	642.061
4.34493	641.66	641.661
4.35687	641.26	641.26
4.3688	640.859	640.86
4.38074	640.459	640.46
4.39268	640.058	640.059
4.40461	639.658	639.659
4.41655	639.257	639.258
4.42849	638.857	638.858
4.44042	638.456	638.457
4.45236	638.056	638.057
4.4643	637.655	637.656
4.47623	637.255	637.256
4.48817	636.855	636.855
4.50011	636.454	636.455
4.51204	636.054	636.055
4.52398	635.653	635.654
4.53592	635.253	635.254
4.54785	634.853	634.854
4.55979	634.452	634.453
4.57173	634.052	634.053
4.58366	633.652	633.653
4.5956	633.251	633.252
4.60754	632.851	632.852
4.61947	632.451	632.452
4.63141	632.051	632.051
4.64335	631.65	631.651
4.65528	631.25	631.251
4.66722	630.85	630.851
4.67916	630.45	630.451
4.69109	630.05	630.05
4.70303	629.65	629.65
4.71497	629.249	629.25
4.7269	628.849	628.85
4.73884	628.449	628.45
4.75078	628.049	628.05
4.76271	627.649	627.65
4.77465	627.249	627.25
4.78658	626.849	626.85
4.79852	626.45	626.45
4.81046	626.05	626.051
4.82239	625.65	625.651
4.83433	625.25	625.251
4.84627	624.85	624.851
4.8582	624.451	624.451
4.87014	624.051	624.052
4.88208	623.651	623.652
4.89401	623.252	623.252
4.90595	622.852	622.853
4.91789	622.452	622.453
4.92982	622.053	622.054
4.94176	621.653	621.654
4.9537	621.254	621.255
4.96563	620.854	620.855
4.97757	620.455	620.456
4.98951	620.056	620.057
5.00144	619.656	619.657
5.01338	619.257	619.258
5.02532	618.858	618.859
5.03725	618.459	618.46
5.04919	618.06	618.061
5.06113	617.661	617.661
5.07306	617.262	617.262
5.085	616.863	616.863
5.09694	616.464	616.464
5.10887	616.065	616.066
5.12081	615.666	615.667
5.13275	615.267	615.268
5.14468	614.868	614.869
5.15662	614.47	614.47
5.16856	614.071	614.072
5.18049	613.672	613.673
5.19243	613.274	613.275
5.20437	612.875	612.876
5.2163	612.477	612.478
5.22824	612.079	612.079
5.24018	611.68	611.681
5.25211	611.282	611.283
5.26405	610.884	610.884
5.27599	610.485	610.486
5.28792	610.087	610.088
5.29986	609.689	609.69
5.3118	609.291	609.292
5.32373	608.893	608.894
5.33567	608.495	608.496
5.34761	608.098	608.098
5.35954	607.7	607.7
5.37148	607.302	607.303
5.38342	606.904	606.905
5.39535	606.507	606.507
5.40729	606.109	606.11
5.41923	605.712	605.712
5.43116	605.314	605.315
5.4431	604.917	604.918
5.45504	604.52	604.52
5.46697	604.122	604.123
5.47891	603.725	603.726
5.49085	603.328	603.329
5.50278	602.931	602.932
5.51472	602.534	602.535
5.52666	602.137	602.138
5.53859	601.74	601.741
5.55053	601.343	601.344
5.56247	600.947	600.947
5.5744	600.55	600.551
5.58634	600.153	600.154
5.59828	599.757	599.758
5.61021	599.36	599.361
5.62215	598.964	598.965
5.63408	598.568	598.568
5.64602	598.171	598.172
5.65796	597.775	597.776
5.66989	597.379	597.38
5.68183	596.983	596.984
5.69377	596.587	596.588
5.7057	596.191	596.192
5.71764	595.795	595.796
5.72958	595.399	595.4
5.74151	595.004	595.004
5.75345	594.608	594.609
5.76539	594.212	594.213
5.77732	593.817	593.818
5.78926	593.422	593.422
5.8012	593.026	593.027
5.81313	592.631	592.632
5.82507	592.236	592.237
5.83701	591.841	591.841
5.84894	591.446	591.446
5.86088	591.051	591.051
5.87282	590.656	590.656
5.88475	590.261	590.262
5.89669	589.866	589.867
5.90863	589.471	589.472
5.92056	589.077	589.078
5.9325	588.682	588.683
5.94444	588.288	588.289
5.95637	587.894	587.894
5.96831	587.499	587.5
5.98025	587.105	587.106
5.99218	586.711	586.712
6.00412	586.317	586.318
6.01606	585.923	585.924
6.02799	585.529	585.53
6.03993	585.135	585.136
6.05187	584.741	584.742
6.0638	584.348	584.348
6.07574	583.954	583.955
6.08768	583.561	583.561
6.09961	583.167	583.168
6.11155	582.774	582.775
6.12349	582.381	582.381
6.13542	581.987	581.988
6.14736	581.594	581.595
6.1593	581.201	581.202
6.17123	580.808	580.809
6.18317	580.415	580.416
6.19511	580.023	580.023
6.20704	579.63	579.631
6.21898	579.237	579.238
6.23092	578.845	578.846
6.24285	578.452	578.453
6.25479	578.06	578.061
6.26673	577.668	577.668
6.27866	577.275	577.276
6.2906	576.883	576.884
6.30254	576.491	576.492
6.31447	576.099	576.1
6.32641	575.707	575.708
6.33835	575.316	575.316
6.35028	574.924	574.925
6.36222	574.532	574.533
6.37416	574.141	574.142
6.38609	573.749	573.75
6.39803	573.358	573.359
6.40997	572.967	572.967
6.4219	572.575	572.576
6.43384	572.184	572.185
6.44578	571.793	571.794
6.45771	571.402	571.403
6.46965	571.011	571.012
6.48159	570.621	570.621
6.49352	570.23	570.231
6.50546	569.839	569.84
6.51739	569.449	569.45
6.52933	569.058	569.059
6.54127	568.668	568.669
6.5532	568.278	568.279
6.56514	567.888	567.888
6.57708	567.497	567.498
6.58901	567.107	567.108
6.60095	566.718	566.718
6.61289	566.328	566.328
6.62482	565.938	565.939
6.63676	565.548	565.549
6.6487	565.159	565.159
6.66063	564.769	564.77
6.67257	564.38	564.38
6.68451	563.99	563.991
6.69644	563.601	563.602
6.70838	563.212	563.213
6.72032	562.823	562.824
6.73225	562.434	562.435
6.74419	562.045	562.046
6.75613	561.656	561.657
6.76806	561.267	561.268
6.78	560.879	560.879
6.79194	560.49	560.491
6.80387	560.102	560.102
6.81581	559.713	559.714
6.82775	559.325	559.326
6.83968	558.937	558.937
6.85162	558.549	558.549
6.86356	558.161	558.161
6.87549	557.773	557.773
6.88743	557.385	557.385
6.89937	556.997	556.998
6.9113	556.609	556.61
6.92324	556.222	556.222
6.93518	555.834	555.835
6.94711	555.447	555.447
6.95905	555.059	555.06
6.97099	554.672	554.673
6.98292	554.285	554.285
6.99486	553.898	553.898
7.0068	553.511	553.511
7.01873	553.124	553.124
7.03067	552.737	552.737
7.04261	552.35	552.351
7.05454	551.963	551.964
7.06648	551.577	551.577
7.07842	551.19	551.191
7.09035	550.804	550.804
7.10229	550.417	550.418
7.11423	550.031	550.032
7.12616	549.645	549.646
7.1381	549.259	549.259
7.15004	548.873	548.873
7.16197	548.487	548.488
7.17391	548.101	548.102
7.18585	547.715	547.716
7.19778	547.329	547.33
7.20972	546.944	546.945
7.22166	546.558	546.559
7.23359	546.173	546.174
7.24553	545.788	545.788
7.25747	545.402	545.403
7.2694	545.017	545.018
7.28134	544.632	544.633
7.29328	544.247	544.248
7.30521	543.862	543.863
7.31715	543.477	543.478
7.32909	543.092	543.093
7.34102	542.708	542.708
7.35296	542.323	542.324
7.36489	541.939	541.939
7.37683	541.554	541.555
7.38877	541.17	541.17
7.4007	540.785	540.786
7.41264	540.401	540.402
7.42458	540.017	540.018
7.43651	539.633	539.634
7.44845	539.249	539.25
7.46039	538.865	538.866
7.47232	538.481	538.482
7.48426	538.098	538.098
7.4962	537.714	537.715
7.50813	537.33	537.331
7.52007	536.947	536.948
7.53201	536.564	536.564
7.54394	536.18	536.181
7.55588	535.797	535.798
7.56782	535.414	535.415
7.57975	535.031	535.031
7.59169	534.648	534.648
7.60363	534.265	534.266
7.61556	533.882	533.883
7.6275	533.499	533.5
7.63944	533.116	533.117
7.65137	532.734	532.735
7.66331	532.351	532.352
7.67525	531.969	531.97
7.68718	531.586	531.587
7.69912	531.204	531.205
7.71106	530.822	530.823
7.72299	530.44	530.44
7.73493	530.058	530.058
7.74687	529.676	529.676
7.7588	529.294	529.294
7.77074	528.912	528.913
7.78268	528.53	528.531
7.79461	528.148	528.149
7.80655	527.767	527.767
7.81849	527.385	527.386
7.83042	527.004	527.004
7.84236	526.622	526.623
7.8543	526.241	526.242
7.86623	525.86	525.86
7.87817	525.478	525.479
7.89011	525.097	525.098
7.90204	524.716	524.717
7.91398	524.335	524.336
7.92592	523.954	523.955
7.93785	523.574	523.574
7.94979	523.193	523.194
7.96173	522.812	522.813
7.97366	522.432	522.432
7.9856	522.051	522.052
7.99754	521.671	521.671
8.00947	521.29	521.291
8.02141	520.91	520.911
8.03335	520.53	520.53
8.04528	520.149	520.15
8.05722	519.769	519.77
8.06916	519.389	519.39
8.08109	519.009	519.01
8.09303	518.629	518.63
8.10497	518.25	518.25
8.1169	517.87	517.871
8.12884	517.49	517.491
8.14078	517.11	517.111
8.15271	516.731	516.732
8.16465	516.351	516.352
8.17659	515.972	515.973
8.18852	515.593	515.593
8.20046	515.213	515.214
8.2124	514.834	514.835
8.22433	514.455	514.456
8.23627	514.076	514.077
8.2482	513.697	513.698
8.26014	513.318	513.319
8.27208	512.939	512.94
8.28401	512.56	512.561
8.29595	512.181	512.182
8.30789	511.803	511.803
8.31982	511.424	511.425
8.33176	511.046	511.046
8.3437	510.667	510.668
8.35563	510.289	510.289
8.36757	509.91	509.911
8.37951	509.532	509.533
8.39144	509.154	509.154
8.40338	508.776	508.776
8.41532	508.397	508.398
8.42725	508.019	508.02
8.43919	507.641	507.642
8.45113	507.263	507.264
8.46306	506.886	506.886
8.475	506.508	506.509
8.48694	506.13	506.131
8.49887	505.752	505.753
8.51081	505.375	505.376
8.52275	504.997	504.998
8.53468	504.62	504.62
8.54662	504.242	504.243
8.55856	503.865	503.866
8.57049	503.488	503.488
8.58243	503.11	503.111
8.59437	502.733	502.734
8.6063	502.356	502.357
8.61824	501.979	501.98
8.63018	501.602	501.603
8.64211	501.225	501.226
8.65405	500.848	500.849
8.66599	500.471	500.472
8.67792	500.095	500.095
8.68986	499.718	499.719
8.7018	499.341	499.342
8.71373	498.965	498.965
8.72567	498.588	498.589
8.73761	498.212	498.212
8.74954	497.835	497.836
8.76148	497.459	497.46
8.77342	497.083	497.083
8.78535	496.706	496.707
8.79729	496.33	496.331
8.80923	495.954	495.955
8.82116	495.578	495.579
8.8331	495.202	495.203
8.84504	494.826	494.827
8.85697	494.45	494.451
8.86891	494.074	494.075
8.88085	493.698	493.699
8.89278	493.323	493.323
8.90472	492.947	492.948
8.91666	492.571	492.572
8.92859	492.196	492.197
8.94053	491.82	491.821
8.95247	491.445	491.446
8.9644	491.069	491.07
8.97634	490.694	490.695
8.98828	490.319	490.32
9.00021	489.944	489.944
9.01215	489.568	489.569
9.02409	489.193	489.194
9.03602	488.818	488.819
9.04796	488.443	488.444
9.0599	488.068	488.069
9.07183	487.693	487.694
9.08377	487.319	487.319
9.0957	486.944	486.945
9.10764	486.569	486.57
9.11958	486.194	486.195
9.13151	485.82	485.82
9.14345	485.445	485.446
9.15539	485.071	485.071
9.16732	484.696	484.697
9.17926	484.322	484.323
9.1912	483.947	483.948
9.20313	483.573	483.574
9.21507	483.199	483.2
9.22701	482.825	482.825
9.23894	482.451	482.451
9.25088	482.076	482.077
9.26282	481.702	481.703
9.27475	481.328	481.329
9.28669	480.955	480.955
9.29863	480.581	480.581
9.31056	480.207	480.208
9.3225	479.833	479.834
9.33444	479.459	479.46
9.34637	479.086	479.087
9.35831	478.712	478.713
9.37025	478.339	478.339
9.38218	477.965	477.966
9.39412	477.592	477.592
9.40606	477.218	477.219
9.41799	476.845	476.846
9.42993	476.472	476.473
9.44187	476.099	476.099
9.4538	475.725	475.726
9.46574	475.352	475.353
9.47768	474.979	474.98
9.48961	474.606	474.607
9.50155	474.233	474.234
9.51349	473.86	473.861
9.52542	473.488	473.488
9.53736	473.115	473.116
9.5493	472.742	472.743
9.56123	472.37	472.37
9.57317	471.997	471.998
9.58511	471.624	471.625
9.59704	471.252	471.253
9.60898	470.88	470.88
9.62092	470.507	470.508
9.63285	470.135	470.136
9.64479	469.763	469.763
9.65673	469.39	469.391
9.66866	469.018	469.019
9.6806	468.646	468.647
9.69254	468.274	468.275
9.70447	467.902	467.903
9.71641	467.53	467.531
9.72835	467.158	467.159
9.74028	466.787	466.787
9.75222	466.415	466.416
9.76416	466.043	466.044
9.77609	465.672	465.672
9.78803	465.3	465.301
9.79997	464.929	464.929
9.8119	464.557	464.558
9.82384	464.186	464.187
9.83578	463.815	463.815
9.84771	463.443	463.444
9.85965	463.072	463.073
9.87159	462.701	462.702
9.88352	462.33	462.331
9.89546	461.959	461.96
9.9074	461.588	461.589
9.91933	461.217	461.218
9.93127	460.846	460.847
9.94321	460.476	460.476
9.95514	460.105	460.106
9.96708	459.734	459.735
9.97901	459.364	459.365
9.99095	458.993	458.994
10.0029	458.623	458.624
10.0148	458.253	458.253
10.0268	457.882	457.883
10.0387	457.512	457.513
10.0506	457.142	457.143
10.0626	456.772	456.773
10.0745	456.402	456.403
10.0864	456.032	456.033
10.0984	455.662	455.663
10.1103	455.292	455.293
10.1223	454.923	454.923
10.1342	454.553	454.554
10.1461	454.183	454.184
10.1581	453.814	453.815
10.17	453.445	453.445
10.1819	453.075	453.076
10.1939	452.706	452.707
10.2058	452.337	452.337
10.2177	451.968	451.968
10.2297	451.599	451.599
10.2416	451.23	451.23
10.2536	450.861	450.861
10.2655	450.492	450.493
10.2774	450.123	450.124
10.2894	449.755	449.755
10.3013	449.386	449.387
10.3132	449.017	449.018
10.3252	448.649	448.65
10.3371	448.281	448.281
10.3491	447.912	447.913
10.361	447.544	447.545
10.3729	447.176	447.177
10.3849	446.808	446.809
10.3968	446.44	446.441
10.4087	446.073	446.073
10.4207	445.705	445.706
10.4326	445.337	445.338
10.4445	444.97	444.97
10.4565	444.602	444.603
10.4684	444.235	444.236
10.4804	443.868	443.868
10.4923	443.5	443.501
10.5042	443.133	443.134
10.5162	442.766	442.767
10.5281	442.399	442.4
10.54	442.033	442.033
10.552	441.666	441.667
10.5639	441.299	441.3
10.5758	440.933	440.933
10.5878	440.566	440.567
10.5997	440.2	440.201
10.6117	439.834	439.834
10.6236	439.468	439.468
10.6355	439.102	439.102
10.6475	438.736	438.736
10.6594	438.37	438.371
10.6713	438.004	438.005
10.6833	437.639	437.639
10.6952	437.273	437.274
10.7071	436.908	436.908
10.7191	436.543	436.543
10.731	436.177	436.178
10.743	435.812	435.813
10.7549	435.447	435.448
10.7668	435.083	435.083
10.7788	434.718	434.719
10.7907	434.353	434.354
10.8026	433.989	433.99
10.8146	433.624	433.625
10.8265	433.26	433.261
10.8385	432.896	432.897
10.8504	432.532	432.533
10.8623	432.168	432.169
10.8743	431.805	431.805
10.8862	431.441	431.442
10.8981	431.077	431.078
10.9101	430.714	430.715
10.922	430.351	430.352
10.9339	429.988	429.988
10.9459	429.625	429.625
10.9578	429.262	429.263
10.9698	428.899	428.9
10.9817	428.537	428.537
10.9936	428.174	428.175
11.0056	427.812	427.813
11.0175	427.45	427.45
11.0294	427.088	427.088
11.0414	426.726	426.727
11.0533	426.364	426.365
11.0652	426.003	426.003
11.0772	425.641	425.642
11.0891	425.28	425.281
11.1011	424.919	424.919
11.113	424.558	424.558
11.1249	424.197	424.198
11.1369	423.836	423.837
11.1488	423.476	423.476
11.1607	423.115	423.116
11.1727	422.755	422.756
11.1846	422.395	422.396
11.1966	422.035	422.036
11.2085	421.675	421.676
11.2204	421.316	421.316
11.2324	420.956	420.957
11.2443	420.597	420.598
11.2562	420.238	420.239
11.2682	419.879	419.88
11.2801	419.52	419.521
11.292	419.162	419.162
11.304	418.803	418.804
11.3159	418.445	418.446
11.3279	418.087	418.088
11.3398	417.729	417.73
11.3517	417.371	417.372
11.3637	417.014	417.014
11.3756	416.656	416.657
11.3875	416.299	416.3
11.3995	415.942	415.943
11.4114	415.586	415.586
11.4233	415.229	415.23
11.4353	414.873	414.873
11.4472	414.516	414.517
11.4592	414.16	414.161
11.4711	413.805	413.805
11.483	413.449	413.45
11.495	413.093	413.094
11.5069	412.738	412.739
11.5188	412.383	412.384
11.5308	412.028	412.029
11.5427	411.674	411.674
11.5546	411.319	411.32
11.5666	410.965	410.966
11.5785	410.611	410.612
11.5905	410.257	410.258
11.6024	409.904	409.905
11.6143	409.551	409.551
11.6263	409.197	409.198
11.6382	408.845	408.845
11.6501	408.492	408.492
11.6621	408.139	408.14
11.674	407.787	407.788
11.686	407.435	407.436
11.6979	407.083	407.084
11.7098	406.732	406.732
11.7218	406.381	406.381
11.7337	406.03	406.03
11.7456	405.679	405.679
11.7576	405.328	405.329
11.7695	404.978	404.978
11.7814	404.628	404.628
11.7934	404.278	404.278
11.8053	403.928	403.929
11.8173	403.579	403.579
11.8292	403.23	403.23
11.8411	402.881	402.881
11.8531	402.532	402.533
11.865	402.184	402.184
11.8769	401.836	401.836
11.8889	401.488	401.489
11.9008	401.14	401.141
11.9127	400.793	400.794
11.9247	400.446	400.447
11.9366	400.099	400.1
11.9486	399.753	399.753
11.9605	399.407	399.407
11.9724	399.061	399.061
11.9844	398.715	398.716
11.9963	398.37	398.37
12.0082	398.024	398.025
12.0202	397.68	397.68
12.0321	397.335	397.336
12.0441	396.991	396.991
12.056	396.647	396.647
12.0679	396.303	396.304
12.0799	395.96	395.96
12.0918	395.617	395.617
12.1037	395.274	395.275
12.1157	394.931	394.932
12.1276	394.589	394.59
12.1395	394.247	394.248
12.1515	393.906	393.906
12.1634	393.565	393.565
12.1754	393.224	393.224
12.1873	392.883	392.884
12.1992	392.543	392.543
12.2112	392.203	392.203
12.2231	391.863	391.864
12.235	391.524	391.524
12.247	391.185	391.185
12.2589	390.846	390.847
12.2708	390.508	390.508
12.2828	390.17	390.17
12.2947	389.832	389.833
12.3067	389.495	389.495
12.3186	389.158	389.158
12.3305	388.821	388.821
12.3425	388.485	388.485
12.3544	388.149	388.149
12.3663	387.813	387.813
12.3783	387.478	387.478
12.3902	387.143	387.143
12.4021	386.808	386.809
12.4141	386.474	386.474
12.426	386.14	386.141
12.438	385.807	385.807
12.4499	385.473	385.474
12.4618	385.141	385.141
12.4738	384.808	384.809
12.4857	384.476	384.477
12.4976	384.145	384.145
12.5096	383.813	383.814
12.5215	383.482	383.483
12.5335	383.152	383.152
12.5454	382.822	382.822
12.5573	382.492	382.492
12.5693	382.163	382.163
12.5812	381.834	381.834
12.5931	381.505	381.505
12.6051	381.177	381.177
12.617	380.849	380.849
12.6289	380.522	380.522
12.6409	380.195	380.195
12.6528	379.868	379.868
12.6648	379.542	379.542
12.6767	379.216	379.216
12.6886	378.891	378.891
12.7006	378.566	378.566
12.7125	378.241	378.242
12.7244	377.917	377.918
12.7364	377.593	377.594
12.7483	377.27	377.271
12.7602	376.947	376.948
12.7722	376.625	376.625
12.7841	376.303	376.303
12.7961	375.981	375.982
12.808	375.66	375.661
12.8199	375.339	375.34
12.8319	375.019	375.02
12.8438	374.699	374.7
12.8557	374.38	374.381
12.8677	374.061	374.062
12.8796	373.743	373.743
12.8916	373.425	373.425
12.9035	373.107	373.108
12.9154	372.79	372.791
12.9274	372.473	372.474
12.9393	372.157	372.158
12.9512	371.842	371.842
12.9632	371.526	371.527
12.9751	371.212	371.212
12.987	370.897	370.898
12.999	370.583	370.584
13.0109	370.27	370.271
13.0229	369.957	369.958
13.0348	369.645	369.645
13.0467	369.333	369.333
13.0587	369.021	369.022
13.0706	368.711	368.711
13.0825	368.4	368.401
13.0945	368.09	368.091
13.1064	367.781	367.781
13.1183	367.472	367.472
13.1303	367.163	367.164
13.1422	366.855	366.856
13.1542	366.548	366.548
13.1661	366.241	366.241
13.178	365.935	365.935
13.19	365.629	365.629
13.2019	365.323	365.324
13.2138	365.018	365.019
13.2258	364.714	364.714
13.2377	364.41	364.41
13.2496	364.107	364.107
13.2616	363.804	363.804
13.2735	363.502	363.502
13.2855	363.2	363.2
13.2974	362.899	362.899
13.3093	362.598	362.598
13.3213	362.298	362.298
13.3332	361.998	361.999
13.3451	361.699	361.7
13.3571	361.401	361.401
13.369	361.103	361.103
13.381	360.805	360.806
13.3929	360.509	360.509
13.4048	360.212	360.213
13.4168	359.917	359.917
13.4287	359.621	359.622
13.4406	359.327	359.327
13.4526	359.033	359.033
13.4645	358.739	358.739
13.4764	358.446	358.447
13.4884	358.154	358.154
13.5003	357.862	357.862
13.5123	357.571	357.571
13.5242	357.28	357.281
13.5361	356.99	356.99
13.5481	356.701	356.701
13.56	356.412	356.412
13.5719	356.123	356.124
13.5839	355.836	355.836
13.5958	355.549	355.549
13.6077	355.262	355.262
13.6197	354.976	354.976
13.6316	354.691	354.691
13.6436	354.406	354.406
13.6555	354.122	354.122
13.6674	353.838	353.839
13.6794	353.555	353.556
13.6913	353.273	353.273
13.7032	352.991	352.991
13.7152	352.71	352.71
13.7271	352.429	352.43
13.7391	352.15	352.15
13.751	351.87	351.871
13.7629	351.592	351.592
13.7749	351.314	351.314
13.7868	351.036	351.036
13.7987	350.759	350.76
13.8107	350.483	350.484
13.8226	350.208	350.208
13.8345	349.933	349.933
13.8465	349.658	349.659
13.8584	349.385	349.385
13.8704	349.112	349.112
13.8823	348.839	348.84
13.8942	348.568	348.568
13.9062	348.297	348.297
13.9181	348.026	348.027
13.93	347.756	347.757
13.942	347.487	347.488
13.9539	347.219	347.219
13.9658	346.951	346.951
13.9778	346.684	346.684
13.9897	346.417	346.417
14.0017	346.151	346.152
14.0136	345.886	345.886
14.0255	345.622	345.622
14.0375	345.358	345.358
14.0494	345.094	345.095
14.0613	344.832	344.832
14.0733	344.57	344.57
14.0852	344.309	344.309
14.0971	344.048	344.048
14.1091	343.788	343.789
14.121	343.529	343.529
14.133	343.271	343.271
14.1449	343.013	343.013
14.1568	342.756	342.756
14.1688	342.499	342.499
14.1807	342.243	342.244
14.1926	341.988	341.988
14.2046	341.734	341.734
14.2165	341.48	341.48
14.2285	341.227	341.227
14.2404	340.975	340.975
14.2523	340.723	340.723
14.2643	340.472	340.472
14.2762	340.222	340.222
14.2881	339.972	339.972
14.3001	339.723	339.723
14.312	339.475	339.475
14.3239	339.228	339.228
14.3359	338.981	338.981
14.3478	338.735	338.735
14.3598	338.489	338.49
14.3717	338.245	338.245
14.3836	338.001	338.001
14.3956	337.757	337.758
14.4075	337.515	337.515
14.4194	337.273	337.273
14.4314	337.032	337.032
14.4433	336.792	336.792
14.4552	336.552	336.552
14.4672	336.313	336.313
14.4791	336.075	336.075
14.4911	335.837	335.838
14.503	335.601	335.601
14.5149	335.364	335.365
14.5269	335.129	335.129
14.5388	334.894	334.895
14.5507	334.661	334.661
14.5627	334.427	334.428
14.5746	334.195	334.195
14.5866	333.963	333.963
14.5985	333.732	333.733
14.6104	333.502	333.502
14.6224	333.273	333.273
14.6343	333.044	333.044
14.6462	332.816	332.816
14.6582	332.588	332.589
14.6701	332.362	332.362
14.682	332.136	332.136
14.694	331.911	331.911
14.7059	331.687	331.687
14.7179	331.463	331.463
14.7298	331.24	331.24
14.7417	331.018	331.018
14.7537	330.797	330.797
14.7656	330.576	330.576
14.7775	330.356	330.356
14.7895	330.137	330.137
14.8014	329.919	329.919
14.8133	329.701	329.701
14.8253	329.484	329.484
14.8372	329.268	329.268
14.8492	329.053	329.053
14.8611	328.838	328.838
14.873	328.624	328.624
14.885	328.411	328.411
14.8969	328.198	328.199
14.9088	327.987	327.987
14.9208	327.776	327.776
14.9327	327.566	327.566
14.9446	327.356	327.357
14.9566	327.148	327.148
14.9685	326.94	326.94
14.9805	326.733	326.733
14.9924	326.527	326.527
15.0043	326.321	326.321
15.0163	326.116	326.116
15.0282	325.912	325.912
15.0401	325.709	325.709
15.0521	325.506	325.506
15.064	325.304	325.304
15.076	325.103	325.103
15.0879	324.903	324.903
15.0998	324.704	324.704
15.1118	324.505	324.505
15.1237	324.307	324.307
15.1356	324.11	324.11
15.1476	323.913	323.913
15.1595	323.717	323.717
15.1714	323.522	323.523
15.1834	323.328	323.328
15.1953	323.135	323.135
15.2073	322.942	322.942
15.2192	322.75	322.75
15.2311	322.559	322.559
15.2431	322.369	322.369
15.255	322.179	322.179
15.2669	321.99	321.99
15.2789	321.802	321.802
15.2908	321.615	321.615
15.3027	321.428	321.428
15.3147	321.243	321.243
15.3266	321.058	321.058
15.3386	320.873	320.873
15.3505	320.69	320.69
15.3624	320.507	320.507
15.3744	320.325	320.325
15.3863	320.144	320.144
15.3982	319.963	319.964
15.4102	319.784	319.784
15.4221	319.605	319.605
15.4341	319.427	319.427
15.446	319.249	319.249
15.4579	319.073	319.073
15.4699	318.897	318.897
15.4818	318.722	318.722
15.4937	318.547	318.547
15.5057	318.374	318.374
15.5176	318.201	318.201
15.5295	318.029	318.029
15.5415	317.858	317.858
15.5534	317.687	317.687
15.5654	317.517	317.517
15.5773	317.348	317.348
15.5892	317.18	317.18
15.6012	317.012	317.012
15.6131	316.846	316.846
15.625	316.68	316.68
15.637	316.514	316.514
15.6489	316.35	316.35
15.6608	316.186	316.186
15.6728	316.023	316.023
15.6847	315.861	315.861
15.6967	315.699	315.699
15.7086	315.539	315.539
15.7205	315.379	315.379
15.7325	315.22	315.22
15.7444	315.061	315.061
15.7563	314.903	314.903
15.7683	314.746	314.746
15.7802	314.59	314.59
15.7921	314.435	314.435
15.8041	314.28	314.28
15.816	314.126	314.126
15.828	313.973	313.973
15.8399	313.82	313.82
15.8518	313.668	313.668
15.8638	313.517	313.517
15.8757	313.367	313.367
15.8876	313.218	313.218
15.8996	313.069	313.069
15.9115	312.921	312.921
15.9235	312.774	312.774
15.9354	312.627	312.627
15.9473	312.481	312.481
15.9593	312.336	312.336
15.9712	312.192	312.192
15.9831	312.048	312.048
15.9951	311.905	311.905
16.007	311.763	311.763
16.0189	311.622	311.622
16.0309	311.481	311.481
16.0428	311.341	311.341
16.0548	311.202	311.202
16.0667	311.063	311.063
16.0786	310.925	310.925
16.0906	310.788	310.788
16.1025	310.652	310.652
16.1144	310.516	310.516
16.1264	310.381	310.381
16.1383	310.247	310.247
16.1502	310.114	310.114
16.1622	309.981	309.981
16.1741	309.849	309.849
16.1861	309.717	309.717
16.198	309.587	309.587
16.2099	309.457	309.457
16.2219	309.328	309.328
16.2338	309.199	309.199
16.2457	309.071	309.071
16.2577	308.944	308.944
16.2696	308.818	308.818
16.2816	308.692	308.692
16.2935	308.567	308.567
16.3054	308.443	308.443
16.3174	308.319	308.319
16.3293	308.196	308.196
16.3412	308.074	308.074
16.3532	307.953	307.953
16.3651	307.832	307.832
16.377	307.712	307.712
16.389	307.592	307.592
16.4009	307.474	307.474
16.4129	307.356	307.356
16.4248	307.238	307.238
16.4367	307.122	307.121
16.4487	307.005	307.005
16.4606	306.89	306.89
16.4725	306.775	306.775
16.4845	306.662	306.661
16.4964	306.548	306.548
16.5083	306.436	306.436
16.5203	306.324	306.324
16.5322	306.212	306.212
16.5442	306.102	306.102
16.5561	305.992	305.992
16.568	305.882	305.882
16.58	305.774	305.774
16.5919	305.666	305.666
16.6038	305.558	305.558
16.6158	305.452	305.452
16.6277	305.346	305.346
16.6396	305.24	305.24
16.6516	305.136	305.136
16.6635	305.032	305.032
16.6755	304.928	304.928
16.6874	304.825	304.825
16.6993	304.723	304.723
16.7113	304.622	304.622
16.7232	304.521	304.521
16.7351	304.421	304.421
16.7471	304.321	304.321
16.759	304.222	304.222
16.771	304.124	304.124
16.7829	304.026	304.026
16.7948	303.929	303.929
16.8068	303.833	303.833
16.8187	303.737	303.737
16.8306	303.642	303.642
16.8426	303.547	303.547
16.8545	303.453	303.453
16.8664	303.36	303.36
16.8784	303.267	303.267
16.8903	303.175	303.175
16.9023	303.084	303.084
16.9142	302.993	302.993
16.9261	302.903	302.903
16.9381	302.813	302.813
16.95	302.724	302.724
16.9619	302.635	302.635
16.9739	302.548	302.548
16.9858	302.46	302.46
16.9977	302.374	302.374
17.0097	302.288	302.287
17.0216	302.202	302.202
17.0336	302.117	302.117
17.0455	302.033	302.033
17.0574	301.949	301.949
17.0694	301.866	301.866
17.0813	301.783	301.783
17.0932	301.701	301.701
17.1052	301.62	301.62
17.1171	301.539	301.539
17.1291	301.459	301.459
17.141	301.379	301.379
17.1529	301.3	301.3
17.1649	301.221	301.221
17.1768	301.143	301.143
17.1887	301.066	301.066
17.2007	300.989	300.989
17.2126	300.912	300.912
17.2245	300.836	300.836
17.2365	300.761	300.761
17.2484	300.686	300.686
17.2604	300.612	300.612
17.2723	300.539	300.539
17.2842	300.466	300.465
17.2962	300.393	300.393
17.3081	300.321	300.321
17.32	300.249	300.249
17.332	300.178	300.178
17.3439	300.108	300.108
17.3558	300.038	300.038
17.3678	299.969	299.969
17.3797	299.9	299.9
17.3917	299.832	299.831
17.4036	299.764	299.764
17.4155	299.696	299.696
17.4275	299.63	299.63
17.4394	299.563	299.563
17.4513	299.497	299.497
17.4633	299.432	299.432
17.4752	299.367	299.367
17.4871	299.303	299.303
17.4991	299.239	299.239
17.511	299.176	299.176
17.523	299.113	299.113
17.5349	299.051	299.051
17.5468	298.989	298.989
17.5588	298.928	298.928
17.5707	298.867	298.867
17.5826	298.807	298.807
17.5946	298.747	298.747
17.6065	298.687	298.687
17.6185	298.629	298.628
17.6304	298.57	298.57
17.6423	298.512	298.512
17.6543	298.455	298.455
17.6662	298.398	298.397
17.6781	298.341	298.341
17.6901	298.285	298.285
17.702	298.229	298.229
17.7139	298.174	298.174
17.7259	298.119	298.119
17.7378	298.065	298.065
17.7498	298.011	298.011
17.7617	297.958	297.958
17.7736	297.905	297.905
17.7856	297.852	297.852
17.7975	297.8	297.8
17.8094	297.748	297.748
17.8214	297.697	297.697
17.8333	297.646	297.646
17.8452	297.596	297.596
17.8572	297.546	297.546
17.8691	297.497	297.497
17.8811	297.448	297.448
17.893	297.399	297.399
17.9049	297.351	297.351
17.9169	297.303	297.303
17.9288	297.256	297.255
17.9407	297.209	297.208
17.9527	297.162	297.162
17.9646	297.116	297.116
17.9766	297.07	297.07
17.9885	297.025	297.025
18.0004	296.98	296.98
18.0124	296.935	296.935
18.0243	296.891	296.891
18.0362	296.847	296.847
18.0482	296.804	296.804
18.0601	296.761	296.761
18.072	296.718	296.718
18.084	296.676	296.676
18.0959	296.634	296.634
18.1079	296.593	296.592
18.1198	296.551	296.551
18.1317	296.511	296.511
18.1437	296.47	296.47
18.1556	296.43	296.43
18.1675	296.391	296.391
18.1795	296.351	296.351
18.1914	296.313	296.312
18.2033	296.274	296.274
18.2153	296.236	296.236
18.2272	296.198	296.198
18.2392	296.161	296.16
18.2511	296.123	296.123
18.263	296.087	296.087
18.275	296.05	296.05
18.2869	296.014	296.014
18.2988	295.978	295.978
18.3108	295.943	295.943
18.3227	295.908	295.908
18.3346	295.873	295.873
18.3466	295.839	295.839
18.3585	295.805	295.805
18.3705	295.771	295.771
18.3824	295.738	295.738
18.3943	295.704	295.704
18.4063	295.672	295.672
18.4182	295.639	295.639
18.4301	295.607	295.607
18.4421	295.575	295.575
18.454	295.544	295.544
18.466	295.513	295.513
18.4779	295.482	295.482
18.4898	295.451	295.451
18.5018	295.421	295.421
18.5137	295.391	295.391
18.5256	295.361	295.361
18.5376	295.332	295.332
18.5495	295.303	295.303
18.5614	295.274	295.274
18.5734	295.246	295.246
18.5853	295.217	295.217
18.5973	295.189	295.189
18.6092	295.162	295.162
18.6211	295.134	295.134
18.6331	295.107	295.107
18.645	295.081	295.081
18.6569	295.054	295.054
18.6689	295.028	295.028
18.6808	295.002	295.002
18.6927	294.976	294.976
18.7047	294.951	294.951
18.7166	294.926	294.926
18.7286	294.901	294.901
18.7405	294.876	294.876
18.7524	294.852	294.852
18.7644	294.828	294.828
18.7763	294.804	294.804
18.7882	294.78	294.78
18.8002	294.757	294.757
18.8121	294.734	294.734
18.8241	294.711	294.711
18.836	294.688	294.688
18.8479	294.666	294.666
18.8599	294.644	294.644
18.8718	294.622	294.622
18.8837	294.6	294.6
18.8957	294.579	294.579
18.9076	294.558	294.558
18.9195	294.537	294.537
18.9315	294.516	294.516
18.9434	294.496	294.496
18.9554	294.475	294.475
18.9673	294.455	294.455
18.9792	294.436	294.436
18.9912	294.416	294.416
19.0031	294.397	294.397
19.015	294.378	294.377
19.027	294.359	294.359
19.0389	294.34	294.34
19.0508	294.321	294.321
19.0628	294.303	294.303
19.0747	294.285	294.285
19.0867	294.267	294.267
19.0986	294.25	294.249
19.1105	294.232	294.232
19.1225	294.215	294.215
19.1344	294.198	294.198
19.1463	294.181	294.181
19.1583	294.164	294.164
19.1702	294.148	294.148
19.1821	294.131	294.131
19.1941	294.115	294.115
19.206	294.099	294.099
19.218	294.084	294.084
19.2299	294.068	294.068
19.2418	294.053	294.053
19.2538	294.038	294.038
19.2657	294.023	294.023
19.2776	294.008	294.008
19.2896	293.993	293.993
19.3015	293.979	293.979
19.3135	293.965	293.965
19.3254	293.951	293.951
19.3373	293.937	293.937
19.3493	293.923	293.923
19.3612	293.909	293.909
19.3731	293.896	293.896
19.3851	293.883	293.883
19.397	293.87	293.87
19.4089	293.857	293.857
19.4209	293.844	293.844
19.4328	293.831	293.831
19.4448	293.819	293.819
19.4567	293.807	293.806
19.4686	293.794	293.794
19.4806	293.782	293.782
19.4925	293.771	293.771
19.5044	293.759	293.759
19.5164	293.747	293.747
19.5283	293.736	293.736
19.5402	293.725	293.725
19.5522	293.714	293.714
19.5641	293.703	293.703
19.5761	293.692	293.692
19.588	293.681	293.681
19.5999	293.671	293.671
19.6119	293.66	293.66
19.6238	293.65	293.65
19.6357	293.64	293.64
19.6477	293.63	293.63
19.6596	293.62	293.62
19.6716	293.61	293.61
19.6835	293.601	293.6
19.6954	293.591	293.591
19.7074	293.582	293.582
19.7193	293.572	293.572
19.7312	293.563	293.563
19.7432	293.554	293.554
19.7551	293.545	293.545
19.767	293.537	293.537
19.779	293.528	293.528
19.7909	293.52	293.52
19.8029	293.511	293.511
19.8148	293.503	293.503
19.8267	293.495	293.495
19.8387	293.487	293.487
19.8506	293.479	293.479
19.8625	293.471	293.471
19.8745	293.463	293.463
19.8864	293.456	293.455
19.8983	293.448	293.448
19.9103	293.441	293.441
19.9222	293.433	293.433
19.9342	293.426	293.426
19.9461	293.419	293.419
19.958	293.412	293.412
19.97	293.405	293.405
19.9819	293.398	293.398
19.9938	293.392	293.392
20.0058	293.385	293.385
20.0177	293.378	293.378
20.0296	293.372	293.372
20.0416	293.366	293.366
20.0535	293.359	293.359
20.0655	293.353	293.353
20.0774	293.347	293.347
20.0893	293.341	293.341
20.1013	293.335	293.335
20.1132	293.33	293.329
20.1251	293.324	293.324
20.1371	293.318	293.318
20.149	293.313	293.313
20.161	293.307	293.307
20.1729	293.302	293.302
20.1848	293.296	293.296
20.1968	293.291	293.291
20.2087	293.286	293.286
20.2206	293.281	293.281
20.2326	293.276	293.276
20.2445	293.271	293.271
20.2564	293.266	293.266
20.2684	293.261	293.261
20.2803	293.257	293.257
20.2923	293.252	293.252
20.3042	293.248	293.248
20.3161	293.243	293.243
20.3281	293.239	293.239
20.34	293.234	293.234
20.3519	293.23	293.23
20.3639	293.226	293.226
20.3758	293.222	293.222
20.3877	293.218	293.218
20.3997	293.214	293.214
20.4116	293.21	293.21
20.4236	293.206	293.206
20.4355	293.202	293.202
20.4474	293.198	293.198
20.4594	293.194	293.194
20.4713	293.191	293.191
20.4832	293.187	293.187
20.4952	293.184	293.184
20.5071	293.18	293.18
20.5191	293.177	293.177
20.531	293.173	293.173
20.5429	293.17	293.17
20.5549	293.167	293.167
20.5668	293.164	293.164
20.5787	293.16	293.16
20.5907	293.157	293.157
20.6026	293.154	293.154
20.6145	293.151	293.151
20.6265	293.148	293.148
20.6384	293.146	293.145
20.6504	293.143	293.143
20.6623	293.14	293.14
20.6742	293.137	293.137
20.6862	293.134	293.134
20.6981	293.132	293.132
20.71	293.129	293.129
20.722	293.127	293.127
20.7339	293.124	293.124
20.7458	293.122	293.122
20.7578	293.119	293.119
20.7697	293.117	293.117
20.7817	293.114	293.114
20.7936	293.112	293.112
20.8055	293.11	293.11
20.8175	293.107	293.107
20.8294	293.105	293.105
20.8413	293.103	293.103
20.8533	293.101	293.101
20.8652	293.099	293.099
20.8771	293.097	293.097
20.8891	293.095	293.095
20.901	293.093	293.093
20.913	293.091	293.091
20.9249	293.089	293.089
20.9368	293.087	293.087
20.9488	293.085	293.085
20.9607	293.084	293.084
20.9726	293.082	293.082
20.9846	293.08	293.08
20.9965	293.078	293.078
21.0085	293.077	293.077
21.0204	293.075	293.075
21.0323	293.073	293.073
21.0443	293.072	293.072
21.0562	293.07	293.07
21.0681	293.069	293.069
21.0801	293.067	293.067
21.092	293.066	293.066
21.1039	293.064	293.064
21.1159	293.063	293.063
21.1278	293.062	293.062
21.1398	293.06	293.06
21.1517	293.059	293.059
21.1636	293.058	293.058
21.1756	293.056	293.056
21.1875	293.055	293.055
21.1994	293.054	293.054
21.2114	293.053	293.053
21.2233	293.051	293.051
21.2352	293.05	293.05
21.2472	293.049	293.049
21.2591	293.048	293.048
21.2711	293.047	293.047
21.283	293.046	293.046
21.2949	293.045	293.045
21.3069	293.044	293.044
21.3188	293.043	293.043
21.3307	293.042	293.042
21.3427	293.041	293.041
21.3546	293.04	293.04
21.3666	293.039	293.039
21.3785	293.038	293.038
21.3904	293.037	293.037
21.4024	293.036	293.036
21.4143	293.035	293.035
21.4262	293.034	293.034
21.4382	293.034	293.034
21.4501	293.033	293.033
21.462	293.032	293.032
21.474	293.031	293.031
21.4859	293.03	293.03
21.4979	293.03	293.03
21.5098	293.029	293.029
21.5217	293.028	293.028
21.5337	293.028	293.028
21.5456	293.027	293.027
21.5575	293.026	293.026
21.5695	293.026	293.026
21.5814	293.025	293.025
21.5933	293.024	293.024
21.6053	293.024	293.024
21.6172	293.023	293.023
21.6292	293.023	293.023
21.6411	293.022	293.022
21.653	293.021	293.021
21.665	293.021	293.021
21.6769	293.02	293.02
21.6888	293.02	293.02
21.7008	293.019	293.019
21.7127	293.019	293.019
21.7246	293.018	293.018
21.7366	293.018	293.018
21.7485	293.017	293.017
21.7605	293.017	293.017
21.7724	293.016	293.016
21.7843	293.016	293.016
21.7963	293.016	293.016
21.8082	293.015	293.015
21.8201	293.015	293.015
21.8321	293.014	293.014
21.844	293.014	293.014
21.856	293.014	293.014
21.8679	293.013	293.013
21.8798	293.013	293.013
21.8918	293.013	293.013
21.9037	293.012	293.012
21.9156	293.012	293.012
21.9276	293.011	293.011
21.9395	293.011	293.011
21.9514	293.011	293.011
21.9634	293.011	293.011
21.9753	293.01	293.01
21.9873	293.01	293.01
21.9992	293.01	293.01
22.0111	293.009	293.009
22.0231	293.009	293.009
22.035	293.009	293.009
22.0469	293.009	293.009
22.0589	293.008	293.008
22.0708	293.008	293.008
22.0827	293.008	293.008
22.0947	293.008	293.008
22.1066	293.007	293.007
22.1186	293.007	293.007
22.1305	293.007	293.007
22.1424	293.007	293.007
22.1544	293.007	293.007
22.1663	293.006	293.006
22.1782	293.006	293.006
22.1902	293.006	293.006
22.2021	293.006	293.006
22.2141	293.006	293.006
22.226	293.005	293.005
22.2379	293.005	293.005
22.2499	293.005	293.005
22.2618	293.005	293.005
22.2737	293.005	293.005
22.2857	293.005	293.005
22.2976	293.005	293.005
22.3095	293.004	293.004
22.3215	293.004	293.004
22.3334	293.004	293.004
22.3454	293.004	293.004
22.3573	293.004	293.004
22.3692	293.004	293.004
22.3812	293.004	293.004
22.3931	293.003	293.003
22.405	293.003	293.003
22.417	293.003	293.003
22.4289	293.003	293.003
22.4408	293.003	293.003
22.4528	293.003	293.003
22.4647	293.003	293.003
22.4767	293.003	293.003
22.4886	293.003	293.003
22.5005	293.003	293.003
22.5125	293.002	293.002
22.5244	293.002	293.002
22.5363	293.002	293.002
22.5483	293.002	293.002
22.5602	293.002	293.002
22.5721	293.002	293.002
22.5841	293.002	293.002
22.596	293.002	293.002
22.608	293.002	293.002
22.6199	293.002	293.002
22.6318	293.002	293.002
22.6438	293.002	293.002
22.6557	293.002	293.002
22.6676	293.002	293.002
22.6796	293.001	293.001
22.6915	293.001	293.001
22.7035	293.001	293.001
22.7154	293.001	293.001
22.7273	293.001	293.001
22.7393	293.001	293.001
22.7512	293.001	293.001
22.7631	293.001	293.001
22.7751	293.001	293.001
22.787	293.001	293.001
22.7989	293.001	293.001
22.8109	293.001	293.001
22.8228	293.001	293.001
22.8348	293.001	293.001
22.8467	293.001	293.001
22.8586	293.001	293.001
22.8706	293.001	293.001
22.8825	293.001	293.001
22.8944	293.001	293.001
22.9064	293.001	293.001
22.9183	293.001	293.001
22.9302	293.001	293.001
22.9422	293.001	293.001
22.9541	293.001	293.001
22.9661	293.001	293.001
22.978	293.001	293.001
22.9899	293.001	293.001
23.0019	293	293
23.0138	293	293
23.0257	293	293
23.0377	293	293
23.0496	293	293
23.0616	293	293
23.0735	293	293
23.0854	293	293
23.0974	293	293
23.1093	293	293
23.1212	293	293
23.1332	293	293
23.1451	293	293
23.157	293	293
23.169	293	293
23.1809	293	293
23.1929	293	293
23.2048	293	293
23.2167	293	293
23.2287	293	293
23.2406	293	293
23.2525	293	293
23.2645	293	293
23.2764	293	293
23.2883	293	293
23.3003	293	293
23.3122	293	293
23.3242	293	293
23.3361	293	293
23.348	293	293
23.36	293	293
23.3719	293	293
23.3838	293	293
23.3958	293	293
23.4077	293	293
23.4196	293	293
23.4316	293	293
23.4435	293	293
23.4555	293	293
23.4674	293	293
23.4793	293	293
23.4913	293	293
23.5032	293	293
23.5151	293	293
23.5271	293	293
23.539	293	293
23.551	293	293
23.5629	293	293
23.5748	293	293
23.5868	293	293
23.5987	293	293
23.6106	293	293
23.6226	293	293
23.6345	293	293
23.6464	293	293
23.6584	293	293
23.6703	293	293
23.6823	293	293
23.6942	293	293
23.7061	293	293
23.7181	293	293
23.73	293	293
23.7419	293	293
23.7539	293	293
23.7658	293	293
23.7777	293	293
23.7897	293	293
23.8016	293	293
23.8136	293	293
23.8255	293	293
23.8374	293	293
23.8494	293	293
23.8613	293	293
23.8732	293	293
