0	873	873
0.0119366	873	873
0.0238732	873	873
0.0358099	873	873
0.0477465	873	873
0.0596831	873	873
0.0716197	873	873
0.0835563	873	873
0.095493	873	873
0.10743	873	873
0.119366	873	873
0.131303	873	873
0.143239	873	873
0.155176	873	873
0.167113	873	873
0.179049	873	873
0.190986	873	873
0.202923	873	873
0.214859	873	873
0.226796	873	873
0.238732	873	873
0.250669	873	873
0.262606	873	873
0.274542	873	873
0.286479	873	873
0.298416	873	873
0.310352	873	873
0.322289	873	873
0.334225	873	873
0.346162	873	873
0.358099	873	873
0.370035	873	873
0.381972	873	873
0.393908	873	873
0.405845	873	873
0.417782	873	873
0.429718	873	873
0.441655	873	873
0.453592	873	873
0.465528	873	873
0.477465	873	873
0.489401	873	873
0.501338	873	873
0.513275	873	873
0.525211	873	873
0.537148	873	873
0.549085	873	873
0.561021	873	873
0.572958	873	873
0.584894	873	873
0.596831	873	873
0.608768	873	873
0.620704	873	873
0.632641	873	873
0.644578	873	873
0.656514	873	873
0.668451	873	873
0.680387	873	873
0.692324	873	873
0.704261	873	873
0.716197	873	873
0.728134	873	873
0.74007	873	873
0.752007	873	873
0.763944	873	873
0.77588	873	873
0.787817	873	873
0.799754	873	873
0.81169	873	873
0.823627	873	873
0.835563	872.999	872.999
0.8475	872.999	872.999
0.859437	872.999	872.999
0.871373	872.999	872.999
0.88331	872.999	872.999
0.895247	872.999	872.999
0.907183	872.999	872.999
0.91912	872.999	872.999
0.931056	872.999	872.999
0.942993	872.999	872.999
0.95493	872.999	872.999
0.966866	872.999	872.999
0.978803	872.999	872.999
0.99074	872.999	872.999
1.00268	872.999	872.999
1.01461	872.999	872.999
1.02655	872.999	872.999
1.03849	872.999	872.999
1.05042	872.999	872.999
1.06236	872.999	872.999
1.0743	872.999	872.999
1.08623	872.999	872.999
1.09817	872.999	872.999
1.11011	872.999	872.999
1.12204	872.999	872.999
1.13398	872.999	872.999
1.14592	872.998	872.998
1.15785	872.998	872.998
1.16979	872.998	872.998
1.18173	872.998	872.998
1.19366	872.998	872.998
1.2056	872.998	872.998
1.21754	872.998	872.998
1.22947	872.998	872.998
1.24141	872.998	872.998
1.25335	872.998	872.998
1.26528	872.998	872.998
1.27722	872.998	872.998
1.28916	872.998	872.998
1.30109	872.998	872.998
1.31303	872.997	872.997
1.32496	872.997	872.997
1.3369	872.997	872.997
1.34884	872.997	872.997
1.36077	872.997	872.997
1.37271	872.997	872.997
1.38465	872.997	872.997
1.39658	872.997	872.997
1.40852	872.997	872.997
1.42046	872.996	872.996
1.43239	872.996	872.996
1.44433	872.996	872.996
1.45627	872.996	872.996
1.4682	872.996	872.996
1.48014	872.996	872.996
1.49208	872.996	872.996
1.50401	872.996	872.996
1.51595	872.995	872.995
1.52789	872.995	872.995
1.53982	872.995	872.995
1.55176	872.995	872.995
1.5637	872.995	872.995
1.57563	872.995	872.995
1.58757	872.994	872.994
1.59951	872.994	872.994
1.61144	872.994	872.994
1.62338	872.994	872.994
1.63532	872.994	872.994
1.64725	872.993	872.993
1.65919	872.993	872.993
1.67113	872.993	872.993
1.68306	872.993	872.993
1.695	872.993	872.993
1.70694	872.992	872.992
1.71887	872.992	872.992
1.73081	872.992	872.992
1.74275	872.992	872.992
1.75468	872.991	872.991
1.76662	872.991	872.991
1.77856	872.991	872.991
1.79049	872.991	872.991
1.80243	872.99	872.99
1.81437	872.99	872.99
1.8263	872.99	872.99
1.83824	872.989	872.989
1.85018	872.989	872.989
1.86211	872.989	872.989
1.87405	872.988	872.988
1.88599	872.988	872.988
1.89792	872.988	872.988
1.90986	872.987	872.987
1.9218	872.987	872.987
1.93373	872.987	872.987
1.94567	872.986	872.986
1.95761	872.986	872.986
1.96954	872.985	872.985
1.98148	872.985	872.985
1.99342	872.985	872.985
2.00535	872.984	872.984
2.01729	872.984	872.984
2.02923	872.983	872.983
2.04116	872.983	872.983
2.0531	872.982	872.982
2.06504	872.982	872.982
2.07697	872.981	872.981
2.08891	872.981	872.981
2.10085	872.98	872.98
2.11278	872.98	872.98
2.12472	872.979	872.979
2.13666	872.979	872.979
2.14859	872.978	872.978
2.16053	872.978	872.978
2.17246	872.977	872.977
2.1844	872.976	872.976
2.19634	872.976	872.976
2.20827	872.975	872.975
2.22021	872.974	872.974
2.23215	872.974	872.974
2.24408	872.973	872.973
2.25602	872.972	872.972
2.26796	872.972	872.972
2.27989	872.971	872.971
2.29183	872.97	872.97
2.30377	872.97	872.969
2.3157	872.969	872.969
2.32764	872.968	872.968
2.33958	872.967	872.967
2.35151	872.966	872.966
2.36345	872.965	872.965
2.37539	872.965	872.965
2.38732	872.964	872.964
2.39926	872.963	872.963
2.4112	872.962	872.962
2.42313	872.961	872.961
2.43507	872.96	872.96
2.44701	872.959	872.959
2.45894	872.958	872.958
2.47088	872.957	872.957
2.48282	872.956	872.956
2.49475	872.955	872.955
2.50669	872.954	872.954
2.51863	872.953	872.953
2.53056	872.951	872.951
2.5425	872.95	872.95
2.55444	872.949	872.949
2.56637	872.948	872.948
2.57831	872.947	872.947
2.59025	872.945	872.945
2.60218	872.944	872.944
2.61412	872.943	872.943
2.62606	872.942	872.941
2.63799	872.94	872.94
2.64993	872.939	872.939
2.66187	872.937	872.937
2.6738	872.936	872.936
2.68574	872.934	872.934
2.69768	872.933	872.933
2.70961	872.931	872.931
2.72155	872.93	872.93
2.73349	872.928	872.928
2.74542	872.927	872.927
2.75736	872.925	872.925
2.7693	872.923	872.923
2.78123	872.922	872.922
2.79317	872.92	872.92
2.80511	872.918	872.918
2.81704	872.916	872.916
2.82898	872.914	872.914
2.84092	872.912	872.912
2.85285	872.911	872.91
2.86479	872.909	872.909
2.87673	872.907	872.907
2.88866	872.905	872.904
2.9006	872.902	872.902
2.91254	872.9	872.9
2.92447	872.898	872.898
2.93641	872.896	872.896
2.94835	872.894	872.894
2.96028	872.892	872.891
2.97222	872.889	872.889
2.98416	872.887	872.887
2.99609	872.884	872.884
3.00803	872.882	872.882
3.01997	872.88	872.879
3.0319	872.877	872.877
3.04384	872.874	872.874
3.05577	872.872	872.872
3.06771	872.869	872.869
3.07965	872.866	872.866
3.09158	872.864	872.864
3.10352	872.861	872.861
3.11546	872.858	872.858
3.12739	872.855	872.855
3.13933	872.852	872.852
3.15127	872.849	872.849
3.1632	872.846	872.846
3.17514	872.843	872.843
3.18708	872.84	872.84
3.19901	872.836	872.836
3.21095	872.833	872.833
3.22289	872.83	872.83
3.23482	872.826	872.826
3.24676	872.823	872.823
3.2587	872.82	872.819
3.27063	872.816	872.816
3.28257	872.812	872.812
3.29451	872.809	872.809
3.30644	872.805	872.805
3.31838	872.801	872.801
3.33032	872.797	872.797
3.34225	872.793	872.793
3.35419	872.789	872.789
3.36613	872.785	872.785
3.37806	872.781	872.781
3.39	872.777	872.777
3.40194	872.772	872.772
3.41387	872.768	872.768
3.42581	872.764	872.764
3.43775	872.759	872.759
3.44968	872.755	872.755
3.46162	872.75	872.75
3.47356	872.745	872.745
3.48549	872.74	872.74
3.49743	872.736	872.736
3.50937	872.731	872.731
3.5213	872.726	872.726
3.53324	872.721	872.72
3.54518	872.715	872.715
3.55711	872.71	872.71
3.56905	872.705	872.705
3.58099	872.699	872.699
3.59292	872.694	872.694
3.60486	872.688	872.688
3.6168	872.683	872.682
3.62873	872.677	872.677
3.64067	872.671	872.671
3.65261	872.665	872.665
3.66454	872.659	872.659
3.67648	872.653	872.653
3.68842	872.647	872.646
3.70035	872.64	872.64
3.71229	872.634	872.634
3.72423	872.627	872.627
3.73616	872.621	872.621
3.7481	872.614	872.614
3.76004	872.607	872.607
3.77197	872.6	872.6
3.78391	872.593	872.593
3.79585	872.586	872.586
3.80778	872.579	872.579
3.81972	872.572	872.571
3.83166	872.564	872.564
3.84359	872.557	872.556
3.85553	872.549	872.549
3.86747	872.541	872.541
3.8794	872.533	872.533
3.89134	872.525	872.525
3.90327	872.517	872.517
3.91521	872.509	872.509
3.92715	872.501	872.5
3.93908	872.492	872.492
3.95102	872.483	872.483
3.96296	872.475	872.475
3.97489	872.466	872.466
3.98683	872.457	872.457
3.99877	872.448	872.448
4.0107	872.439	872.438
4.02264	872.429	872.429
4.03458	872.42	872.42
4.04651	872.41	872.41
4.05845	872.401	872.4
4.07039	872.391	872.39
4.08232	872.381	872.38
4.09426	872.371	872.37
4.1062	872.36	872.36
4.11813	872.35	872.35
4.13007	872.339	872.339
4.14201	872.329	872.328
4.15394	872.318	872.317
4.16588	872.307	872.306
4.17782	872.296	872.295
4.18975	872.284	872.284
4.20169	872.273	872.273
4.21363	872.261	872.261
4.22556	872.249	872.249
4.2375	872.238	872.237
4.24944	872.225	872.225
4.26137	872.213	872.213
4.27331	872.201	872.201
4.28525	872.188	872.188
4.29718	872.176	872.175
4.30912	872.163	872.162
4.32106	872.15	872.149
4.33299	872.136	872.136
4.34493	872.123	872.123
4.35687	872.109	872.109
4.3688	872.096	872.095
4.38074	872.082	872.081
4.39268	872.068	872.067
4.40461	872.053	872.053
4.41655	872.039	872.039
4.42849	872.024	872.024
4.44042	872.009	872.009
4.45236	871.994	871.994
4.4643	871.979	871.979
4.47623	871.964	871.963
4.48817	871.948	871.948
4.50011	871.933	871.932
4.51204	871.917	871.916
4.52398	871.9	871.9
4.53592	871.884	871.884
4.54785	871.867	871.867
4.55979	871.851	871.85
4.57173	871.834	871.833
4.58366	871.816	871.816
4.5956	871.799	871.799
4.60754	871.781	871.781
4.61947	871.764	871.763
4.63141	871.746	871.745
4.64335	871.727	871.727
4.65528	871.709	871.708
4.66722	871.69	871.69
4.67916	871.671	871.671
4.69109	871.652	871.652
4.70303	871.633	871.632
4.71497	871.613	871.613
4.7269	871.593	871.593
4.73884	871.573	871.573
4.75078	871.553	871.552
4.76271	871.532	871.532
4.77465	871.512	871.511
4.78658	871.491	871.49
4.79852	871.469	871.469
4.81046	871.448	871.447
4.82239	871.426	871.425
4.83433	871.404	871.403
4.84627	871.382	871.381
4.8582	871.359	871.359
4.87014	871.337	871.336
4.88208	871.313	871.313
4.89401	871.29	871.29
4.90595	871.267	871.266
4.91789	871.243	871.242
4.92982	871.219	871.218
4.94176	871.194	871.194
4.9537	871.17	871.169
4.96563	871.145	871.144
4.97757	871.12	871.119
4.98951	871.094	871.093
5.00144	871.068	871.068
5.01338	871.042	871.042
5.02532	871.016	871.015
5.03725	870.99	870.989
5.04919	870.963	870.962
5.06113	870.935	870.935
5.07306	870.908	870.907
5.085	870.88	870.879
5.09694	870.852	870.851
5.10887	870.824	870.823
5.12081	870.795	870.794
5.13275	870.766	870.765
5.14468	870.737	870.736
5.15662	870.707	870.706
5.16856	870.677	870.676
5.18049	870.647	870.646
5.19243	870.617	870.616
5.20437	870.586	870.585
5.2163	870.554	870.554
5.22824	870.523	870.522
5.24018	870.491	870.49
5.25211	870.459	870.458
5.26405	870.426	870.425
5.27599	870.394	870.393
5.28792	870.36	870.359
5.29986	870.327	870.326
5.3118	870.293	870.292
5.32373	870.259	870.258
5.33567	870.224	870.223
5.34761	870.189	870.188
5.35954	870.154	870.153
5.37148	870.118	870.117
5.38342	870.082	870.081
5.39535	870.046	870.045
5.40729	870.009	870.008
5.41923	869.972	869.971
5.43116	869.935	869.934
5.4431	869.897	869.896
5.45504	869.859	869.858
5.46697	869.82	869.819
5.47891	869.781	869.78
5.49085	869.742	869.741
5.50278	869.702	869.701
5.51472	869.662	869.661
5.52666	869.622	869.621
5.53859	869.581	869.58
5.55053	869.54	869.538
5.56247	869.498	869.497
5.5744	869.456	869.455
5.58634	869.413	869.412
5.59828	869.371	869.369
5.61021	869.327	869.326
5.62215	869.284	869.282
5.63408	869.239	869.238
5.64602	869.195	869.194
5.65796	869.15	869.149
5.66989	869.105	869.103
5.68183	869.059	869.057
5.69377	869.013	869.011
5.7057	868.966	868.965
5.71764	868.919	868.918
5.72958	868.871	868.87
5.74151	868.823	868.822
5.75345	868.775	868.774
5.76539	868.726	868.725
5.77732	868.677	868.676
5.78926	868.627	868.626
5.8012	868.577	868.576
5.81313	868.526	868.525
5.82507	868.475	868.474
5.83701	868.424	868.422
5.84894	868.372	868.37
5.86088	868.319	868.318
5.87282	868.266	868.265
5.88475	868.213	868.211
5.89669	868.159	868.158
5.90863	868.105	868.103
5.92056	868.05	868.048
5.9325	867.995	867.993
5.94444	867.939	867.937
5.95637	867.883	867.881
5.96831	867.826	867.824
5.98025	867.769	867.767
5.99218	867.711	867.709
6.00412	867.653	867.651
6.01606	867.594	867.592
6.02799	867.535	867.533
6.03993	867.475	867.473
6.05187	867.415	867.413
6.0638	867.354	867.352
6.07574	867.293	867.291
6.08768	867.231	867.229
6.09961	867.168	867.166
6.11155	867.106	867.104
6.12349	867.042	867.04
6.13542	866.978	866.976
6.14736	866.914	866.912
6.1593	866.849	866.847
6.17123	866.783	866.781
6.18317	866.717	866.715
6.19511	866.651	866.649
6.20704	866.584	866.582
6.21898	866.516	866.514
6.23092	866.448	866.446
6.24285	866.379	866.377
6.25479	866.31	866.307
6.26673	866.24	866.238
6.27866	866.169	866.167
6.2906	866.098	866.096
6.30254	866.027	866.024
6.31447	865.954	865.952
6.32641	865.882	865.879
6.33835	865.808	865.806
6.35028	865.735	865.732
6.36222	865.66	865.658
6.37416	865.585	865.583
6.38609	865.509	865.507
6.39803	865.433	865.431
6.40997	865.356	865.354
6.4219	865.279	865.277
6.43384	865.201	865.199
6.44578	865.122	865.12
6.45771	865.043	865.041
6.46965	864.963	864.961
6.48159	864.883	864.88
6.49352	864.802	864.799
6.50546	864.72	864.718
6.51739	864.638	864.636
6.52933	864.555	864.553
6.54127	864.472	864.469
6.5532	864.388	864.385
6.56514	864.303	864.3
6.57708	864.218	864.215
6.58901	864.132	864.129
6.60095	864.045	864.042
6.61289	863.958	863.955
6.62482	863.87	863.867
6.63676	863.781	863.778
6.6487	863.692	863.689
6.66063	863.602	863.599
6.67257	863.512	863.509
6.68451	863.42	863.418
6.69644	863.329	863.326
6.70838	863.236	863.233
6.72032	863.143	863.14
6.73225	863.049	863.046
6.74419	862.955	862.952
6.75613	862.86	862.857
6.76806	862.764	862.761
6.78	862.667	862.664
6.79194	862.57	862.567
6.80387	862.473	862.469
6.81581	862.374	862.371
6.82775	862.275	862.272
6.83968	862.175	862.172
6.85162	862.074	862.071
6.86356	861.973	861.97
6.87549	861.871	861.868
6.88743	861.769	861.765
6.89937	861.665	861.662
6.9113	861.561	861.558
6.92324	861.456	861.453
6.93518	861.351	861.348
6.94711	861.245	861.241
6.95905	861.138	861.135
6.97099	861.03	861.027
6.98292	860.922	860.919
6.99486	860.813	860.81
7.0068	860.703	860.7
7.01873	860.593	860.589
7.03067	860.482	860.478
7.04261	860.37	860.366
7.05454	860.257	860.254
7.06648	860.144	860.14
7.07842	860.03	860.026
7.09035	859.915	859.911
7.10229	859.8	859.796
7.11423	859.683	859.679
7.12616	859.566	859.562
7.1381	859.448	859.445
7.15004	859.33	859.326
7.16197	859.211	859.207
7.17391	859.09	859.087
7.18585	858.97	858.966
7.19778	858.848	858.844
7.20972	858.726	858.722
7.22166	858.603	858.599
7.23359	858.479	858.475
7.24553	858.354	858.35
7.25747	858.229	858.225
7.2694	858.103	858.099
7.28134	857.976	857.972
7.29328	857.848	857.844
7.30521	857.72	857.716
7.31715	857.591	857.586
7.32909	857.461	857.456
7.34102	857.33	857.326
7.35296	857.198	857.194
7.36489	857.066	857.062
7.37683	856.933	856.928
7.38877	856.799	856.795
7.4007	856.664	856.66
7.41264	856.529	856.524
7.42458	856.392	856.388
7.43651	856.255	856.251
7.44845	856.117	856.113
7.46039	855.979	855.974
7.47232	855.839	855.835
7.48426	855.699	855.694
7.4962	855.558	855.553
7.50813	855.416	855.411
7.52007	855.273	855.269
7.53201	855.13	855.125
7.54394	854.985	854.981
7.55588	854.84	854.835
7.56782	854.694	854.689
7.57975	854.547	854.543
7.59169	854.4	854.395
7.60363	854.251	854.247
7.61556	854.102	854.097
7.6275	853.952	853.947
7.63944	853.801	853.796
7.65137	853.65	853.645
7.66331	853.497	853.492
7.67525	853.344	853.339
7.68718	853.189	853.184
7.69912	853.034	853.029
7.71106	852.879	852.873
7.72299	852.722	852.717
7.73493	852.564	852.559
7.74687	852.406	852.401
7.7588	852.247	852.241
7.77074	852.087	852.081
7.78268	851.926	851.92
7.79461	851.764	851.759
7.80655	851.601	851.596
7.81849	851.438	851.433
7.83042	851.274	851.268
7.84236	851.109	851.103
7.8543	850.943	850.937
7.86623	850.776	850.77
7.87817	850.608	850.602
7.89011	850.44	850.434
7.90204	850.27	850.264
7.91398	850.1	850.094
7.92592	849.929	849.923
7.93785	849.757	849.751
7.94979	849.584	849.578
7.96173	849.41	849.405
7.97366	849.236	849.23
7.9856	849.06	849.055
7.99754	848.884	848.878
8.00947	848.707	848.701
8.02141	848.529	848.523
8.03335	848.35	848.344
8.04528	848.171	848.164
8.05722	847.99	847.984
8.06916	847.808	847.802
8.08109	847.626	847.62
8.09303	847.443	847.437
8.10497	847.259	847.253
8.1169	847.074	847.068
8.12884	846.888	846.882
8.14078	846.701	846.695
8.15271	846.514	846.508
8.16465	846.326	846.319
8.17659	846.136	846.13
8.18852	845.946	845.94
8.20046	845.755	845.749
8.2124	845.563	845.557
8.22433	845.37	845.364
8.23627	845.177	845.17
8.2482	844.982	844.975
8.26014	844.787	844.78
8.27208	844.59	844.584
8.28401	844.393	844.386
8.29595	844.195	844.188
8.30789	843.996	843.989
8.31982	843.796	843.789
8.33176	843.596	843.589
8.3437	843.394	843.387
8.35563	843.191	843.185
8.36757	842.988	842.981
8.37951	842.784	842.777
8.39144	842.579	842.572
8.40338	842.373	842.366
8.41532	842.166	842.159
8.42725	841.958	841.951
8.43919	841.75	841.742
8.45113	841.54	841.533
8.46306	841.33	841.322
8.475	841.118	841.111
8.48694	840.906	840.899
8.49887	840.693	840.686
8.51081	840.479	840.472
8.52275	840.264	840.257
8.53468	840.049	840.041
8.54662	839.832	839.825
8.55856	839.614	839.607
8.57049	839.396	839.389
8.58243	839.177	839.169
8.59437	838.957	838.949
8.6063	838.736	838.728
8.61824	838.514	838.506
8.63018	838.291	838.283
8.64211	838.067	838.06
8.65405	837.843	837.835
8.66599	837.618	837.61
8.67792	837.391	837.383
8.68986	837.164	837.156
8.7018	836.936	836.928
8.71373	836.707	836.699
8.72567	836.477	836.469
8.73761	836.247	836.239
8.74954	836.015	836.007
8.76148	835.783	835.775
8.77342	835.549	835.541
8.78535	835.315	835.307
8.79729	835.08	835.072
8.80923	834.844	834.836
8.82116	834.607	834.599
8.8331	834.37	834.361
8.84504	834.131	834.123
8.85697	833.892	833.883
8.86891	833.651	833.643
8.88085	833.41	833.402
8.89278	833.168	833.16
8.90472	832.925	832.917
8.91666	832.681	832.673
8.92859	832.437	832.428
8.94053	832.191	832.183
8.95247	831.945	831.936
8.9644	831.697	831.689
8.97634	831.449	831.441
8.98828	831.2	831.192
9.00021	830.951	830.942
9.01215	830.7	830.691
9.02409	830.448	830.439
9.03602	830.196	830.187
9.04796	829.943	829.934
9.0599	829.688	829.68
9.07183	829.433	829.424
9.08377	829.178	829.169
9.0957	828.921	828.912
9.10764	828.663	828.654
9.11958	828.405	828.396
9.13151	828.146	828.136
9.14345	827.885	827.876
9.15539	827.624	827.615
9.16732	827.363	827.353
9.17926	827.1	827.091
9.1912	826.836	826.827
9.20313	826.572	826.563
9.21507	826.307	826.298
9.22701	826.041	826.032
9.23894	825.774	825.765
9.25088	825.506	825.497
9.26282	825.238	825.228
9.27475	824.968	824.959
9.28669	824.698	824.689
9.29863	824.427	824.418
9.31056	824.155	824.146
9.3225	823.883	823.873
9.33444	823.609	823.599
9.34637	823.335	823.325
9.35831	823.059	823.05
9.37025	822.783	822.774
9.38218	822.507	822.497
9.39412	822.229	822.219
9.40606	821.951	821.941
9.41799	821.671	821.661
9.42993	821.391	821.381
9.44187	821.11	821.1
9.4538	820.829	820.819
9.46574	820.546	820.536
9.47768	820.263	820.253
9.48961	819.979	819.969
9.50155	819.694	819.684
9.51349	819.408	819.398
9.52542	819.121	819.111
9.53736	818.834	818.824
9.5493	818.546	818.536
9.56123	818.257	818.247
9.57317	817.967	817.957
9.58511	817.677	817.667
9.59704	817.385	817.375
9.60898	817.093	817.083
9.62092	816.801	816.79
9.63285	816.507	816.496
9.64479	816.212	816.202
9.65673	815.917	815.907
9.66866	815.621	815.611
9.6806	815.324	815.314
9.69254	815.027	815.016
9.70447	814.729	814.718
9.71641	814.43	814.419
9.72835	814.13	814.119
9.74028	813.829	813.819
9.75222	813.528	813.517
9.76416	813.226	813.215
9.77609	812.923	812.912
9.78803	812.619	812.608
9.79997	812.315	812.304
9.8119	812.01	811.999
9.82384	811.704	811.693
9.83578	811.397	811.386
9.84771	811.09	811.079
9.85965	810.782	810.771
9.87159	810.473	810.462
9.88352	810.163	810.152
9.89546	809.853	809.842
9.9074	809.542	809.531
9.91933	809.23	809.219
9.93127	808.918	808.907
9.94321	808.605	808.593
9.95514	808.291	808.279
9.96708	807.976	807.965
9.97901	807.661	807.649
9.99095	807.345	807.333
10.0029	807.028	807.016
10.0148	806.71	806.699
10.0268	806.392	806.381
10.0387	806.073	806.062
10.0506	805.753	805.742
10.0626	805.433	805.422
10.0745	805.112	805.101
10.0864	804.79	804.779
10.0984	804.468	804.457
10.1103	804.145	804.133
10.1223	803.821	803.81
10.1342	803.497	803.485
10.1461	803.172	803.16
10.1581	802.846	802.834
10.17	802.519	802.508
10.1819	802.192	802.181
10.1939	801.864	801.853
10.2058	801.536	801.524
10.2177	801.207	801.195
10.2297	800.877	800.865
10.2416	800.547	800.535
10.2536	800.215	800.204
10.2655	799.884	799.872
10.2774	799.551	799.539
10.2894	799.218	799.206
10.3013	798.885	798.873
10.3132	798.55	798.538
10.3252	798.215	798.203
10.3371	797.88	797.868
10.3491	797.543	797.531
10.361	797.206	797.194
10.3729	796.869	796.857
10.3849	796.531	796.519
10.3968	796.192	796.18
10.4087	795.853	795.84
10.4207	795.513	795.5
10.4326	795.172	795.16
10.4445	794.831	794.819
10.4565	794.489	794.477
10.4684	794.147	794.134
10.4804	793.804	793.791
10.4923	793.46	793.448
10.5042	793.116	793.103
10.5162	792.771	792.759
10.5281	792.426	792.413
10.54	792.08	792.067
10.552	791.733	791.721
10.5639	791.386	791.373
10.5758	791.038	791.026
10.5878	790.69	790.677
10.5997	790.341	790.328
10.6117	789.992	789.979
10.6236	789.642	789.629
10.6355	789.291	789.278
10.6475	788.94	788.927
10.6594	788.588	788.576
10.6713	788.236	788.223
10.6833	787.883	787.871
10.6952	787.53	787.517
10.7071	787.176	787.163
10.7191	786.822	786.809
10.731	786.467	786.454
10.743	786.111	786.098
10.7549	785.755	785.742
10.7668	785.399	785.386
10.7788	785.042	785.029
10.7907	784.684	784.671
10.8026	784.326	784.313
10.8146	783.967	783.954
10.8265	783.608	783.595
10.8385	783.249	783.236
10.8504	782.888	782.875
10.8623	782.528	782.515
10.8743	782.167	782.154
10.8862	781.805	781.792
10.8981	781.443	781.43
10.9101	781.08	781.067
10.922	780.717	780.704
10.9339	780.354	780.34
10.9459	779.99	779.976
10.9578	779.625	779.612
10.9698	779.26	779.247
10.9817	778.894	778.881
10.9936	778.528	778.515
11.0056	778.162	778.149
11.0175	777.795	777.782
11.0294	777.428	777.414
11.0414	777.06	777.047
11.0533	776.692	776.678
11.0652	776.323	776.31
11.0772	775.954	775.94
11.0891	775.584	775.571
11.1011	775.214	775.201
11.113	774.844	774.83
11.1249	774.473	774.459
11.1369	774.101	774.088
11.1488	773.729	773.716
11.1607	773.357	773.344
11.1727	772.985	772.971
11.1846	772.612	772.598
11.1966	772.238	772.225
11.2085	771.864	771.851
11.2204	771.49	771.476
11.2324	771.115	771.102
11.2443	770.74	770.726
11.2562	770.365	770.351
11.2682	769.989	769.975
11.2801	769.612	769.599
11.292	769.236	769.222
11.304	768.859	768.845
11.3159	768.481	768.467
11.3279	768.103	768.09
11.3398	767.725	767.711
11.3517	767.346	767.333
11.3637	766.967	766.954
11.3756	766.588	766.574
11.3875	766.208	766.195
11.3995	765.828	765.814
11.4114	765.448	765.434
11.4233	765.067	765.053
11.4353	764.686	764.672
11.4472	764.304	764.29
11.4592	763.923	763.909
11.4711	763.54	763.526
11.483	763.158	763.144
11.495	762.775	762.761
11.5069	762.392	762.378
11.5188	762.008	761.994
11.5308	761.624	761.61
11.5427	761.24	761.226
11.5546	760.855	760.841
11.5666	760.471	760.457
11.5785	760.085	760.071
11.5905	759.7	759.686
11.6024	759.314	759.3
11.6143	758.928	758.914
11.6263	758.542	758.527
11.6382	758.155	758.141
11.6501	757.768	757.754
11.6621	757.38	757.366
11.674	756.993	756.979
11.686	756.605	756.591
11.6979	756.217	756.202
11.7098	755.828	755.814
11.7218	755.439	755.425
11.7337	755.05	755.036
11.7456	754.661	754.647
11.7576	754.271	754.257
11.7695	753.881	753.867
11.7814	753.491	753.477
11.7934	753.101	753.087
11.8053	752.71	752.696
11.8173	752.319	752.305
11.8292	751.928	751.914
11.8411	751.536	751.522
11.8531	751.145	751.13
11.865	750.753	750.738
11.8769	750.36	750.346
11.8889	749.968	749.954
11.9008	749.575	749.561
11.9127	749.182	749.168
11.9247	748.789	748.775
11.9366	748.396	748.381
11.9486	748.002	747.988
11.9605	747.608	747.594
11.9724	747.214	747.2
11.9844	746.82	746.805
11.9963	746.425	746.411
12.0082	746.03	746.016
12.0202	745.635	745.621
12.0321	745.24	745.226
12.0441	744.845	744.83
12.056	744.449	744.435
12.0679	744.053	744.039
12.0799	743.657	743.643
12.0918	743.261	743.247
12.1037	742.865	742.85
12.1157	742.468	742.453
12.1276	742.071	742.057
12.1395	741.674	741.66
12.1515	741.277	741.262
12.1634	740.88	740.865
12.1754	740.482	740.467
12.1873	740.084	740.07
12.1992	739.686	739.672
12.2112	739.288	739.274
12.2231	738.89	738.875
12.235	738.492	738.477
12.247	738.093	738.078
12.2589	737.694	737.68
12.2708	737.295	737.281
12.2828	736.896	736.882
12.2947	736.497	736.482
12.3067	736.098	736.083
12.3186	735.698	735.683
12.3305	735.298	735.284
12.3425	734.898	734.884
12.3544	734.498	734.484
12.3663	734.098	734.084
12.3783	733.698	733.683
12.3902	733.298	733.283
12.4021	732.897	732.882
12.4141	732.496	732.482
12.426	732.095	732.081
12.438	731.695	731.68
12.4499	731.293	731.279
12.4618	730.892	730.877
12.4738	730.491	730.476
12.4857	730.089	730.075
12.4976	729.688	729.673
12.5096	729.286	729.271
12.5215	728.884	728.87
12.5335	728.482	728.468
12.5454	728.08	728.066
12.5573	727.678	727.663
12.5693	727.276	727.261
12.5812	726.874	726.859
12.5931	726.471	726.456
12.6051	726.069	726.054
12.617	725.666	725.651
12.6289	725.263	725.248
12.6409	724.86	724.846
12.6528	724.457	724.443
12.6648	724.054	724.04
12.6767	723.651	723.636
12.6886	723.248	723.233
12.7006	722.845	722.83
12.7125	722.441	722.427
12.7244	722.038	722.023
12.7364	721.634	721.62
12.7483	721.231	721.216
12.7602	720.827	720.812
12.7722	720.423	720.409
12.7841	720.02	720.005
12.7961	719.616	719.601
12.808	719.212	719.197
12.8199	718.808	718.793
12.8319	718.404	718.389
12.8438	717.999	717.985
12.8557	717.595	717.58
12.8677	717.191	717.176
12.8796	716.787	716.772
12.8916	716.382	716.367
12.9035	715.978	715.963
12.9154	715.573	715.558
12.9274	715.169	715.154
12.9393	714.764	714.749
12.9512	714.36	714.345
12.9632	713.955	713.94
12.9751	713.55	713.535
12.987	713.145	713.131
12.999	712.741	712.726
13.0109	712.336	712.321
13.0229	711.931	711.916
13.0348	711.526	711.511
13.0467	711.121	711.106
13.0587	710.716	710.701
13.0706	710.311	710.296
13.0825	709.906	709.891
13.0945	709.501	709.486
13.1064	709.096	709.081
13.1183	708.691	708.676
13.1303	708.286	708.271
13.1422	707.88	707.866
13.1542	707.475	707.46
13.1661	707.07	707.055
13.178	706.665	706.65
13.19	706.26	706.245
13.2019	705.854	705.839
13.2138	705.449	705.434
13.2258	705.044	705.029
13.2377	704.639	704.624
13.2496	704.233	704.218
13.2616	703.828	703.813
13.2735	703.423	703.408
13.2855	703.017	703.002
13.2974	702.612	702.597
13.3093	702.207	702.192
13.3213	701.801	701.787
13.3332	701.396	701.381
13.3451	700.991	700.976
13.3571	700.585	700.571
13.369	700.18	700.165
13.381	699.775	699.76
13.3929	699.37	699.355
13.4048	698.964	698.949
13.4168	698.559	698.544
13.4287	698.154	698.139
13.4406	697.748	697.734
13.4526	697.343	697.328
13.4645	696.938	696.923
13.4764	696.533	696.518
13.4884	696.128	696.113
13.5003	695.722	695.707
13.5123	695.317	695.302
13.5242	694.912	694.897
13.5361	694.507	694.492
13.5481	694.102	694.087
13.56	693.697	693.682
13.5719	693.292	693.277
13.5839	692.887	692.872
13.5958	692.482	692.467
13.6077	692.077	692.062
13.6197	691.672	691.657
13.6316	691.267	691.252
13.6436	690.862	690.847
13.6555	690.457	690.442
13.6674	690.052	690.037
13.6794	689.647	689.632
13.6913	689.242	689.227
13.7032	688.838	688.823
13.7152	688.433	688.418
13.7271	688.028	688.013
13.7391	687.623	687.609
13.751	687.219	687.204
13.7629	686.814	686.799
13.7749	686.41	686.395
13.7868	686.005	685.99
13.7987	685.601	685.586
13.8107	685.196	685.181
13.8226	684.792	684.777
13.8345	684.387	684.373
13.8465	683.983	683.968
13.8584	683.579	683.564
13.8704	683.175	683.16
13.8823	682.77	682.756
13.8942	682.366	682.351
13.9062	681.962	681.947
13.9181	681.558	681.543
13.93	681.154	681.139
13.942	680.75	680.735
13.9539	680.346	680.331
13.9658	679.942	679.928
13.9778	679.539	679.524
13.9897	679.135	679.12
14.0017	678.731	678.716
14.0136	678.328	678.313
14.0255	677.924	677.909
14.0375	677.52	677.506
14.0494	677.117	677.102
14.0613	676.713	676.699
14.0733	676.31	676.295
14.0852	675.907	675.892
14.0971	675.503	675.489
14.1091	675.1	675.085
14.121	674.697	674.682
14.133	674.294	674.279
14.1449	673.891	673.876
14.1568	673.488	673.473
14.1688	673.085	673.07
14.1807	672.682	672.667
14.1926	672.279	672.264
14.2046	671.876	671.862
14.2165	671.474	671.459
14.2285	671.071	671.056
14.2404	670.668	670.654
14.2523	670.266	670.251
14.2643	669.863	669.849
14.2762	669.461	669.446
14.2881	669.059	669.044
14.3001	668.656	668.642
14.312	668.254	668.239
14.3239	667.852	667.837
14.3359	667.45	667.435
14.3478	667.048	667.033
14.3598	666.646	666.631
14.3717	666.244	666.229
14.3836	665.842	665.827
14.3956	665.44	665.426
14.4075	665.039	665.024
14.4194	664.637	664.622
14.4314	664.235	664.221
14.4433	663.834	663.819
14.4552	663.432	663.418
14.4672	663.031	663.016
14.4791	662.63	662.615
14.4911	662.229	662.214
14.503	661.827	661.813
14.5149	661.426	661.411
14.5269	661.025	661.01
14.5388	660.624	660.609
14.5507	660.223	660.208
14.5627	659.822	659.808
14.5746	659.422	659.407
14.5866	659.021	659.006
14.5985	658.62	658.605
14.6104	658.22	658.205
14.6224	657.819	657.804
14.6343	657.419	657.404
14.6462	657.018	657.004
14.6582	656.618	656.603
14.6701	656.218	656.203
14.682	655.818	655.803
14.694	655.418	655.403
14.7059	655.018	655.003
14.7179	654.618	654.603
14.7298	654.218	654.203
14.7417	653.818	653.803
14.7537	653.418	653.403
14.7656	653.018	653.004
14.7775	652.619	652.604
14.7895	652.219	652.205
14.8014	651.82	651.805
14.8133	651.42	651.406
14.8253	651.021	651.006
14.8372	650.622	650.607
14.8492	650.223	650.208
14.8611	649.824	649.809
14.873	649.425	649.41
14.885	649.026	649.011
14.8969	648.627	648.612
14.9088	648.228	648.213
14.9208	647.829	647.814
14.9327	647.43	647.416
14.9446	647.032	647.017
14.9566	646.633	646.618
14.9685	646.235	646.22
14.9805	645.836	645.822
14.9924	645.438	645.423
15.0043	645.04	645.025
15.0163	644.641	644.627
15.0282	644.243	644.229
15.0401	643.845	643.831
15.0521	643.447	643.433
15.064	643.049	643.035
15.076	642.651	642.637
15.0879	642.254	642.239
15.0998	641.856	641.841
15.1118	641.458	641.444
15.1237	641.061	641.046
15.1356	640.663	640.649
15.1476	640.266	640.251
15.1595	639.868	639.854
15.1714	639.471	639.456
15.1834	639.074	639.059
15.1953	638.677	638.662
15.2073	638.28	638.265
15.2192	637.883	637.868
15.2311	637.486	637.471
15.2431	637.089	637.074
15.255	636.692	636.677
15.2669	636.295	636.28
15.2789	635.898	635.884
15.2908	635.502	635.487
15.3027	635.105	635.091
15.3147	634.709	634.694
15.3266	634.312	634.298
15.3386	633.916	633.901
15.3505	633.52	633.505
15.3624	633.123	633.109
15.3744	632.727	632.713
15.3863	632.331	632.317
15.3982	631.935	631.921
15.4102	631.539	631.525
15.4221	631.143	631.129
15.4341	630.748	630.733
15.446	630.352	630.337
15.4579	629.956	629.942
15.4699	629.561	629.546
15.4818	629.165	629.15
15.4937	628.77	628.755
15.5057	628.374	628.36
15.5176	627.979	627.964
15.5295	627.583	627.569
15.5415	627.188	627.174
15.5534	626.793	626.778
15.5654	626.398	626.383
15.5773	626.003	625.988
15.5892	625.608	625.593
15.6012	625.213	625.198
15.6131	624.818	624.804
15.625	624.423	624.409
15.637	624.029	624.014
15.6489	623.634	623.619
15.6608	623.239	623.225
15.6728	622.845	622.83
15.6847	622.45	622.436
15.6967	622.056	622.041
15.7086	621.662	621.647
15.7205	621.267	621.253
15.7325	620.873	620.859
15.7444	620.479	620.464
15.7563	620.085	620.07
15.7683	619.691	619.676
15.7802	619.297	619.282
15.7921	618.903	618.888
15.8041	618.509	618.495
15.816	618.115	618.101
15.828	617.722	617.707
15.8399	617.328	617.313
15.8518	616.934	616.92
15.8638	616.541	616.526
15.8757	616.147	616.133
15.8876	615.754	615.739
15.8996	615.36	615.346
15.9115	614.967	614.953
15.9235	614.574	614.559
15.9354	614.181	614.166
15.9473	613.787	613.773
15.9593	613.394	613.38
15.9712	613.001	612.987
15.9831	612.608	612.594
15.9951	612.215	612.201
16.007	611.822	611.808
16.0189	611.43	611.415
16.0309	611.037	611.022
16.0428	610.644	610.63
16.0548	610.252	610.237
16.0667	609.859	609.845
16.0786	609.466	609.452
16.0906	609.074	609.059
16.1025	608.682	608.667
16.1144	608.289	608.275
16.1264	607.897	607.882
16.1383	607.505	607.49
16.1502	607.112	607.098
16.1622	606.72	606.706
16.1741	606.328	606.314
16.1861	605.936	605.922
16.198	605.544	605.53
16.2099	605.152	605.138
16.2219	604.76	604.746
16.2338	604.368	604.354
16.2457	603.977	603.962
16.2577	603.585	603.57
16.2696	603.193	603.179
16.2816	602.802	602.787
16.2935	602.41	602.396
16.3054	602.018	602.004
16.3174	601.627	601.613
16.3293	601.236	601.221
16.3412	600.844	600.83
16.3532	600.453	600.439
16.3651	600.062	600.047
16.377	599.67	599.656
16.389	599.279	599.265
16.4009	598.888	598.874
16.4129	598.497	598.483
16.4248	598.106	598.092
16.4367	597.715	597.701
16.4487	597.324	597.31
16.4606	596.933	596.919
16.4725	596.542	596.528
16.4845	596.152	596.137
16.4964	595.761	595.747
16.5083	595.37	595.356
16.5203	594.98	594.965
16.5322	594.589	594.575
16.5442	594.199	594.184
16.5561	593.808	593.794
16.568	593.418	593.403
16.58	593.027	593.013
16.5919	592.637	592.623
16.6038	592.247	592.232
16.6158	591.856	591.842
16.6277	591.466	591.452
16.6396	591.076	591.062
16.6516	590.686	590.672
16.6635	590.296	590.281
16.6755	589.906	589.891
16.6874	589.516	589.501
16.6993	589.126	589.112
16.7113	588.736	588.722
16.7232	588.346	588.332
16.7351	587.956	587.942
16.7471	587.567	587.552
16.759	587.177	587.163
16.771	586.787	586.773
16.7829	586.398	586.383
16.7948	586.008	585.994
16.8068	585.619	585.604
16.8187	585.229	585.215
16.8306	584.84	584.825
16.8426	584.45	584.436
16.8545	584.061	584.047
16.8664	583.672	583.657
16.8784	583.282	583.268
16.8903	582.893	582.879
16.9023	582.504	582.49
16.9142	582.115	582.101
16.9261	581.726	581.711
16.9381	581.337	581.322
16.95	580.948	580.933
16.9619	580.559	580.544
16.9739	580.17	580.156
16.9858	579.781	579.767
16.9977	579.392	579.378
17.0097	579.003	578.989
17.0216	578.615	578.6
17.0336	578.226	578.212
17.0455	577.837	577.823
17.0574	577.449	577.434
17.0694	577.06	577.046
17.0813	576.672	576.657
17.0932	576.283	576.269
17.1052	575.895	575.88
17.1171	575.506	575.492
17.1291	575.118	575.104
17.141	574.73	574.715
17.1529	574.341	574.327
17.1649	573.953	573.939
17.1768	573.565	573.551
17.1887	573.177	573.162
17.2007	572.789	572.774
17.2126	572.401	572.386
17.2245	572.013	571.998
17.2365	571.625	571.61
17.2484	571.237	571.222
17.2604	570.849	570.834
17.2723	570.461	570.447
17.2842	570.073	570.059
17.2962	569.685	569.671
17.3081	569.298	569.283
17.32	568.91	568.896
17.332	568.522	568.508
17.3439	568.135	568.12
17.3558	567.747	567.733
17.3678	567.36	567.345
17.3797	566.972	566.958
17.3917	566.585	566.57
17.4036	566.197	566.183
17.4155	565.81	565.796
17.4275	565.423	565.408
17.4394	565.035	565.021
17.4513	564.648	564.634
17.4633	564.261	564.247
17.4752	563.874	563.859
17.4871	563.487	563.472
17.4991	563.1	563.085
17.511	562.713	562.698
17.523	562.326	562.311
17.5349	561.939	561.924
17.5468	561.552	561.537
17.5588	561.165	561.151
17.5707	560.778	560.764
17.5826	560.391	560.377
17.5946	560.005	559.99
17.6065	559.618	559.604
17.6185	559.231	559.217
17.6304	558.845	558.83
17.6423	558.458	558.444
17.6543	558.072	558.057
17.6662	557.685	557.671
17.6781	557.299	557.284
17.6901	556.912	556.898
17.702	556.526	556.512
17.7139	556.14	556.125
17.7259	555.753	555.739
17.7378	555.367	555.353
17.7498	554.981	554.967
17.7617	554.595	554.581
17.7736	554.209	554.195
17.7856	553.823	553.809
17.7975	553.437	553.423
17.8094	553.051	553.037
17.8214	552.665	552.651
17.8333	552.279	552.265
17.8452	551.893	551.879
17.8572	551.507	551.493
17.8691	551.122	551.108
17.8811	550.736	550.722
17.893	550.35	550.336
17.9049	549.965	549.951
17.9169	549.579	549.565
17.9288	549.194	549.18
17.9407	548.808	548.794
17.9527	548.423	548.409
17.9646	548.038	548.023
17.9766	547.652	547.638
17.9885	547.267	547.253
18.0004	546.882	546.868
18.0124	546.497	546.482
18.0243	546.111	546.097
18.0362	545.726	545.712
18.0482	545.341	545.327
18.0601	544.956	544.942
18.072	544.571	544.557
18.084	544.187	544.172
18.0959	543.802	543.788
18.1079	543.417	543.403
18.1198	543.032	543.018
18.1317	542.647	542.633
18.1437	542.263	542.249
18.1556	541.878	541.864
18.1675	541.494	541.48
18.1795	541.109	541.095
18.1914	540.725	540.711
18.2033	540.34	540.326
18.2153	539.956	539.942
18.2272	539.572	539.558
18.2392	539.187	539.173
18.2511	538.803	538.789
18.263	538.419	538.405
18.275	538.035	538.021
18.2869	537.651	537.637
18.2988	537.267	537.253
18.3108	536.883	536.869
18.3227	536.499	536.485
18.3346	536.115	536.101
18.3466	535.732	535.717
18.3585	535.348	535.334
18.3705	534.964	534.95
18.3824	534.581	534.566
18.3943	534.197	534.183
18.4063	533.814	533.799
18.4182	533.43	533.416
18.4301	533.047	533.033
18.4421	532.663	532.649
18.454	532.28	532.266
18.466	531.897	531.883
18.4779	531.514	531.5
18.4898	531.131	531.116
18.5018	530.748	530.733
18.5137	530.365	530.35
18.5256	529.982	529.967
18.5376	529.599	529.585
18.5495	529.216	529.202
18.5614	528.833	528.819
18.5734	528.45	528.436
18.5853	528.068	528.054
18.5973	527.685	527.671
18.6092	527.303	527.289
18.6211	526.92	526.906
18.6331	526.538	526.524
18.645	526.156	526.141
18.6569	525.773	525.759
18.6689	525.391	525.377
18.6808	525.009	524.995
18.6927	524.627	524.613
18.7047	524.245	524.231
18.7166	523.863	523.849
18.7286	523.481	523.467
18.7405	523.099	523.085
18.7524	522.717	522.703
18.7644	522.336	522.322
18.7763	521.954	521.94
18.7882	521.573	521.558
18.8002	521.191	521.177
18.8121	520.81	520.796
18.8241	520.428	520.414
18.836	520.047	520.033
18.8479	519.666	519.652
18.8599	519.285	519.271
18.8718	518.904	518.89
18.8837	518.523	518.509
18.8957	518.142	518.128
18.9076	517.761	517.747
18.9195	517.38	517.366
18.9315	516.999	516.985
18.9434	516.619	516.605
18.9554	516.238	516.224
18.9673	515.858	515.844
18.9792	515.477	515.463
18.9912	515.097	515.083
19.0031	514.717	514.702
19.015	514.336	514.322
19.027	513.956	513.942
19.0389	513.576	513.562
19.0508	513.196	513.182
19.0628	512.816	512.802
19.0747	512.436	512.422
19.0867	512.057	512.043
19.0986	511.677	511.663
19.1105	511.297	511.283
19.1225	510.918	510.904
19.1344	510.539	510.525
19.1463	510.159	510.145
19.1583	509.78	509.766
19.1702	509.401	509.387
19.1821	509.022	509.008
19.1941	508.643	508.629
19.206	508.264	508.25
19.218	507.885	507.871
19.2299	507.506	507.492
19.2418	507.128	507.114
19.2538	506.749	506.735
19.2657	506.371	506.357
19.2776	505.992	505.978
19.2896	505.614	505.6
19.3015	505.236	505.222
19.3135	504.857	504.843
19.3254	504.479	504.465
19.3373	504.101	504.087
19.3493	503.724	503.71
19.3612	503.346	503.332
19.3731	502.968	502.954
19.3851	502.591	502.577
19.397	502.213	502.199
19.4089	501.836	501.822
19.4209	501.458	501.444
19.4328	501.081	501.067
19.4448	500.704	500.69
19.4567	500.327	500.313
19.4686	499.95	499.936
19.4806	499.573	499.559
19.4925	499.197	499.183
19.5044	498.82	498.806
19.5164	498.443	498.429
19.5283	498.067	498.053
19.5402	497.691	497.677
19.5522	497.314	497.301
19.5641	496.938	496.924
19.5761	496.562	496.548
19.588	496.186	496.172
19.5999	495.811	495.797
19.6119	495.435	495.421
19.6238	495.059	495.045
19.6357	494.684	494.67
19.6477	494.308	494.295
19.6596	493.933	493.919
19.6716	493.558	493.544
19.6835	493.183	493.169
19.6954	492.808	492.794
19.7074	492.433	492.419
19.7193	492.058	492.045
19.7312	491.684	491.67
19.7432	491.309	491.295
19.7551	490.935	490.921
19.767	490.561	490.547
19.779	490.186	490.173
19.7909	489.812	489.799
19.8029	489.439	489.425
19.8148	489.065	489.051
19.8267	488.691	488.677
19.8387	488.317	488.304
19.8506	487.944	487.93
19.8625	487.571	487.557
19.8745	487.197	487.184
19.8864	486.824	486.811
19.8983	486.451	486.438
19.9103	486.079	486.065
19.9222	485.706	485.692
19.9342	485.333	485.319
19.9461	484.961	484.947
19.958	484.588	484.575
19.97	484.216	484.202
19.9819	483.844	483.83
19.9938	483.472	483.458
20.0058	483.1	483.087
20.0177	482.729	482.715
20.0296	482.357	482.343
20.0416	481.986	481.972
20.0535	481.614	481.601
20.0655	481.243	481.229
20.0774	480.872	480.858
20.0893	480.501	480.488
20.1013	480.131	480.117
20.1132	479.76	479.746
20.1251	479.389	479.376
20.1371	479.019	479.005
20.149	478.649	478.635
20.161	478.279	478.265
20.1729	477.909	477.895
20.1848	477.539	477.525
20.1968	477.169	477.156
20.2087	476.8	476.786
20.2206	476.431	476.417
20.2326	476.061	476.048
20.2445	475.692	475.679
20.2564	475.323	475.31
20.2684	474.955	474.941
20.2803	474.586	474.572
20.2923	474.218	474.204
20.3042	473.849	473.836
20.3161	473.481	473.467
20.3281	473.113	473.099
20.34	472.745	472.732
20.3519	472.377	472.364
20.3639	472.01	471.996
20.3758	471.643	471.629
20.3877	471.275	471.262
20.3997	470.908	470.895
20.4116	470.541	470.528
20.4236	470.175	470.161
20.4355	469.808	469.794
20.4474	469.441	469.428
20.4594	469.075	469.062
20.4713	468.709	468.696
20.4832	468.343	468.33
20.4952	467.977	467.964
20.5071	467.612	467.598
20.5191	467.246	467.233
20.531	466.881	466.867
20.5429	466.516	466.502
20.5549	466.151	466.137
20.5668	465.786	465.773
20.5787	465.422	465.408
20.5907	465.057	465.044
20.6026	464.693	464.679
20.6145	464.329	464.315
20.6265	463.965	463.951
20.6384	463.601	463.588
20.6504	463.238	463.224
20.6623	462.874	462.861
20.6742	462.511	462.497
20.6862	462.148	462.134
20.6981	461.785	461.772
20.71	461.422	461.409
20.722	461.06	461.046
20.7339	460.698	460.684
20.7458	460.336	460.322
20.7578	459.974	459.96
20.7697	459.612	459.598
20.7817	459.25	459.237
20.7936	458.889	458.876
20.8055	458.528	458.514
20.8175	458.167	458.153
20.8294	457.806	457.793
20.8413	457.445	457.432
20.8533	457.085	457.072
20.8652	456.725	456.711
20.8771	456.365	456.351
20.8891	456.005	455.992
20.901	455.645	455.632
20.913	455.286	455.273
20.9249	454.927	454.913
20.9368	454.568	454.554
20.9488	454.209	454.196
20.9607	453.85	453.837
20.9726	453.492	453.479
20.9846	453.134	453.12
20.9965	452.776	452.763
21.0085	452.418	452.405
21.0204	452.06	452.047
21.0323	451.703	451.69
21.0443	451.346	451.333
21.0562	450.989	450.976
21.0681	450.632	450.619
21.0801	450.276	450.262
21.092	449.919	449.906
21.1039	449.563	449.55
21.1159	449.207	449.194
21.1278	448.852	448.839
21.1398	448.496	448.483
21.1517	448.141	448.128
21.1636	447.786	447.773
21.1756	447.431	447.418
21.1875	447.077	447.064
21.1994	446.723	446.709
21.2114	446.368	446.355
21.2233	446.015	446.001
21.2352	445.661	445.648
21.2472	445.308	445.294
21.2591	444.954	444.941
21.2711	444.601	444.588
21.283	444.249	444.236
21.2949	443.896	443.883
21.3069	443.544	443.531
21.3188	443.192	443.179
21.3307	442.84	442.827
21.3427	442.489	442.475
21.3546	442.137	442.124
21.3666	441.786	441.773
21.3785	441.435	441.422
21.3904	441.085	441.072
21.4024	440.734	440.721
21.4143	440.384	440.371
21.4262	440.034	440.021
21.4382	439.685	439.672
21.4501	439.335	439.322
21.462	438.986	438.973
21.474	438.637	438.624
21.4859	438.289	438.276
21.4979	437.941	437.928
21.5098	437.592	437.579
21.5217	437.245	437.232
21.5337	436.897	436.884
21.5456	436.55	436.537
21.5575	436.202	436.19
21.5695	435.856	435.843
21.5814	435.509	435.496
21.5933	435.163	435.15
21.6053	434.817	434.804
21.6172	434.471	434.458
21.6292	434.125	434.113
21.6411	433.78	433.767
21.653	433.435	433.422
21.665	433.09	433.078
21.6769	432.746	432.733
21.6888	432.402	432.389
21.7008	432.058	432.045
21.7127	431.714	431.701
21.7246	431.371	431.358
21.7366	431.028	431.015
21.7485	430.685	430.672
21.7605	430.342	430.33
21.7724	430	429.987
21.7843	429.658	429.645
21.7963	429.316	429.304
21.8082	428.975	428.962
21.8201	428.634	428.621
21.8321	428.293	428.28
21.844	427.952	427.94
21.856	427.612	427.6
21.8679	427.272	427.26
21.8798	426.932	426.92
21.8918	426.593	426.58
21.9037	426.254	426.241
21.9156	425.915	425.902
21.9276	425.577	425.564
21.9395	425.238	425.226
21.9514	424.9	424.888
21.9634	424.563	424.55
21.9753	424.225	424.213
21.9873	423.888	423.876
21.9992	423.551	423.539
22.0111	423.215	423.202
22.0231	422.879	422.866
22.035	422.543	422.53
22.0469	422.207	422.195
22.0589	421.872	421.86
22.0708	421.537	421.525
22.0827	421.203	421.19
22.0947	420.868	420.856
22.1066	420.534	420.522
22.1186	420.2	420.188
22.1305	419.867	419.855
22.1424	419.534	419.522
22.1544	419.201	419.189
22.1663	418.869	418.856
22.1782	418.537	418.524
22.1902	418.205	418.192
22.2021	417.873	417.861
22.2141	417.542	417.53
22.226	417.211	417.199
22.2379	416.881	416.868
22.2499	416.551	416.538
22.2618	416.221	416.208
22.2737	415.891	415.879
22.2857	415.562	415.55
22.2976	415.233	415.221
22.3095	414.904	414.892
22.3215	414.576	414.564
22.3334	414.248	414.236
22.3454	413.921	413.908
22.3573	413.593	413.581
22.3692	413.267	413.254
22.3812	412.94	412.928
22.3931	412.614	412.602
22.405	412.288	412.276
22.417	411.962	411.95
22.4289	411.637	411.625
22.4408	411.312	411.3
22.4528	410.988	410.976
22.4647	410.664	410.651
22.4767	410.34	410.328
22.4886	410.016	410.004
22.5005	409.693	409.681
22.5125	409.37	409.358
22.5244	409.048	409.036
22.5363	408.726	408.714
22.5483	408.404	408.392
22.5602	408.083	408.071
22.5721	407.762	407.75
22.5841	407.441	407.429
22.596	407.121	407.109
22.608	406.801	406.789
22.6199	406.481	406.469
22.6318	406.162	406.15
22.6438	405.843	405.831
22.6557	405.525	405.513
22.6676	405.206	405.194
22.6796	404.889	404.877
22.6915	404.571	404.559
22.7035	404.254	404.242
22.7154	403.938	403.926
22.7273	403.621	403.609
22.7393	403.305	403.293
22.7512	402.99	402.978
22.7631	402.675	402.663
22.7751	402.36	402.348
22.787	402.045	402.033
22.7989	401.731	401.719
22.8109	401.418	401.406
22.8228	401.104	401.093
22.8348	400.791	400.78
22.8467	400.479	400.467
22.8586	400.167	400.155
22.8706	399.855	399.843
22.8825	399.543	399.532
22.8944	399.232	399.221
22.9064	398.922	398.91
22.9183	398.612	398.6
22.9302	398.302	398.29
22.9422	397.992	397.981
22.9541	397.683	397.672
22.9661	397.375	397.363
22.978	397.066	397.055
22.9899	396.758	396.747
23.0019	396.451	396.439
23.0138	396.144	396.132
23.0257	395.837	395.826
23.0377	395.531	395.519
23.0496	395.225	395.214
23.0616	394.92	394.908
23.0735	394.615	394.603
23.0854	394.31	394.298
23.0974	394.006	393.994
23.1093	393.702	393.69
23.1212	393.398	393.387
23.1332	393.095	393.084
23.1451	392.793	392.781
23.157	392.49	392.479
23.169	392.188	392.177
23.1809	391.887	391.876
23.1929	391.586	391.575
23.2048	391.285	391.274
23.2167	390.985	390.974
23.2287	390.686	390.674
23.2406	390.386	390.375
23.2525	390.087	390.076
23.2645	389.789	389.778
23.2764	389.491	389.479
23.2883	389.193	389.182
23.3003	388.896	388.885
23.3122	388.599	388.588
23.3242	388.303	388.291
23.3361	388.007	387.995
23.348	387.711	387.7
23.36	387.416	387.405
23.3719	387.121	387.11
23.3838	386.827	386.816
23.3958	386.533	386.522
23.4077	386.24	386.229
23.4196	385.947	385.936
23.4316	385.654	385.643
23.4435	385.362	385.351
23.4555	385.071	385.06
23.4674	384.779	384.768
23.4793	384.489	384.478
23.4913	384.198	384.187
23.5032	383.908	383.897
23.5151	383.619	383.608
23.5271	383.33	383.319
23.539	383.041	383.03
23.551	382.753	382.742
23.5629	382.465	382.455
23.5748	382.178	382.167
23.5868	381.891	381.881
23.5987	381.605	381.594
23.6106	381.319	381.308
23.6226	381.034	381.023
23.6345	380.749	380.738
23.6464	380.464	380.454
23.6584	380.18	380.17
23.6703	379.897	379.886
23.6823	379.615	379.604
23.6942	379.333	379.322
23.7061	379.053	379.041
23.7181	378.774	378.763
23.73	378.498	378.486
23.7419	378.225	378.213
23.7539	377.957	377.944
23.7658	377.697	377.682
23.7777	377.446	377.43
23.7897	377.208	377.191
23.8016	376.988	376.969
23.8136	376.789	376.769
23.8255	376.618	376.596
23.8374	376.478	376.454
23.8494	376.375	376.349
23.8613	376.311	376.285
23.8732	376.29	376.263
