0	872.996	872.999
0.0119366	872.996	872.999
0.0238732	872.996	872.999
0.0358099	872.996	872.999
0.0477465	872.996	872.999
0.0596831	872.995	872.999
0.0716197	872.995	872.999
0.0835563	872.995	872.999
0.095493	872.995	872.999
0.10743	872.995	872.999
0.119366	872.995	872.999
0.131303	872.994	872.999
0.143239	872.994	872.999
0.155176	872.994	872.998
0.167113	872.994	872.998
0.179049	872.994	872.998
0.190986	872.994	872.998
0.202923	872.993	872.998
0.214859	872.993	872.998
0.226796	872.993	872.998
0.238732	872.993	872.998
0.250669	872.993	872.998
0.262606	872.992	872.998
0.274542	872.992	872.998
0.286479	872.992	872.998
0.298416	872.992	872.998
0.310352	872.991	872.998
0.322289	872.991	872.998
0.334225	872.991	872.998
0.346162	872.991	872.997
0.358099	872.99	872.997
0.370035	872.99	872.997
0.381972	872.99	872.997
0.393908	872.99	872.997
0.405845	872.989	872.997
0.417782	872.989	872.997
0.429718	872.989	872.997
0.441655	872.988	872.997
0.453592	872.988	872.997
0.465528	872.988	872.997
0.477465	872.987	872.996
0.489401	872.987	872.996
0.501338	872.987	872.996
0.513275	872.986	872.996
0.525211	872.986	872.996
0.537148	872.986	872.996
0.549085	872.985	872.996
0.561021	872.985	872.996
0.572958	872.984	872.995
0.584894	872.984	872.995
0.596831	872.984	872.995
0.608768	872.983	872.995
0.620704	872.983	872.995
0.632641	872.982	872.995
0.644578	872.982	872.995
0.656514	872.981	872.994
0.668451	872.981	872.994
0.680387	872.98	872.994
0.692324	872.98	872.994
0.704261	872.979	872.994
0.716197	872.979	872.994
0.728134	872.978	872.993
0.74007	872.978	872.993
0.752007	872.977	872.993
0.763944	872.976	872.993
0.77588	872.976	872.993
0.787817	872.975	872.992
0.799754	872.975	872.992
0.81169	872.974	872.992
0.823627	872.973	872.992
0.835563	872.973	872.991
0.8475	872.972	872.991
0.859437	872.971	872.991
0.871373	872.971	872.991
0.88331	872.97	872.99
0.895247	872.969	872.99
0.907183	872.968	872.99
0.91912	872.967	872.99
0.931056	872.967	872.989
0.942993	872.966	872.989
0.95493	872.965	872.989
0.966866	872.964	872.988
0.978803	872.963	872.988
0.99074	872.962	872.988
1.00268	872.962	872.987
1.01461	872.961	872.987
1.02655	872.96	872.987
1.03849	872.959	872.986
1.05042	872.958	872.986
1.06236	872.957	872.986
1.0743	872.956	872.985
1.08623	872.955	872.985
1.09817	872.954	872.985
1.11011	872.953	872.984
1.12204	872.952	872.984
1.13398	872.95	872.983
1.14592	872.949	872.983
1.15785	872.948	872.982
1.16979	872.947	872.982
1.18173	872.946	872.982
1.19366	872.944	872.981
1.2056	872.943	872.981
1.21754	872.942	872.98
1.22947	872.941	872.98
1.24141	872.939	872.979
1.25335	872.938	872.979
1.26528	872.937	872.978
1.27722	872.935	872.977
1.28916	872.934	872.977
1.30109	872.932	872.976
1.31303	872.931	872.976
1.32496	872.929	872.975
1.3369	872.928	872.975
1.34884	872.926	872.974
1.36077	872.924	872.973
1.37271	872.923	872.973
1.38465	872.921	872.972
1.39658	872.919	872.971
1.40852	872.918	872.971
1.42046	872.916	872.97
1.43239	872.914	872.969
1.44433	872.912	872.968
1.45627	872.91	872.968
1.4682	872.908	872.967
1.48014	872.906	872.966
1.49208	872.905	872.965
1.50401	872.902	872.964
1.51595	872.9	872.964
1.52789	872.898	872.963
1.53982	872.896	872.962
1.55176	872.894	872.961
1.5637	872.892	872.96
1.57563	872.89	872.959
1.58757	872.887	872.958
1.59951	872.885	872.957
1.61144	872.883	872.956
1.62338	872.88	872.955
1.63532	872.878	872.954
1.64725	872.875	872.953
1.65919	872.873	872.952
1.67113	872.87	872.951
1.68306	872.867	872.95
1.695	872.865	872.949
1.70694	872.862	872.948
1.71887	872.859	872.946
1.73081	872.856	872.945
1.74275	872.854	872.944
1.75468	872.851	872.943
1.76662	872.848	872.941
1.77856	872.845	872.94
1.79049	872.842	872.939
1.80243	872.838	872.938
1.81437	872.835	872.936
1.8263	872.832	872.935
1.83824	872.829	872.933
1.85018	872.825	872.932
1.86211	872.822	872.93
1.87405	872.819	872.929
1.88599	872.815	872.927
1.89792	872.812	872.926
1.90986	872.808	872.924
1.9218	872.804	872.923
1.93373	872.8	872.921
1.94567	872.797	872.919
1.95761	872.793	872.917
1.96954	872.789	872.916
1.98148	872.785	872.914
1.99342	872.781	872.912
2.00535	872.777	872.91
2.01729	872.772	872.908
2.02923	872.768	872.907
2.04116	872.764	872.905
2.0531	872.759	872.903
2.06504	872.755	872.901
2.07697	872.75	872.898
2.08891	872.746	872.896
2.10085	872.741	872.894
2.11278	872.736	872.892
2.12472	872.732	872.89
2.13666	872.727	872.888
2.14859	872.722	872.885
2.16053	872.717	872.883
2.17246	872.711	872.881
2.1844	872.706	872.878
2.19634	872.701	872.876
2.20827	872.695	872.873
2.22021	872.69	872.871
2.23215	872.684	872.868
2.24408	872.679	872.866
2.25602	872.673	872.863
2.26796	872.667	872.86
2.27989	872.661	872.857
2.29183	872.655	872.855
2.30377	872.649	872.852
2.3157	872.643	872.849
2.32764	872.637	872.846
2.33958	872.63	872.843
2.35151	872.624	872.84
2.36345	872.617	872.837
2.37539	872.611	872.833
2.38732	872.604	872.83
2.39926	872.597	872.827
2.4112	872.59	872.824
2.42313	872.583	872.82
2.43507	872.576	872.817
2.44701	872.569	872.813
2.45894	872.561	872.81
2.47088	872.554	872.806
2.48282	872.546	872.802
2.49475	872.539	872.799
2.50669	872.531	872.795
2.51863	872.523	872.791
2.53056	872.515	872.787
2.5425	872.507	872.783
2.55444	872.498	872.779
2.56637	872.49	872.775
2.57831	872.481	872.771
2.59025	872.473	872.767
2.60218	872.464	872.762
2.61412	872.455	872.758
2.62606	872.446	872.753
2.63799	872.437	872.749
2.64993	872.428	872.744
2.66187	872.419	872.74
2.6738	872.409	872.735
2.68574	872.399	872.73
2.69768	872.39	872.725
2.70961	872.38	872.72
2.72155	872.37	872.715
2.73349	872.36	872.71
2.74542	872.349	872.705
2.75736	872.339	872.7
2.7693	872.328	872.694
2.78123	872.317	872.689
2.79317	872.307	872.683
2.80511	872.296	872.678
2.81704	872.284	872.672
2.82898	872.273	872.666
2.84092	872.262	872.66
2.85285	872.25	872.654
2.86479	872.238	872.648
2.87673	872.226	872.642
2.88866	872.214	872.636
2.9006	872.202	872.63
2.91254	872.189	872.623
2.92447	872.177	872.617
2.93641	872.164	872.61
2.94835	872.151	872.603
2.96028	872.138	872.597
2.97222	872.125	872.59
2.98416	872.111	872.583
2.99609	872.098	872.576
3.00803	872.084	872.568
3.01997	872.07	872.561
3.0319	872.056	872.554
3.04384	872.042	872.546
3.05577	872.027	872.538
3.06771	872.013	872.531
3.07965	871.998	872.523
3.09158	871.983	872.515
3.10352	871.968	872.507
3.11546	871.952	872.499
3.12739	871.937	872.49
3.13933	871.921	872.482
3.15127	871.905	872.473
3.1632	871.889	872.465
3.17514	871.872	872.456
3.18708	871.856	872.447
3.19901	871.839	872.438
3.21095	871.822	872.429
3.22289	871.805	872.419
3.23482	871.787	872.41
3.24676	871.769	872.4
3.2587	871.752	872.391
3.27063	871.734	872.381
3.28257	871.715	872.371
3.29451	871.697	872.361
3.30644	871.678	872.351
3.31838	871.659	872.34
3.33032	871.64	872.33
3.34225	871.62	872.319
3.35419	871.601	872.308
3.36613	871.581	872.298
3.37806	871.561	872.286
3.39	871.541	872.275
3.40194	871.52	872.264
3.41387	871.499	872.252
3.42581	871.478	872.241
3.43775	871.457	872.229
3.44968	871.435	872.217
3.46162	871.413	872.205
3.47356	871.391	872.192
3.48549	871.369	872.18
3.49743	871.347	872.167
3.50937	871.324	872.155
3.5213	871.301	872.142
3.53324	871.277	872.129
3.54518	871.254	872.115
3.55711	871.23	872.102
3.56905	871.206	872.088
3.58099	871.181	872.074
3.59292	871.157	872.06
3.60486	871.132	872.046
3.6168	871.106	872.032
3.62873	871.081	872.017
3.64067	871.055	872.003
3.65261	871.029	871.988
3.66454	871.003	871.973
3.67648	870.976	871.958
3.68842	870.949	871.942
3.70035	870.922	871.926
3.71229	870.894	871.911
3.72423	870.866	871.895
3.73616	870.838	871.878
3.7481	870.81	871.862
3.76004	870.781	871.845
3.77197	870.752	871.828
3.78391	870.722	871.811
3.79585	870.693	871.794
3.80778	870.663	871.777
3.81972	870.632	871.759
3.83166	870.602	871.741
3.84359	870.571	871.723
3.85553	870.539	871.705
3.86747	870.508	871.686
3.8794	870.476	871.667
3.89134	870.443	871.649
3.90327	870.411	871.629
3.91521	870.378	871.61
3.92715	870.345	871.59
3.93908	870.311	871.57
3.95102	870.277	871.55
3.96296	870.242	871.53
3.97489	870.208	871.509
3.98683	870.173	871.488
3.99877	870.137	871.467
4.0107	870.101	871.446
4.02264	870.065	871.424
4.03458	870.029	871.403
4.04651	869.992	871.381
4.05845	869.954	871.358
4.07039	869.917	871.336
4.08232	869.879	871.313
4.09426	869.84	871.29
4.1062	869.802	871.266
4.11813	869.762	871.243
4.13007	869.723	871.219
4.14201	869.683	871.195
4.15394	869.643	871.17
4.16588	869.602	871.146
4.17782	869.561	871.121
4.18975	869.519	871.095
4.20169	869.477	871.07
4.21363	869.435	871.044
4.22556	869.392	871.018
4.2375	869.349	870.992
4.24944	869.305	870.965
4.26137	869.261	870.938
4.27331	869.217	870.911
4.28525	869.172	870.883
4.29718	869.127	870.855
4.30912	869.081	870.827
4.32106	869.035	870.799
4.33299	868.988	870.77
4.34493	868.941	870.741
4.35687	868.894	870.711
4.3688	868.846	870.682
4.38074	868.798	870.652
4.39268	868.749	870.621
4.40461	868.7	870.591
4.41655	868.65	870.56
4.42849	868.6	870.528
4.44042	868.549	870.497
4.45236	868.498	870.465
4.4643	868.446	870.432
4.47623	868.394	870.4
4.48817	868.342	870.367
4.50011	868.289	870.333
4.51204	868.235	870.3
4.52398	868.181	870.266
4.53592	868.127	870.231
4.54785	868.072	870.197
4.55979	868.017	870.161
4.57173	867.961	870.126
4.58366	867.904	870.09
4.5956	867.847	870.054
4.60754	867.79	870.018
4.61947	867.732	869.981
4.63141	867.674	869.943
4.64335	867.615	869.906
4.65528	867.555	869.868
4.66722	867.495	869.829
4.67916	867.435	869.791
4.69109	867.374	869.751
4.70303	867.312	869.712
4.71497	867.25	869.672
4.7269	867.188	869.632
4.73884	867.125	869.591
4.75078	867.061	869.55
4.76271	866.997	869.508
4.77465	866.932	869.466
4.78658	866.867	869.424
4.79852	866.801	869.381
4.81046	866.734	869.338
4.82239	866.668	869.294
4.83433	866.6	869.251
4.84627	866.532	869.206
4.8582	866.463	869.161
4.87014	866.394	869.116
4.88208	866.324	869.07
4.89401	866.254	869.024
4.90595	866.183	868.978
4.91789	866.111	868.931
4.92982	866.039	868.883
4.94176	865.967	868.835
4.9537	865.893	868.787
4.96563	865.819	868.738
4.97757	865.745	868.689
4.98951	865.67	868.639
5.00144	865.594	868.589
5.01338	865.518	868.539
5.02532	865.441	868.488
5.03725	865.364	868.436
5.04919	865.285	868.384
5.06113	865.207	868.332
5.07306	865.127	868.279
5.085	865.047	868.225
5.09694	864.967	868.171
5.10887	864.886	868.117
5.12081	864.804	868.062
5.13275	864.721	868.007
5.14468	864.638	867.951
5.15662	864.554	867.894
5.16856	864.47	867.838
5.18049	864.385	867.78
5.19243	864.299	867.722
5.20437	864.213	867.664
5.2163	864.126	867.605
5.22824	864.038	867.546
5.24018	863.95	867.486
5.25211	863.861	867.425
5.26405	863.771	867.364
5.27599	863.681	867.303
5.28792	863.59	867.241
5.29986	863.498	867.178
5.3118	863.405	867.115
5.32373	863.312	867.052
5.33567	863.219	866.987
5.34761	863.124	866.923
5.35954	863.029	866.858
5.37148	862.933	866.792
5.38342	862.837	866.725
5.39535	862.739	866.658
5.40729	862.641	866.591
5.41923	862.543	866.523
5.43116	862.443	866.454
5.4431	862.343	866.385
5.45504	862.243	866.315
5.46697	862.141	866.245
5.47891	862.039	866.174
5.49085	861.936	866.103
5.50278	861.832	866.031
5.51472	861.728	865.958
5.52666	861.623	865.885
5.53859	861.517	865.811
5.55053	861.41	865.737
5.56247	861.303	865.662
5.5744	861.195	865.586
5.58634	861.086	865.51
5.59828	860.976	865.433
5.61021	860.866	865.355
5.62215	860.755	865.277
5.63408	860.643	865.199
5.64602	860.531	865.119
5.65796	860.417	865.039
5.66989	860.303	864.959
5.68183	860.188	864.878
5.69377	860.073	864.796
5.7057	859.956	864.714
5.71764	859.839	864.63
5.72958	859.721	864.547
5.74151	859.602	864.462
5.75345	859.483	864.377
5.76539	859.362	864.292
5.77732	859.241	864.205
5.78926	859.119	864.118
5.8012	858.996	864.031
5.81313	858.873	863.942
5.82507	858.748	863.853
5.83701	858.623	863.764
5.84894	858.497	863.674
5.86088	858.371	863.583
5.87282	858.243	863.491
5.88475	858.115	863.399
5.89669	857.986	863.306
5.90863	857.856	863.212
5.92056	857.725	863.117
5.9325	857.593	863.022
5.94444	857.461	862.927
5.95637	857.327	862.83
5.96831	857.193	862.733
5.98025	857.058	862.635
5.99218	856.922	862.537
6.00412	856.786	862.437
6.01606	856.648	862.337
6.02799	856.51	862.237
6.03993	856.371	862.135
6.05187	856.231	862.033
6.0638	856.09	861.93
6.07574	855.948	861.826
6.08768	855.806	861.722
6.09961	855.662	861.617
6.11155	855.518	861.511
6.12349	855.373	861.405
6.13542	855.227	861.297
6.14736	855.08	861.189
6.1593	854.932	861.081
6.17123	854.784	860.971
6.18317	854.634	860.861
6.19511	854.484	860.75
6.20704	854.333	860.638
6.21898	854.181	860.525
6.23092	854.028	860.412
6.24285	853.874	860.298
6.25479	853.719	860.183
6.26673	853.564	860.067
6.27866	853.407	859.951
6.2906	853.25	859.834
6.30254	853.091	859.716
6.31447	852.932	859.597
6.32641	852.772	859.478
6.33835	852.611	859.357
6.35028	852.449	859.236
6.36222	852.286	859.114
6.37416	852.123	858.992
6.38609	851.958	858.868
6.39803	851.793	858.744
6.40997	851.626	858.619
6.4219	851.459	858.493
6.43384	851.291	858.366
6.44578	851.122	858.239
6.45771	850.952	858.11
6.46965	850.781	857.981
6.48159	850.609	857.851
6.49352	850.436	857.721
6.50546	850.262	857.589
6.51739	850.088	857.456
6.52933	849.912	857.323
6.54127	849.735	857.189
6.5532	849.558	857.054
6.56514	849.38	856.918
6.57708	849.2	856.782
6.58901	849.02	856.644
6.60095	848.839	856.506
6.61289	848.657	856.367
6.62482	848.474	856.227
6.63676	848.29	856.086
6.6487	848.105	855.945
6.66063	847.919	855.802
6.67257	847.732	855.659
6.68451	847.544	855.514
6.69644	847.356	855.369
6.70838	847.166	855.223
6.72032	846.976	855.076
6.73225	846.784	854.929
6.74419	846.591	854.78
6.75613	846.398	854.631
6.76806	846.204	854.48
6.78	846.008	854.329
6.79194	845.812	854.177
6.80387	845.615	854.024
6.81581	845.416	853.87
6.82775	845.217	853.716
6.83968	845.017	853.56
6.85162	844.816	853.403
6.86356	844.614	853.246
6.87549	844.411	853.088
6.88743	844.207	852.929
6.89937	844.002	852.768
6.9113	843.796	852.607
6.92324	843.589	852.446
6.93518	843.381	852.283
6.94711	843.173	852.119
6.95905	842.963	851.955
6.97099	842.752	851.789
6.98292	842.54	851.623
6.99486	842.328	851.455
7.0068	842.114	851.287
7.01873	841.899	851.118
7.03067	841.684	850.948
7.04261	841.467	850.777
7.05454	841.249	850.605
7.06648	841.031	850.432
7.07842	840.811	850.258
7.09035	840.591	850.084
7.10229	840.369	849.908
7.11423	840.147	849.731
7.12616	839.924	849.554
7.1381	839.699	849.376
7.15004	839.474	849.196
7.16197	839.247	849.016
7.17391	839.02	848.835
7.18585	838.792	848.653
7.19778	838.562	848.469
7.20972	838.332	848.285
7.22166	838.101	848.1
7.23359	837.869	847.915
7.24553	837.635	847.728
7.25747	837.401	847.54
7.2694	837.166	847.351
7.28134	836.93	847.161
7.29328	836.693	846.971
7.30521	836.455	846.779
7.31715	836.215	846.587
7.32909	835.975	846.393
7.34102	835.734	846.199
7.35296	835.492	846.003
7.36489	835.249	845.807
7.37683	835.005	845.609
7.38877	834.76	845.411
7.4007	834.514	845.212
7.41264	834.267	845.012
7.42458	834.019	844.81
7.43651	833.77	844.608
7.44845	833.521	844.405
7.46039	833.27	844.201
7.47232	833.018	843.996
7.48426	832.765	843.79
7.4962	832.511	843.583
7.50813	832.256	843.375
7.52007	832.001	843.166
7.53201	831.744	842.956
7.54394	831.486	842.745
7.55588	831.228	842.533
7.56782	830.968	842.321
7.57975	830.707	842.107
7.59169	830.446	841.892
7.60363	830.183	841.676
7.61556	829.919	841.46
7.6275	829.655	841.242
7.63944	829.389	841.023
7.65137	829.123	840.804
7.66331	828.855	840.583
7.67525	828.587	840.361
7.68718	828.318	840.139
7.69912	828.047	839.915
7.71106	827.776	839.691
7.72299	827.504	839.465
7.73493	827.23	839.239
7.74687	826.956	839.011
7.7588	826.681	838.783
7.77074	826.405	838.553
7.78268	826.128	838.323
7.79461	825.849	838.091
7.80655	825.57	837.859
7.81849	825.29	837.625
7.83042	825.009	837.391
7.84236	824.727	837.156
7.8543	824.445	836.919
7.86623	824.161	836.682
7.87817	823.876	836.444
7.89011	823.59	836.204
7.90204	823.303	835.964
7.91398	823.016	835.723
7.92592	822.727	835.481
7.93785	822.438	835.237
7.94979	822.147	834.993
7.96173	821.856	834.748
7.97366	821.563	834.502
7.9856	821.27	834.255
7.99754	820.976	834.007
8.00947	820.681	833.757
8.02141	820.384	833.507
8.03335	820.087	833.256
8.04528	819.789	833.004
8.05722	819.49	832.751
8.06916	819.19	832.497
8.08109	818.89	832.242
8.09303	818.588	831.986
8.10497	818.285	831.729
8.1169	817.982	831.471
8.12884	817.677	831.212
8.14078	817.372	830.952
8.15271	817.065	830.691
8.16465	816.758	830.429
8.17659	816.45	830.166
8.18852	816.141	829.903
8.20046	815.831	829.638
8.2124	815.52	829.372
8.22433	815.208	829.105
8.23627	814.895	828.838
8.2482	814.582	828.569
8.26014	814.267	828.299
8.27208	813.951	828.028
8.28401	813.635	827.757
8.29595	813.318	827.484
8.30789	813	827.211
8.31982	812.681	826.936
8.33176	812.361	826.661
8.3437	812.04	826.384
8.35563	811.718	826.107
8.36757	811.395	825.828
8.37951	811.072	825.549
8.39144	810.748	825.269
8.40338	810.422	824.987
8.41532	810.096	824.705
8.42725	809.769	824.422
8.43919	809.441	824.138
8.45113	809.113	823.853
8.46306	808.783	823.566
8.475	808.452	823.279
8.48694	808.121	822.991
8.49887	807.789	822.702
8.51081	807.456	822.413
8.52275	807.122	822.122
8.53468	806.787	821.83
8.54662	806.451	821.537
8.55856	806.115	821.244
8.57049	805.778	820.949
8.58243	805.439	820.653
8.59437	805.1	820.357
8.6063	804.761	820.059
8.61824	804.42	819.761
8.63018	804.078	819.462
8.64211	803.736	819.161
8.65405	803.393	818.86
8.66599	803.049	818.558
8.67792	802.704	818.255
8.68986	802.358	817.951
8.7018	802.012	817.646
8.71373	801.665	817.34
8.72567	801.316	817.033
8.73761	800.968	816.726
8.74954	800.618	816.417
8.76148	800.267	816.108
8.77342	799.916	815.797
8.78535	799.564	815.486
8.79729	799.211	815.174
8.80923	798.857	814.86
8.82116	798.503	814.546
8.8331	798.147	814.231
8.84504	797.791	813.915
8.85697	797.435	813.599
8.86891	797.077	813.281
8.88085	796.718	812.962
8.89278	796.359	812.643
8.90472	795.999	812.322
8.91666	795.639	812.001
8.92859	795.277	811.679
8.94053	794.915	811.356
8.95247	794.552	811.032
8.9644	794.188	810.707
8.97634	793.824	810.381
8.98828	793.458	810.055
9.00021	793.092	809.727
9.01215	792.726	809.399
9.02409	792.358	809.069
9.03602	791.99	808.739
9.04796	791.621	808.408
9.0599	791.251	808.077
9.07183	790.881	807.744
9.08377	790.51	807.41
9.0957	790.138	807.076
9.10764	789.765	806.741
9.11958	789.392	806.404
9.13151	789.018	806.067
9.14345	788.643	805.73
9.15539	788.268	805.391
9.16732	787.892	805.051
9.17926	787.515	804.711
9.1912	787.138	804.37
9.20313	786.759	804.028
9.21507	786.381	803.685
9.22701	786.001	803.341
9.23894	785.621	802.997
9.25088	785.24	802.651
9.26282	784.858	802.305
9.27475	784.476	801.958
9.28669	784.093	801.61
9.29863	783.709	801.262
9.31056	783.325	800.912
9.3225	782.94	800.562
9.33444	782.555	800.211
9.34637	782.168	799.859
9.35831	781.782	799.506
9.37025	781.394	799.153
9.38218	781.006	798.798
9.39412	780.617	798.443
9.40606	780.228	798.088
9.41799	779.838	797.731
9.42993	779.447	797.373
9.44187	779.056	797.015
9.4538	778.664	796.656
9.46574	778.271	796.297
9.47768	777.878	795.936
9.48961	777.484	795.575
9.50155	777.09	795.213
9.51349	776.695	794.85
9.52542	776.299	794.486
9.53736	775.903	794.122
9.5493	775.507	793.757
9.56123	775.109	793.391
9.57317	774.711	793.024
9.58511	774.313	792.657
9.59704	773.914	792.289
9.60898	773.514	791.92
9.62092	773.114	791.55
9.63285	772.713	791.18
9.64479	772.312	790.809
9.65673	771.91	790.437
9.66866	771.507	790.065
9.6806	771.104	789.692
9.69254	770.701	789.318
9.70447	770.297	788.943
9.71641	769.892	788.568
9.72835	769.487	788.192
9.74028	769.081	787.815
9.75222	768.675	787.438
9.76416	768.268	787.06
9.77609	767.861	786.681
9.78803	767.453	786.301
9.79997	767.045	785.921
9.8119	766.636	785.54
9.82384	766.226	785.159
9.83578	765.817	784.776
9.84771	765.406	784.393
9.85965	764.995	784.01
9.87159	764.584	783.626
9.88352	764.172	783.241
9.89546	763.76	782.855
9.9074	763.347	782.469
9.91933	762.934	782.082
9.93127	762.52	781.695
9.94321	762.106	781.306
9.95514	761.691	780.918
9.96708	761.276	780.528
9.97901	760.86	780.138
9.99095	760.444	779.747
10.0029	760.028	779.356
10.0148	759.611	778.964
10.0268	759.193	778.571
10.0387	758.775	778.178
10.0506	758.357	777.784
10.0626	757.938	777.39
10.0745	757.519	776.995
10.0864	757.1	776.599
10.0984	756.68	776.203
10.1103	756.259	775.806
10.1223	755.838	775.409
10.1342	755.417	775.011
10.1461	754.995	774.612
10.1581	754.573	774.213
10.17	754.151	773.813
10.1819	753.728	773.413
10.1939	753.304	773.012
10.2058	752.881	772.611
10.2177	752.457	772.209
10.2297	752.032	771.806
10.2416	751.607	771.403
10.2536	751.182	770.999
10.2655	750.757	770.595
10.2774	750.331	770.19
10.2894	749.904	769.785
10.3013	749.478	769.379
10.3132	749.051	768.972
10.3252	748.623	768.565
10.3371	748.196	768.158
10.3491	747.767	767.75
10.361	747.339	767.342
10.3729	746.91	766.933
10.3849	746.481	766.523
10.3968	746.052	766.113
10.4087	745.622	765.702
10.4207	745.192	765.291
10.4326	744.761	764.88
10.4445	744.331	764.468
10.4565	743.9	764.055
10.4684	743.468	763.642
10.4804	743.037	763.229
10.4923	742.605	762.815
10.5042	742.172	762.4
10.5162	741.74	761.985
10.5281	741.307	761.57
10.54	740.874	761.154
10.552	740.44	760.738
10.5639	740.006	760.321
10.5758	739.572	759.904
10.5878	739.138	759.486
10.5997	738.703	759.068
10.6117	738.269	758.649
10.6236	737.833	758.23
10.6355	737.398	757.811
10.6475	736.962	757.391
10.6594	736.527	756.971
10.6713	736.09	756.55
10.6833	735.654	756.129
10.6952	735.217	755.707
10.7071	734.78	755.285
10.7191	734.343	754.863
10.731	733.906	754.44
10.743	733.468	754.017
10.7549	733.031	753.593
10.7668	732.592	753.169
10.7788	732.154	752.745
10.7907	731.716	752.32
10.8026	731.277	751.895
10.8146	730.838	751.47
10.8265	730.399	751.044
10.8385	729.96	750.617
10.8504	729.52	750.191
10.8623	729.08	749.764
10.8743	728.64	749.336
10.8862	728.2	748.909
10.8981	727.76	748.481
10.9101	727.319	748.052
10.922	726.879	747.623
10.9339	726.438	747.194
10.9459	725.997	746.765
10.9578	725.555	746.335
10.9698	725.114	745.905
10.9817	724.672	745.474
10.9936	724.231	745.044
11.0056	723.789	744.613
11.0175	723.347	744.181
11.0294	722.904	743.749
11.0414	722.462	743.317
11.0533	722.019	742.885
11.0652	721.577	742.452
11.0772	721.134	742.019
11.0891	720.691	741.586
11.1011	720.248	741.153
11.113	719.805	740.719
11.1249	719.361	740.285
11.1369	718.918	739.85
11.1488	718.474	739.415
11.1607	718.03	738.98
11.1727	717.586	738.545
11.1846	717.142	738.11
11.1966	716.698	737.674
11.2085	716.254	737.238
11.2204	715.81	736.802
11.2324	715.365	736.365
11.2443	714.921	735.928
11.2562	714.476	735.491
11.2682	714.032	735.054
11.2801	713.587	734.616
11.292	713.142	734.178
11.304	712.697	733.74
11.3159	712.252	733.302
11.3279	711.807	732.864
11.3398	711.361	732.425
11.3517	710.916	731.986
11.3637	710.471	731.547
11.3756	710.025	731.108
11.3875	709.58	730.668
11.3995	709.134	730.228
11.4114	708.688	729.788
11.4233	708.243	729.348
11.4353	707.797	728.908
11.4472	707.351	728.467
11.4592	706.905	728.026
11.4711	706.459	727.585
11.483	706.013	727.144
11.495	705.567	726.703
11.5069	705.121	726.261
11.5188	704.675	725.82
11.5308	704.229	725.378
11.5427	703.782	724.936
11.5546	703.336	724.494
11.5666	702.89	724.051
11.5785	702.444	723.609
11.5905	701.997	723.166
11.6024	701.551	722.723
11.6143	701.105	722.28
11.6263	700.658	721.837
11.6382	700.212	721.394
11.6501	699.765	720.95
11.6621	699.319	720.507
11.674	698.872	720.063
11.686	698.426	719.619
11.6979	697.98	719.175
11.7098	697.533	718.731
11.7218	697.087	718.287
11.7337	696.64	717.843
11.7456	696.194	717.398
11.7576	695.747	716.954
11.7695	695.301	716.509
11.7814	694.854	716.064
11.7934	694.408	715.619
11.8053	693.962	715.174
11.8173	693.515	714.729
11.8292	693.069	714.284
11.8411	692.623	713.839
11.8531	692.176	713.393
11.865	691.73	712.948
11.8769	691.284	712.502
11.8889	690.838	712.057
11.9008	690.391	711.611
11.9127	689.945	711.165
11.9247	689.499	710.719
11.9366	689.053	710.273
11.9486	688.607	709.827
11.9605	688.161	709.381
11.9724	687.715	708.935
11.9844	687.269	708.489
11.9963	686.824	708.043
12.0082	686.378	707.596
12.0202	685.932	707.15
12.0321	685.486	706.704
12.0441	685.041	706.257
12.056	684.595	705.811
12.0679	684.15	705.364
12.0799	683.704	704.917
12.0918	683.259	704.471
12.1037	682.814	704.024
12.1157	682.368	703.577
12.1276	681.923	703.131
12.1395	681.478	702.684
12.1515	681.033	702.237
12.1634	680.588	701.79
12.1754	680.143	701.344
12.1873	679.698	700.897
12.1992	679.254	700.45
12.2112	678.809	700.003
12.2231	678.365	699.556
12.235	677.92	699.109
12.247	677.476	698.662
12.2589	677.031	698.215
12.2708	676.587	697.768
12.2828	676.143	697.322
12.2947	675.699	696.875
12.3067	675.255	696.428
12.3186	674.811	695.981
12.3305	674.368	695.534
12.3425	673.924	695.087
12.3544	673.481	694.64
12.3663	673.037	694.193
12.3783	672.594	693.747
12.3902	672.151	693.3
12.4021	671.708	692.853
12.4141	671.265	692.406
12.426	670.822	691.96
12.438	670.379	691.513
12.4499	669.936	691.066
12.4618	669.494	690.62
12.4738	669.051	690.173
12.4857	668.609	689.726
12.4976	668.167	689.28
12.5096	667.725	688.833
12.5215	667.283	688.387
12.5335	666.841	687.941
12.5454	666.399	687.494
12.5573	665.958	687.048
12.5693	665.516	686.602
12.5812	665.075	686.156
12.5931	664.634	685.71
12.6051	664.193	685.263
12.617	663.752	684.818
12.6289	663.311	684.372
12.6409	662.87	683.926
12.6528	662.43	683.48
12.6648	661.989	683.034
12.6767	661.549	682.588
12.6886	661.109	682.143
12.7006	660.669	681.697
12.7125	660.229	681.252
12.7244	659.79	680.807
12.7364	659.35	680.361
12.7483	658.911	679.916
12.7602	658.471	679.471
12.7722	658.032	679.026
12.7841	657.593	678.581
12.7961	657.154	678.136
12.808	656.716	677.691
12.8199	656.277	677.247
12.8319	655.839	676.802
12.8438	655.401	676.357
12.8557	654.963	675.913
12.8677	654.525	675.469
12.8796	654.087	675.024
12.8916	653.649	674.58
12.9035	653.212	674.136
12.9154	652.775	673.692
12.9274	652.337	673.249
12.9393	651.9	672.805
12.9512	651.464	672.361
12.9632	651.027	671.918
12.9751	650.591	671.474
12.987	650.154	671.031
12.999	649.718	670.588
13.0109	649.282	670.145
13.0229	648.846	669.702
13.0348	648.411	669.259
13.0467	647.975	668.817
13.0587	647.54	668.374
13.0706	647.105	667.932
13.0825	646.67	667.489
13.0945	646.235	667.047
13.1064	645.8	666.605
13.1183	645.366	666.163
13.1303	644.931	665.721
13.1422	644.497	665.279
13.1542	644.063	664.838
13.1661	643.629	664.397
13.178	643.196	663.955
13.19	642.762	663.514
13.2019	642.329	663.073
13.2138	641.896	662.632
13.2258	641.463	662.191
13.2377	641.03	661.751
13.2496	640.598	661.31
13.2616	640.166	660.87
13.2735	639.733	660.43
13.2855	639.301	659.99
13.2974	638.869	659.55
13.3093	638.438	659.11
13.3213	638.006	658.67
13.3332	637.575	658.231
13.3451	637.144	657.792
13.3571	636.713	657.353
13.369	636.282	656.914
13.381	635.852	656.475
13.3929	635.421	656.036
13.4048	634.991	655.597
13.4168	634.561	655.159
13.4287	634.131	654.721
13.4406	633.702	654.283
13.4526	633.272	653.845
13.4645	632.843	653.407
13.4764	632.414	652.969
13.4884	631.985	652.532
13.5003	631.556	652.095
13.5123	631.128	651.658
13.5242	630.7	651.221
13.5361	630.272	650.784
13.5481	629.844	650.347
13.56	629.416	649.911
13.5719	628.988	649.474
13.5839	628.561	649.038
13.5958	628.134	648.602
13.6077	627.707	648.167
13.6197	627.28	647.731
13.6316	626.853	647.295
13.6436	626.427	646.86
13.6555	626.001	646.425
13.6674	625.575	645.99
13.6794	625.149	645.555
13.6913	624.723	645.121
13.7032	624.298	644.686
13.7152	623.873	644.252
13.7271	623.448	643.818
13.7391	623.023	643.384
13.751	622.598	642.95
13.7629	622.174	642.517
13.7749	621.749	642.084
13.7868	621.325	641.65
13.7987	620.901	641.217
13.8107	620.478	640.785
13.8226	620.054	640.352
13.8345	619.631	639.919
13.8465	619.208	639.487
13.8584	618.785	639.055
13.8704	618.362	638.623
13.8823	617.94	638.191
13.8942	617.518	637.76
13.9062	617.095	637.328
13.9181	616.674	636.897
13.93	616.252	636.466
13.942	615.83	636.036
13.9539	615.409	635.605
13.9658	614.988	635.174
13.9778	614.567	634.744
13.9897	614.146	634.314
14.0017	613.726	633.884
14.0136	613.305	633.455
14.0255	612.885	633.025
14.0375	612.465	632.596
14.0494	612.046	632.167
14.0613	611.626	631.738
14.0733	611.207	631.309
14.0852	610.788	630.881
14.0971	610.369	630.452
14.1091	609.95	630.024
14.121	609.531	629.596
14.133	609.113	629.168
14.1449	608.695	628.741
14.1568	608.277	628.313
14.1688	607.859	627.886
14.1807	607.442	627.459
14.1926	607.024	627.032
14.2046	606.607	626.606
14.2165	606.19	626.179
14.2285	605.774	625.753
14.2404	605.357	625.327
14.2523	604.941	624.901
14.2643	604.525	624.476
14.2762	604.109	624.05
14.2881	603.693	623.625
14.3001	603.277	623.2
14.312	602.862	622.775
14.3239	602.447	622.35
14.3359	602.032	621.926
14.3478	601.617	621.502
14.3598	601.202	621.078
14.3717	600.788	620.654
14.3836	600.374	620.23
14.3956	599.96	619.807
14.4075	599.546	619.383
14.4194	599.133	618.96
14.4314	598.719	618.537
14.4433	598.306	618.115
14.4552	597.893	617.692
14.4672	597.48	617.27
14.4791	597.068	616.848
14.4911	596.655	616.426
14.503	596.243	616.004
14.5149	595.831	615.583
14.5269	595.419	615.162
14.5388	595.008	614.74
14.5507	594.596	614.32
14.5627	594.185	613.899
14.5746	593.774	613.478
14.5866	593.363	613.058
14.5985	592.953	612.638
14.6104	592.542	612.218
14.6224	592.132	611.798
14.6343	591.722	611.379
14.6462	591.312	610.96
14.6582	590.903	610.541
14.6701	590.493	610.122
14.682	590.084	609.703
14.694	589.675	609.285
14.7059	589.266	608.866
14.7179	588.858	608.448
14.7298	588.449	608.03
14.7417	588.041	607.613
14.7537	587.633	607.195
14.7656	587.225	606.778
14.7775	586.817	606.361
14.7895	586.41	605.944
14.8014	586.003	605.527
14.8133	585.596	605.111
14.8253	585.189	604.694
14.8372	584.782	604.278
14.8492	584.375	603.862
14.8611	583.969	603.447
14.873	583.563	603.031
14.885	583.157	602.616
14.8969	582.751	602.201
14.9088	582.346	601.786
14.9208	581.941	601.371
14.9327	581.535	600.957
14.9446	581.13	600.543
14.9566	580.726	600.128
14.9685	580.321	599.715
14.9805	579.917	599.301
14.9924	579.513	598.887
15.0043	579.109	598.474
15.0163	578.705	598.061
15.0282	578.301	597.648
15.0401	577.898	597.235
15.0521	577.495	596.823
15.064	577.092	596.411
15.076	576.689	595.999
15.0879	576.286	595.587
15.0998	575.884	595.175
15.1118	575.481	594.764
15.1237	575.079	594.352
15.1356	574.677	593.941
15.1476	574.276	593.53
15.1595	573.874	593.119
15.1714	573.473	592.709
15.1834	573.072	592.299
15.1953	572.671	591.889
15.2073	572.27	591.479
15.2192	571.87	591.069
15.2311	571.469	590.659
15.2431	571.069	590.25
15.255	570.669	589.841
15.2669	570.269	589.432
15.2789	569.87	589.023
15.2908	569.47	588.615
15.3027	569.071	588.206
15.3147	568.672	587.798
15.3266	568.273	587.39
15.3386	567.875	586.983
15.3505	567.476	586.575
15.3624	567.078	586.168
15.3744	566.68	585.761
15.3863	566.282	585.354
15.3982	565.884	584.947
15.4102	565.486	584.54
15.4221	565.089	584.134
15.4341	564.692	583.728
15.446	564.295	583.322
15.4579	563.898	582.916
15.4699	563.502	582.51
15.4818	563.105	582.105
15.4937	562.709	581.7
15.5057	562.313	581.295
15.5176	561.917	580.89
15.5295	561.521	580.485
15.5415	561.126	580.081
15.5534	560.73	579.676
15.5654	560.335	579.272
15.5773	559.94	578.869
15.5892	559.546	578.465
15.6012	559.151	578.061
15.6131	558.757	577.658
15.625	558.362	577.255
15.637	557.968	576.852
15.6489	557.575	576.449
15.6608	557.181	576.047
15.6728	556.787	575.645
15.6847	556.394	575.242
15.6967	556.001	574.84
15.7086	555.608	574.439
15.7205	555.215	574.037
15.7325	554.823	573.636
15.7444	554.43	573.235
15.7563	554.038	572.834
15.7683	553.646	572.433
15.7802	553.254	572.032
15.7921	552.863	571.632
15.8041	552.471	571.232
15.816	552.08	570.831
15.828	551.689	570.432
15.8399	551.298	570.032
15.8518	550.907	569.632
15.8638	550.517	569.233
15.8757	550.126	568.834
15.8876	549.736	568.435
15.8996	549.346	568.036
15.9115	548.956	567.638
15.9235	548.566	567.24
15.9354	548.177	566.841
15.9473	547.788	566.443
15.9593	547.399	566.046
15.9712	547.01	565.648
15.9831	546.621	565.251
15.9951	546.232	564.853
16.007	545.844	564.456
16.0189	545.456	564.06
16.0309	545.068	563.663
16.0428	544.68	563.266
16.0548	544.292	562.87
16.0667	543.905	562.474
16.0786	543.517	562.078
16.0906	543.13	561.682
16.1025	542.743	561.287
16.1144	542.356	560.891
16.1264	541.97	560.496
16.1383	541.583	560.101
16.1502	541.197	559.706
16.1622	540.811	559.312
16.1741	540.425	558.917
16.1861	540.04	558.523
16.198	539.654	558.129
16.2099	539.269	557.735
16.2219	538.884	557.341
16.2338	538.499	556.948
16.2457	538.114	556.555
16.2577	537.729	556.161
16.2696	537.345	555.768
16.2816	536.96	555.376
16.2935	536.576	554.983
16.3054	536.192	554.591
16.3174	535.809	554.198
16.3293	535.425	553.806
16.3412	535.042	553.414
16.3532	534.658	553.023
16.3651	534.275	552.631
16.377	533.892	552.24
16.389	533.51	551.849
16.4009	533.127	551.458
16.4129	532.745	551.067
16.4248	532.363	550.676
16.4367	531.981	550.286
16.4487	531.599	549.896
16.4606	531.217	549.506
16.4725	530.836	549.116
16.4845	530.455	548.726
16.4964	530.074	548.336
16.5083	529.693	547.947
16.5203	529.312	547.558
16.5322	528.932	547.169
16.5442	528.551	546.78
16.5561	528.171	546.392
16.568	527.791	546.003
16.58	527.411	545.615
16.5919	527.031	545.227
16.6038	526.652	544.839
16.6158	526.273	544.451
16.6277	525.894	544.064
16.6396	525.515	543.676
16.6516	525.136	543.289
16.6635	524.757	542.902
16.6755	524.379	542.515
16.6874	524.001	542.129
16.6993	523.623	541.742
16.7113	523.245	541.356
16.7232	522.867	540.97
16.7351	522.489	540.584
16.7471	522.112	540.198
16.759	521.735	539.812
16.771	521.358	539.427
16.7829	520.981	539.042
16.7948	520.605	538.657
16.8068	520.228	538.272
16.8187	519.852	537.887
16.8306	519.476	537.503
16.8426	519.1	537.118
16.8545	518.724	536.734
16.8664	518.348	536.35
16.8784	517.973	535.967
16.8903	517.598	535.583
16.9023	517.223	535.199
16.9142	516.848	534.816
16.9261	516.473	534.433
16.9381	516.099	534.05
16.95	515.725	533.668
16.9619	515.35	533.285
16.9739	514.976	532.903
16.9858	514.603	532.52
16.9977	514.229	532.138
17.0097	513.856	531.757
17.0216	513.482	531.375
17.0336	513.109	530.993
17.0455	512.737	530.612
17.0574	512.364	530.231
17.0694	511.991	529.85
17.0813	511.619	529.469
17.0932	511.247	529.089
17.1052	510.875	528.708
17.1171	510.503	528.328
17.1291	510.131	527.948
17.141	509.76	527.568
17.1529	509.389	527.188
17.1649	509.018	526.809
17.1768	508.647	526.429
17.1887	508.276	526.05
17.2007	507.906	525.671
17.2126	507.535	525.292
17.2245	507.165	524.914
17.2365	506.795	524.535
17.2484	506.425	524.157
17.2604	506.056	523.779
17.2723	505.686	523.401
17.2842	505.317	523.023
17.2962	504.948	522.646
17.3081	504.579	522.268
17.32	504.21	521.891
17.332	503.842	521.514
17.3439	503.473	521.137
17.3558	503.105	520.76
17.3678	502.737	520.384
17.3797	502.37	520.008
17.3917	502.002	519.631
17.4036	501.635	519.255
17.4155	501.267	518.88
17.4275	500.9	518.504
17.4394	500.533	518.129
17.4513	500.167	517.753
17.4633	499.8	517.378
17.4752	499.434	517.003
17.4871	499.068	516.629
17.4991	498.702	516.254
17.511	498.336	515.88
17.523	497.971	515.506
17.5349	497.605	515.131
17.5468	497.24	514.758
17.5588	496.875	514.384
17.5707	496.51	514.011
17.5826	496.146	513.637
17.5946	495.781	513.264
17.6065	495.417	512.891
17.6185	495.053	512.518
17.6304	494.689	512.146
17.6423	494.325	511.773
17.6543	493.962	511.401
17.6662	493.598	511.029
17.6781	493.235	510.657
17.6901	492.872	510.286
17.702	492.51	509.914
17.7139	492.147	509.543
17.7259	491.785	509.172
17.7378	491.423	508.801
17.7498	491.061	508.43
17.7617	490.699	508.059
17.7736	490.337	507.689
17.7856	489.976	507.319
17.7975	489.615	506.949
17.8094	489.253	506.579
17.8214	488.893	506.209
17.8333	488.532	505.84
17.8452	488.172	505.47
17.8572	487.811	505.101
17.8691	487.451	504.732
17.8811	487.091	504.363
17.893	486.732	503.995
17.9049	486.372	503.626
17.9169	486.013	503.258
17.9288	485.654	502.89
17.9407	485.295	502.522
17.9527	484.936	502.155
17.9646	484.578	501.787
17.9766	484.22	501.42
17.9885	483.861	501.053
18.0004	483.503	500.686
18.0124	483.146	500.319
18.0243	482.788	499.952
18.0362	482.431	499.586
18.0482	482.074	499.22
18.0601	481.717	498.854
18.072	481.36	498.488
18.084	481.004	498.122
18.0959	480.647	497.757
18.1079	480.291	497.392
18.1198	479.935	497.027
18.1317	479.58	496.662
18.1437	479.224	496.297
18.1556	478.869	495.932
18.1675	478.514	495.568
18.1795	478.159	495.204
18.1914	477.804	494.84
18.2033	477.449	494.476
18.2153	477.095	494.113
18.2272	476.741	493.749
18.2392	476.387	493.386
18.2511	476.033	493.023
18.263	475.68	492.66
18.275	475.327	492.298
18.2869	474.974	491.935
18.2988	474.621	491.573
18.3108	474.268	491.211
18.3227	473.916	490.849
18.3346	473.563	490.487
18.3466	473.211	490.126
18.3585	472.859	489.764
18.3705	472.508	489.403
18.3824	472.156	489.042
18.3943	471.805	488.682
18.4063	471.454	488.321
18.4182	471.103	487.961
18.4301	470.753	487.601
18.4421	470.402	487.241
18.454	470.052	486.881
18.466	469.702	486.521
18.4779	469.352	486.162
18.4898	469.003	485.803
18.5018	468.654	485.444
18.5137	468.305	485.085
18.5256	467.956	484.726
18.5376	467.607	484.368
18.5495	467.258	484.01
18.5614	466.91	483.652
18.5734	466.562	483.294
18.5853	466.214	482.936
18.5973	465.867	482.579
18.6092	465.519	482.222
18.6211	465.172	481.865
18.6331	464.825	481.508
18.645	464.478	481.151
18.6569	464.132	480.795
18.6689	463.786	480.439
18.6808	463.44	480.083
18.6927	463.094	479.727
18.7047	462.748	479.371
18.7166	462.403	479.016
18.7286	462.057	478.66
18.7405	461.712	478.305
18.7524	461.368	477.951
18.7644	461.023	477.596
18.7763	460.679	477.242
18.7882	460.335	476.887
18.8002	459.991	476.533
18.8121	459.647	476.18
18.8241	459.304	475.826
18.836	458.961	475.473
18.8479	458.618	475.119
18.8599	458.275	474.766
18.8718	457.932	474.414
18.8837	457.59	474.061
18.8957	457.248	473.709
18.9076	456.906	473.357
18.9195	456.565	473.005
18.9315	456.223	472.653
18.9434	455.882	472.301
18.9554	455.541	471.95
18.9673	455.201	471.599
18.9792	454.86	471.248
18.9912	454.52	470.897
19.0031	454.18	470.547
19.015	453.84	470.196
19.027	453.501	469.846
19.0389	453.161	469.496
19.0508	452.822	469.147
19.0628	452.483	468.797
19.0747	452.145	468.448
19.0867	451.806	468.099
19.0986	451.468	467.75
19.1105	451.131	467.402
19.1225	450.793	467.053
19.1344	450.455	466.705
19.1463	450.118	466.357
19.1583	449.781	466.01
19.1702	449.445	465.662
19.1821	449.108	465.315
19.1941	448.772	464.968
19.206	448.436	464.621
19.218	448.1	464.274
19.2299	447.765	463.928
19.2418	447.43	463.581
19.2538	447.095	463.235
19.2657	446.76	462.89
19.2776	446.425	462.544
19.2896	446.091	462.199
19.3015	445.757	461.854
19.3135	445.423	461.509
19.3254	445.09	461.164
19.3373	444.757	460.82
19.3493	444.424	460.475
19.3612	444.091	460.131
19.3731	443.758	459.788
19.3851	443.426	459.444
19.397	443.094	459.101
19.4089	442.762	458.758
19.4209	442.431	458.415
19.4328	442.099	458.072
19.4448	441.768	457.73
19.4567	441.438	457.388
19.4686	441.107	457.046
19.4806	440.777	456.704
19.4925	440.447	456.362
19.5044	440.117	456.021
19.5164	439.788	455.68
19.5283	439.458	455.339
19.5402	439.13	454.999
19.5522	438.801	454.658
19.5641	438.472	454.318
19.5761	438.144	453.978
19.588	437.816	453.639
19.5999	437.489	453.299
19.6119	437.161	452.96
19.6238	436.834	452.621
19.6357	436.507	452.282
19.6477	436.18	451.944
19.6596	435.854	451.605
19.6716	435.528	451.267
19.6835	435.202	450.93
19.6954	434.877	450.592
19.7074	434.551	450.255
19.7193	434.226	449.918
19.7312	433.901	449.581
19.7432	433.577	449.244
19.7551	433.253	448.908
19.767	432.929	448.572
19.779	432.605	448.236
19.7909	432.282	447.9
19.8029	431.959	447.565
19.8148	431.636	447.23
19.8267	431.313	446.895
19.8387	430.991	446.56
19.8506	430.669	446.226
19.8625	430.347	445.892
19.8745	430.025	445.558
19.8864	429.704	445.224
19.8983	429.383	444.891
19.9103	429.063	444.557
19.9222	428.742	444.225
19.9342	428.422	443.892
19.9461	428.102	443.559
19.958	427.783	443.227
19.97	427.463	442.895
19.9819	427.144	442.564
19.9938	426.826	442.232
20.0058	426.507	441.901
20.0177	426.189	441.57
20.0296	425.871	441.239
20.0416	425.554	440.909
20.0535	425.236	440.579
20.0655	424.919	440.249
20.0774	424.602	439.919
20.0893	424.286	439.59
20.1013	423.97	439.261
20.1132	423.654	438.932
20.1251	423.338	438.603
20.1371	423.023	438.275
20.149	422.708	437.947
20.161	422.393	437.619
20.1729	422.079	437.291
20.1848	421.765	436.964
20.1968	421.451	436.637
20.2087	421.138	436.31
20.2206	420.824	435.984
20.2326	420.511	435.657
20.2445	420.199	435.331
20.2564	419.886	435.006
20.2684	419.574	434.68
20.2803	419.263	434.355
20.2923	418.951	434.03
20.3042	418.64	433.705
20.3161	418.329	433.381
20.3281	418.019	433.057
20.34	417.708	432.733
20.3519	417.398	432.409
20.3639	417.089	432.086
20.3758	416.779	431.763
20.3877	416.47	431.44
20.3997	416.162	431.118
20.4116	415.853	430.795
20.4236	415.545	430.473
20.4355	415.237	430.152
20.4474	414.93	429.83
20.4594	414.622	429.509
20.4713	414.316	429.188
20.4832	414.009	428.868
20.4952	413.703	428.547
20.5071	413.397	428.227
20.5191	413.091	427.907
20.531	412.786	427.588
20.5429	412.481	427.269
20.5549	412.176	426.95
20.5668	411.872	426.631
20.5787	411.567	426.313
20.5907	411.264	425.995
20.6026	410.96	425.677
20.6145	410.657	425.36
20.6265	410.354	425.042
20.6384	410.052	424.725
20.6504	409.75	424.409
20.6623	409.448	424.092
20.6742	409.146	423.776
20.6862	408.845	423.461
20.6981	408.544	423.145
20.71	408.244	422.83
20.722	407.943	422.515
20.7339	407.643	422.2
20.7458	407.344	421.886
20.7578	407.045	421.572
20.7697	406.746	421.258
20.7817	406.447	420.945
20.7936	406.149	420.632
20.8055	405.851	420.319
20.8175	405.553	420.006
20.8294	405.256	419.694
20.8413	404.959	419.382
20.8533	404.662	419.07
20.8652	404.366	418.759
20.8771	404.07	418.448
20.8891	403.774	418.137
20.901	403.479	417.827
20.913	403.184	417.516
20.9249	402.89	417.207
20.9368	402.595	416.897
20.9488	402.301	416.588
20.9607	402.008	416.279
20.9726	401.714	415.97
20.9846	401.421	415.662
20.9965	401.129	415.354
21.0085	400.837	415.046
21.0204	400.545	414.739
21.0323	400.253	414.432
21.0443	399.962	414.125
21.0562	399.671	413.818
21.0681	399.381	413.512
21.0801	399.09	413.206
21.092	398.8	412.901
21.1039	398.511	412.595
21.1159	398.222	412.29
21.1278	397.933	411.986
21.1398	397.645	411.682
21.1517	397.356	411.378
21.1636	397.069	411.074
21.1756	396.781	410.77
21.1875	396.494	410.467
21.1994	396.208	410.165
21.2114	395.921	409.862
21.2233	395.635	409.56
21.2352	395.35	409.258
21.2472	395.064	408.957
21.2591	394.779	408.656
21.2711	394.495	408.355
21.283	394.211	408.055
21.2949	393.927	407.754
21.3069	393.643	407.455
21.3188	393.36	407.155
21.3307	393.077	406.856
21.3427	392.795	406.557
21.3546	392.513	406.259
21.3666	392.231	405.96
21.3785	391.95	405.663
21.3904	391.669	405.365
21.4024	391.388	405.068
21.4143	391.108	404.771
21.4262	390.828	404.474
21.4382	390.549	404.178
21.4501	390.27	403.882
21.462	389.991	403.587
21.474	389.713	403.292
21.4859	389.435	402.997
21.4979	389.157	402.702
21.5098	388.88	402.408
21.5217	388.603	402.114
21.5337	388.326	401.821
21.5456	388.05	401.528
21.5575	387.775	401.235
21.5695	387.499	400.942
21.5814	387.224	400.65
21.5933	386.95	400.358
21.6053	386.676	400.067
21.6172	386.402	399.776
21.6292	386.129	399.485
21.6411	385.856	399.194
21.653	385.583	398.904
21.665	385.311	398.615
21.6769	385.039	398.325
21.6888	384.767	398.036
21.7008	384.496	397.748
21.7127	384.224	397.459
21.7246	383.953	397.171
21.7366	383.681	396.884
21.7485	383.409	396.596
21.7605	383.136	396.309
21.7724	382.862	396.023
21.7843	382.587	395.736
21.7963	382.309	395.45
21.8082	382.028	395.164
21.8201	381.742	394.879
21.8321	381.452	394.593
21.844	381.155	394.308
21.856	380.85	394.023
21.8679	380.535	393.737
21.8798	380.208	393.452
21.8918	379.868	393.166
21.9037	379.51	392.881
21.9156	379.134	392.594
21.9276	378.736	392.307
21.9395	378.314	392.019
21.9514	377.865	391.73
21.9634	377.386	391.439
21.9753	376.874	391.147
21.9873	376.329	390.853
21.9992	375.747	390.556
22.0111	375.127	390.257
22.0231	374.469	389.955
22.035	373.773	389.65
22.0469	373.038	389.341
22.0589	372.267	389.028
22.0708	371.461	388.711
22.0827	370.622	388.39
22.0947	369.755	388.063
22.1066	368.862	387.731
22.1186	367.949	387.394
22.1305	367.02	387.052
22.1424	366.08	386.703
22.1544	365.134	386.35
22.1663	364.187	385.99
22.1782	363.244	385.624
22.1902	362.31	385.253
22.2021	361.388	384.876
22.2141	360.481	384.493
22.226	359.594	384.105
22.2379	358.728	383.712
22.2499	357.884	383.314
22.2618	357.064	382.911
22.2737	356.269	382.503
22.2857	355.497	382.091
22.2976	354.748	381.674
22.3095	354.022	381.253
22.3215	353.316	380.829
22.3334	352.63	380.401
22.3454	351.962	379.969
22.3573	351.309	379.534
22.3692	350.67	379.096
22.3812	350.043	378.655
22.3931	349.427	378.211
22.405	348.82	377.763
22.417	348.22	377.313
22.4289	347.626	376.861
22.4408	347.037	376.405
22.4528	346.453	375.947
22.4647	345.871	375.486
22.4767	345.293	375.023
22.4886	344.716	374.557
22.5005	344.141	374.089
22.5125	343.568	373.618
22.5244	342.995	373.145
22.5363	342.424	372.67
22.5483	341.853	372.192
22.5602	341.283	371.711
22.5721	340.713	371.228
22.5841	340.145	370.743
22.596	339.576	370.255
22.608	339.008	369.766
22.6199	338.441	369.273
22.6318	337.875	368.779
22.6438	337.309	368.282
22.6557	336.744	367.783
22.6676	336.18	367.282
22.6796	335.617	366.778
22.6915	335.055	366.273
22.7035	334.493	365.765
22.7154	333.933	365.255
22.7273	333.374	364.743
22.7393	332.816	364.229
22.7512	332.259	363.713
22.7631	331.703	363.194
22.7751	331.149	362.674
22.787	330.596	362.152
22.7989	330.045	361.628
22.8109	329.495	361.102
22.8228	328.947	360.574
22.8348	328.4	360.044
22.8467	327.856	359.512
22.8586	327.313	358.979
22.8706	326.771	358.443
22.8825	326.232	357.907
22.8944	325.694	357.368
22.9064	325.159	356.828
22.9183	324.626	356.286
22.9302	324.094	355.742
22.9422	323.565	355.197
22.9541	323.038	354.651
22.9661	322.514	354.103
22.978	321.992	353.554
22.9899	321.472	353.003
23.0019	320.955	352.451
23.0138	320.44	351.897
23.0257	319.928	351.343
23.0377	319.418	350.787
23.0496	318.912	350.23
23.0616	318.408	349.672
23.0735	317.906	349.113
23.0854	317.408	348.553
23.0974	316.913	347.992
23.1093	316.42	347.43
23.1212	315.931	346.867
23.1332	315.445	346.303
23.1451	314.962	345.739
23.157	314.482	345.173
23.169	314.005	344.608
23.1809	313.532	344.041
23.1929	313.062	343.474
23.2048	312.595	342.906
23.2167	312.132	342.338
23.2287	311.672	341.77
23.2406	311.216	341.201
23.2525	310.764	340.632
23.2645	310.315	340.063
23.2764	309.87	339.493
23.2883	309.429	338.923
23.3003	308.991	338.354
23.3122	308.558	337.784
23.3242	308.128	337.214
23.3361	307.702	336.645
23.348	307.28	336.075
23.36	306.862	335.506
23.3719	306.449	334.937
23.3838	306.039	334.368
23.3958	305.633	333.8
23.4077	305.232	333.233
23.4196	304.835	332.665
23.4316	304.442	332.099
23.4435	304.054	331.533
23.4555	303.669	330.968
23.4674	303.289	330.403
23.4793	302.914	329.84
23.4913	302.543	329.277
23.5032	302.177	328.716
23.5151	301.815	328.155
23.5271	301.457	327.596
23.539	301.104	327.038
23.551	300.756	326.482
23.5629	300.412	325.927
23.5748	300.073	325.374
23.5868	299.739	324.823
23.5987	299.409	324.273
23.6106	299.084	323.726
23.6226	298.763	323.181
23.6345	298.448	322.638
23.6464	298.137	322.098
23.6584	297.831	321.561
23.6703	297.53	321.027
23.6823	297.233	320.496
23.6942	296.942	319.968
23.7061	296.655	319.444
23.7181	296.372	318.924
23.73	296.095	318.408
23.7419	295.822	317.897
23.7539	295.554	317.39
23.7658	295.291	316.889
23.7777	295.033	316.393
23.7897	294.779	315.904
23.8016	294.53	315.425
23.8136	294.285	314.961
23.8255	294.045	314.52
23.8374	293.809	314.12
23.8494	293.577	313.783
23.8613	293.348	313.547
23.8732	293	313.459
