0	870.481	871.543
0.0119366	870.468	871.539
0.0238732	870.442	871.529
0.0358099	870.415	871.515
0.0477465	870.387	871.499
0.0596831	870.359	871.483
0.0716197	870.331	871.465
0.0835563	870.303	871.448
0.095493	870.274	871.43
0.10743	870.246	871.412
0.119366	870.217	871.394
0.131303	870.187	871.376
0.143239	870.158	871.357
0.155176	870.128	871.338
0.167113	870.098	871.319
0.179049	870.067	871.3
0.190986	870.037	871.281
0.202923	870.006	871.262
0.214859	869.975	871.242
0.226796	869.943	871.222
0.238732	869.912	871.202
0.250669	869.88	871.182
0.262606	869.848	871.161
0.274542	869.815	871.141
0.286479	869.782	871.12
0.298416	869.749	871.099
0.310352	869.716	871.078
0.322289	869.682	871.056
0.334225	869.648	871.035
0.346162	869.614	871.013
0.358099	869.58	870.991
0.370035	869.545	870.969
0.381972	869.51	870.946
0.393908	869.475	870.924
0.405845	869.439	870.901
0.417782	869.403	870.878
0.429718	869.367	870.854
0.441655	869.33	870.831
0.453592	869.293	870.807
0.465528	869.256	870.783
0.477465	869.219	870.759
0.489401	869.181	870.735
0.501338	869.143	870.71
0.513275	869.105	870.685
0.525211	869.066	870.66
0.537148	869.027	870.635
0.549085	868.988	870.61
0.561021	868.948	870.584
0.572958	868.908	870.558
0.584894	868.868	870.532
0.596831	868.827	870.505
0.608768	868.786	870.479
0.620704	868.745	870.452
0.632641	868.703	870.425
0.644578	868.661	870.397
0.656514	868.619	870.37
0.668451	868.577	870.342
0.680387	868.534	870.314
0.692324	868.49	870.286
0.704261	868.447	870.257
0.716197	868.403	870.228
0.728134	868.359	870.199
0.74007	868.314	870.17
0.752007	868.269	870.14
0.763944	868.224	870.11
0.77588	868.178	870.08
0.787817	868.132	870.05
0.799754	868.085	870.019
0.81169	868.039	869.988
0.823627	867.991	869.957
0.835563	867.944	869.926
0.8475	867.896	869.894
0.859437	867.848	869.862
0.871373	867.799	869.83
0.88331	867.75	869.797
0.895247	867.701	869.764
0.907183	867.651	869.731
0.91912	867.601	869.698
0.931056	867.551	869.664
0.942993	867.5	869.63
0.95493	867.449	869.596
0.966866	867.397	869.561
0.978803	867.345	869.527
0.99074	867.293	869.491
1.00268	867.24	869.456
1.01461	867.187	869.42
1.02655	867.133	869.384
1.03849	867.079	869.348
1.05042	867.025	869.312
1.06236	866.97	869.275
1.0743	866.915	869.238
1.08623	866.859	869.2
1.09817	866.803	869.162
1.11011	866.747	869.124
1.12204	866.69	869.086
1.13398	866.633	869.047
1.14592	866.575	869.008
1.15785	866.517	868.969
1.16979	866.459	868.929
1.18173	866.4	868.889
1.19366	866.341	868.849
1.2056	866.281	868.808
1.21754	866.221	868.767
1.22947	866.16	868.726
1.24141	866.099	868.684
1.25335	866.038	868.642
1.26528	865.976	868.6
1.27722	865.913	868.557
1.28916	865.851	868.514
1.30109	865.787	868.471
1.31303	865.724	868.427
1.32496	865.66	868.383
1.3369	865.595	868.339
1.34884	865.53	868.294
1.36077	865.465	868.249
1.37271	865.399	868.204
1.38465	865.332	868.158
1.39658	865.266	868.112
1.40852	865.198	868.066
1.42046	865.131	868.019
1.43239	865.062	867.972
1.44433	864.994	867.924
1.45627	864.925	867.876
1.4682	864.855	867.828
1.48014	864.785	867.779
1.49208	864.714	867.731
1.50401	864.643	867.681
1.51595	864.572	867.631
1.52789	864.5	867.581
1.53982	864.427	867.531
1.55176	864.355	867.48
1.5637	864.281	867.429
1.57563	864.207	867.377
1.58757	864.133	867.325
1.59951	864.058	867.273
1.61144	863.982	867.22
1.62338	863.907	867.167
1.63532	863.83	867.113
1.64725	863.753	867.059
1.65919	863.676	867.005
1.67113	863.598	866.95
1.68306	863.519	866.895
1.695	863.441	866.839
1.70694	863.361	866.783
1.71887	863.281	866.727
1.73081	863.201	866.67
1.74275	863.12	866.613
1.75468	863.038	866.555
1.76662	862.956	866.497
1.77856	862.874	866.438
1.79049	862.791	866.38
1.80243	862.707	866.32
1.81437	862.623	866.26
1.8263	862.538	866.2
1.83824	862.453	866.14
1.85018	862.367	866.079
1.86211	862.281	866.017
1.87405	862.194	865.955
1.88599	862.107	865.893
1.89792	862.019	865.83
1.90986	861.93	865.767
1.9218	861.841	865.703
1.93373	861.752	865.639
1.94567	861.662	865.575
1.95761	861.571	865.51
1.96954	861.48	865.444
1.98148	861.388	865.378
1.99342	861.296	865.312
2.00535	861.203	865.245
2.01729	861.109	865.178
2.02923	861.015	865.11
2.04116	860.921	865.042
2.0531	860.826	864.973
2.06504	860.73	864.904
2.07697	860.634	864.834
2.08891	860.537	864.764
2.10085	860.439	864.694
2.11278	860.341	864.623
2.12472	860.243	864.551
2.13666	860.143	864.479
2.14859	860.044	864.407
2.16053	859.943	864.334
2.17246	859.842	864.26
2.1844	859.741	864.186
2.19634	859.639	864.112
2.20827	859.536	864.037
2.22021	859.433	863.962
2.23215	859.329	863.886
2.24408	859.224	863.809
2.25602	859.119	863.732
2.26796	859.013	863.655
2.27989	858.907	863.577
2.29183	858.8	863.499
2.30377	858.692	863.42
2.3157	858.584	863.34
2.32764	858.475	863.26
2.33958	858.366	863.18
2.35151	858.256	863.099
2.36345	858.145	863.017
2.37539	858.034	862.935
2.38732	857.922	862.853
2.39926	857.81	862.77
2.4112	857.696	862.686
2.42313	857.583	862.602
2.43507	857.468	862.517
2.44701	857.353	862.432
2.45894	857.238	862.346
2.47088	857.121	862.26
2.48282	857.004	862.173
2.49475	856.887	862.086
2.50669	856.768	861.998
2.51863	856.65	861.909
2.53056	856.53	861.82
2.5425	856.41	861.731
2.55444	856.289	861.641
2.56637	856.168	861.55
2.57831	856.046	861.459
2.59025	855.923	861.367
2.60218	855.799	861.275
2.61412	855.675	861.182
2.62606	855.551	861.088
2.63799	855.425	860.994
2.64993	855.299	860.9
2.66187	855.172	860.804
2.6738	855.045	860.709
2.68574	854.917	860.612
2.69768	854.788	860.515
2.70961	854.659	860.418
2.72155	854.529	860.32
2.73349	854.398	860.221
2.74542	854.267	860.122
2.75736	854.135	860.022
2.7693	854.002	859.922
2.78123	853.868	859.821
2.79317	853.734	859.719
2.80511	853.599	859.617
2.81704	853.464	859.514
2.82898	853.328	859.411
2.84092	853.191	859.307
2.85285	853.053	859.203
2.86479	852.915	859.097
2.87673	852.776	858.992
2.88866	852.636	858.885
2.9006	852.496	858.778
2.91254	852.355	858.671
2.92447	852.213	858.562
2.93641	852.071	858.454
2.94835	851.928	858.344
2.96028	851.784	858.234
2.97222	851.64	858.123
2.98416	851.494	858.012
2.99609	851.348	857.9
3.00803	851.202	857.788
3.01997	851.054	857.675
3.0319	850.906	857.561
3.04384	850.757	857.446
3.05577	850.608	857.331
3.06771	850.458	857.216
3.07965	850.307	857.099
3.09158	850.155	856.982
3.10352	850.003	856.865
3.11546	849.85	856.746
3.12739	849.696	856.627
3.13933	849.541	856.508
3.15127	849.386	856.388
3.1632	849.23	856.267
3.17514	849.074	856.145
3.18708	848.916	856.023
3.19901	848.758	855.9
3.21095	848.599	855.777
3.22289	848.439	855.653
3.23482	848.279	855.528
3.24676	848.118	855.403
3.2587	847.956	855.276
3.27063	847.794	855.15
3.28257	847.63	855.022
3.29451	847.466	854.894
3.30644	847.302	854.765
3.31838	847.136	854.636
3.33032	846.97	854.506
3.34225	846.803	854.375
3.35419	846.635	854.244
3.36613	846.467	854.111
3.37806	846.297	853.979
3.39	846.127	853.845
3.40194	845.957	853.711
3.41387	845.785	853.576
3.42581	845.613	853.441
3.43775	845.44	853.304
3.44968	845.266	853.167
3.46162	845.092	853.03
3.47356	844.917	852.891
3.48549	844.741	852.752
3.49743	844.564	852.613
3.50937	844.387	852.472
3.5213	844.208	852.331
3.53324	844.029	852.19
3.54518	843.849	852.047
3.55711	843.669	851.904
3.56905	843.488	851.76
3.58099	843.306	851.615
3.59292	843.123	851.47
3.60486	842.939	851.324
3.6168	842.755	851.177
3.62873	842.57	851.03
3.64067	842.384	850.882
3.65261	842.197	850.733
3.66454	842.01	850.583
3.67648	841.822	850.433
3.68842	841.633	850.282
3.70035	841.443	850.13
3.71229	841.253	849.978
3.72423	841.062	849.825
3.73616	840.87	849.671
3.7481	840.677	849.516
3.76004	840.483	849.361
3.77197	840.289	849.205
3.78391	840.094	849.048
3.79585	839.898	848.89
3.80778	839.701	848.732
3.81972	839.504	848.573
3.83166	839.306	848.414
3.84359	839.107	848.253
3.85553	838.907	848.092
3.86747	838.706	847.93
3.8794	838.505	847.767
3.89134	838.303	847.604
3.90327	838.1	847.44
3.91521	837.897	847.275
3.92715	837.692	847.109
3.93908	837.487	846.943
3.95102	837.281	846.776
3.96296	837.074	846.608
3.97489	836.867	846.439
3.98683	836.658	846.27
3.99877	836.449	846.1
4.0107	836.24	845.929
4.02264	836.029	845.758
4.03458	835.817	845.585
4.04651	835.605	845.412
4.05845	835.392	845.238
4.07039	835.179	845.064
4.08232	834.964	844.888
4.09426	834.749	844.712
4.1062	834.532	844.535
4.11813	834.316	844.358
4.13007	834.098	844.179
4.14201	833.879	844
4.15394	833.66	843.82
4.16588	833.44	843.64
4.17782	833.219	843.458
4.18975	832.998	843.276
4.20169	832.775	843.093
4.21363	832.552	842.909
4.22556	832.328	842.725
4.2375	832.103	842.539
4.24944	831.878	842.353
4.26137	831.652	842.167
4.27331	831.425	841.979
4.28525	831.197	841.791
4.29718	830.968	841.602
4.30912	830.739	841.412
4.32106	830.508	841.221
4.33299	830.277	841.03
4.34493	830.046	840.838
4.35687	829.813	840.645
4.3688	829.58	840.451
4.38074	829.346	840.256
4.39268	829.111	840.061
4.40461	828.875	839.865
4.41655	828.638	839.668
4.42849	828.401	839.471
4.44042	828.163	839.272
4.45236	827.924	839.073
4.4643	827.685	838.873
4.47623	827.444	838.672
4.48817	827.203	838.471
4.50011	826.961	838.269
4.51204	826.718	838.066
4.52398	826.475	837.862
4.53592	826.231	837.657
4.54785	825.986	837.452
4.55979	825.74	837.246
4.57173	825.493	837.039
4.58366	825.246	836.831
4.5956	824.998	836.622
4.60754	824.749	836.413
4.61947	824.499	836.203
4.63141	824.248	835.992
4.64335	823.997	835.78
4.65528	823.745	835.568
4.66722	823.492	835.355
4.67916	823.239	835.141
4.69109	822.984	834.926
4.70303	822.729	834.71
4.71497	822.473	834.494
4.7269	822.217	834.277
4.73884	821.959	834.059
4.75078	821.701	833.84
4.76271	821.442	833.621
4.77465	821.182	833.4
4.78658	820.922	833.179
4.79852	820.66	832.957
4.81046	820.398	832.735
4.82239	820.135	832.511
4.83433	819.872	832.287
4.84627	819.608	832.062
4.8582	819.342	831.836
4.87014	819.077	831.61
4.88208	818.81	831.382
4.89401	818.542	831.154
4.90595	818.274	830.925
4.91789	818.005	830.695
4.92982	817.736	830.465
4.94176	817.465	830.234
4.9537	817.194	830.002
4.96563	816.922	829.769
4.97757	816.65	829.535
4.98951	816.376	829.301
5.00144	816.102	829.065
5.01338	815.827	828.829
5.02532	815.551	828.592
5.03725	815.275	828.355
5.04919	814.998	828.117
5.06113	814.72	827.877
5.07306	814.441	827.637
5.085	814.162	827.397
5.09694	813.881	827.155
5.10887	813.6	826.913
5.12081	813.319	826.67
5.13275	813.036	826.426
5.14468	812.753	826.181
5.15662	812.469	825.936
5.16856	812.185	825.69
5.18049	811.899	825.443
5.19243	811.613	825.195
5.20437	811.327	824.947
5.2163	811.039	824.697
5.22824	810.751	824.447
5.24018	810.462	824.196
5.25211	810.172	823.945
5.26405	809.881	823.692
5.27599	809.59	823.439
5.28792	809.298	823.185
5.29986	809.006	822.93
5.3118	808.712	822.675
5.32373	808.418	822.419
5.33567	808.123	822.161
5.34761	807.828	821.904
5.35954	807.532	821.645
5.37148	807.235	821.386
5.38342	806.937	821.125
5.39535	806.639	820.865
5.40729	806.34	820.603
5.41923	806.04	820.34
5.43116	805.739	820.077
5.4431	805.438	819.813
5.45504	805.136	819.548
5.46697	804.834	819.283
5.47891	804.53	819.017
5.49085	804.226	818.75
5.50278	803.922	818.482
5.51472	803.616	818.213
5.52666	803.31	817.944
5.53859	803.003	817.674
5.55053	802.696	817.403
5.56247	802.388	817.131
5.5744	802.079	816.859
5.58634	801.769	816.586
5.59828	801.459	816.312
5.61021	801.148	816.037
5.62215	800.836	815.762
5.63408	800.524	815.486
5.64602	800.211	815.209
5.65796	799.897	814.931
5.66989	799.583	814.653
5.68183	799.268	814.374
5.69377	798.952	814.094
5.7057	798.636	813.813
5.71764	798.319	813.532
5.72958	798.001	813.249
5.74151	797.683	812.967
5.75345	797.364	812.683
5.76539	797.044	812.399
5.77732	796.724	812.114
5.78926	796.403	811.828
5.8012	796.081	811.541
5.81313	795.759	811.254
5.82507	795.436	810.966
5.83701	795.113	810.677
5.84894	794.788	810.387
5.86088	794.464	810.097
5.87282	794.138	809.806
5.88475	793.812	809.515
5.89669	793.485	809.222
5.90863	793.158	808.929
5.92056	792.829	808.635
5.9325	792.501	808.34
5.94444	792.171	808.045
5.95637	791.841	807.749
5.96831	791.511	807.452
5.98025	791.179	807.155
5.99218	790.848	806.857
6.00412	790.515	806.558
6.01606	790.182	806.258
6.02799	789.848	805.958
6.03993	789.514	805.657
6.05187	789.179	805.355
6.0638	788.843	805.053
6.07574	788.507	804.749
6.08768	788.17	804.446
6.09961	787.833	804.141
6.11155	787.495	803.836
6.12349	787.156	803.53
6.13542	786.817	803.223
6.14736	786.477	802.916
6.1593	786.137	802.608
6.17123	785.796	802.299
6.18317	785.454	801.989
6.19511	785.112	801.679
6.20704	784.769	801.368
6.21898	784.426	801.057
6.23092	784.082	800.745
6.24285	783.737	800.432
6.25479	783.392	800.118
6.26673	783.046	799.804
6.27866	782.7	799.489
6.2906	782.353	799.174
6.30254	782.006	798.857
6.31447	781.658	798.54
6.32641	781.309	798.223
6.33835	780.96	797.904
6.35028	780.611	797.586
6.36222	780.26	797.266
6.37416	779.91	796.946
6.38609	779.558	796.625
6.39803	779.206	796.303
6.40997	778.854	795.981
6.4219	778.501	795.658
6.43384	778.147	795.334
6.44578	777.793	795.01
6.45771	777.439	794.685
6.46965	777.084	794.36
6.48159	776.728	794.034
6.49352	776.372	793.707
6.50546	776.015	793.379
6.51739	775.658	793.051
6.52933	775.3	792.722
6.54127	774.941	792.393
6.5532	774.583	792.063
6.56514	774.223	791.732
6.57708	773.863	791.401
6.58901	773.503	791.069
6.60095	773.142	790.737
6.61289	772.78	790.404
6.62482	772.418	790.07
6.63676	772.056	789.735
6.6487	771.693	789.4
6.66063	771.33	789.065
6.67257	770.966	788.728
6.68451	770.601	788.392
6.69644	770.236	788.054
6.70838	769.871	787.716
6.72032	769.505	787.377
6.73225	769.138	787.038
6.74419	768.771	786.698
6.75613	768.404	786.358
6.76806	768.036	786.017
6.78	767.668	785.675
6.79194	767.299	785.333
6.80387	766.93	784.99
6.81581	766.56	784.646
6.82775	766.19	784.302
6.83968	765.819	783.958
6.85162	765.448	783.612
6.86356	765.076	783.266
6.87549	764.704	782.92
6.88743	764.332	782.573
6.89937	763.959	782.226
6.9113	763.585	781.878
6.92324	763.211	781.529
6.93518	762.837	781.18
6.94711	762.462	780.83
6.95905	762.087	780.479
6.97099	761.711	780.128
6.98292	761.335	779.777
6.99486	760.959	779.425
7.0068	760.582	779.072
7.01873	760.205	778.719
7.03067	759.827	778.365
7.04261	759.448	778.011
7.05454	759.07	777.656
7.06648	758.691	777.301
7.07842	758.311	776.945
7.09035	757.931	776.589
7.10229	757.551	776.232
7.11423	757.17	775.874
7.12616	756.789	775.516
7.1381	756.408	775.158
7.15004	756.026	774.799
7.16197	755.643	774.439
7.17391	755.261	774.079
7.18585	754.878	773.718
7.19778	754.494	773.357
7.20972	754.11	772.996
7.22166	753.726	772.633
7.23359	753.341	772.271
7.24553	752.956	771.908
7.25747	752.571	771.544
7.2694	752.185	771.18
7.28134	751.799	770.815
7.29328	751.412	770.45
7.30521	751.025	770.084
7.31715	750.638	769.718
7.32909	750.25	769.351
7.34102	749.862	768.984
7.35296	749.474	768.616
7.36489	749.085	768.248
7.37683	748.696	767.88
7.38877	748.307	767.511
7.4007	747.917	767.141
7.41264	747.527	766.771
7.42458	747.136	766.4
7.43651	746.746	766.03
7.44845	746.354	765.658
7.46039	745.963	765.286
7.47232	745.571	764.914
7.48426	745.179	764.541
7.4962	744.787	764.168
7.50813	744.394	763.794
7.52007	744.001	763.42
7.53201	743.607	763.045
7.54394	743.213	762.67
7.55588	742.819	762.295
7.56782	742.425	761.919
7.57975	742.03	761.542
7.59169	741.635	761.165
7.60363	741.24	760.788
7.61556	740.844	760.41
7.6275	740.448	760.032
7.63944	740.052	759.654
7.65137	739.655	759.275
7.66331	739.259	758.895
7.67525	738.861	758.516
7.68718	738.464	758.135
7.69912	738.066	757.755
7.71106	737.668	757.374
7.72299	737.27	756.992
7.73493	736.871	756.61
7.74687	736.473	756.228
7.7588	736.073	755.845
7.77074	735.674	755.462
7.78268	735.274	755.079
7.79461	734.874	754.695
7.80655	734.474	754.311
7.81849	734.074	753.926
7.83042	733.673	753.541
7.84236	733.272	753.155
7.8543	732.871	752.77
7.86623	732.469	752.384
7.87817	732.068	751.997
7.89011	731.666	751.61
7.90204	731.263	751.223
7.91398	730.861	750.835
7.92592	730.458	750.447
7.93785	730.055	750.059
7.94979	729.652	749.67
7.96173	729.248	749.281
7.97366	728.845	748.891
7.9856	728.441	748.501
7.99754	728.037	748.111
8.00947	727.632	747.721
8.02141	727.228	747.33
8.03335	726.823	746.939
8.04528	726.418	746.547
8.05722	726.013	746.155
8.06916	725.607	745.763
8.08109	725.201	745.37
8.09303	724.795	744.978
8.10497	724.389	744.584
8.1169	723.983	744.191
8.12884	723.576	743.797
8.14078	723.17	743.403
8.15271	722.763	743.008
8.16465	722.356	742.613
8.17659	721.948	742.218
8.18852	721.541	741.823
8.20046	721.133	741.427
8.2124	720.725	741.031
8.22433	720.317	740.634
8.23627	719.909	740.238
8.2482	719.5	739.841
8.26014	719.092	739.444
8.27208	718.683	739.046
8.28401	718.274	738.648
8.29595	717.865	738.25
8.30789	717.456	737.851
8.31982	717.046	737.453
8.33176	716.636	737.054
8.3437	716.227	736.654
8.35563	715.817	736.255
8.36757	715.406	735.855
8.37951	714.996	735.455
8.39144	714.586	735.055
8.40338	714.175	734.654
8.41532	713.764	734.253
8.42725	713.353	733.852
8.43919	712.942	733.45
8.45113	712.531	733.049
8.46306	712.12	732.647
8.475	711.708	732.244
8.48694	711.296	731.842
8.49887	710.885	731.439
8.51081	710.473	731.036
8.52275	710.061	730.633
8.53468	709.648	730.23
8.54662	709.236	729.826
8.55856	708.824	729.422
8.57049	708.411	729.018
8.58243	707.998	728.614
8.59437	707.586	728.209
8.6063	707.173	727.804
8.61824	706.76	727.399
8.63018	706.346	726.994
8.64211	705.933	726.588
8.65405	705.52	726.182
8.66599	705.106	725.776
8.67792	704.693	725.37
8.68986	704.279	724.964
8.7018	703.865	724.557
8.71373	703.451	724.151
8.72567	703.037	723.744
8.73761	702.623	723.336
8.74954	702.209	722.929
8.76148	701.794	722.521
8.77342	701.38	722.114
8.78535	700.965	721.706
8.79729	700.551	721.297
8.80923	700.136	720.889
8.82116	699.721	720.48
8.8331	699.306	720.072
8.84504	698.891	719.663
8.85697	698.476	719.254
8.86891	698.061	718.844
8.88085	697.646	718.435
8.89278	697.231	718.025
8.90472	696.815	717.615
8.91666	696.4	717.205
8.92859	695.985	716.795
8.94053	695.569	716.385
8.95247	695.153	715.975
8.9644	694.738	715.564
8.97634	694.322	715.153
8.98828	693.906	714.742
9.00021	693.49	714.331
9.01215	693.074	713.92
9.02409	692.658	713.508
9.03602	692.242	713.097
9.04796	691.826	712.685
9.0599	691.41	712.273
9.07183	690.994	711.861
9.08377	690.578	711.449
9.0957	690.161	711.037
9.10764	689.745	710.624
9.11958	689.329	710.212
9.13151	688.912	709.799
9.14345	688.496	709.386
9.15539	688.079	708.973
9.16732	687.663	708.56
9.17926	687.246	708.147
9.1912	686.829	707.734
9.20313	686.413	707.32
9.21507	685.996	706.907
9.22701	685.579	706.493
9.23894	685.163	706.079
9.25088	684.746	705.666
9.26282	684.329	705.252
9.27475	683.912	704.837
9.28669	683.495	704.423
9.29863	683.079	704.009
9.31056	682.662	703.595
9.3225	682.245	703.18
9.33444	681.828	702.765
9.34637	681.411	702.351
9.35831	680.994	701.936
9.37025	680.577	701.521
9.38218	680.16	701.106
9.39412	679.743	700.691
9.40606	679.326	700.276
9.41799	678.909	699.86
9.42993	678.492	699.445
9.44187	678.075	699.03
9.4538	677.658	698.614
9.46574	677.241	698.199
9.47768	676.824	697.783
9.48961	676.407	697.367
9.50155	675.99	696.951
9.51349	675.573	696.536
9.52542	675.156	696.12
9.53736	674.739	695.704
9.5493	674.323	695.287
9.56123	673.906	694.871
9.57317	673.489	694.455
9.58511	673.072	694.039
9.59704	672.655	693.623
9.60898	672.238	693.206
9.62092	671.821	692.79
9.63285	671.404	692.373
9.64479	670.987	691.957
9.65673	670.571	691.54
9.66866	670.154	691.123
9.6806	669.737	690.707
9.69254	669.32	690.29
9.70447	668.903	689.873
9.71641	668.487	689.456
9.72835	668.07	689.039
9.74028	667.653	688.623
9.75222	667.237	688.206
9.76416	666.82	687.789
9.77609	666.404	687.372
9.78803	665.987	686.955
9.79997	665.571	686.537
9.8119	665.154	686.12
9.82384	664.738	685.703
9.83578	664.321	685.286
9.84771	663.905	684.869
9.85965	663.489	684.452
9.87159	663.072	684.034
9.88352	662.656	683.617
9.89546	662.24	683.2
9.9074	661.824	682.783
9.91933	661.408	682.365
9.93127	660.992	681.948
9.94321	660.576	681.531
9.95514	660.16	681.113
9.96708	659.744	680.696
9.97901	659.328	680.278
9.99095	658.912	679.861
10.0029	658.496	679.444
10.0148	658.081	679.026
10.0268	657.665	678.609
10.0387	657.249	678.192
10.0506	656.834	677.774
10.0626	656.418	677.357
10.0745	656.003	676.939
10.0864	655.588	676.522
10.0984	655.172	676.105
10.1103	654.757	675.687
10.1223	654.342	675.27
10.1342	653.927	674.852
10.1461	653.512	674.435
10.1581	653.097	674.018
10.17	652.682	673.6
10.1819	652.267	673.183
10.1939	651.852	672.766
10.2058	651.437	672.349
10.2177	651.023	671.931
10.2297	650.608	671.514
10.2416	650.193	671.097
10.2536	649.779	670.68
10.2655	649.365	670.262
10.2774	648.95	669.845
10.2894	648.536	669.428
10.3013	648.122	669.011
10.3132	647.708	668.594
10.3252	647.294	668.177
10.3371	646.88	667.76
10.3491	646.466	667.343
10.361	646.052	666.926
10.3729	645.638	666.509
10.3849	645.225	666.092
10.3968	644.811	665.675
10.4087	644.398	665.258
10.4207	643.984	664.842
10.4326	643.571	664.425
10.4445	643.158	664.008
10.4565	642.744	663.591
10.4684	642.331	663.175
10.4804	641.918	662.758
10.4923	641.506	662.342
10.5042	641.093	661.925
10.5162	640.68	661.509
10.5281	640.267	661.092
10.54	639.855	660.676
10.552	639.442	660.26
10.5639	639.03	659.843
10.5758	638.618	659.427
10.5878	638.205	659.011
10.5997	637.793	658.595
10.6117	637.381	658.179
10.6236	636.969	657.763
10.6355	636.558	657.347
10.6475	636.146	656.931
10.6594	635.734	656.515
10.6713	635.323	656.1
10.6833	634.911	655.684
10.6952	634.5	655.268
10.7071	634.088	654.853
10.7191	633.677	654.437
10.731	633.266	654.022
10.743	632.855	653.606
10.7549	632.444	653.191
10.7668	632.034	652.776
10.7788	631.623	652.361
10.7907	631.212	651.946
10.8026	630.802	651.53
10.8146	630.391	651.116
10.8265	629.981	650.701
10.8385	629.571	650.286
10.8504	629.161	649.871
10.8623	628.751	649.456
10.8743	628.341	649.042
10.8862	627.931	648.627
10.8981	627.522	648.213
10.9101	627.112	647.798
10.922	626.703	647.384
10.9339	626.293	646.97
10.9459	625.884	646.556
10.9578	625.475	646.142
10.9698	625.066	645.728
10.9817	624.657	645.314
10.9936	624.248	644.9
11.0056	623.839	644.486
11.0175	623.431	644.072
11.0294	623.022	643.659
11.0414	622.614	643.245
11.0533	622.206	642.832
11.0652	621.797	642.418
11.0772	621.389	642.005
11.0891	620.981	641.592
11.1011	620.574	641.179
11.113	620.166	640.766
11.1249	619.758	640.353
11.1369	619.351	639.94
11.1488	618.943	639.528
11.1607	618.536	639.115
11.1727	618.129	638.702
11.1846	617.722	638.29
11.1966	617.315	637.878
11.2085	616.908	637.465
11.2204	616.501	637.053
11.2324	616.095	636.641
11.2443	615.688	636.229
11.2562	615.282	635.817
11.2682	614.876	635.405
11.2801	614.47	634.994
11.292	614.064	634.582
11.304	613.658	634.171
11.3159	613.252	633.759
11.3279	612.846	633.348
11.3398	612.441	632.937
11.3517	612.035	632.526
11.3637	611.63	632.115
11.3756	611.225	631.704
11.3875	610.82	631.293
11.3995	610.415	630.882
11.4114	610.01	630.472
11.4233	609.605	630.061
11.4353	609.201	629.651
11.4472	608.796	629.241
11.4592	608.392	628.83
11.4711	607.988	628.42
11.483	607.583	628.01
11.495	607.179	627.6
11.5069	606.776	627.191
11.5188	606.372	626.781
11.5308	605.968	626.371
11.5427	605.565	625.962
11.5546	605.161	625.553
11.5666	604.758	625.143
11.5785	604.355	624.734
11.5905	603.952	624.325
11.6024	603.549	623.916
11.6143	603.146	623.508
11.6263	602.744	623.099
11.6382	602.341	622.69
11.6501	601.939	622.282
11.6621	601.536	621.874
11.674	601.134	621.465
11.686	600.732	621.057
11.6979	600.33	620.649
11.7098	599.928	620.241
11.7218	599.527	619.834
11.7337	599.125	619.426
11.7456	598.724	619.018
11.7576	598.322	618.611
11.7695	597.921	618.204
11.7814	597.52	617.796
11.7934	597.119	617.389
11.8053	596.719	616.982
11.8173	596.318	616.576
11.8292	595.917	616.169
11.8411	595.517	615.762
11.8531	595.117	615.356
11.865	594.717	614.949
11.8769	594.317	614.543
11.8889	593.917	614.137
11.9008	593.517	613.731
11.9127	593.117	613.325
11.9247	592.718	612.919
11.9366	592.318	612.513
11.9486	591.919	612.108
11.9605	591.52	611.702
11.9724	591.121	611.297
11.9844	590.722	610.892
11.9963	590.323	610.487
12.0082	589.925	610.082
12.0202	589.526	609.677
12.0321	589.128	609.272
12.0441	588.729	608.868
12.056	588.331	608.463
12.0679	587.933	608.059
12.0799	587.536	607.655
12.0918	587.138	607.25
12.1037	586.74	606.846
12.1157	586.343	606.443
12.1276	585.945	606.039
12.1395	585.548	605.635
12.1515	585.151	605.232
12.1634	584.754	604.828
12.1754	584.357	604.425
12.1873	583.961	604.022
12.1992	583.564	603.619
12.2112	583.168	603.216
12.2231	582.771	602.813
12.235	582.375	602.411
12.247	581.979	602.008
12.2589	581.583	601.606
12.2708	581.187	601.203
12.2828	580.792	600.801
12.2947	580.396	600.399
12.3067	580.001	599.997
12.3186	579.606	599.596
12.3305	579.21	599.194
12.3425	578.815	598.793
12.3544	578.42	598.391
12.3663	578.026	597.99
12.3783	577.631	597.589
12.3902	577.237	597.188
12.4021	576.842	596.787
12.4141	576.448	596.386
12.426	576.054	595.986
12.438	575.66	595.585
12.4499	575.266	595.185
12.4618	574.873	594.784
12.4738	574.479	594.384
12.4857	574.086	593.984
12.4976	573.692	593.585
12.5096	573.299	593.185
12.5215	572.906	592.785
12.5335	572.513	592.386
12.5454	572.12	591.986
12.5573	571.728	591.587
12.5693	571.335	591.188
12.5812	570.943	590.789
12.5931	570.551	590.39
12.6051	570.159	589.992
12.617	569.767	589.593
12.6289	569.375	589.195
12.6409	568.983	588.796
12.6528	568.591	588.398
12.6648	568.2	588
12.6767	567.809	587.602
12.6886	567.417	587.204
12.7006	567.026	586.807
12.7125	566.636	586.409
12.7244	566.245	586.012
12.7364	565.854	585.614
12.7483	565.464	585.217
12.7602	565.073	584.82
12.7722	564.683	584.423
12.7841	564.293	584.027
12.7961	563.903	583.63
12.808	563.513	583.234
12.8199	563.123	582.837
12.8319	562.734	582.441
12.8438	562.344	582.045
12.8557	561.955	581.649
12.8677	561.566	581.253
12.8796	561.177	580.857
12.8916	560.788	580.462
12.9035	560.399	580.066
12.9154	560.01	579.671
12.9274	559.622	579.276
12.9393	559.234	578.881
12.9512	558.845	578.486
12.9632	558.457	578.091
12.9751	558.069	577.697
12.987	557.681	577.302
12.999	557.294	576.908
13.0109	556.906	576.513
13.0229	556.519	576.119
13.0348	556.131	575.725
13.0467	555.744	575.331
13.0587	555.357	574.938
13.0706	554.97	574.544
13.0825	554.584	574.151
13.0945	554.197	573.757
13.1064	553.81	573.364
13.1183	553.424	572.971
13.1303	553.038	572.578
13.1422	552.652	572.185
13.1542	552.266	571.793
13.1661	551.88	571.4
13.178	551.494	571.008
13.19	551.109	570.615
13.2019	550.723	570.223
13.2138	550.338	569.831
13.2258	549.953	569.439
13.2377	549.568	569.048
13.2496	549.183	568.656
13.2616	548.799	568.265
13.2735	548.414	567.873
13.2855	548.03	567.482
13.2974	547.645	567.091
13.3093	547.261	566.7
13.3213	546.877	566.309
13.3332	546.493	565.918
13.3451	546.109	565.528
13.3571	545.726	565.138
13.369	545.342	564.747
13.381	544.959	564.357
13.3929	544.576	563.967
13.4048	544.193	563.577
13.4168	543.81	563.188
13.4287	543.427	562.798
13.4406	543.044	562.408
13.4526	542.662	562.019
13.4645	542.279	561.63
13.4764	541.897	561.241
13.4884	541.515	560.852
13.5003	541.133	560.463
13.5123	540.751	560.074
13.5242	540.37	559.686
13.5361	539.988	559.298
13.5481	539.607	558.909
13.56	539.226	558.521
13.5719	538.844	558.133
13.5839	538.463	557.745
13.5958	538.083	557.358
13.6077	537.702	556.97
13.6197	537.321	556.583
13.6316	536.941	556.195
13.6436	536.561	555.808
13.6555	536.181	555.421
13.6674	535.801	555.034
13.6794	535.421	554.647
13.6913	535.041	554.261
13.7032	534.661	553.874
13.7152	534.282	553.488
13.7271	533.903	553.102
13.7391	533.524	552.716
13.751	533.145	552.33
13.7629	532.766	551.944
13.7749	532.387	551.558
13.7868	532.008	551.173
13.7987	531.63	550.787
13.8107	531.252	550.402
13.8226	530.874	550.017
13.8345	530.496	549.632
13.8465	530.118	549.247
13.8584	529.74	548.862
13.8704	529.363	548.478
13.8823	528.985	548.093
13.8942	528.608	547.709
13.9062	528.231	547.325
13.9181	527.854	546.941
13.93	527.477	546.557
13.942	527.1	546.173
13.9539	526.724	545.789
13.9658	526.347	545.406
13.9778	525.971	545.023
13.9897	525.595	544.639
14.0017	525.219	544.256
14.0136	524.843	543.873
14.0255	524.467	543.491
14.0375	524.092	543.108
14.0494	523.716	542.725
14.0613	523.341	542.343
14.0733	522.966	541.961
14.0852	522.591	541.579
14.0971	522.216	541.197
14.1091	521.842	540.815
14.121	521.467	540.433
14.133	521.093	540.052
14.1449	520.719	539.67
14.1568	520.345	539.289
14.1688	519.971	538.908
14.1807	519.597	538.527
14.1926	519.223	538.146
14.2046	518.85	537.765
14.2165	518.477	537.385
14.2285	518.104	537.004
14.2404	517.731	536.624
14.2523	517.358	536.244
14.2643	516.985	535.864
14.2762	516.612	535.484
14.2881	516.24	535.104
14.3001	515.868	534.725
14.312	515.496	534.345
14.3239	515.124	533.966
14.3359	514.752	533.587
14.3478	514.38	533.208
14.3598	514.009	532.829
14.3717	513.638	532.45
14.3836	513.266	532.072
14.3956	512.895	531.693
14.4075	512.524	531.315
14.4194	512.154	530.937
14.4314	511.783	530.559
14.4433	511.413	530.181
14.4552	511.043	529.803
14.4672	510.672	529.426
14.4791	510.302	529.048
14.4911	509.933	528.671
14.503	509.563	528.294
14.5149	509.194	527.917
14.5269	508.824	527.54
14.5388	508.455	527.163
14.5507	508.086	526.787
14.5627	507.717	526.41
14.5746	507.348	526.034
14.5866	506.98	525.658
14.5985	506.611	525.282
14.6104	506.243	524.906
14.6224	505.875	524.53
14.6343	505.507	524.155
14.6462	505.139	523.779
14.6582	504.772	523.404
14.6701	504.404	523.029
14.682	504.037	522.654
14.694	503.67	522.279
14.7059	503.303	521.904
14.7179	502.936	521.53
14.7298	502.569	521.155
14.7417	502.202	520.781
14.7537	501.836	520.407
14.7656	501.469	520.033
14.7775	501.103	519.659
14.7895	500.737	519.286
14.8014	500.371	518.912
14.8133	500.005	518.539
14.8253	499.64	518.166
14.8372	499.274	517.793
14.8492	498.909	517.42
14.8611	498.544	517.047
14.873	498.179	516.674
14.885	497.814	516.302
14.8969	497.449	515.929
14.9088	497.084	515.557
14.9208	496.72	515.185
14.9327	496.355	514.813
14.9446	495.991	514.442
14.9566	495.627	514.07
14.9685	495.262	513.699
14.9805	494.898	513.327
14.9924	494.535	512.956
15.0043	494.171	512.585
15.0163	493.807	512.214
15.0282	493.444	511.844
15.0401	493.08	511.473
15.0521	492.717	511.102
15.064	492.354	510.732
15.076	491.991	510.362
15.0879	491.628	509.992
15.0998	491.265	509.622
15.1118	490.902	509.252
15.1237	490.539	508.883
15.1356	490.177	508.513
15.1476	489.814	508.144
15.1595	489.452	507.775
15.1714	489.09	507.406
15.1834	488.728	507.037
15.1953	488.366	506.668
15.2073	488.004	506.3
15.2192	487.642	505.931
15.2311	487.28	505.563
15.2431	486.918	505.195
15.255	486.557	504.827
15.2669	486.195	504.459
15.2789	485.834	504.091
15.2908	485.472	503.724
15.3027	485.111	503.356
15.3147	484.75	502.989
15.3266	484.389	502.622
15.3386	484.028	502.254
15.3505	483.667	501.888
15.3624	483.306	501.521
15.3744	482.945	501.154
15.3863	482.584	500.787
15.3982	482.224	500.421
15.4102	481.863	500.055
15.4221	481.503	499.689
15.4341	481.142	499.323
15.446	480.782	498.957
15.4579	480.422	498.591
15.4699	480.061	498.225
15.4818	479.701	497.86
15.4937	479.341	497.494
15.5057	478.981	497.129
15.5176	478.621	496.764
15.5295	478.261	496.399
15.5415	477.902	496.034
15.5534	477.542	495.669
15.5654	477.182	495.305
15.5773	476.822	494.94
15.5892	476.463	494.576
15.6012	476.103	494.211
15.6131	475.744	493.847
15.625	475.384	493.483
15.637	475.025	493.119
15.6489	474.666	492.755
15.6608	474.306	492.392
15.6728	473.947	492.028
15.6847	473.588	491.665
15.6967	473.229	491.301
15.7086	472.869	490.938
15.7205	472.51	490.575
15.7325	472.151	490.212
15.7444	471.792	489.849
15.7563	471.433	489.486
15.7683	471.074	489.123
15.7802	470.715	488.761
15.7921	470.356	488.398
15.8041	469.997	488.036
15.816	469.638	487.674
15.828	469.279	487.311
15.8399	468.92	486.949
15.8518	468.561	486.587
15.8638	468.202	486.225
15.8757	467.843	485.863
15.8876	467.484	485.502
15.8996	467.125	485.14
15.9115	466.766	484.779
15.9235	466.407	484.417
15.9354	466.048	484.056
15.9473	465.689	483.694
15.9593	465.33	483.333
15.9712	464.97	482.972
15.9831	464.611	482.611
15.9951	464.252	482.25
16.007	463.893	481.889
16.0189	463.534	481.529
16.0309	463.175	481.168
16.0428	462.815	480.807
16.0548	462.456	480.447
16.0667	462.097	480.086
16.0786	461.737	479.726
16.0906	461.378	479.365
16.1025	461.018	479.005
16.1144	460.659	478.645
16.1264	460.299	478.285
16.1383	459.939	477.925
16.1502	459.58	477.565
16.1622	459.22	477.205
16.1741	458.86	476.845
16.1861	458.5	476.485
16.198	458.14	476.125
16.2099	457.78	475.765
16.2219	457.42	475.406
16.2338	457.06	475.046
16.2457	456.699	474.687
16.2577	456.339	474.327
16.2696	455.979	473.967
16.2816	455.618	473.608
16.2935	455.257	473.249
16.3054	454.897	472.889
16.3174	454.536	472.53
16.3293	454.175	472.17
16.3412	453.814	471.811
16.3532	453.452	471.452
16.3651	453.091	471.093
16.377	452.73	470.733
16.389	452.368	470.374
16.4009	452.007	470.015
16.4129	451.645	469.656
16.4248	451.283	469.297
16.4367	450.921	468.938
16.4487	450.559	468.578
16.4606	450.196	468.219
16.4725	449.834	467.86
16.4845	449.471	467.501
16.4964	449.109	467.142
16.5083	448.746	466.783
16.5203	448.383	466.424
16.5322	448.02	466.065
16.5442	447.657	465.706
16.5561	447.293	465.346
16.568	446.929	464.987
16.58	446.566	464.628
16.5919	446.202	464.269
16.6038	445.838	463.91
16.6158	445.473	463.551
16.6277	445.109	463.191
16.6396	444.744	462.832
16.6516	444.38	462.473
16.6635	444.015	462.113
16.6755	443.65	461.754
16.6874	443.284	461.395
16.6993	442.919	461.035
16.7113	442.553	460.676
16.7232	442.187	460.316
16.7351	441.821	459.957
16.7471	441.455	459.597
16.759	441.088	459.237
16.771	440.722	458.878
16.7829	440.355	458.518
16.7948	439.987	458.158
16.8068	439.62	457.798
16.8187	439.253	457.438
16.8306	438.885	457.078
16.8426	438.517	456.718
16.8545	438.149	456.358
16.8664	437.78	455.998
16.8784	437.412	455.637
16.8903	437.043	455.277
16.9023	436.674	454.917
16.9142	436.304	454.556
16.9261	435.935	454.195
16.9381	435.565	453.835
16.95	435.195	453.474
16.9619	434.825	453.113
16.9739	434.454	452.752
16.9858	434.084	452.391
16.9977	433.713	452.029
17.0097	433.341	451.668
17.0216	432.97	451.307
17.0336	432.598	450.945
17.0455	432.226	450.583
17.0574	431.854	450.222
17.0694	431.481	449.86
17.0813	431.109	449.498
17.0932	430.736	449.135
17.1052	430.362	448.773
17.1171	429.989	448.411
17.1291	429.615	448.048
17.141	429.241	447.686
17.1529	428.866	447.323
17.1649	428.492	446.96
17.1768	428.117	446.597
17.1887	427.742	446.233
17.2007	427.366	445.87
17.2126	426.99	445.506
17.2245	426.614	445.143
17.2365	426.238	444.779
17.2484	425.861	444.415
17.2604	425.485	444.05
17.2723	425.107	443.686
17.2842	424.73	443.322
17.2962	424.352	442.957
17.3081	423.974	442.592
17.32	423.596	442.227
17.332	423.217	441.862
17.3439	422.839	441.496
17.3558	422.459	441.131
17.3678	422.08	440.765
17.3797	421.7	440.399
17.3917	421.32	440.033
17.4036	420.94	439.666
17.4155	420.559	439.3
17.4275	420.178	438.933
17.4394	419.797	438.566
17.4513	419.416	438.199
17.4633	419.034	437.831
17.4752	418.652	437.464
17.4871	418.269	437.096
17.4991	417.887	436.728
17.511	417.504	436.36
17.523	417.12	435.991
17.5349	416.737	435.623
17.5468	416.353	435.254
17.5588	415.969	434.885
17.5707	415.584	434.515
17.5826	415.199	434.146
17.5946	414.814	433.776
17.6065	414.429	433.406
17.6185	414.043	433.036
17.6304	413.657	432.665
17.6423	413.271	432.295
17.6543	412.885	431.924
17.6662	412.498	431.552
17.6781	412.111	431.181
17.6901	411.723	430.809
17.702	411.336	430.437
17.7139	410.948	430.065
17.7259	410.559	429.693
17.7378	410.171	429.32
17.7498	409.782	428.947
17.7617	409.393	428.574
17.7736	409.003	428.2
17.7856	408.614	427.826
17.7975	408.224	427.452
17.8094	407.833	427.078
17.8214	407.443	426.704
17.8333	407.052	426.329
17.8452	406.661	425.954
17.8572	406.27	425.578
17.8691	405.878	425.203
17.8811	405.486	424.827
17.893	405.094	424.451
17.9049	404.701	424.074
17.9169	404.309	423.697
17.9288	403.916	423.32
17.9407	403.523	422.943
17.9527	403.129	422.566
17.9646	402.736	422.188
17.9766	402.342	421.81
17.9885	401.947	421.431
18.0004	401.553	421.053
18.0124	401.158	420.674
18.0243	400.763	420.294
18.0362	400.368	419.915
18.0482	399.973	419.535
18.0601	399.577	419.155
18.072	399.181	418.774
18.084	398.785	418.394
18.0959	398.389	418.013
18.1079	397.992	417.632
18.1198	397.596	417.25
18.1317	397.199	416.868
18.1437	396.802	416.486
18.1556	396.404	416.104
18.1675	396.007	415.721
18.1795	395.609	415.338
18.1914	395.211	414.954
18.2033	394.813	414.571
18.2153	394.415	414.187
18.2272	394.016	413.803
18.2392	393.618	413.418
18.2511	393.219	413.034
18.263	392.82	412.649
18.275	392.421	412.263
18.2869	392.021	411.878
18.2988	391.622	411.492
18.3108	391.222	411.106
18.3227	390.823	410.719
18.3346	390.423	410.332
18.3466	390.023	409.945
18.3585	389.623	409.558
18.3705	389.222	409.17
18.3824	388.822	408.782
18.3943	388.422	408.394
18.4063	388.021	408.006
18.4182	387.62	407.617
18.4301	387.22	407.228
18.4421	386.819	406.839
18.454	386.418	406.449
18.466	386.017	406.059
18.4779	385.616	405.669
18.4898	385.215	405.279
18.5018	384.813	404.888
18.5137	384.412	404.497
18.5256	384.011	404.106
18.5376	383.609	403.715
18.5495	383.208	403.323
18.5614	382.807	402.931
18.5734	382.405	402.539
18.5853	382.004	402.146
18.5973	381.602	401.754
18.6092	381.201	401.361
18.6211	380.799	400.968
18.6331	380.398	400.574
18.645	379.997	400.18
18.6569	379.595	399.786
18.6689	379.194	399.392
18.6808	378.792	398.998
18.6927	378.391	398.603
18.7047	377.99	398.208
18.7166	377.589	397.813
18.7286	377.188	397.418
18.7405	376.787	397.022
18.7524	376.386	396.627
18.7644	375.985	396.231
18.7763	375.584	395.835
18.7882	375.183	395.438
18.8002	374.783	395.042
18.8121	374.383	394.645
18.8241	373.982	394.248
18.836	373.582	393.851
18.8479	373.182	393.453
18.8599	372.782	393.056
18.8718	372.383	392.658
18.8837	371.983	392.26
18.8957	371.584	391.862
18.9076	371.185	391.464
18.9195	370.786	391.066
18.9315	370.387	390.667
18.9434	369.988	390.269
18.9554	369.59	389.87
18.9673	369.192	389.471
18.9792	368.794	389.072
18.9912	368.397	388.673
19.0031	367.999	388.273
19.015	367.602	387.874
19.027	367.205	387.474
19.0389	366.809	387.075
19.0508	366.413	386.675
19.0628	366.017	386.275
19.0747	365.621	385.875
19.0867	365.226	385.475
19.0986	364.831	385.075
19.1105	364.436	384.674
19.1225	364.042	384.274
19.1344	363.648	383.874
19.1463	363.254	383.473
19.1583	362.861	383.073
19.1702	362.468	382.672
19.1821	362.076	382.272
19.1941	361.684	381.871
19.206	361.292	381.47
19.218	360.901	381.07
19.2299	360.51	380.669
19.2418	360.12	380.268
19.2538	359.73	379.867
19.2657	359.341	379.467
19.2776	358.952	379.066
19.2896	358.563	378.665
19.3015	358.175	378.265
19.3135	357.788	377.864
19.3254	357.401	377.463
19.3373	357.014	377.063
19.3493	356.628	376.662
19.3612	356.243	376.262
19.3731	355.858	375.862
19.3851	355.474	375.461
19.397	355.09	375.061
19.4089	354.707	374.661
19.4209	354.324	374.261
19.4328	353.942	373.861
19.4448	353.561	373.461
19.4567	353.18	373.061
19.4686	352.8	372.662
19.4806	352.421	372.262
19.4925	352.042	371.863
19.5044	351.664	371.464
19.5164	351.286	371.065
19.5283	350.909	370.666
19.5402	350.533	370.267
19.5522	350.158	369.869
19.5641	349.783	369.471
19.5761	349.409	369.072
19.588	349.035	368.675
19.5999	348.663	368.277
19.6119	348.291	367.879
19.6238	347.92	367.482
19.6357	347.55	367.085
19.6477	347.18	366.689
19.6596	346.811	366.292
19.6716	346.443	365.896
19.6835	346.076	365.5
19.6954	345.71	365.104
19.7074	345.344	364.709
19.7193	344.98	364.314
19.7312	344.616	363.919
19.7432	344.253	363.525
19.7551	343.891	363.131
19.767	343.53	362.737
19.779	343.169	362.344
19.7909	342.81	361.951
19.8029	342.451	361.558
19.8148	342.094	361.166
19.8267	341.737	360.774
19.8387	341.381	360.383
19.8506	341.026	359.992
19.8625	340.672	359.601
19.8745	340.319	359.211
19.8864	339.967	358.821
19.8983	339.616	358.432
19.9103	339.267	358.043
19.9222	338.918	357.655
19.9342	338.57	357.267
19.9461	338.223	356.879
19.958	337.877	356.492
19.97	337.532	356.106
19.9819	337.188	355.72
19.9938	336.845	355.335
20.0058	336.503	354.95
20.0177	336.163	354.566
20.0296	335.823	354.182
20.0416	335.485	353.799
20.0535	335.147	353.416
20.0655	334.811	353.034
20.0774	334.476	352.653
20.0893	334.142	352.272
20.1013	333.809	351.892
20.1132	333.477	351.512
20.1251	333.147	351.133
20.1371	332.817	350.755
20.149	332.489	350.377
20.161	332.162	350
20.1729	331.836	349.624
20.1848	331.511	349.248
20.1968	331.188	348.873
20.2087	330.865	348.499
20.2206	330.544	348.126
20.2326	330.224	347.753
20.2445	329.906	347.381
20.2564	329.588	347.009
20.2684	329.272	346.639
20.2803	328.957	346.269
20.2923	328.644	345.9
20.3042	328.331	345.532
20.3161	328.02	345.165
20.3281	327.71	344.798
20.34	327.402	344.432
20.3519	327.095	344.067
20.3639	326.789	343.703
20.3758	326.484	343.34
20.3877	326.181	342.978
20.3997	325.879	342.616
20.4116	325.579	342.255
20.4236	325.279	341.896
20.4355	324.981	341.537
20.4474	324.685	341.179
20.4594	324.39	340.822
20.4713	324.096	340.466
20.4832	323.803	340.111
20.4952	323.512	339.756
20.5071	323.223	339.403
20.5191	322.934	339.051
20.531	322.648	338.7
20.5429	322.362	338.349
20.5549	322.078	338
20.5668	321.795	337.652
20.5787	321.514	337.304
20.5907	321.234	336.958
20.6026	320.956	336.613
20.6145	320.679	336.269
20.6265	320.404	335.925
20.6384	320.13	335.583
20.6504	319.857	335.242
20.6623	319.586	334.902
20.6742	319.316	334.564
20.6862	319.048	334.226
20.6981	318.781	333.889
20.71	318.516	333.554
20.722	318.252	333.219
20.7339	317.99	332.886
20.7458	317.729	332.554
20.7578	317.47	332.223
20.7697	317.212	331.893
20.7817	316.955	331.565
20.7936	316.701	331.237
20.8055	316.447	330.911
20.8175	316.195	330.586
20.8294	315.945	330.262
20.8413	315.696	329.94
20.8533	315.449	329.618
20.8652	315.203	329.298
20.8771	314.959	328.979
20.8891	314.716	328.662
20.901	314.475	328.345
20.913	314.235	328.03
20.9249	313.997	327.716
20.9368	313.761	327.404
20.9488	313.526	327.092
20.9607	313.292	326.782
20.9726	313.06	326.474
20.9846	312.83	326.166
20.9965	312.601	325.86
21.0085	312.373	325.556
21.0204	312.148	325.252
21.0323	311.923	324.95
21.0443	311.701	324.65
21.0562	311.48	324.35
21.0681	311.26	324.052
21.0801	311.042	323.756
21.092	310.825	323.46
21.1039	310.61	323.166
21.1159	310.397	322.874
21.1278	310.185	322.583
21.1398	309.975	322.293
21.1517	309.766	322.005
21.1636	309.559	321.718
21.1756	309.353	321.433
21.1875	309.149	321.149
21.1994	308.947	320.866
21.2114	308.746	320.585
21.2233	308.547	320.305
21.2352	308.349	320.027
21.2472	308.152	319.75
21.2591	307.958	319.475
21.2711	307.764	319.201
21.283	307.573	318.929
21.2949	307.383	318.658
21.3069	307.194	318.388
21.3188	307.007	318.12
21.3307	306.822	317.854
21.3427	306.638	317.589
21.3546	306.455	317.326
21.3666	306.274	317.064
21.3785	306.095	316.803
21.3904	305.917	316.544
21.4024	305.741	316.287
21.4143	305.566	316.031
21.4262	305.393	315.777
21.4382	305.221	315.524
21.4501	305.051	315.272
21.462	304.883	315.023
21.474	304.715	314.774
21.4859	304.55	314.528
21.4979	304.386	314.283
21.5098	304.223	314.039
21.5217	304.062	313.797
21.5337	303.902	313.557
21.5456	303.744	313.318
21.5575	303.588	313.08
21.5695	303.433	312.845
21.5814	303.279	312.61
21.5933	303.127	312.378
21.6053	302.976	312.147
21.6172	302.827	311.917
21.6292	302.679	311.689
21.6411	302.533	311.463
21.653	302.388	311.238
21.665	302.244	311.015
21.6769	302.103	310.793
21.6888	301.962	310.573
21.7008	301.823	310.354
21.7127	301.685	310.138
21.7246	301.549	309.922
21.7366	301.414	309.709
21.7485	301.281	309.496
21.7605	301.149	309.286
21.7724	301.019	309.077
21.7843	300.889	308.87
21.7963	300.762	308.664
21.8082	300.635	308.46
21.8201	300.51	308.257
21.8321	300.387	308.056
21.844	300.265	307.857
21.856	300.144	307.659
21.8679	300.024	307.462
21.8798	299.906	307.268
21.8918	299.789	307.075
21.9037	299.674	306.883
21.9156	299.56	306.693
21.9276	299.447	306.505
21.9395	299.336	306.318
21.9514	299.226	306.133
21.9634	299.117	305.949
21.9753	299.009	305.767
21.9873	298.903	305.587
21.9992	298.798	305.408
22.0111	298.694	305.231
22.0231	298.592	305.055
22.035	298.491	304.881
22.0469	298.391	304.708
22.0589	298.293	304.537
22.0708	298.195	304.368
22.0827	298.099	304.2
22.0947	298.004	304.033
22.1066	297.911	303.868
22.1186	297.818	303.705
22.1305	297.727	303.543
22.1424	297.637	303.383
22.1544	297.548	303.225
22.1663	297.46	303.067
22.1782	297.374	302.912
22.1902	297.289	302.758
22.2021	297.205	302.605
22.2141	297.122	302.454
22.226	297.04	302.305
22.2379	296.959	302.157
22.2499	296.88	302.01
22.2618	296.801	301.865
22.2737	296.724	301.722
22.2857	296.648	301.58
22.2976	296.573	301.439
22.3095	296.499	301.3
22.3215	296.426	301.163
22.3334	296.354	301.026
22.3454	296.283	300.892
22.3573	296.213	300.759
22.3692	296.145	300.627
22.3812	296.077	300.497
22.3931	296.01	300.368
22.405	295.945	300.241
22.417	295.88	300.115
22.4289	295.816	299.99
22.4408	295.754	299.867
22.4528	295.692	299.746
22.4647	295.632	299.625
22.4767	295.572	299.507
22.4886	295.513	299.389
22.5005	295.456	299.273
22.5125	295.399	299.159
22.5244	295.343	299.045
22.5363	295.288	298.933
22.5483	295.234	298.823
22.5602	295.181	298.714
22.5721	295.129	298.606
22.5841	295.077	298.5
22.596	295.027	298.394
22.608	294.977	298.291
22.6199	294.929	298.188
22.6318	294.881	298.087
22.6438	294.834	297.987
22.6557	294.788	297.889
22.6676	294.743	297.792
22.6796	294.698	297.696
22.6915	294.654	297.601
22.7035	294.612	297.508
22.7154	294.569	297.416
22.7273	294.528	297.325
22.7393	294.488	297.235
22.7512	294.448	297.147
22.7631	294.409	297.06
22.7751	294.371	296.974
22.787	294.333	296.889
22.7989	294.297	296.806
22.8109	294.261	296.724
22.8228	294.225	296.642
22.8348	294.191	296.563
22.8467	294.157	296.484
22.8586	294.124	296.406
22.8706	294.091	296.33
22.8825	294.059	296.255
22.8944	294.028	296.181
22.9064	293.997	296.108
22.9183	293.968	296.036
22.9302	293.938	295.965
22.9422	293.91	295.896
22.9541	293.882	295.827
22.9661	293.854	295.76
22.978	293.828	295.694
22.9899	293.801	295.629
23.0019	293.776	295.564
23.0138	293.751	295.501
23.0257	293.727	295.439
23.0377	293.703	295.378
23.0496	293.679	295.318
23.0616	293.657	295.259
23.0735	293.634	295.201
23.0854	293.613	295.144
23.0974	293.592	295.088
23.1093	293.571	295.034
23.1212	293.551	294.98
23.1332	293.531	294.926
23.1451	293.512	294.874
23.157	293.494	294.823
23.169	293.475	294.773
23.1809	293.458	294.724
23.1929	293.44	294.675
23.2048	293.424	294.628
23.2167	293.407	294.582
23.2287	293.392	294.536
23.2406	293.376	294.491
23.2525	293.361	294.447
23.2645	293.346	294.404
23.2764	293.332	294.362
23.2883	293.318	294.321
23.3003	293.305	294.28
23.3122	293.292	294.241
23.3242	293.279	294.202
23.3361	293.267	294.164
23.348	293.255	294.126
23.36	293.244	294.09
23.3719	293.233	294.054
23.3838	293.222	294.019
23.3958	293.211	293.985
23.4077	293.201	293.952
23.4196	293.191	293.919
23.4316	293.182	293.887
23.4435	293.173	293.856
23.4555	293.164	293.825
23.4674	293.155	293.796
23.4793	293.147	293.767
23.4913	293.139	293.738
23.5032	293.131	293.71
23.5151	293.124	293.683
23.5271	293.117	293.657
23.539	293.11	293.631
23.551	293.103	293.606
23.5629	293.097	293.582
23.5748	293.091	293.558
23.5868	293.085	293.535
23.5987	293.079	293.512
23.6106	293.074	293.49
23.6226	293.069	293.469
23.6345	293.064	293.448
23.6464	293.059	293.427
23.6584	293.054	293.408
23.6703	293.05	293.389
23.6823	293.046	293.37
23.6942	293.042	293.352
23.7061	293.038	293.335
23.7181	293.035	293.318
23.73	293.031	293.301
23.7419	293.028	293.286
23.7539	293.025	293.271
23.7658	293.022	293.256
23.7777	293.019	293.242
23.7897	293.016	293.23
23.8016	293.014	293.218
23.8136	293.012	293.207
23.8255	293.009	293.197
23.8374	293.007	293.189
23.8494	293.005	293.183
23.8613	293.003	293.179
23.8732	293	293.178
