0	867.637	869.887
0.0119366	867.609	869.878
0.0238732	867.554	869.856
0.0358099	867.496	869.827
0.0477465	867.438	869.793
0.0596831	867.379	869.758
0.0716197	867.32	869.722
0.0835563	867.26	869.685
0.095493	867.2	869.647
0.10743	867.139	869.609
0.119366	867.078	869.57
0.131303	867.016	869.531
0.143239	866.954	869.492
0.155176	866.891	869.452
0.167113	866.827	869.412
0.179049	866.763	869.372
0.190986	866.699	869.331
0.202923	866.634	869.289
0.214859	866.568	869.248
0.226796	866.502	869.206
0.238732	866.435	869.163
0.250669	866.368	869.12
0.262606	866.3	869.077
0.274542	866.231	869.033
0.286479	866.162	868.989
0.298416	866.093	868.945
0.310352	866.022	868.9
0.322289	865.951	868.855
0.334225	865.88	868.809
0.346162	865.808	868.763
0.358099	865.736	868.716
0.370035	865.662	868.669
0.381972	865.589	868.622
0.393908	865.514	868.574
0.405845	865.439	868.525
0.417782	865.363	868.477
0.429718	865.287	868.427
0.441655	865.21	868.378
0.453592	865.133	868.328
0.465528	865.055	868.277
0.477465	864.976	868.226
0.489401	864.897	868.174
0.501338	864.817	868.122
0.513275	864.736	868.07
0.525211	864.655	868.017
0.537148	864.573	867.964
0.549085	864.49	867.91
0.561021	864.407	867.856
0.572958	864.323	867.801
0.584894	864.238	867.745
0.596831	864.153	867.69
0.608768	864.067	867.633
0.620704	863.98	867.577
0.632641	863.893	867.519
0.644578	863.805	867.462
0.656514	863.716	867.403
0.668451	863.627	867.344
0.680387	863.537	867.285
0.692324	863.446	867.225
0.704261	863.354	867.165
0.716197	863.262	867.104
0.728134	863.169	867.043
0.74007	863.076	866.981
0.752007	862.981	866.918
0.763944	862.886	866.855
0.77588	862.79	866.792
0.787817	862.694	866.728
0.799754	862.596	866.663
0.81169	862.498	866.598
0.823627	862.4	866.532
0.835563	862.3	866.466
0.8475	862.2	866.399
0.859437	862.099	866.332
0.871373	861.997	866.264
0.88331	861.895	866.195
0.895247	861.791	866.126
0.907183	861.687	866.056
0.91912	861.582	865.986
0.931056	861.477	865.915
0.942993	861.37	865.844
0.95493	861.263	865.772
0.966866	861.155	865.699
0.978803	861.046	865.626
0.99074	860.937	865.552
1.00268	860.826	865.477
1.01461	860.715	865.402
1.02655	860.603	865.327
1.03849	860.491	865.25
1.05042	860.377	865.173
1.06236	860.262	865.096
1.0743	860.147	865.018
1.08623	860.031	864.939
1.09817	859.914	864.859
1.11011	859.796	864.779
1.12204	859.678	864.699
1.13398	859.558	864.617
1.14592	859.438	864.535
1.15785	859.317	864.452
1.16979	859.195	864.369
1.18173	859.072	864.285
1.19366	858.948	864.2
1.2056	858.824	864.115
1.21754	858.698	864.029
1.22947	858.572	863.942
1.24141	858.445	863.855
1.25335	858.317	863.767
1.26528	858.188	863.678
1.27722	858.058	863.589
1.28916	857.927	863.499
1.30109	857.795	863.408
1.31303	857.663	863.316
1.32496	857.529	863.224
1.3369	857.395	863.131
1.34884	857.259	863.037
1.36077	857.123	862.943
1.37271	856.986	862.848
1.38465	856.848	862.752
1.39658	856.709	862.656
1.40852	856.569	862.558
1.42046	856.428	862.46
1.43239	856.286	862.361
1.44433	856.143	862.262
1.45627	855.999	862.162
1.4682	855.855	862.061
1.48014	855.709	861.959
1.49208	855.562	861.856
1.50401	855.415	861.753
1.51595	855.266	861.649
1.52789	855.117	861.544
1.53982	854.966	861.438
1.55176	854.815	861.332
1.5637	854.662	861.225
1.57563	854.509	861.117
1.58757	854.354	861.008
1.59951	854.199	860.898
1.61144	854.042	860.788
1.62338	853.885	860.677
1.63532	853.726	860.565
1.64725	853.567	860.452
1.65919	853.406	860.338
1.67113	853.245	860.224
1.68306	853.082	860.109
1.695	852.918	859.992
1.70694	852.754	859.876
1.71887	852.588	859.758
1.73081	852.421	859.639
1.74275	852.254	859.52
1.75468	852.085	859.399
1.76662	851.915	859.278
1.77856	851.744	859.156
1.79049	851.572	859.033
1.80243	851.399	858.91
1.81437	851.225	858.785
1.8263	851.05	858.66
1.83824	850.873	858.533
1.85018	850.696	858.406
1.86211	850.518	858.278
1.87405	850.338	858.149
1.88599	850.158	858.019
1.89792	849.976	857.888
1.90986	849.793	857.756
1.9218	849.609	857.624
1.93373	849.424	857.49
1.94567	849.238	857.356
1.95761	849.051	857.221
1.96954	848.863	857.084
1.98148	848.673	856.947
1.99342	848.483	856.809
2.00535	848.291	856.67
2.01729	848.098	856.53
2.02923	847.904	856.389
2.04116	847.709	856.247
2.0531	847.513	856.104
2.06504	847.315	855.961
2.07697	847.117	855.816
2.08891	846.917	855.67
2.10085	846.716	855.524
2.11278	846.514	855.376
2.12472	846.311	855.228
2.13666	846.107	855.078
2.14859	845.901	854.928
2.16053	845.695	854.776
2.17246	845.487	854.624
2.1844	845.278	854.47
2.19634	845.068	854.316
2.20827	844.856	854.16
2.22021	844.644	854.004
2.23215	844.43	853.846
2.24408	844.215	853.688
2.25602	843.999	853.528
2.26796	843.782	853.368
2.27989	843.563	853.206
2.29183	843.343	853.044
2.30377	843.122	852.88
2.3157	842.9	852.715
2.32764	842.677	852.55
2.33958	842.452	852.383
2.35151	842.226	852.215
2.36345	841.999	852.046
2.37539	841.771	851.877
2.38732	841.541	851.706
2.39926	841.31	851.534
2.4112	841.078	851.361
2.42313	840.845	851.187
2.43507	840.611	851.011
2.44701	840.375	850.835
2.45894	840.138	850.658
2.47088	839.899	850.479
2.48282	839.66	850.3
2.49475	839.419	850.119
2.50669	839.177	849.938
2.51863	838.934	849.755
2.53056	838.689	849.571
2.5425	838.443	849.386
2.55444	838.196	849.2
2.56637	837.948	849.013
2.57831	837.698	848.824
2.59025	837.447	848.635
2.60218	837.195	848.444
2.61412	836.941	848.253
2.62606	836.686	848.06
2.63799	836.43	847.866
2.64993	836.173	847.671
2.66187	835.914	847.475
2.6738	835.654	847.277
2.68574	835.392	847.079
2.69768	835.13	846.879
2.70961	834.866	846.678
2.72155	834.6	846.476
2.73349	834.334	846.273
2.74542	834.066	846.069
2.75736	833.796	845.863
2.7693	833.526	845.657
2.78123	833.254	845.449
2.79317	832.981	845.24
2.80511	832.706	845.03
2.81704	832.43	844.818
2.82898	832.153	844.606
2.84092	831.874	844.392
2.85285	831.594	844.177
2.86479	831.313	843.961
2.87673	831.03	843.743
2.88866	830.746	843.525
2.9006	830.461	843.305
2.91254	830.174	843.084
2.92447	829.886	842.862
2.93641	829.597	842.638
2.94835	829.306	842.414
2.96028	829.014	842.188
2.97222	828.721	841.961
2.98416	828.426	841.732
2.99609	828.13	841.503
3.00803	827.832	841.272
3.01997	827.533	841.04
3.0319	827.233	840.807
3.04384	826.931	840.572
3.05577	826.628	840.336
3.06771	826.323	840.099
3.07965	826.018	839.861
3.09158	825.71	839.621
3.10352	825.402	839.381
3.11546	825.092	839.138
3.12739	824.78	838.895
3.13933	824.468	838.65
3.15127	824.154	838.405
3.1632	823.838	838.157
3.17514	823.521	837.909
3.18708	823.203	837.659
3.19901	822.883	837.408
3.21095	822.562	837.156
3.22289	822.239	836.902
3.23482	821.915	836.647
3.24676	821.59	836.391
3.2587	821.263	836.133
3.27063	820.935	835.875
3.28257	820.606	835.614
3.29451	820.275	835.353
3.30644	819.942	835.09
3.31838	819.608	834.826
3.33032	819.273	834.561
3.34225	818.937	834.294
3.35419	818.599	834.026
3.36613	818.259	833.757
3.37806	817.918	833.486
3.39	817.576	833.214
3.40194	817.232	832.941
3.41387	816.887	832.666
3.42581	816.541	832.39
3.43775	816.193	832.113
3.44968	815.843	831.834
3.46162	815.493	831.554
3.47356	815.14	831.273
3.48549	814.787	830.99
3.49743	814.432	830.706
3.50937	814.075	830.42
3.5213	813.717	830.134
3.53324	813.358	829.845
3.54518	812.997	829.556
3.55711	812.635	829.265
3.56905	812.271	828.973
3.58099	811.906	828.679
3.59292	811.54	828.384
3.60486	811.172	828.088
3.6168	810.802	827.79
3.62873	810.432	827.491
3.64067	810.059	827.191
3.65261	809.686	826.889
3.66454	809.311	826.586
3.67648	808.934	826.281
3.68842	808.556	825.975
3.70035	808.177	825.668
3.71229	807.796	825.359
3.72423	807.414	825.049
3.73616	807.03	824.737
3.7481	806.645	824.424
3.76004	806.258	824.11
3.77197	805.87	823.794
3.78391	805.481	823.477
3.79585	805.09	823.159
3.80778	804.698	822.839
3.81972	804.304	822.518
3.83166	803.909	822.195
3.84359	803.512	821.871
3.85553	803.114	821.545
3.86747	802.715	821.218
3.8794	802.314	820.89
3.89134	801.911	820.56
3.90327	801.508	820.229
3.91521	801.102	819.897
3.92715	800.696	819.563
3.93908	800.288	819.227
3.95102	799.878	818.89
3.96296	799.467	818.552
3.97489	799.055	818.212
3.98683	798.641	817.871
3.99877	798.226	817.529
4.0107	797.809	817.185
4.02264	797.391	816.84
4.03458	796.972	816.493
4.04651	796.551	816.145
4.05845	796.128	815.795
4.07039	795.705	815.444
4.08232	795.279	815.091
4.09426	794.853	814.738
4.1062	794.425	814.382
4.11813	793.995	814.025
4.13007	793.565	813.667
4.14201	793.132	813.308
4.15394	792.699	812.947
4.16588	792.263	812.584
4.17782	791.827	812.22
4.18975	791.389	811.855
4.20169	790.95	811.488
4.21363	790.509	811.12
4.22556	790.067	810.75
4.2375	789.623	810.379
4.24944	789.178	810.006
4.26137	788.732	809.632
4.27331	788.284	809.257
4.28525	787.835	808.88
4.29718	787.384	808.502
4.30912	786.932	808.122
4.32106	786.479	807.741
4.33299	786.024	807.358
4.34493	785.568	806.974
4.35687	785.11	806.589
4.3688	784.652	806.202
4.38074	784.191	805.814
4.39268	783.73	805.424
4.40461	783.266	805.033
4.41655	782.802	804.64
4.42849	782.336	804.246
4.44042	781.869	803.85
4.45236	781.4	803.453
4.4643	780.93	803.055
4.47623	780.459	802.655
4.48817	779.986	802.254
4.50011	779.512	801.851
4.51204	779.037	801.447
4.52398	778.56	801.041
4.53592	778.082	800.634
4.54785	777.602	800.226
4.55979	777.121	799.816
4.57173	776.639	799.404
4.58366	776.155	798.992
4.5956	775.67	798.577
4.60754	775.184	798.162
4.61947	774.696	797.745
4.63141	774.207	797.326
4.64335	773.717	796.906
4.65528	773.225	796.485
4.66722	772.732	796.062
4.67916	772.238	795.638
4.69109	771.742	795.212
4.70303	771.245	794.785
4.71497	770.747	794.356
4.7269	770.248	793.926
4.73884	769.747	793.495
4.75078	769.244	793.062
4.76271	768.741	792.628
4.77465	768.236	792.192
4.78658	767.73	791.755
4.79852	767.222	791.317
4.81046	766.714	790.877
4.82239	766.203	790.436
4.83433	765.692	789.993
4.84627	765.179	789.549
4.8582	764.666	789.103
4.87014	764.15	788.657
4.88208	763.634	788.208
4.89401	763.116	787.758
4.90595	762.597	787.307
4.91789	762.077	786.855
4.92982	761.555	786.401
4.94176	761.032	785.945
4.9537	760.508	785.489
4.96563	759.983	785.03
4.97757	759.456	784.571
4.98951	758.928	784.11
5.00144	758.399	783.648
5.01338	757.869	783.184
5.02532	757.337	782.719
5.03725	756.805	782.252
5.04919	756.271	781.784
5.06113	755.735	781.315
5.07306	755.199	780.845
5.085	754.661	780.372
5.09694	754.122	779.899
5.10887	753.582	779.424
5.12081	753.041	778.948
5.13275	752.498	778.471
5.14468	751.954	777.992
5.15662	751.41	777.512
5.16856	750.863	777.03
5.18049	750.316	776.547
5.19243	749.768	776.063
5.20437	749.218	775.577
5.2163	748.667	775.09
5.22824	748.115	774.602
5.24018	747.562	774.112
5.25211	747.008	773.621
5.26405	746.452	773.128
5.27599	745.895	772.635
5.28792	745.338	772.14
5.29986	744.779	771.643
5.3118	744.219	771.146
5.32373	743.657	770.646
5.33567	743.095	770.146
5.34761	742.532	769.644
5.35954	741.967	769.141
5.37148	741.401	768.637
5.38342	740.835	768.131
5.39535	740.267	767.624
5.40729	739.698	767.116
5.41923	739.127	766.606
5.43116	738.556	766.096
5.4431	737.984	765.583
5.45504	737.411	765.07
5.46697	736.836	764.555
5.47891	736.261	764.039
5.49085	735.684	763.522
5.50278	735.106	763.003
5.51472	734.528	762.483
5.52666	733.948	761.962
5.53859	733.367	761.44
5.55053	732.785	760.916
5.56247	732.202	760.391
5.5744	731.618	759.865
5.58634	731.033	759.337
5.59828	730.447	758.808
5.61021	729.86	758.278
5.62215	729.272	757.747
5.63408	728.683	757.215
5.64602	728.093	756.681
5.65796	727.502	756.146
5.66989	726.91	755.61
5.68183	726.317	755.072
5.69377	725.723	754.534
5.7057	725.128	753.994
5.71764	724.532	753.453
5.72958	723.935	752.91
5.74151	723.337	752.367
5.75345	722.738	751.822
5.76539	722.138	751.276
5.77732	721.538	750.729
5.78926	720.936	750.181
5.8012	720.333	749.632
5.81313	719.73	749.081
5.82507	719.125	748.529
5.83701	718.52	747.976
5.84894	717.914	747.422
5.86088	717.307	746.866
5.87282	716.698	746.31
5.88475	716.089	745.752
5.89669	715.48	745.193
5.90863	714.869	744.633
5.92056	714.257	744.072
5.9325	713.645	743.51
5.94444	713.031	742.947
5.95637	712.417	742.382
5.96831	711.802	741.817
5.98025	711.186	741.25
5.99218	710.569	740.682
6.00412	709.952	740.113
6.01606	709.333	739.543
6.02799	708.714	738.972
6.03993	708.094	738.399
6.05187	707.473	737.826
6.0638	706.851	737.251
6.07574	706.229	736.676
6.08768	705.605	736.099
6.09961	704.981	735.521
6.11155	704.356	734.943
6.12349	703.731	734.363
6.13542	703.104	733.782
6.14736	702.477	733.2
6.1593	701.849	732.617
6.17123	701.22	732.033
6.18317	700.591	731.448
6.19511	699.961	730.861
6.20704	699.33	730.274
6.21898	698.698	729.686
6.23092	698.066	729.097
6.24285	697.433	728.507
6.25479	696.799	727.915
6.26673	696.164	727.323
6.27866	695.529	726.73
6.2906	694.893	726.136
6.30254	694.257	725.541
6.31447	693.619	724.944
6.32641	692.981	724.347
6.33835	692.343	723.749
6.35028	691.704	723.15
6.36222	691.064	722.55
6.37416	690.423	721.949
6.38609	689.782	721.347
6.39803	689.14	720.744
6.40997	688.498	720.14
6.4219	687.854	719.535
6.43384	687.211	718.93
6.44578	686.566	718.323
6.45771	685.922	717.715
6.46965	685.276	717.107
6.48159	684.63	716.498
6.49352	683.983	715.887
6.50546	683.336	715.276
6.51739	682.688	714.664
6.52933	682.04	714.051
6.54127	681.391	713.438
6.5532	680.741	712.823
6.56514	680.091	712.207
6.57708	679.441	711.591
6.58901	678.79	710.974
6.60095	678.138	710.356
6.61289	677.486	709.737
6.62482	676.833	709.117
6.63676	676.18	708.496
6.6487	675.526	707.875
6.66063	674.872	707.253
6.67257	674.217	706.63
6.68451	673.562	706.006
6.69644	672.907	705.381
6.70838	672.251	704.756
6.72032	671.594	704.13
6.73225	670.937	703.503
6.74419	670.28	702.875
6.75613	669.622	702.246
6.76806	668.964	701.617
6.78	668.305	700.987
6.79194	667.646	700.356
6.80387	666.986	699.725
6.81581	666.326	699.092
6.82775	665.666	698.459
6.83968	665.005	697.826
6.85162	664.344	697.191
6.86356	663.682	696.556
6.87549	663.021	695.92
6.88743	662.358	695.283
6.89937	661.696	694.646
6.9113	661.033	694.008
6.92324	660.369	693.37
6.93518	659.706	692.73
6.94711	659.042	692.09
6.95905	658.377	691.45
6.97099	657.713	690.808
6.98292	657.048	690.166
6.99486	656.383	689.524
7.0068	655.717	688.881
7.01873	655.051	688.237
7.03067	654.385	687.592
7.04261	653.719	686.947
7.05454	653.052	686.301
7.06648	652.385	685.655
7.07842	651.718	685.008
7.09035	651.05	684.361
7.10229	650.383	683.713
7.11423	649.715	683.064
7.12616	649.046	682.415
7.1381	648.378	681.765
7.15004	647.709	681.114
7.16197	647.04	680.464
7.17391	646.371	679.812
7.18585	645.702	679.16
7.19778	645.033	678.508
7.20972	644.363	677.854
7.22166	643.693	677.201
7.23359	643.023	676.547
7.24553	642.353	675.892
7.25747	641.683	675.237
7.2694	641.012	674.582
7.28134	640.342	673.925
7.29328	639.671	673.269
7.30521	639	672.612
7.31715	638.329	671.954
7.32909	637.658	671.296
7.34102	636.986	670.638
7.35296	636.315	669.979
7.36489	635.643	669.32
7.37683	634.972	668.66
7.38877	634.3	668
7.4007	633.628	667.339
7.41264	632.957	666.678
7.42458	632.285	666.017
7.43651	631.613	665.355
7.44845	630.941	664.693
7.46039	630.269	664.03
7.47232	629.597	663.368
7.48426	628.924	662.704
7.4962	628.252	662.04
7.50813	627.58	661.376
7.52007	626.908	660.712
7.53201	626.236	660.047
7.54394	625.563	659.382
7.55588	624.891	658.717
7.56782	624.219	658.051
7.57975	623.547	657.385
7.59169	622.874	656.719
7.60363	622.202	656.052
7.61556	621.53	655.385
7.6275	620.858	654.718
7.63944	620.186	654.05
7.65137	619.514	653.382
7.66331	618.842	652.714
7.67525	618.17	652.046
7.68718	617.498	651.377
7.69912	616.827	650.708
7.71106	616.155	650.039
7.72299	615.483	649.37
7.73493	614.812	648.7
7.74687	614.14	648.03
7.7588	613.469	647.36
7.77074	612.798	646.69
7.78268	612.127	646.019
7.79461	611.456	645.349
7.80655	610.785	644.678
7.81849	610.115	644.007
7.83042	609.444	643.335
7.84236	608.774	642.664
7.8543	608.104	641.992
7.86623	607.434	641.321
7.87817	606.764	640.649
7.89011	606.094	639.977
7.90204	605.425	639.305
7.91398	604.755	638.632
7.92592	604.086	637.96
7.93785	603.417	637.287
7.94979	602.749	636.615
7.96173	602.08	635.942
7.97366	601.412	635.269
7.9856	600.744	634.596
7.99754	600.076	633.923
8.00947	599.408	633.25
8.02141	598.741	632.576
8.03335	598.074	631.903
8.04528	597.407	631.23
8.05722	596.741	630.556
8.06916	596.074	629.883
8.08109	595.408	629.21
8.09303	594.742	628.536
8.10497	594.077	627.862
8.1169	593.412	627.189
8.12884	592.747	626.515
8.14078	592.082	625.842
8.15271	591.418	625.168
8.16465	590.754	624.494
8.17659	590.09	623.821
8.18852	589.427	623.147
8.20046	588.764	622.474
8.2124	588.101	621.8
8.22433	587.439	621.127
8.23627	586.777	620.453
8.2482	586.115	619.78
8.26014	585.454	619.107
8.27208	584.793	618.433
8.28401	584.132	617.76
8.29595	583.472	617.087
8.30789	582.812	616.414
8.31982	582.152	615.741
8.33176	581.493	615.068
8.3437	580.835	614.395
8.35563	580.176	613.723
8.36757	579.518	613.05
8.37951	578.861	612.378
8.39144	578.204	611.705
8.40338	577.547	611.033
8.41532	576.891	610.361
8.42725	576.235	609.689
8.43919	575.58	609.018
8.45113	574.925	608.346
8.46306	574.27	607.674
8.475	573.616	607.003
8.48694	572.962	606.332
8.49887	572.309	605.661
8.51081	571.657	604.99
8.52275	571.004	604.32
8.53468	570.353	603.65
8.54662	569.701	602.979
8.55856	569.051	602.31
8.57049	568.4	601.64
8.58243	567.751	600.97
8.59437	567.101	600.301
8.6063	566.452	599.632
8.61824	565.804	598.963
8.63018	565.156	598.295
8.64211	564.509	597.626
8.65405	563.862	596.958
8.66599	563.216	596.291
8.67792	562.571	595.623
8.68986	561.925	594.956
8.7018	561.281	594.289
8.71373	560.637	593.622
8.72567	559.993	592.956
8.73761	559.35	592.29
8.74954	558.708	591.624
8.76148	558.066	590.958
8.77342	557.425	590.293
8.78535	556.784	589.628
8.79729	556.144	588.964
8.80923	555.505	588.3
8.82116	554.866	587.636
8.8331	554.228	586.972
8.84504	553.59	586.309
8.85697	552.953	585.646
8.86891	552.316	584.984
8.88085	551.68	584.322
8.89278	551.045	583.66
8.90472	550.41	582.999
8.91666	549.776	582.338
8.92859	549.143	581.677
8.94053	548.51	581.017
8.95247	547.878	580.357
8.9644	547.246	579.698
8.97634	546.615	579.039
8.98828	545.985	578.381
9.00021	545.356	577.722
9.01215	544.727	577.065
9.02409	544.098	576.408
9.03602	543.471	575.751
9.04796	542.844	575.094
9.0599	542.218	574.438
9.07183	541.592	573.783
9.08377	540.967	573.128
9.0957	540.343	572.473
9.10764	539.719	571.819
9.11958	539.097	571.165
9.13151	538.474	570.512
9.14345	537.853	569.859
9.15539	537.232	569.207
9.16732	536.612	568.556
9.17926	535.993	567.904
9.1912	535.374	567.254
9.20313	534.756	566.603
9.21507	534.139	565.954
9.22701	533.523	565.304
9.23894	532.907	564.656
9.25088	532.292	564.008
9.26282	531.678	563.36
9.27475	531.064	562.713
9.28669	530.451	562.066
9.29863	529.839	561.42
9.31056	529.228	560.775
9.3225	528.617	560.13
9.33444	528.008	559.486
9.34637	527.399	558.842
9.35831	526.79	558.199
9.37025	526.183	557.556
9.38218	525.576	556.914
9.39412	524.97	556.272
9.40606	524.365	555.632
9.41799	523.761	554.991
9.42993	523.157	554.352
9.44187	522.554	553.712
9.4538	521.952	553.074
9.46574	521.351	552.436
9.47768	520.75	551.799
9.48961	520.151	551.162
9.50155	519.552	550.526
9.51349	518.954	549.891
9.52542	518.357	549.256
9.53736	517.76	548.622
9.5493	517.165	547.988
9.56123	516.57	547.355
9.57317	515.976	546.723
9.58511	515.383	546.091
9.59704	514.79	545.46
9.60898	514.199	544.83
9.62092	513.608	544.2
9.63285	513.018	543.571
9.64479	512.429	542.943
9.65673	511.841	542.316
9.66866	511.254	541.689
9.6806	510.667	541.062
9.69254	510.081	540.437
9.70447	509.497	539.812
9.71641	508.913	539.188
9.72835	508.33	538.564
9.74028	507.747	537.942
9.75222	507.166	537.319
9.76416	506.585	536.698
9.77609	506.006	536.077
9.78803	505.427	535.458
9.79997	504.849	534.838
9.8119	504.272	534.22
9.82384	503.696	533.602
9.83578	503.121	532.985
9.84771	502.546	532.369
9.85965	501.973	531.753
9.87159	501.4	531.138
9.88352	500.828	530.524
9.89546	500.257	529.911
9.9074	499.687	529.298
9.91933	499.118	528.687
9.93127	498.55	528.076
9.94321	497.982	527.465
9.95514	497.416	526.856
9.96708	496.851	526.247
9.97901	496.286	525.639
9.99095	495.722	525.032
10.0029	495.159	524.426
10.0148	494.597	523.82
10.0268	494.036	523.215
10.0387	493.476	522.611
10.0506	492.917	522.008
10.0626	492.359	521.405
10.0745	491.802	520.804
10.0864	491.245	520.203
10.0984	490.69	519.603
10.1103	490.135	519.003
10.1223	489.581	518.405
10.1342	489.029	517.807
10.1461	488.477	517.211
10.1581	487.926	516.615
10.17	487.376	516.019
10.1819	486.827	515.425
10.1939	486.279	514.832
10.2058	485.732	514.239
10.2177	485.186	513.647
10.2297	484.64	513.056
10.2416	484.096	512.466
10.2536	483.553	511.876
10.2655	483.01	511.288
10.2774	482.469	510.7
10.2894	481.928	510.114
10.3013	481.389	509.528
10.3132	480.85	508.943
10.3252	480.312	508.358
10.3371	479.775	507.775
10.3491	479.24	507.192
10.361	478.705	506.611
10.3729	478.171	506.03
10.3849	477.638	505.45
10.3968	477.106	504.871
10.4087	476.575	504.293
10.4207	476.045	503.716
10.4326	475.516	503.139
10.4445	474.988	502.564
10.4565	474.461	501.989
10.4684	473.935	501.415
10.4804	473.409	500.843
10.4923	472.885	500.271
10.5042	472.362	499.7
10.5162	471.84	499.129
10.5281	471.318	498.56
10.54	470.798	497.992
10.552	470.278	497.424
10.5639	469.76	496.858
10.5758	469.243	496.292
10.5878	468.726	495.727
10.5997	468.211	495.164
10.6117	467.696	494.601
10.6236	467.183	494.039
10.6355	466.67	493.478
10.6475	466.159	492.917
10.6594	465.648	492.358
10.6713	465.138	491.8
10.6833	464.63	491.243
10.6952	464.122	490.686
10.7071	463.615	490.131
10.7191	463.11	489.576
10.731	462.605	489.022
10.743	462.101	488.469
10.7549	461.599	487.918
10.7668	461.097	487.367
10.7788	460.596	486.817
10.7907	460.097	486.268
10.8026	459.598	485.72
10.8146	459.1	485.173
10.8265	458.603	484.626
10.8385	458.107	484.081
10.8504	457.613	483.537
10.8623	457.119	482.994
10.8743	456.626	482.451
10.8862	456.134	481.91
10.8981	455.643	481.369
10.9101	455.154	480.83
10.922	454.665	480.291
10.9339	454.177	479.754
10.9459	453.69	479.217
10.9578	453.204	478.681
10.9698	452.719	478.147
10.9817	452.236	477.613
10.9936	451.753	477.08
11.0056	451.271	476.548
11.0175	450.79	476.017
11.0294	450.31	475.488
11.0414	449.831	474.959
11.0533	449.353	474.431
11.0652	448.877	473.904
11.0772	448.401	473.378
11.0891	447.926	472.853
11.1011	447.452	472.329
11.113	446.979	471.805
11.1249	446.507	471.283
11.1369	446.036	470.762
11.1488	445.567	470.242
11.1607	445.098	469.723
11.1727	444.63	469.205
11.1846	444.163	468.688
11.1966	443.697	468.171
11.2085	443.232	467.656
11.2204	442.768	467.142
11.2324	442.305	466.629
11.2443	441.843	466.116
11.2562	441.383	465.605
11.2682	440.923	465.095
11.2801	440.464	464.585
11.292	440.006	464.077
11.304	439.549	463.57
11.3159	439.093	463.063
11.3279	438.638	462.558
11.3398	438.184	462.053
11.3517	437.731	461.55
11.3637	437.28	461.048
11.3756	436.829	460.546
11.3875	436.379	460.046
11.3995	435.93	459.547
11.4114	435.482	459.048
11.4233	435.035	458.551
11.4353	434.589	458.054
11.4472	434.144	457.559
11.4592	433.7	457.064
11.4711	433.257	456.571
11.483	432.815	456.079
11.495	432.374	455.587
11.5069	431.934	455.097
11.5188	431.495	454.607
11.5308	431.057	454.119
11.5427	430.621	453.631
11.5546	430.185	453.145
11.5666	429.75	452.66
11.5785	429.316	452.175
11.5905	428.883	451.692
11.6024	428.451	451.209
11.6143	428.02	450.728
11.6263	427.589	450.247
11.6382	427.16	449.768
11.6501	426.732	449.29
11.6621	426.305	448.812
11.674	425.879	448.336
11.686	425.454	447.86
11.6979	425.03	447.386
11.7098	424.607	446.912
11.7218	424.185	446.44
11.7337	423.764	445.969
11.7456	423.343	445.498
11.7576	422.924	445.029
11.7695	422.506	444.56
11.7814	422.089	444.093
11.7934	421.673	443.627
11.8053	421.257	443.161
11.8173	420.843	442.697
11.8292	420.43	442.234
11.8411	420.018	441.771
11.8531	419.606	441.31
11.865	419.196	440.85
11.8769	418.786	440.39
11.8889	418.378	439.932
11.9008	417.971	439.474
11.9127	417.564	439.018
11.9247	417.159	438.563
11.9366	416.754	438.108
11.9486	416.351	437.655
11.9605	415.948	437.203
11.9724	415.546	436.751
11.9844	415.146	436.301
11.9963	414.746	435.852
12.0082	414.348	435.403
12.0202	413.95	434.956
12.0321	413.553	434.51
12.0441	413.157	434.064
12.056	412.762	433.62
12.0679	412.369	433.177
12.0799	411.976	432.734
12.0918	411.584	432.293
12.1037	411.193	431.853
12.1157	410.803	431.413
12.1276	410.414	430.975
12.1395	410.026	430.538
12.1515	409.639	430.101
12.1634	409.252	429.666
12.1754	408.867	429.232
12.1873	408.483	428.798
12.1992	408.1	428.366
12.2112	407.717	427.935
12.2231	407.336	427.504
12.235	406.955	427.075
12.247	406.576	426.646
12.2589	406.197	426.219
12.2708	405.82	425.793
12.2828	405.443	425.367
12.2947	405.067	424.943
12.3067	404.693	424.519
12.3186	404.319	424.097
12.3305	403.946	423.675
12.3425	403.574	423.255
12.3544	403.203	422.835
12.3663	402.833	422.417
12.3783	402.464	421.999
12.3902	402.096	421.583
12.4021	401.728	421.167
12.4141	401.362	420.753
12.426	400.997	420.339
12.438	400.632	419.927
12.4499	400.269	419.515
12.4618	399.906	419.104
12.4738	399.545	418.695
12.4857	399.184	418.286
12.4976	398.824	417.878
12.5096	398.465	417.472
12.5215	398.107	417.066
12.5335	397.75	416.661
12.5454	397.394	416.257
12.5573	397.039	415.855
12.5693	396.685	415.453
12.5812	396.332	415.052
12.5931	395.979	414.652
12.6051	395.628	414.253
12.617	395.277	413.855
12.6289	394.927	413.458
12.6409	394.579	413.062
12.6528	394.231	412.667
12.6648	393.884	412.273
12.6767	393.538	411.88
12.6886	393.193	411.488
12.7006	392.849	411.097
12.7125	392.505	410.707
12.7244	392.163	410.317
12.7364	391.821	409.929
12.7483	391.481	409.542
12.7602	391.141	409.155
12.7722	390.802	408.77
12.7841	390.464	408.386
12.7961	390.127	408.002
12.808	389.791	407.62
12.8199	389.456	407.238
12.8319	389.122	406.857
12.8438	388.788	406.478
12.8557	388.456	406.099
12.8677	388.124	405.721
12.8796	387.794	405.345
12.8916	387.464	404.969
12.9035	387.135	404.594
12.9154	386.807	404.22
12.9274	386.479	403.847
12.9393	386.153	403.475
12.9512	385.828	403.104
12.9632	385.503	402.733
12.9751	385.18	402.364
12.987	384.857	401.996
12.999	384.535	401.628
13.0109	384.214	401.262
13.0229	383.894	400.897
13.0348	383.574	400.532
13.0467	383.256	400.168
13.0587	382.938	399.806
13.0706	382.621	399.444
13.0825	382.306	399.083
13.0945	381.991	398.723
13.1064	381.677	398.364
13.1183	381.363	398.006
13.1303	381.051	397.649
13.1422	380.739	397.293
13.1542	380.429	396.938
13.1661	380.119	396.583
13.178	379.81	396.23
13.19	379.502	395.877
13.2019	379.195	395.526
13.2138	378.888	395.175
13.2258	378.583	394.825
13.2377	378.278	394.477
13.2496	377.974	394.129
13.2616	377.671	393.782
13.2735	377.369	393.436
13.2855	377.067	393.09
13.2974	376.767	392.746
13.3093	376.467	392.403
13.3213	376.168	392.06
13.3332	375.87	391.719
13.3451	375.573	391.378
13.3571	375.277	391.038
13.369	374.982	390.7
13.381	374.687	390.362
13.3929	374.393	390.025
13.4048	374.1	389.689
13.4168	373.808	389.353
13.4287	373.517	389.019
13.4406	373.226	388.686
13.4526	372.936	388.353
13.4645	372.647	388.021
13.4764	372.359	387.691
13.4884	372.072	387.361
13.5003	371.786	387.032
13.5123	371.5	386.704
13.5242	371.215	386.376
13.5361	370.931	386.05
13.5481	370.648	385.725
13.56	370.366	385.4
13.5719	370.084	385.076
13.5839	369.804	384.753
13.5958	369.524	384.432
13.6077	369.244	384.11
13.6197	368.966	383.79
13.6316	368.689	383.471
13.6436	368.412	383.152
13.6555	368.136	382.835
13.6674	367.861	382.518
13.6794	367.586	382.202
13.6913	367.313	381.887
13.7032	367.04	381.573
13.7152	366.768	381.26
13.7271	366.497	380.948
13.7391	366.226	380.636
13.751	365.957	380.325
13.7629	365.688	380.016
13.7749	365.42	379.707
13.7868	365.153	379.399
13.7987	364.886	379.091
13.8107	364.62	378.785
13.8226	364.356	378.479
13.8345	364.091	378.175
13.8465	363.828	377.871
13.8584	363.565	377.568
13.8704	363.304	377.266
13.8823	363.042	376.964
13.8942	362.782	376.664
13.9062	362.523	376.364
13.9181	362.264	376.065
13.93	362.006	375.768
13.942	361.749	375.47
13.9539	361.492	375.174
13.9658	361.236	374.879
13.9778	360.981	374.584
13.9897	360.727	374.29
14.0017	360.474	373.997
14.0136	360.221	373.705
14.0255	359.969	373.414
14.0375	359.718	373.123
14.0494	359.467	372.834
14.0613	359.218	372.545
14.0733	358.969	372.257
14.0852	358.721	371.97
14.0971	358.473	371.683
14.1091	358.226	371.398
14.121	357.98	371.113
14.133	357.735	370.829
14.1449	357.491	370.546
14.1568	357.247	370.264
14.1688	357.004	369.982
14.1807	356.761	369.701
14.1926	356.52	369.422
14.2046	356.279	369.142
14.2165	356.039	368.864
14.2285	355.799	368.587
14.2404	355.561	368.31
14.2523	355.323	368.034
14.2643	355.086	367.759
14.2762	354.849	367.485
14.2881	354.613	367.211
14.3001	354.378	366.939
14.312	354.144	366.667
14.3239	353.91	366.396
14.3359	353.677	366.125
14.3478	353.445	365.856
14.3598	353.214	365.587
14.3717	352.983	365.319
14.3836	352.753	365.052
14.3956	352.523	364.785
14.4075	352.295	364.52
14.4194	352.067	364.255
14.4314	351.839	363.991
14.4433	351.613	363.727
14.4552	351.387	363.465
14.4672	351.162	363.203
14.4791	350.937	362.942
14.4911	350.714	362.682
14.503	350.49	362.422
14.5149	350.268	362.164
14.5269	350.046	361.906
14.5388	349.825	361.649
14.5507	349.605	361.392
14.5627	349.385	361.137
14.5746	349.166	360.882
14.5866	348.948	360.628
14.5985	348.73	360.374
14.6104	348.514	360.122
14.6224	348.297	359.87
14.6343	348.082	359.619
14.6462	347.867	359.368
14.6582	347.653	359.119
14.6701	347.439	358.87
14.682	347.226	358.622
14.694	347.014	358.374
14.7059	346.802	358.128
14.7179	346.592	357.882
14.7298	346.381	357.637
14.7417	346.172	357.392
14.7537	345.963	357.149
14.7656	345.755	356.906
14.7775	345.547	356.663
14.7895	345.34	356.422
14.8014	345.134	356.181
14.8133	344.928	355.941
14.8253	344.723	355.702
14.8372	344.519	355.463
14.8492	344.315	355.225
14.8611	344.112	354.988
14.873	343.91	354.752
14.885	343.708	354.516
14.8969	343.507	354.281
14.9088	343.307	354.047
14.9208	343.107	353.813
14.9327	342.908	353.581
14.9446	342.709	353.348
14.9566	342.511	353.117
14.9685	342.314	352.886
14.9805	342.117	352.656
14.9924	341.921	352.427
15.0043	341.726	352.199
15.0163	341.531	351.971
15.0282	341.337	351.743
15.0401	341.143	351.517
15.0521	340.95	351.291
15.064	340.758	351.066
15.076	340.566	350.842
15.0879	340.375	350.618
15.0998	340.185	350.395
15.1118	339.995	350.173
15.1237	339.806	349.951
15.1356	339.617	349.73
15.1476	339.429	349.51
15.1595	339.242	349.29
15.1714	339.055	349.072
15.1834	338.869	348.853
15.1953	338.683	348.636
15.2073	338.498	348.419
15.2192	338.314	348.203
15.2311	338.13	347.987
15.2431	337.947	347.773
15.255	337.765	347.558
15.2669	337.583	347.345
15.2789	337.401	347.132
15.2908	337.22	346.92
15.3027	337.04	346.709
15.3147	336.861	346.498
15.3266	336.682	346.288
15.3386	336.503	346.078
15.3505	336.325	345.869
15.3624	336.148	345.661
15.3744	335.971	345.454
15.3863	335.795	345.247
15.3982	335.619	345.041
15.4102	335.445	344.835
15.4221	335.27	344.63
15.4341	335.096	344.426
15.446	334.923	344.222
15.4579	334.75	344.019
15.4699	334.578	343.817
15.4818	334.407	343.615
15.4937	334.236	343.414
15.5057	334.065	343.214
15.5176	333.895	343.014
15.5295	333.726	342.815
15.5415	333.557	342.617
15.5534	333.389	342.419
15.5654	333.221	342.222
15.5773	333.054	342.025
15.5892	332.888	341.829
15.6012	332.722	341.634
15.6131	332.556	341.439
15.625	332.391	341.245
15.637	332.227	341.052
15.6489	332.063	340.859
15.6608	331.9	340.667
15.6728	331.737	340.475
15.6847	331.575	340.284
15.6967	331.413	340.094
15.7086	331.252	339.904
15.7205	331.092	339.715
15.7325	330.932	339.527
15.7444	330.772	339.339
15.7563	330.613	339.151
15.7683	330.455	338.965
15.7802	330.297	338.779
15.7921	330.14	338.593
15.8041	329.983	338.408
15.816	329.826	338.224
15.828	329.671	338.04
15.8399	329.515	337.857
15.8518	329.36	337.675
15.8638	329.206	337.493
15.8757	329.052	337.312
15.8876	328.899	337.131
15.8996	328.746	336.951
15.9115	328.594	336.771
15.9235	328.443	336.592
15.9354	328.291	336.414
15.9473	328.141	336.236
15.9593	327.99	336.059
15.9712	327.841	335.883
15.9831	327.692	335.707
15.9951	327.543	335.531
16.007	327.395	335.356
16.0189	327.247	335.182
16.0309	327.1	335.008
16.0428	326.953	334.835
16.0548	326.807	334.662
16.0667	326.661	334.49
16.0786	326.516	334.319
16.0906	326.371	334.148
16.1025	326.227	333.978
16.1144	326.083	333.808
16.1264	325.94	333.639
16.1383	325.797	333.47
16.1502	325.655	333.302
16.1622	325.513	333.135
16.1741	325.371	332.968
16.1861	325.231	332.801
16.198	325.09	332.635
16.2099	324.95	332.47
16.2219	324.811	332.305
16.2338	324.672	332.141
16.2457	324.533	331.977
16.2577	324.395	331.814
16.2696	324.257	331.652
16.2816	324.12	331.49
16.2935	323.983	331.328
16.3054	323.847	331.167
16.3174	323.711	331.007
16.3293	323.576	330.847
16.3412	323.441	330.687
16.3532	323.307	330.529
16.3651	323.173	330.37
16.377	323.039	330.213
16.389	322.906	330.055
16.4009	322.774	329.899
16.4129	322.641	329.742
16.4248	322.51	329.587
16.4367	322.378	329.431
16.4487	322.248	329.277
16.4606	322.117	329.123
16.4725	321.987	328.969
16.4845	321.858	328.816
16.4964	321.729	328.663
16.5083	321.6	328.511
16.5203	321.472	328.36
16.5322	321.344	328.209
16.5442	321.216	328.058
16.5561	321.09	327.908
16.568	320.963	327.759
16.58	320.837	327.61
16.5919	320.711	327.461
16.6038	320.586	327.313
16.6158	320.461	327.165
16.6277	320.337	327.018
16.6396	320.213	326.872
16.6516	320.089	326.726
16.6635	319.966	326.58
16.6755	319.843	326.435
16.6874	319.721	326.29
16.6993	319.599	326.146
16.7113	319.477	326.003
16.7232	319.356	325.86
16.7351	319.236	325.717
16.7471	319.115	325.575
16.759	318.995	325.433
16.771	318.876	325.292
16.7829	318.757	325.151
16.7948	318.638	325.011
16.8068	318.52	324.871
16.8187	318.402	324.732
16.8306	318.285	324.593
16.8426	318.167	324.454
16.8545	318.051	324.317
16.8664	317.934	324.179
16.8784	317.818	324.042
16.8903	317.703	323.906
16.9023	317.588	323.769
16.9142	317.473	323.634
16.9261	317.359	323.499
16.9381	317.245	323.364
16.95	317.131	323.23
16.9619	317.018	323.096
16.9739	316.905	322.963
16.9858	316.792	322.83
16.9977	316.68	322.697
17.0097	316.568	322.565
17.0216	316.457	322.434
17.0336	316.346	322.303
17.0455	316.235	322.172
17.0574	316.125	322.042
17.0694	316.015	321.912
17.0813	315.906	321.783
17.0932	315.796	321.654
17.1052	315.688	321.525
17.1171	315.579	321.397
17.1291	315.471	321.27
17.141	315.363	321.142
17.1529	315.256	321.016
17.1649	315.149	320.889
17.1768	315.042	320.764
17.1887	314.936	320.638
17.2007	314.83	320.513
17.2126	314.725	320.388
17.2245	314.619	320.264
17.2365	314.514	320.14
17.2484	314.41	320.017
17.2604	314.306	319.894
17.2723	314.202	319.772
17.2842	314.098	319.649
17.2962	313.995	319.528
17.3081	313.892	319.406
17.32	313.79	319.286
17.332	313.688	319.165
17.3439	313.586	319.045
17.3558	313.484	318.925
17.3678	313.383	318.806
17.3797	313.283	318.687
17.3917	313.182	318.569
17.4036	313.082	318.451
17.4155	312.982	318.333
17.4275	312.883	318.216
17.4394	312.784	318.099
17.4513	312.685	317.982
17.4633	312.586	317.866
17.4752	312.488	317.751
17.4871	312.39	317.635
17.4991	312.293	317.52
17.511	312.196	317.406
17.523	312.099	317.292
17.5349	312.002	317.178
17.5468	311.906	317.064
17.5588	311.81	316.951
17.5707	311.714	316.839
17.5826	311.619	316.727
17.5946	311.524	316.615
17.6065	311.43	316.503
17.6185	311.335	316.392
17.6304	311.241	316.281
17.6423	311.147	316.171
17.6543	311.054	316.061
17.6662	310.961	315.951
17.6781	310.868	315.842
17.6901	310.776	315.733
17.702	310.683	315.625
17.7139	310.592	315.516
17.7259	310.5	315.409
17.7378	310.409	315.301
17.7498	310.318	315.194
17.7617	310.227	315.087
17.7736	310.137	314.981
17.7856	310.047	314.875
17.7975	309.957	314.769
17.8094	309.867	314.664
17.8214	309.778	314.559
17.8333	309.689	314.454
17.8452	309.601	314.35
17.8572	309.512	314.246
17.8691	309.424	314.142
17.8811	309.337	314.039
17.893	309.249	313.936
17.9049	309.162	313.834
17.9169	309.075	313.732
17.9288	308.989	313.63
17.9407	308.903	313.528
17.9527	308.817	313.427
17.9646	308.731	313.326
17.9766	308.645	313.226
17.9885	308.56	313.125
18.0004	308.475	313.026
18.0124	308.391	312.926
18.0243	308.307	312.827
18.0362	308.223	312.728
18.0482	308.139	312.629
18.0601	308.055	312.531
18.072	307.972	312.433
18.084	307.889	312.336
18.0959	307.807	312.239
18.1079	307.724	312.142
18.1198	307.642	312.045
18.1317	307.56	311.949
18.1437	307.479	311.853
18.1556	307.398	311.757
18.1675	307.317	311.662
18.1795	307.236	311.567
18.1914	307.155	311.472
18.2033	307.075	311.378
18.2153	306.995	311.284
18.2272	306.916	311.19
18.2392	306.836	311.097
18.2511	306.757	311.004
18.263	306.679	310.911
18.275	306.6	310.818
18.2869	306.522	310.726
18.2988	306.444	310.634
18.3108	306.366	310.543
18.3227	306.288	310.451
18.3346	306.211	310.36
18.3466	306.134	310.27
18.3585	306.057	310.179
18.3705	305.981	310.089
18.3824	305.905	309.999
18.3943	305.829	309.91
18.4063	305.753	309.821
18.4182	305.678	309.732
18.4301	305.602	309.643
18.4421	305.528	309.555
18.454	305.453	309.467
18.466	305.379	309.379
18.4779	305.304	309.292
18.4898	305.231	309.205
18.5018	305.157	309.118
18.5137	305.084	309.031
18.5256	305.01	308.945
18.5376	304.938	308.859
18.5495	304.865	308.773
18.5614	304.793	308.688
18.5734	304.72	308.603
18.5853	304.649	308.518
18.5973	304.577	308.433
18.6092	304.506	308.349
18.6211	304.435	308.265
18.6331	304.364	308.181
18.645	304.293	308.098
18.6569	304.223	308.014
18.6689	304.153	307.932
18.6808	304.083	307.849
18.6927	304.013	307.767
18.7047	303.944	307.684
18.7166	303.875	307.603
18.7286	303.806	307.521
18.7405	303.737	307.44
18.7524	303.669	307.359
18.7644	303.601	307.278
18.7763	303.533	307.198
18.7882	303.465	307.118
18.8002	303.398	307.038
18.8121	303.331	306.958
18.8241	303.264	306.879
18.836	303.197	306.799
18.8479	303.131	306.721
18.8599	303.065	306.642
18.8718	302.999	306.564
18.8837	302.933	306.486
18.8957	302.868	306.408
18.9076	302.802	306.33
18.9195	302.737	306.253
18.9315	302.673	306.176
18.9434	302.608	306.099
18.9554	302.544	306.023
18.9673	302.48	305.947
18.9792	302.416	305.871
18.9912	302.353	305.795
19.0031	302.289	305.719
19.015	302.226	305.644
19.027	302.164	305.569
19.0389	302.101	305.495
19.0508	302.039	305.42
19.0628	301.977	305.346
19.0747	301.915	305.272
19.0867	301.853	305.198
19.0986	301.792	305.125
19.1105	301.731	305.052
19.1225	301.67	304.979
19.1344	301.609	304.906
19.1463	301.549	304.834
19.1583	301.489	304.762
19.1702	301.429	304.69
19.1821	301.369	304.618
19.1941	301.31	304.547
19.206	301.251	304.476
19.218	301.192	304.405
19.2299	301.133	304.334
19.2418	301.074	304.264
19.2538	301.016	304.193
19.2657	300.958	304.123
19.2776	300.9	304.054
19.2896	300.843	303.984
19.3015	300.785	303.915
19.3135	300.728	303.846
19.3254	300.672	303.778
19.3373	300.615	303.709
19.3493	300.559	303.641
19.3612	300.502	303.573
19.3731	300.446	303.505
19.3851	300.391	303.438
19.397	300.335	303.37
19.4089	300.28	303.303
19.4209	300.225	303.237
19.4328	300.171	303.17
19.4448	300.116	303.104
19.4567	300.062	303.038
19.4686	300.008	302.972
19.4806	299.954	302.906
19.4925	299.9	302.841
19.5044	299.847	302.776
19.5164	299.794	302.711
19.5283	299.741	302.647
19.5402	299.689	302.582
19.5522	299.636	302.518
19.5641	299.584	302.454
19.5761	299.532	302.391
19.588	299.481	302.327
19.5999	299.429	302.264
19.6119	299.378	302.201
19.6238	299.327	302.138
19.6357	299.276	302.076
19.6477	299.226	302.014
19.6596	299.175	301.952
19.6716	299.125	301.89
19.6835	299.076	301.828
19.6954	299.026	301.767
19.7074	298.977	301.706
19.7193	298.928	301.645
19.7312	298.879	301.585
19.7432	298.83	301.524
19.7551	298.782	301.464
19.767	298.734	301.404
19.779	298.686	301.345
19.7909	298.638	301.285
19.8029	298.59	301.226
19.8148	298.543	301.167
19.8267	298.496	301.109
19.8387	298.449	301.05
19.8506	298.403	300.992
19.8625	298.357	300.934
19.8745	298.31	300.876
19.8864	298.265	300.819
19.8983	298.219	300.761
19.9103	298.174	300.704
19.9222	298.129	300.647
19.9342	298.084	300.591
19.9461	298.039	300.534
19.958	297.994	300.478
19.97	297.95	300.422
19.9819	297.906	300.367
19.9938	297.863	300.311
20.0058	297.819	300.256
20.0177	297.776	300.201
20.0296	297.733	300.146
20.0416	297.69	300.092
20.0535	297.647	300.038
20.0655	297.605	299.984
20.0774	297.563	299.93
20.0893	297.521	299.876
20.1013	297.479	299.823
20.1132	297.438	299.77
20.1251	297.396	299.717
20.1371	297.356	299.664
20.149	297.315	299.612
20.161	297.274	299.56
20.1729	297.234	299.508
20.1848	297.194	299.456
20.1968	297.154	299.404
20.2087	297.114	299.353
20.2206	297.075	299.302
20.2326	297.036	299.251
20.2445	296.997	299.201
20.2564	296.958	299.15
20.2684	296.92	299.1
20.2803	296.882	299.05
20.2923	296.844	299.001
20.3042	296.806	298.951
20.3161	296.768	298.902
20.3281	296.731	298.853
20.34	296.694	298.804
20.3519	296.657	298.756
20.3639	296.62	298.708
20.3758	296.584	298.659
20.3877	296.548	298.612
20.3997	296.512	298.564
20.4116	296.476	298.517
20.4236	296.44	298.47
20.4355	296.405	298.423
20.4474	296.37	298.376
20.4594	296.335	298.33
20.4713	296.301	298.283
20.4832	296.266	298.237
20.4952	296.232	298.192
20.5071	296.198	298.146
20.5191	296.164	298.101
20.531	296.131	298.056
20.5429	296.098	298.011
20.5549	296.065	297.966
20.5668	296.032	297.922
20.5787	295.999	297.878
20.5907	295.967	297.834
20.6026	295.935	297.79
20.6145	295.903	297.747
20.6265	295.871	297.704
20.6384	295.839	297.661
20.6504	295.808	297.618
20.6623	295.777	297.575
20.6742	295.746	297.533
20.6862	295.716	297.491
20.6981	295.685	297.449
20.71	295.655	297.408
20.722	295.625	297.366
20.7339	295.595	297.325
20.7458	295.566	297.284
20.7578	295.536	297.243
20.7697	295.507	297.203
20.7817	295.478	297.163
20.7936	295.45	297.123
20.8055	295.421	297.083
20.8175	295.393	297.043
20.8294	295.365	297.004
20.8413	295.337	296.965
20.8533	295.31	296.926
20.8652	295.282	296.887
20.8771	295.255	296.849
20.8891	295.228	296.811
20.901	295.201	296.773
20.913	295.175	296.735
20.9249	295.148	296.698
20.9368	295.122	296.66
20.9488	295.096	296.623
20.9607	295.071	296.586
20.9726	295.045	296.55
20.9846	295.02	296.513
20.9965	294.995	296.477
21.0085	294.97	296.441
21.0204	294.945	296.406
21.0323	294.921	296.37
21.0443	294.896	296.335
21.0562	294.872	296.3
21.0681	294.848	296.265
21.0801	294.825	296.23
21.092	294.801	296.196
21.1039	294.778	296.162
21.1159	294.755	296.128
21.1278	294.732	296.094
21.1398	294.709	296.061
21.1517	294.687	296.028
21.1636	294.665	295.995
21.1756	294.643	295.962
21.1875	294.621	295.929
21.1994	294.599	295.897
21.2114	294.577	295.865
21.2233	294.556	295.833
21.2352	294.535	295.801
21.2472	294.514	295.77
21.2591	294.493	295.738
21.2711	294.473	295.707
21.283	294.453	295.677
21.2949	294.432	295.646
21.3069	294.413	295.616
21.3188	294.393	295.585
21.3307	294.373	295.555
21.3427	294.354	295.526
21.3546	294.335	295.496
21.3666	294.316	295.467
21.3785	294.297	295.438
21.3904	294.278	295.409
21.4024	294.26	295.38
21.4143	294.241	295.352
21.4262	294.223	295.324
21.4382	294.205	295.296
21.4501	294.188	295.268
21.462	294.17	295.24
21.474	294.153	295.213
21.4859	294.136	295.186
21.4979	294.119	295.159
21.5098	294.102	295.132
21.5217	294.085	295.106
21.5337	294.069	295.079
21.5456	294.052	295.053
21.5575	294.036	295.027
21.5695	294.02	295.002
21.5814	294.004	294.976
21.5933	293.989	294.951
21.6053	293.973	294.926
21.6172	293.958	294.901
21.6292	293.943	294.877
21.6411	293.928	294.852
21.653	293.913	294.828
21.665	293.898	294.804
21.6769	293.884	294.78
21.6888	293.87	294.756
21.7008	293.855	294.733
21.7127	293.842	294.71
21.7246	293.828	294.687
21.7366	293.814	294.664
21.7485	293.801	294.641
21.7605	293.787	294.619
21.7724	293.774	294.597
21.7843	293.761	294.575
21.7963	293.748	294.553
21.8082	293.735	294.532
21.8201	293.723	294.51
21.8321	293.71	294.489
21.844	293.698	294.468
21.856	293.686	294.447
21.8679	293.674	294.427
21.8798	293.662	294.406
21.8918	293.651	294.386
21.9037	293.639	294.366
21.9156	293.628	294.346
21.9276	293.616	294.326
21.9395	293.605	294.307
21.9514	293.594	294.288
21.9634	293.584	294.269
21.9753	293.573	294.25
21.9873	293.562	294.231
21.9992	293.552	294.212
22.0111	293.542	294.194
22.0231	293.532	294.176
22.035	293.522	294.158
22.0469	293.512	294.14
22.0589	293.502	294.123
22.0708	293.493	294.105
22.0827	293.483	294.088
22.0947	293.474	294.071
22.1066	293.465	294.054
22.1186	293.456	294.037
22.1305	293.447	294.021
22.1424	293.438	294.005
22.1544	293.429	293.988
22.1663	293.421	293.972
22.1782	293.412	293.957
22.1902	293.404	293.941
22.2021	293.396	293.926
22.2141	293.388	293.91
22.226	293.38	293.895
22.2379	293.372	293.88
22.2499	293.364	293.865
22.2618	293.356	293.851
22.2737	293.349	293.836
22.2857	293.342	293.822
22.2976	293.334	293.808
22.3095	293.327	293.794
22.3215	293.32	293.78
22.3334	293.313	293.767
22.3454	293.306	293.753
22.3573	293.3	293.74
22.3692	293.293	293.727
22.3812	293.287	293.714
22.3931	293.28	293.701
22.405	293.274	293.688
22.417	293.268	293.676
22.4289	293.262	293.663
22.4408	293.256	293.651
22.4528	293.25	293.639
22.4647	293.244	293.627
22.4767	293.238	293.616
22.4886	293.233	293.604
22.5005	293.227	293.593
22.5125	293.222	293.581
22.5244	293.217	293.57
22.5363	293.211	293.559
22.5483	293.206	293.548
22.5602	293.201	293.538
22.5721	293.196	293.527
22.5841	293.191	293.517
22.596	293.187	293.507
22.608	293.182	293.496
22.6199	293.177	293.486
22.6318	293.173	293.477
22.6438	293.168	293.467
22.6557	293.164	293.457
22.6676	293.16	293.448
22.6796	293.156	293.439
22.6915	293.152	293.429
22.7035	293.148	293.42
22.7154	293.144	293.412
22.7273	293.14	293.403
22.7393	293.136	293.394
22.7512	293.132	293.386
22.7631	293.129	293.377
22.7751	293.125	293.369
22.787	293.122	293.361
22.7989	293.118	293.353
22.8109	293.115	293.345
22.8228	293.111	293.337
22.8348	293.108	293.33
22.8467	293.105	293.322
22.8586	293.102	293.315
22.8706	293.099	293.307
22.8825	293.096	293.3
22.8944	293.093	293.293
22.9064	293.09	293.286
22.9183	293.088	293.279
22.9302	293.085	293.273
22.9422	293.082	293.266
22.9541	293.08	293.26
22.9661	293.077	293.253
22.978	293.075	293.247
22.9899	293.072	293.241
23.0019	293.07	293.235
23.0138	293.068	293.229
23.0257	293.065	293.223
23.0377	293.063	293.217
23.0496	293.061	293.212
23.0616	293.059	293.206
23.0735	293.057	293.201
23.0854	293.055	293.195
23.0974	293.053	293.19
23.1093	293.051	293.185
23.1212	293.049	293.18
23.1332	293.048	293.175
23.1451	293.046	293.17
23.157	293.044	293.165
23.169	293.042	293.161
23.1809	293.041	293.156
23.1929	293.039	293.152
23.2048	293.038	293.147
23.2167	293.036	293.143
23.2287	293.035	293.139
23.2406	293.033	293.134
23.2525	293.032	293.13
23.2645	293.031	293.126
23.2764	293.03	293.123
23.2883	293.028	293.119
23.3003	293.027	293.115
23.3122	293.026	293.111
23.3242	293.025	293.108
23.3361	293.024	293.104
23.348	293.023	293.101
23.36	293.022	293.098
23.3719	293.021	293.094
23.3838	293.02	293.091
23.3958	293.019	293.088
23.4077	293.018	293.085
23.4196	293.017	293.082
23.4316	293.016	293.079
23.4435	293.015	293.076
23.4555	293.014	293.073
23.4674	293.014	293.071
23.4793	293.013	293.068
23.4913	293.012	293.065
23.5032	293.012	293.063
23.5151	293.011	293.061
23.5271	293.01	293.058
23.539	293.01	293.056
23.551	293.009	293.054
23.5629	293.008	293.051
23.5748	293.008	293.049
23.5868	293.007	293.047
23.5987	293.007	293.045
23.6106	293.006	293.043
23.6226	293.006	293.041
23.6345	293.006	293.039
23.6464	293.005	293.038
23.6584	293.005	293.036
23.6703	293.004	293.034
23.6823	293.004	293.032
23.6942	293.004	293.031
23.7061	293.003	293.029
23.7181	293.003	293.028
23.73	293.003	293.026
23.7419	293.002	293.025
23.7539	293.002	293.024
23.7658	293.002	293.022
23.7777	293.002	293.021
23.7897	293.001	293.02
23.8016	293.001	293.019
23.8136	293.001	293.018
23.8255	293.001	293.017
23.8374	293.001	293.016
23.8494	293	293.016
23.8613	293	293.016
23.8732	293	293.015
