0	873	873
0.0119366	873	873
0.0238732	873	873
0.0358099	873	873
0.0477465	873	873
0.0596831	873	873
0.0716197	873	873
0.0835563	873	873
0.095493	873	873
0.10743	873	873
0.119366	873	873
0.131303	873	873
0.143239	873	873
0.155176	873	873
0.167113	873	873
0.179049	873	873
0.190986	873	873
0.202923	873	873
0.214859	873	873
0.226796	873	873
0.238732	873	873
0.250669	873	873
0.262606	873	873
0.274542	873	873
0.286479	873	873
0.298416	873	873
0.310352	873	873
0.322289	873	873
0.334225	873	873
0.346162	873	873
0.358099	873	873
0.370035	873	873
0.381972	873	873
0.393908	873	873
0.405845	873	873
0.417782	873	873
0.429718	873	873
0.441655	873	873
0.453592	873	873
0.465528	873	873
0.477465	873	873
0.489401	873	873
0.501338	873	873
0.513275	873	873
0.525211	873	873
0.537148	873	873
0.549085	873	873
0.561021	873	873
0.572958	873	873
0.584894	873	873
0.596831	873	873
0.608768	873	873
0.620704	873	873
0.632641	873	873
0.644578	873	873
0.656514	873	873
0.668451	873	873
0.680387	873	873
0.692324	873	873
0.704261	873	873
0.716197	873	873
0.728134	873	873
0.74007	873	873
0.752007	873	873
0.763944	873	873
0.77588	873	873
0.787817	873	873
0.799754	873	873
0.81169	872.999	872.999
0.823627	872.999	872.999
0.835563	872.999	872.999
0.8475	872.999	872.999
0.859437	872.999	872.999
0.871373	872.999	872.999
0.88331	872.999	872.999
0.895247	872.999	872.999
0.907183	872.999	872.999
0.91912	872.999	872.999
0.931056	872.999	872.999
0.942993	872.999	872.999
0.95493	872.999	872.999
0.966866	872.999	872.999
0.978803	872.999	872.999
0.99074	872.999	872.999
1.00268	872.999	872.999
1.01461	872.999	872.999
1.02655	872.999	872.999
1.03849	872.999	872.999
1.05042	872.999	872.999
1.06236	872.999	872.999
1.0743	872.999	872.999
1.08623	872.999	872.999
1.09817	872.999	872.999
1.11011	872.999	872.999
1.12204	872.998	872.998
1.13398	872.998	872.998
1.14592	872.998	872.998
1.15785	872.998	872.998
1.16979	872.998	872.998
1.18173	872.998	872.998
1.19366	872.998	872.998
1.2056	872.998	872.998
1.21754	872.998	872.998
1.22947	872.998	872.998
1.24141	872.998	872.998
1.25335	872.998	872.998
1.26528	872.998	872.998
1.27722	872.998	872.998
1.28916	872.997	872.997
1.30109	872.997	872.997
1.31303	872.997	872.997
1.32496	872.997	872.997
1.3369	872.997	872.997
1.34884	872.997	872.997
1.36077	872.997	872.997
1.37271	872.997	872.997
1.38465	872.997	872.997
1.39658	872.997	872.997
1.40852	872.996	872.996
1.42046	872.996	872.996
1.43239	872.996	872.996
1.44433	872.996	872.996
1.45627	872.996	872.996
1.4682	872.996	872.996
1.48014	872.996	872.996
1.49208	872.995	872.995
1.50401	872.995	872.995
1.51595	872.995	872.995
1.52789	872.995	872.995
1.53982	872.995	872.995
1.55176	872.995	872.995
1.5637	872.994	872.994
1.57563	872.994	872.994
1.58757	872.994	872.994
1.59951	872.994	872.994
1.61144	872.994	872.994
1.62338	872.994	872.994
1.63532	872.993	872.993
1.64725	872.993	872.993
1.65919	872.993	872.993
1.67113	872.993	872.993
1.68306	872.992	872.992
1.695	872.992	872.992
1.70694	872.992	872.992
1.71887	872.992	872.992
1.73081	872.992	872.992
1.74275	872.991	872.991
1.75468	872.991	872.991
1.76662	872.991	872.991
1.77856	872.99	872.99
1.79049	872.99	872.99
1.80243	872.99	872.99
1.81437	872.99	872.99
1.8263	872.989	872.989
1.83824	872.989	872.989
1.85018	872.989	872.989
1.86211	872.988	872.988
1.87405	872.988	872.988
1.88599	872.988	872.988
1.89792	872.987	872.987
1.90986	872.987	872.987
1.9218	872.986	872.986
1.93373	872.986	872.986
1.94567	872.986	872.986
1.95761	872.985	872.985
1.96954	872.985	872.985
1.98148	872.984	872.984
1.99342	872.984	872.984
2.00535	872.984	872.984
2.01729	872.983	872.983
2.02923	872.983	872.983
2.04116	872.982	872.982
2.0531	872.982	872.982
2.06504	872.981	872.981
2.07697	872.981	872.981
2.08891	872.98	872.98
2.10085	872.98	872.98
2.11278	872.979	872.979
2.12472	872.979	872.979
2.13666	872.978	872.978
2.14859	872.977	872.977
2.16053	872.977	872.977
2.17246	872.976	872.976
2.1844	872.976	872.976
2.19634	872.975	872.975
2.20827	872.974	872.974
2.22021	872.974	872.974
2.23215	872.973	872.973
2.24408	872.972	872.972
2.25602	872.971	872.971
2.26796	872.971	872.971
2.27989	872.97	872.97
2.29183	872.969	872.969
2.30377	872.968	872.968
2.3157	872.968	872.968
2.32764	872.967	872.967
2.33958	872.966	872.966
2.35151	872.965	872.965
2.36345	872.964	872.964
2.37539	872.963	872.963
2.38732	872.962	872.962
2.39926	872.962	872.962
2.4112	872.961	872.961
2.42313	872.96	872.96
2.43507	872.959	872.959
2.44701	872.958	872.958
2.45894	872.957	872.957
2.47088	872.956	872.956
2.48282	872.954	872.954
2.49475	872.953	872.953
2.50669	872.952	872.952
2.51863	872.951	872.951
2.53056	872.95	872.95
2.5425	872.949	872.949
2.55444	872.948	872.948
2.56637	872.946	872.946
2.57831	872.945	872.945
2.59025	872.944	872.944
2.60218	872.942	872.942
2.61412	872.941	872.941
2.62606	872.94	872.94
2.63799	872.938	872.938
2.64993	872.937	872.937
2.66187	872.935	872.935
2.6738	872.934	872.934
2.68574	872.932	872.932
2.69768	872.931	872.931
2.70961	872.929	872.929
2.72155	872.928	872.928
2.73349	872.926	872.926
2.74542	872.924	872.924
2.75736	872.923	872.923
2.7693	872.921	872.921
2.78123	872.919	872.919
2.79317	872.917	872.917
2.80511	872.916	872.916
2.81704	872.914	872.914
2.82898	872.912	872.912
2.84092	872.91	872.91
2.85285	872.908	872.908
2.86479	872.906	872.906
2.87673	872.904	872.904
2.88866	872.902	872.902
2.9006	872.9	872.9
2.91254	872.898	872.898
2.92447	872.895	872.895
2.93641	872.893	872.893
2.94835	872.891	872.891
2.96028	872.889	872.889
2.97222	872.886	872.886
2.98416	872.884	872.884
2.99609	872.881	872.881
3.00803	872.879	872.879
3.01997	872.876	872.876
3.0319	872.874	872.874
3.04384	872.871	872.871
3.05577	872.868	872.868
3.06771	872.866	872.866
3.07965	872.863	872.863
3.09158	872.86	872.86
3.10352	872.857	872.857
3.11546	872.854	872.854
3.12739	872.851	872.851
3.13933	872.848	872.848
3.15127	872.845	872.845
3.1632	872.842	872.842
3.17514	872.839	872.839
3.18708	872.836	872.836
3.19901	872.832	872.832
3.21095	872.829	872.829
3.22289	872.826	872.826
3.23482	872.822	872.822
3.24676	872.819	872.819
3.2587	872.815	872.815
3.27063	872.811	872.811
3.28257	872.808	872.808
3.29451	872.804	872.804
3.30644	872.8	872.8
3.31838	872.796	872.796
3.33032	872.792	872.792
3.34225	872.788	872.788
3.35419	872.784	872.784
3.36613	872.78	872.78
3.37806	872.776	872.776
3.39	872.771	872.771
3.40194	872.767	872.767
3.41387	872.763	872.763
3.42581	872.758	872.758
3.43775	872.754	872.754
3.44968	872.749	872.749
3.46162	872.744	872.744
3.47356	872.739	872.739
3.48549	872.734	872.734
3.49743	872.729	872.73
3.50937	872.724	872.724
3.5213	872.719	872.719
3.53324	872.714	872.714
3.54518	872.709	872.709
3.55711	872.704	872.704
3.56905	872.698	872.698
3.58099	872.693	872.693
3.59292	872.687	872.687
3.60486	872.681	872.681
3.6168	872.675	872.675
3.62873	872.67	872.67
3.64067	872.664	872.664
3.65261	872.658	872.658
3.66454	872.651	872.651
3.67648	872.645	872.645
3.68842	872.639	872.639
3.70035	872.632	872.632
3.71229	872.626	872.626
3.72423	872.619	872.619
3.73616	872.612	872.612
3.7481	872.606	872.606
3.76004	872.599	872.599
3.77197	872.592	872.592
3.78391	872.585	872.585
3.79585	872.577	872.577
3.80778	872.57	872.57
3.81972	872.562	872.562
3.83166	872.555	872.555
3.84359	872.547	872.547
3.85553	872.539	872.539
3.86747	872.532	872.532
3.8794	872.523	872.524
3.89134	872.515	872.515
3.90327	872.507	872.507
3.91521	872.499	872.499
3.92715	872.49	872.49
3.93908	872.482	872.482
3.95102	872.473	872.473
3.96296	872.464	872.464
3.97489	872.455	872.455
3.98683	872.446	872.446
3.99877	872.437	872.437
4.0107	872.427	872.427
4.02264	872.418	872.418
4.03458	872.408	872.408
4.04651	872.398	872.399
4.05845	872.389	872.389
4.07039	872.379	872.379
4.08232	872.368	872.368
4.09426	872.358	872.358
4.1062	872.348	872.348
4.11813	872.337	872.337
4.13007	872.326	872.326
4.14201	872.315	872.315
4.15394	872.304	872.304
4.16588	872.293	872.293
4.17782	872.282	872.282
4.18975	872.27	872.27
4.20169	872.259	872.259
4.21363	872.247	872.247
4.22556	872.235	872.235
4.2375	872.223	872.223
4.24944	872.211	872.211
4.26137	872.198	872.198
4.27331	872.186	872.186
4.28525	872.173	872.173
4.29718	872.16	872.16
4.30912	872.147	872.147
4.32106	872.134	872.134
4.33299	872.12	872.12
4.34493	872.107	872.107
4.35687	872.093	872.093
4.3688	872.079	872.079
4.38074	872.065	872.065
4.39268	872.051	872.051
4.40461	872.036	872.036
4.41655	872.021	872.021
4.42849	872.007	872.007
4.44042	871.991	871.992
4.45236	871.976	871.976
4.4643	871.961	871.961
4.47623	871.945	871.945
4.48817	871.929	871.929
4.50011	871.913	871.913
4.51204	871.897	871.897
4.52398	871.881	871.881
4.53592	871.864	871.864
4.54785	871.847	871.847
4.55979	871.83	871.83
4.57173	871.813	871.813
4.58366	871.796	871.796
4.5956	871.778	871.778
4.60754	871.76	871.76
4.61947	871.742	871.742
4.63141	871.724	871.724
4.64335	871.705	871.705
4.65528	871.686	871.687
4.66722	871.667	871.668
4.67916	871.648	871.648
4.69109	871.629	871.629
4.70303	871.609	871.609
4.71497	871.589	871.589
4.7269	871.569	871.569
4.73884	871.549	871.549
4.75078	871.528	871.528
4.76271	871.507	871.508
4.77465	871.486	871.487
4.78658	871.465	871.465
4.79852	871.444	871.444
4.81046	871.422	871.422
4.82239	871.4	871.4
4.83433	871.377	871.377
4.84627	871.355	871.355
4.8582	871.332	871.332
4.87014	871.309	871.309
4.88208	871.286	871.286
4.89401	871.262	871.262
4.90595	871.238	871.238
4.91789	871.214	871.214
4.92982	871.19	871.19
4.94176	871.165	871.165
4.9537	871.14	871.14
4.96563	871.115	871.115
4.97757	871.089	871.089
4.98951	871.063	871.063
5.00144	871.037	871.037
5.01338	871.011	871.011
5.02532	870.984	870.984
5.03725	870.957	870.957
5.04919	870.93	870.93
5.06113	870.902	870.903
5.07306	870.875	870.875
5.085	870.847	870.847
5.09694	870.818	870.818
5.10887	870.789	870.789
5.12081	870.76	870.76
5.13275	870.731	870.731
5.14468	870.701	870.701
5.15662	870.671	870.671
5.16856	870.641	870.641
5.18049	870.61	870.61
5.19243	870.579	870.58
5.20437	870.548	870.548
5.2163	870.517	870.517
5.22824	870.485	870.485
5.24018	870.452	870.452
5.25211	870.42	870.42
5.26405	870.387	870.387
5.27599	870.354	870.354
5.28792	870.32	870.32
5.29986	870.286	870.286
5.3118	870.252	870.252
5.32373	870.217	870.217
5.33567	870.182	870.182
5.34761	870.147	870.147
5.35954	870.111	870.111
5.37148	870.075	870.075
5.38342	870.039	870.039
5.39535	870.002	870.002
5.40729	869.965	869.965
5.41923	869.927	869.927
5.43116	869.889	869.889
5.4431	869.851	869.851
5.45504	869.812	869.812
5.46697	869.773	869.773
5.47891	869.734	869.734
5.49085	869.694	869.694
5.50278	869.654	869.654
5.51472	869.613	869.613
5.52666	869.572	869.572
5.53859	869.531	869.531
5.55053	869.489	869.489
5.56247	869.447	869.447
5.5744	869.404	869.404
5.58634	869.361	869.361
5.59828	869.318	869.318
5.61021	869.274	869.274
5.62215	869.23	869.23
5.63408	869.185	869.185
5.64602	869.14	869.14
5.65796	869.095	869.095
5.66989	869.049	869.049
5.68183	869.003	869.003
5.69377	868.956	868.956
5.7057	868.909	868.909
5.71764	868.861	868.861
5.72958	868.813	868.813
5.74151	868.764	868.765
5.75345	868.715	868.716
5.76539	868.666	868.666
5.77732	868.616	868.616
5.78926	868.566	868.566
5.8012	868.515	868.515
5.81313	868.464	868.464
5.82507	868.412	868.412
5.83701	868.36	868.36
5.84894	868.308	868.308
5.86088	868.255	868.255
5.87282	868.201	868.201
5.88475	868.147	868.147
5.89669	868.092	868.093
5.90863	868.038	868.038
5.92056	867.982	867.982
5.9325	867.926	867.926
5.94444	867.87	867.87
5.95637	867.813	867.813
5.96831	867.755	867.756
5.98025	867.697	867.698
5.99218	867.639	867.639
6.00412	867.58	867.58
6.01606	867.521	867.521
6.02799	867.461	867.461
6.03993	867.4	867.401
6.05187	867.339	867.34
6.0638	867.278	867.278
6.07574	867.216	867.216
6.08768	867.154	867.154
6.09961	867.091	867.091
6.11155	867.027	867.027
6.12349	866.963	866.963
6.13542	866.898	866.899
6.14736	866.833	866.833
6.1593	866.767	866.768
6.17123	866.701	866.701
6.18317	866.634	866.635
6.19511	866.567	866.567
6.20704	866.499	866.5
6.21898	866.431	866.431
6.23092	866.362	866.362
6.24285	866.292	866.293
6.25479	866.222	866.223
6.26673	866.152	866.152
6.27866	866.08	866.081
6.2906	866.009	866.009
6.30254	865.936	865.937
6.31447	865.863	865.864
6.32641	865.79	865.79
6.33835	865.716	865.716
6.35028	865.641	865.641
6.36222	865.566	865.566
6.37416	865.49	865.49
6.38609	865.414	865.414
6.39803	865.337	865.337
6.40997	865.259	865.259
6.4219	865.181	865.181
6.43384	865.102	865.102
6.44578	865.022	865.023
6.45771	864.942	864.943
6.46965	864.862	864.862
6.48159	864.78	864.781
6.49352	864.699	864.699
6.50546	864.616	864.616
6.51739	864.533	864.533
6.52933	864.449	864.45
6.54127	864.365	864.365
6.5532	864.28	864.28
6.56514	864.194	864.195
6.57708	864.108	864.108
6.58901	864.021	864.021
6.60095	863.934	863.934
6.61289	863.845	863.846
6.62482	863.757	863.757
6.63676	863.667	863.667
6.6487	863.577	863.577
6.66063	863.486	863.487
6.67257	863.395	863.395
6.68451	863.303	863.303
6.69644	863.21	863.21
6.70838	863.117	863.117
6.72032	863.023	863.023
6.73225	862.928	862.928
6.74419	862.832	862.833
6.75613	862.736	862.737
6.76806	862.64	862.64
6.78	862.542	862.542
6.79194	862.444	862.444
6.80387	862.345	862.345
6.81581	862.246	862.246
6.82775	862.146	862.146
6.83968	862.045	862.045
6.85162	861.943	861.943
6.86356	861.841	861.841
6.87549	861.738	861.738
6.88743	861.634	861.634
6.89937	861.53	861.53
6.9113	861.425	861.425
6.92324	861.319	861.319
6.93518	861.213	861.213
6.94711	861.105	861.106
6.95905	860.997	860.998
6.97099	860.889	860.889
6.98292	860.779	860.78
6.99486	860.669	860.67
7.0068	860.559	860.559
7.01873	860.447	860.447
7.03067	860.335	860.335
7.04261	860.222	860.222
7.05454	860.108	860.108
7.06648	859.994	859.994
7.07842	859.878	859.879
7.09035	859.762	859.763
7.10229	859.646	859.646
7.11423	859.528	859.529
7.12616	859.41	859.41
7.1381	859.291	859.291
7.15004	859.171	859.172
7.16197	859.051	859.051
7.17391	858.93	858.93
7.18585	858.808	858.808
7.19778	858.685	858.685
7.20972	858.562	858.562
7.22166	858.437	858.438
7.23359	858.312	858.313
7.24553	858.187	858.187
7.25747	858.06	858.06
7.2694	857.933	857.933
7.28134	857.805	857.805
7.29328	857.676	857.676
7.30521	857.546	857.546
7.31715	857.416	857.416
7.32909	857.284	857.285
7.34102	857.152	857.153
7.35296	857.02	857.02
7.36489	856.886	856.886
7.37683	856.752	856.752
7.38877	856.616	856.617
7.4007	856.48	856.481
7.41264	856.344	856.344
7.42458	856.206	856.206
7.43651	856.068	856.068
7.44845	855.929	855.929
7.46039	855.789	855.789
7.47232	855.648	855.648
7.48426	855.506	855.506
7.4962	855.364	855.364
7.50813	855.22	855.221
7.52007	855.076	855.077
7.53201	854.932	854.932
7.54394	854.786	854.786
7.55588	854.639	854.64
7.56782	854.492	854.492
7.57975	854.344	854.344
7.59169	854.195	854.195
7.60363	854.045	854.046
7.61556	853.895	853.895
7.6275	853.743	853.743
7.63944	853.591	853.591
7.65137	853.438	853.438
7.66331	853.284	853.284
7.67525	853.129	853.129
7.68718	852.973	852.974
7.69912	852.817	852.817
7.71106	852.66	852.66
7.72299	852.502	852.502
7.73493	852.343	852.343
7.74687	852.183	852.183
7.7588	852.022	852.022
7.77074	851.861	851.861
7.78268	851.698	851.699
7.79461	851.535	851.535
7.80655	851.371	851.371
7.81849	851.206	851.206
7.83042	851.04	851.041
7.84236	850.874	850.874
7.8543	850.706	850.707
7.86623	850.538	850.538
7.87817	850.369	850.369
7.89011	850.199	850.199
7.90204	850.028	850.028
7.91398	849.856	849.856
7.92592	849.683	849.684
7.93785	849.51	849.51
7.94979	849.336	849.336
7.96173	849.16	849.161
7.97366	848.984	848.985
7.9856	848.807	848.808
7.99754	848.629	848.63
8.00947	848.451	848.451
8.02141	848.271	848.272
8.03335	848.091	848.091
8.04528	847.909	847.91
8.05722	847.727	847.728
8.06916	847.544	847.545
8.08109	847.36	847.361
8.09303	847.176	847.176
8.10497	846.99	846.99
8.1169	846.803	846.804
8.12884	846.616	846.616
8.14078	846.428	846.428
8.15271	846.238	846.239
8.16465	846.048	846.049
8.17659	845.857	845.858
8.18852	845.666	845.666
8.20046	845.473	845.473
8.2124	845.279	845.28
8.22433	845.085	845.085
8.23627	844.889	844.89
8.2482	844.693	844.693
8.26014	844.496	844.496
8.27208	844.298	844.298
8.28401	844.099	844.099
8.29595	843.899	843.9
8.30789	843.699	843.699
8.31982	843.497	843.497
8.33176	843.295	843.295
8.3437	843.091	843.092
8.35563	842.887	842.887
8.36757	842.682	842.682
8.37951	842.476	842.476
8.39144	842.269	842.27
8.40338	842.061	842.062
8.41532	841.853	841.853
8.42725	841.643	841.644
8.43919	841.433	841.433
8.45113	841.222	841.222
8.46306	841.009	841.01
8.475	840.796	840.797
8.48694	840.582	840.583
8.49887	840.367	840.368
8.51081	840.152	840.152
8.52275	839.935	839.935
8.53468	839.717	839.718
8.54662	839.499	839.499
8.55856	839.28	839.28
8.57049	839.06	839.06
8.58243	838.838	838.839
8.59437	838.616	838.617
8.6063	838.394	838.394
8.61824	838.17	838.17
8.63018	837.945	837.946
8.64211	837.72	837.72
8.65405	837.493	837.494
8.66599	837.266	837.266
8.67792	837.038	837.038
8.68986	836.809	836.809
8.7018	836.579	836.579
8.71373	836.348	836.348
8.72567	836.116	836.117
8.73761	835.884	835.884
8.74954	835.65	835.65
8.76148	835.416	835.416
8.77342	835.181	835.181
8.78535	834.944	834.945
8.79729	834.707	834.708
8.80923	834.47	834.47
8.82116	834.231	834.231
8.8331	833.991	833.991
8.84504	833.751	833.751
8.85697	833.509	833.509
8.86891	833.267	833.267
8.88085	833.024	833.024
8.89278	832.78	832.78
8.90472	832.535	832.535
8.91666	832.289	832.289
8.92859	832.042	832.043
8.94053	831.795	831.795
8.95247	831.546	831.547
8.9644	831.297	831.297
8.97634	831.047	831.047
8.98828	830.796	830.796
9.00021	830.544	830.544
9.01215	830.291	830.292
9.02409	830.038	830.038
9.03602	829.783	829.784
9.04796	829.528	829.528
9.0599	829.272	829.272
9.07183	829.015	829.015
9.08377	828.757	828.757
9.0957	828.498	828.498
9.10764	828.238	828.239
9.11958	827.978	827.978
9.13151	827.716	827.717
9.14345	827.454	827.454
9.15539	827.191	827.191
9.16732	826.927	826.927
9.17926	826.662	826.663
9.1912	826.397	826.397
9.20313	826.13	826.131
9.21507	825.863	825.863
9.22701	825.595	825.595
9.23894	825.326	825.326
9.25088	825.056	825.056
9.26282	824.785	824.786
9.27475	824.514	824.514
9.28669	824.241	824.242
9.29863	823.968	823.969
9.31056	823.694	823.694
9.3225	823.419	823.42
9.33444	823.144	823.144
9.34637	822.867	822.867
9.35831	822.59	822.59
9.37025	822.312	822.312
9.38218	822.033	822.033
9.39412	821.753	821.753
9.40606	821.472	821.472
9.41799	821.191	821.191
9.42993	820.908	820.909
9.44187	820.625	820.625
9.4538	820.341	820.342
9.46574	820.056	820.057
9.47768	819.771	819.771
9.48961	819.485	819.485
9.50155	819.197	819.198
9.51349	818.909	818.91
9.52542	818.621	818.621
9.53736	818.331	818.331
9.5493	818.041	818.041
9.56123	817.749	817.75
9.57317	817.458	817.458
9.58511	817.165	817.165
9.59704	816.871	816.871
9.60898	816.577	816.577
9.62092	816.282	816.282
9.63285	815.986	815.986
9.64479	815.689	815.689
9.65673	815.392	815.392
9.66866	815.093	815.094
9.6806	814.794	814.795
9.69254	814.494	814.495
9.70447	814.194	814.194
9.71641	813.892	813.893
9.72835	813.59	813.591
9.74028	813.287	813.288
9.75222	812.984	812.984
9.76416	812.679	812.68
9.77609	812.374	812.374
9.78803	812.068	812.068
9.79997	811.761	811.762
9.8119	811.454	811.454
9.82384	811.146	811.146
9.83578	810.837	810.837
9.84771	810.527	810.527
9.85965	810.217	810.217
9.87159	809.905	809.906
9.88352	809.594	809.594
9.89546	809.281	809.281
9.9074	808.967	808.968
9.91933	808.653	808.654
9.93127	808.338	808.339
9.94321	808.023	808.023
9.95514	807.707	807.707
9.96708	807.39	807.39
9.97901	807.072	807.072
9.99095	806.753	806.754
10.0029	806.434	806.434
10.0148	806.114	806.115
10.0268	805.794	805.794
10.0387	805.472	805.473
10.0506	805.15	805.151
10.0626	804.828	804.828
10.0745	804.504	804.504
10.0864	804.18	804.18
10.0984	803.855	803.856
10.1103	803.53	803.53
10.1223	803.204	803.204
10.1342	802.877	802.877
10.1461	802.549	802.549
10.1581	802.221	802.221
10.17	801.892	801.892
10.1819	801.562	801.563
10.1939	801.232	801.232
10.2058	800.901	800.902
10.2177	800.57	800.57
10.2297	800.237	800.238
10.2416	799.905	799.905
10.2536	799.571	799.571
10.2655	799.237	799.237
10.2774	798.902	798.902
10.2894	798.566	798.567
10.3013	798.23	798.23
10.3132	797.893	797.894
10.3252	797.556	797.556
10.3371	797.218	797.218
10.3491	796.879	796.879
10.361	796.54	796.54
10.3729	796.2	796.2
10.3849	795.859	795.859
10.3968	795.518	795.518
10.4087	795.176	795.176
10.4207	794.834	794.834
10.4326	794.491	794.491
10.4445	794.147	794.147
10.4565	793.803	793.803
10.4684	793.458	793.458
10.4804	793.112	793.112
10.4923	792.766	792.766
10.5042	792.419	792.419
10.5162	792.072	792.072
10.5281	791.724	791.724
10.54	791.376	791.376
10.552	791.027	791.027
10.5639	790.677	790.677
10.5758	790.327	790.327
10.5878	789.976	789.976
10.5997	789.624	789.625
10.6117	789.272	789.273
10.6236	788.92	788.92
10.6355	788.567	788.567
10.6475	788.213	788.213
10.6594	787.859	787.859
10.6713	787.504	787.505
10.6833	787.149	787.149
10.6952	786.793	786.793
10.7071	786.437	786.437
10.7191	786.08	786.08
10.731	785.722	785.723
10.743	785.364	785.365
10.7549	785.006	785.006
10.7668	784.647	784.647
10.7788	784.287	784.287
10.7907	783.927	783.927
10.8026	783.566	783.567
10.8146	783.205	783.205
10.8265	782.844	782.844
10.8385	782.481	782.482
10.8504	782.119	782.119
10.8623	781.756	781.756
10.8743	781.392	781.392
10.8862	781.028	781.028
10.8981	780.663	780.663
10.9101	780.298	780.298
10.922	779.932	779.932
10.9339	779.566	779.566
10.9459	779.199	779.2
10.9578	778.832	778.832
10.9698	778.465	778.465
10.9817	778.097	778.097
10.9936	777.728	777.728
11.0056	777.359	777.359
11.0175	776.99	776.99
11.0294	776.62	776.62
11.0414	776.249	776.249
11.0533	775.878	775.879
11.0652	775.507	775.507
11.0772	775.135	775.136
11.0891	774.763	774.763
11.1011	774.391	774.391
11.113	774.018	774.018
11.1249	773.644	773.644
11.1369	773.27	773.27
11.1488	772.896	772.896
11.1607	772.521	772.521
11.1727	772.146	772.146
11.1846	771.77	771.77
11.1966	771.394	771.394
11.2085	771.018	771.018
11.2204	770.641	770.641
11.2324	770.264	770.264
11.2443	769.886	769.886
11.2562	769.508	769.508
11.2682	769.129	769.13
11.2801	768.75	768.751
11.292	768.371	768.371
11.304	767.992	767.992
11.3159	767.612	767.612
11.3279	767.231	767.231
11.3398	766.85	766.85
11.3517	766.469	766.469
11.3637	766.088	766.088
11.3756	765.706	765.706
11.3875	765.323	765.324
11.3995	764.941	764.941
11.4114	764.558	764.558
11.4233	764.174	764.175
11.4353	763.791	763.791
11.4472	763.407	763.407
11.4592	763.022	763.022
11.4711	762.637	762.638
11.483	762.252	762.252
11.495	761.867	761.867
11.5069	761.481	761.481
11.5188	761.095	761.095
11.5308	760.709	760.709
11.5427	760.322	760.322
11.5546	759.935	759.935
11.5666	759.547	759.547
11.5785	759.16	759.16
11.5905	758.771	758.772
11.6024	758.383	758.383
11.6143	757.994	757.995
11.6263	757.605	757.606
11.6382	757.216	757.216
11.6501	756.827	756.827
11.6621	756.437	756.437
11.674	756.047	756.047
11.686	755.656	755.656
11.6979	755.265	755.265
11.7098	754.874	754.874
11.7218	754.483	754.483
11.7337	754.091	754.091
11.7456	753.699	753.7
11.7576	753.307	753.307
11.7695	752.915	752.915
11.7814	752.522	752.522
11.7934	752.129	752.129
11.8053	751.736	751.736
11.8173	751.342	751.343
11.8292	750.949	750.949
11.8411	750.555	750.555
11.8531	750.16	750.161
11.865	749.766	749.766
11.8769	749.371	749.371
11.8889	748.976	748.976
11.9008	748.581	748.581
11.9127	748.185	748.186
11.9247	747.79	747.79
11.9366	747.394	747.394
11.9486	746.998	746.998
11.9605	746.601	746.601
11.9724	746.205	746.205
11.9844	745.808	745.808
11.9963	745.411	745.411
12.0082	745.013	745.014
12.0202	744.616	744.616
12.0321	744.218	744.218
12.0441	743.82	743.82
12.056	743.422	743.422
12.0679	743.024	743.024
12.0799	742.625	742.625
12.0918	742.227	742.227
12.1037	741.828	741.828
12.1157	741.429	741.429
12.1276	741.029	741.029
12.1395	740.63	740.63
12.1515	740.23	740.23
12.1634	739.83	739.83
12.1754	739.43	739.43
12.1873	739.03	739.03
12.1992	738.63	738.63
12.2112	738.229	738.229
12.2231	737.828	737.829
12.235	737.428	737.428
12.247	737.027	737.027
12.2589	736.625	736.625
12.2708	736.224	736.224
12.2828	735.822	735.822
12.2947	735.421	735.421
12.3067	735.019	735.019
12.3186	734.617	734.617
12.3305	734.215	734.215
12.3425	733.812	733.812
12.3544	733.41	733.41
12.3663	733.007	733.007
12.3783	732.605	732.605
12.3902	732.202	732.202
12.4021	731.799	731.799
12.4141	731.396	731.396
12.426	730.993	730.993
12.438	730.589	730.589
12.4499	730.186	730.186
12.4618	729.782	729.782
12.4738	729.378	729.378
12.4857	728.974	728.974
12.4976	728.57	728.57
12.5096	728.166	728.166
12.5215	727.762	727.762
12.5335	727.358	727.358
12.5454	726.953	726.953
12.5573	726.549	726.549
12.5693	726.144	726.144
12.5812	725.74	725.74
12.5931	725.335	725.335
12.6051	724.93	724.93
12.617	724.525	724.525
12.6289	724.12	724.12
12.6409	723.715	723.715
12.6528	723.309	723.309
12.6648	722.904	722.904
12.6767	722.498	722.498
12.6886	722.093	722.093
12.7006	721.687	721.687
12.7125	721.282	721.282
12.7244	720.876	720.876
12.7364	720.47	720.47
12.7483	720.064	720.064
12.7602	719.658	719.658
12.7722	719.252	719.252
12.7841	718.846	718.846
12.7961	718.44	718.44
12.808	718.033	718.033
12.8199	717.627	717.627
12.8319	717.221	717.221
12.8438	716.814	716.814
12.8557	716.408	716.408
12.8677	716.001	716.001
12.8796	715.594	715.595
12.8916	715.188	715.188
12.9035	714.781	714.781
12.9154	714.374	714.374
12.9274	713.968	713.968
12.9393	713.561	713.561
12.9512	713.154	713.154
12.9632	712.747	712.747
12.9751	712.34	712.34
12.987	711.933	711.933
12.999	711.526	711.526
13.0109	711.119	711.119
13.0229	710.712	710.712
13.0348	710.305	710.305
13.0467	709.897	709.897
13.0587	709.49	709.49
13.0706	709.083	709.083
13.0825	708.676	708.676
13.0945	708.269	708.269
13.1064	707.861	707.861
13.1183	707.454	707.454
13.1303	707.047	707.047
13.1422	706.639	706.639
13.1542	706.232	706.232
13.1661	705.825	705.825
13.178	705.417	705.417
13.19	705.01	705.01
13.2019	704.602	704.602
13.2138	704.195	704.195
13.2258	703.788	703.788
13.2377	703.38	703.38
13.2496	702.973	702.973
13.2616	702.565	702.565
13.2735	702.158	702.158
13.2855	701.75	701.75
13.2974	701.343	701.343
13.3093	700.935	700.935
13.3213	700.528	700.528
13.3332	700.121	700.121
13.3451	699.713	699.713
13.3571	699.306	699.306
13.369	698.898	698.898
13.381	698.491	698.491
13.3929	698.084	698.084
13.4048	697.676	697.676
13.4168	697.269	697.269
13.4287	696.862	696.862
13.4406	696.454	696.454
13.4526	696.047	696.047
13.4645	695.64	695.64
13.4764	695.232	695.232
13.4884	694.825	694.825
13.5003	694.418	694.418
13.5123	694.011	694.011
13.5242	693.603	693.603
13.5361	693.196	693.196
13.5481	692.789	692.789
13.56	692.382	692.382
13.5719	691.975	691.975
13.5839	691.568	691.568
13.5958	691.161	691.161
13.6077	690.754	690.754
13.6197	690.347	690.347
13.6316	689.94	689.94
13.6436	689.533	689.533
13.6555	689.126	689.126
13.6674	688.719	688.719
13.6794	688.313	688.313
13.6913	687.906	687.906
13.7032	687.499	687.499
13.7152	687.093	687.093
13.7271	686.686	686.686
13.7391	686.279	686.279
13.751	685.873	685.873
13.7629	685.466	685.466
13.7749	685.06	685.06
13.7868	684.653	684.653
13.7987	684.247	684.247
13.8107	683.841	683.841
13.8226	683.434	683.434
13.8345	683.028	683.028
13.8465	682.622	682.622
13.8584	682.216	682.216
13.8704	681.81	681.81
13.8823	681.404	681.404
13.8942	680.998	680.998
13.9062	680.592	680.592
13.9181	680.186	680.186
13.93	679.78	679.78
13.942	679.374	679.374
13.9539	678.968	678.968
13.9658	678.563	678.563
13.9778	678.157	678.157
13.9897	677.752	677.752
14.0017	677.346	677.346
14.0136	676.941	676.941
14.0255	676.535	676.535
14.0375	676.13	676.13
14.0494	675.725	675.725
14.0613	675.319	675.319
14.0733	674.914	674.914
14.0852	674.509	674.509
14.0971	674.104	674.104
14.1091	673.699	673.699
14.121	673.294	673.294
14.133	672.889	672.889
14.1449	672.485	672.484
14.1568	672.08	672.08
14.1688	671.675	671.675
14.1807	671.271	671.27
14.1926	670.866	670.866
14.2046	670.462	670.461
14.2165	670.057	670.057
14.2285	669.653	669.653
14.2404	669.248	669.248
14.2523	668.844	668.844
14.2643	668.44	668.44
14.2762	668.036	668.036
14.2881	667.632	667.632
14.3001	667.228	667.228
14.312	666.824	666.824
14.3239	666.42	666.42
14.3359	666.017	666.017
14.3478	665.613	665.613
14.3598	665.209	665.209
14.3717	664.806	664.806
14.3836	664.403	664.402
14.3956	663.999	663.999
14.4075	663.596	663.596
14.4194	663.193	663.193
14.4314	662.789	662.789
14.4433	662.386	662.386
14.4552	661.983	661.983
14.4672	661.58	661.58
14.4791	661.177	661.177
14.4911	660.775	660.775
14.503	660.372	660.372
14.5149	659.969	659.969
14.5269	659.567	659.567
14.5388	659.164	659.164
14.5507	658.762	658.762
14.5627	658.359	658.359
14.5746	657.957	657.957
14.5866	657.555	657.555
14.5985	657.153	657.153
14.6104	656.751	656.751
14.6224	656.349	656.349
14.6343	655.947	655.947
14.6462	655.545	655.545
14.6582	655.143	655.143
14.6701	654.742	654.742
14.682	654.34	654.34
14.694	653.938	653.938
14.7059	653.537	653.537
14.7179	653.136	653.136
14.7298	652.734	652.734
14.7417	652.333	652.333
14.7537	651.932	651.932
14.7656	651.531	651.531
14.7775	651.13	651.13
14.7895	650.729	650.729
14.8014	650.328	650.328
14.8133	649.927	649.927
14.8253	649.527	649.527
14.8372	649.126	649.126
14.8492	648.725	648.725
14.8611	648.325	648.325
14.873	647.925	647.925
14.885	647.524	647.524
14.8969	647.124	647.124
14.9088	646.724	646.724
14.9208	646.324	646.324
14.9327	645.924	645.924
14.9446	645.524	645.524
14.9566	645.124	645.124
14.9685	644.724	644.724
14.9805	644.325	644.325
14.9924	643.925	643.925
15.0043	643.525	643.525
15.0163	643.126	643.126
15.0282	642.727	642.727
15.0401	642.327	642.327
15.0521	641.928	641.928
15.064	641.529	641.529
15.076	641.13	641.13
15.0879	640.731	640.731
15.0998	640.332	640.332
15.1118	639.933	639.933
15.1237	639.534	639.534
15.1356	639.136	639.136
15.1476	638.737	638.737
15.1595	638.338	638.338
15.1714	637.94	637.94
15.1834	637.542	637.542
15.1953	637.143	637.143
15.2073	636.745	636.745
15.2192	636.347	636.347
15.2311	635.949	635.949
15.2431	635.551	635.551
15.255	635.153	635.153
15.2669	634.755	634.755
15.2789	634.357	634.357
15.2908	633.959	633.959
15.3027	633.562	633.562
15.3147	633.164	633.164
15.3266	632.767	632.767
15.3386	632.369	632.369
15.3505	631.972	631.972
15.3624	631.575	631.575
15.3744	631.178	631.177
15.3863	630.78	630.78
15.3982	630.383	630.383
15.4102	629.986	629.986
15.4221	629.589	629.589
15.4341	629.193	629.193
15.446	628.796	628.796
15.4579	628.399	628.399
15.4699	628.003	628.003
15.4818	627.606	627.606
15.4937	627.21	627.21
15.5057	626.813	626.813
15.5176	626.417	626.417
15.5295	626.021	626.021
15.5415	625.624	625.624
15.5534	625.228	625.228
15.5654	624.832	624.832
15.5773	624.436	624.436
15.5892	624.04	624.04
15.6012	623.645	623.645
15.6131	623.249	623.249
15.625	622.853	622.853
15.637	622.458	622.458
15.6489	622.062	622.062
15.6608	621.667	621.667
15.6728	621.271	621.271
15.6847	620.876	620.876
15.6967	620.481	620.481
15.7086	620.085	620.085
15.7205	619.69	619.69
15.7325	619.295	619.295
15.7444	618.9	618.9
15.7563	618.505	618.505
15.7683	618.111	618.11
15.7802	617.716	617.716
15.7921	617.321	617.321
15.8041	616.926	616.926
15.816	616.532	616.532
15.828	616.137	616.137
15.8399	615.743	615.743
15.8518	615.348	615.348
15.8638	614.954	614.954
15.8757	614.56	614.56
15.8876	614.166	614.166
15.8996	613.772	613.772
15.9115	613.378	613.378
15.9235	612.984	612.984
15.9354	612.59	612.59
15.9473	612.196	612.196
15.9593	611.802	611.802
15.9712	611.408	611.408
15.9831	611.015	611.015
15.9951	610.621	610.621
16.007	610.227	610.227
16.0189	609.834	609.834
16.0309	609.441	609.441
16.0428	609.047	609.047
16.0548	608.654	608.654
16.0667	608.261	608.261
16.0786	607.868	607.868
16.0906	607.475	607.475
16.1025	607.082	607.081
16.1144	606.689	606.689
16.1264	606.296	606.296
16.1383	605.903	605.903
16.1502	605.51	605.51
16.1622	605.117	605.117
16.1741	604.725	604.725
16.1861	604.332	604.332
16.198	603.939	603.939
16.2099	603.547	603.547
16.2219	603.155	603.155
16.2338	602.762	602.762
16.2457	602.37	602.37
16.2577	601.978	601.978
16.2696	601.586	601.585
16.2816	601.193	601.193
16.2935	600.801	600.801
16.3054	600.409	600.409
16.3174	600.017	600.017
16.3293	599.625	599.625
16.3412	599.234	599.234
16.3532	598.842	598.842
16.3651	598.45	598.45
16.377	598.059	598.059
16.389	597.667	597.667
16.4009	597.275	597.275
16.4129	596.884	596.884
16.4248	596.492	596.492
16.4367	596.101	596.101
16.4487	595.71	595.71
16.4606	595.319	595.319
16.4725	594.927	594.927
16.4845	594.536	594.536
16.4964	594.145	594.145
16.5083	593.754	593.754
16.5203	593.363	593.363
16.5322	592.972	592.972
16.5442	592.581	592.581
16.5561	592.19	592.19
16.568	591.8	591.8
16.58	591.409	591.409
16.5919	591.018	591.018
16.6038	590.628	590.628
16.6158	590.237	590.237
16.6277	589.847	589.847
16.6396	589.456	589.456
16.6516	589.066	589.066
16.6635	588.676	588.676
16.6755	588.285	588.285
16.6874	587.895	587.895
16.6993	587.505	587.505
16.7113	587.115	587.115
16.7232	586.725	586.725
16.7351	586.335	586.335
16.7471	585.945	585.945
16.759	585.555	585.555
16.771	585.165	585.165
16.7829	584.775	584.775
16.7948	584.386	584.386
16.8068	583.996	583.996
16.8187	583.606	583.606
16.8306	583.217	583.217
16.8426	582.827	582.827
16.8545	582.438	582.438
16.8664	582.048	582.048
16.8784	581.659	581.659
16.8903	581.269	581.269
16.9023	580.88	580.88
16.9142	580.491	580.491
16.9261	580.102	580.102
16.9381	579.713	579.713
16.95	579.324	579.324
16.9619	578.934	578.934
16.9739	578.546	578.545
16.9858	578.157	578.157
16.9977	577.768	577.768
17.0097	577.379	577.379
17.0216	576.99	576.99
17.0336	576.601	576.601
17.0455	576.213	576.213
17.0574	575.824	575.824
17.0694	575.435	575.435
17.0813	575.047	575.047
17.0932	574.658	574.658
17.1052	574.27	574.27
17.1171	573.882	573.882
17.1291	573.493	573.493
17.141	573.105	573.105
17.1529	572.717	572.717
17.1649	572.329	572.329
17.1768	571.94	571.94
17.1887	571.552	571.552
17.2007	571.164	571.164
17.2126	570.776	570.776
17.2245	570.388	570.388
17.2365	570.001	570.001
17.2484	569.613	569.613
17.2604	569.225	569.225
17.2723	568.837	568.837
17.2842	568.449	568.449
17.2962	568.062	568.062
17.3081	567.674	567.674
17.32	567.287	567.287
17.332	566.899	566.899
17.3439	566.512	566.512
17.3558	566.124	566.124
17.3678	565.737	565.737
17.3797	565.35	565.35
17.3917	564.962	564.962
17.4036	564.575	564.575
17.4155	564.188	564.188
17.4275	563.801	563.801
17.4394	563.414	563.414
17.4513	563.027	563.027
17.4633	562.64	562.64
17.4752	562.253	562.253
17.4871	561.866	561.866
17.4991	561.479	561.479
17.511	561.093	561.093
17.523	560.706	560.706
17.5349	560.319	560.319
17.5468	559.933	559.933
17.5588	559.546	559.546
17.5707	559.159	559.159
17.5826	558.773	558.773
17.5946	558.387	558.387
17.6065	558	558
17.6185	557.614	557.614
17.6304	557.228	557.228
17.6423	556.841	556.841
17.6543	556.455	556.455
17.6662	556.069	556.069
17.6781	555.683	555.683
17.6901	555.297	555.297
17.702	554.911	554.911
17.7139	554.525	554.525
17.7259	554.139	554.139
17.7378	553.753	553.753
17.7498	553.368	553.368
17.7617	552.982	552.982
17.7736	552.596	552.596
17.7856	552.211	552.211
17.7975	551.825	551.825
17.8094	551.44	551.44
17.8214	551.054	551.054
17.8333	550.669	550.669
17.8452	550.283	550.283
17.8572	549.898	549.898
17.8691	549.513	549.513
17.8811	549.128	549.128
17.893	548.742	548.742
17.9049	548.357	548.357
17.9169	547.972	547.972
17.9288	547.587	547.587
17.9407	547.202	547.202
17.9527	546.818	546.818
17.9646	546.433	546.433
17.9766	546.048	546.048
17.9885	545.663	545.663
18.0004	545.279	545.279
18.0124	544.894	544.894
18.0243	544.509	544.509
18.0362	544.125	544.125
18.0482	543.74	543.74
18.0601	543.356	543.356
18.072	542.972	542.972
18.084	542.587	542.587
18.0959	542.203	542.203
18.1079	541.819	541.819
18.1198	541.435	541.435
18.1317	541.051	541.051
18.1437	540.667	540.667
18.1556	540.283	540.283
18.1675	539.899	539.899
18.1795	539.515	539.515
18.1914	539.131	539.131
18.2033	538.747	538.747
18.2153	538.364	538.364
18.2272	537.98	537.98
18.2392	537.597	537.597
18.2511	537.213	537.213
18.263	536.83	536.83
18.275	536.446	536.446
18.2869	536.063	536.063
18.2988	535.68	535.68
18.3108	535.297	535.296
18.3227	534.913	534.913
18.3346	534.53	534.53
18.3466	534.147	534.147
18.3585	533.764	533.764
18.3705	533.381	533.381
18.3824	532.999	532.999
18.3943	532.616	532.616
18.4063	532.233	532.233
18.4182	531.85	531.85
18.4301	531.468	531.468
18.4421	531.085	531.085
18.454	530.703	530.703
18.466	530.32	530.32
18.4779	529.938	529.938
18.4898	529.556	529.556
18.5018	529.174	529.174
18.5137	528.791	528.791
18.5256	528.409	528.409
18.5376	528.027	528.027
18.5495	527.645	527.645
18.5614	527.264	527.263
18.5734	526.882	526.882
18.5853	526.5	526.5
18.5973	526.118	526.118
18.6092	525.737	525.737
18.6211	525.355	525.355
18.6331	524.974	524.974
18.645	524.592	524.592
18.6569	524.211	524.211
18.6689	523.83	523.83
18.6808	523.448	523.448
18.6927	523.067	523.067
18.7047	522.686	522.686
18.7166	522.305	522.305
18.7286	521.924	521.924
18.7405	521.543	521.543
18.7524	521.163	521.163
18.7644	520.782	520.782
18.7763	520.401	520.401
18.7882	520.021	520.021
18.8002	519.64	519.64
18.8121	519.26	519.26
18.8241	518.88	518.879
18.836	518.499	518.499
18.8479	518.119	518.119
18.8599	517.739	517.739
18.8718	517.359	517.359
18.8837	516.979	516.979
18.8957	516.599	516.599
18.9076	516.219	516.219
18.9195	515.84	515.84
18.9315	515.46	515.46
18.9434	515.08	515.08
18.9554	514.701	514.701
18.9673	514.321	514.321
18.9792	513.942	513.942
18.9912	513.563	513.563
19.0031	513.184	513.184
19.015	512.805	512.805
19.027	512.426	512.426
19.0389	512.047	512.047
19.0508	511.668	511.668
19.0628	511.289	511.289
19.0747	510.911	510.91
19.0867	510.532	510.532
19.0986	510.153	510.153
19.1105	509.775	509.775
19.1225	509.397	509.397
19.1344	509.018	509.018
19.1463	508.64	508.64
19.1583	508.262	508.262
19.1702	507.884	507.884
19.1821	507.506	507.506
19.1941	507.129	507.129
19.206	506.751	506.751
19.218	506.373	506.373
19.2299	505.996	505.996
19.2418	505.618	505.618
19.2538	505.241	505.241
19.2657	504.864	504.864
19.2776	504.487	504.487
19.2896	504.11	504.11
19.3015	503.733	503.733
19.3135	503.356	503.356
19.3254	502.979	502.979
19.3373	502.602	502.602
19.3493	502.226	502.226
19.3612	501.849	501.849
19.3731	501.473	501.473
19.3851	501.097	501.097
19.397	500.721	500.72
19.4089	500.344	500.344
19.4209	499.968	499.968
19.4328	499.593	499.593
19.4448	499.217	499.217
19.4567	498.841	498.841
19.4686	498.466	498.466
19.4806	498.09	498.09
19.4925	497.715	497.715
19.5044	497.34	497.339
19.5164	496.964	496.964
19.5283	496.589	496.589
19.5402	496.214	496.214
19.5522	495.84	495.84
19.5641	495.465	495.465
19.5761	495.09	495.09
19.588	494.716	494.716
19.5999	494.341	494.341
19.6119	493.967	493.967
19.6238	493.593	493.593
19.6357	493.219	493.219
19.6477	492.845	492.845
19.6596	492.471	492.471
19.6716	492.097	492.097
19.6835	491.724	491.724
19.6954	491.35	491.35
19.7074	490.977	490.977
19.7193	490.604	490.604
19.7312	490.231	490.231
19.7432	489.858	489.858
19.7551	489.485	489.485
19.767	489.112	489.112
19.779	488.739	488.739
19.7909	488.367	488.367
19.8029	487.994	487.994
19.8148	487.622	487.622
19.8267	487.25	487.25
19.8387	486.878	486.878
19.8506	486.506	486.506
19.8625	486.134	486.134
19.8745	485.762	485.762
19.8864	485.391	485.391
19.8983	485.02	485.019
19.9103	484.648	484.648
19.9222	484.277	484.277
19.9342	483.906	483.906
19.9461	483.535	483.535
19.958	483.164	483.164
19.97	482.794	482.794
19.9819	482.423	482.423
19.9938	482.053	482.053
20.0058	481.683	481.683
20.0177	481.313	481.313
20.0296	480.943	480.943
20.0416	480.573	480.573
20.0535	480.203	480.203
20.0655	479.834	479.834
20.0774	479.464	479.464
20.0893	479.095	479.095
20.1013	478.726	478.726
20.1132	478.357	478.357
20.1251	477.988	477.988
20.1371	477.619	477.619
20.149	477.251	477.251
20.161	476.883	476.882
20.1729	476.514	476.514
20.1848	476.146	476.146
20.1968	475.778	475.778
20.2087	475.41	475.41
20.2206	475.043	475.043
20.2326	474.675	474.675
20.2445	474.308	474.308
20.2564	473.941	473.941
20.2684	473.574	473.574
20.2803	473.207	473.207
20.2923	472.84	472.84
20.3042	472.473	472.473
20.3161	472.107	472.107
20.3281	471.741	471.741
20.34	471.375	471.375
20.3519	471.009	471.009
20.3639	470.643	470.643
20.3758	470.277	470.277
20.3877	469.912	469.912
20.3997	469.546	469.546
20.4116	469.181	469.181
20.4236	468.816	468.816
20.4355	468.451	468.451
20.4474	468.087	468.087
20.4594	467.722	467.722
20.4713	467.358	467.358
20.4832	466.994	466.994
20.4952	466.63	466.63
20.5071	466.266	466.266
20.5191	465.902	465.902
20.531	465.539	465.539
20.5429	465.176	465.176
20.5549	464.813	464.813
20.5668	464.45	464.45
20.5787	464.087	464.087
20.5907	463.724	463.724
20.6026	463.362	463.362
20.6145	463	463
20.6265	462.638	462.637
20.6384	462.276	462.276
20.6504	461.914	461.914
20.6623	461.552	461.552
20.6742	461.191	461.191
20.6862	460.83	460.83
20.6981	460.469	460.469
20.71	460.108	460.108
20.722	459.748	459.748
20.7339	459.387	459.387
20.7458	459.027	459.027
20.7578	458.667	458.667
20.7697	458.307	458.307
20.7817	457.948	457.948
20.7936	457.588	457.588
20.8055	457.229	457.229
20.8175	456.87	456.87
20.8294	456.511	456.511
20.8413	456.152	456.152
20.8533	455.794	455.794
20.8652	455.436	455.436
20.8771	455.078	455.078
20.8891	454.72	454.72
20.901	454.362	454.362
20.913	454.005	454.005
20.9249	453.647	453.647
20.9368	453.29	453.29
20.9488	452.934	452.933
20.9607	452.577	452.577
20.9726	452.22	452.22
20.9846	451.864	451.864
20.9965	451.508	451.508
21.0085	451.152	451.152
21.0204	450.797	450.797
21.0323	450.442	450.441
21.0443	450.086	450.086
21.0562	449.731	449.731
21.0681	449.377	449.377
21.0801	449.022	449.022
21.092	448.668	448.668
21.1039	448.314	448.314
21.1159	447.96	447.96
21.1278	447.606	447.606
21.1398	447.253	447.253
21.1517	446.9	446.9
21.1636	446.547	446.547
21.1756	446.194	446.194
21.1875	445.842	445.841
21.1994	445.489	445.489
21.2114	445.137	445.137
21.2233	444.785	444.785
21.2352	444.434	444.434
21.2472	444.082	444.082
21.2591	443.731	443.731
21.2711	443.38	443.38
21.283	443.03	443.03
21.2949	442.679	442.679
21.3069	442.329	442.329
21.3188	441.979	441.979
21.3307	441.63	441.63
21.3427	441.28	441.28
21.3546	440.931	440.931
21.3666	440.582	440.582
21.3785	440.233	440.233
21.3904	439.885	439.885
21.4024	439.536	439.536
21.4143	439.188	439.188
21.4262	438.841	438.841
21.4382	438.493	438.493
21.4501	438.146	438.146
21.462	437.799	437.799
21.474	437.452	437.452
21.4859	437.106	437.106
21.4979	436.76	436.759
21.5098	436.414	436.413
21.5217	436.068	436.068
21.5337	435.722	435.722
21.5456	435.377	435.377
21.5575	435.032	435.032
21.5695	434.687	434.687
21.5814	434.343	434.343
21.5933	433.999	433.999
21.6053	433.655	433.655
21.6172	433.311	433.311
21.6292	432.968	432.968
21.6411	432.625	432.625
21.653	432.282	432.282
21.665	431.94	431.939
21.6769	431.597	431.597
21.6888	431.255	431.255
21.7008	430.913	430.913
21.7127	430.572	430.572
21.7246	430.231	430.231
21.7366	429.89	429.89
21.7485	429.549	429.549
21.7605	429.209	429.209
21.7724	428.869	428.869
21.7843	428.529	428.529
21.7963	428.19	428.189
21.8082	427.85	427.85
21.8201	427.511	427.511
21.8321	427.173	427.173
21.844	426.834	426.834
21.856	426.496	426.496
21.8679	426.158	426.158
21.8798	425.821	425.821
21.8918	425.484	425.484
21.9037	425.147	425.147
21.9156	424.81	424.81
21.9276	424.474	424.474
21.9395	424.138	424.138
21.9514	423.802	423.802
21.9634	423.467	423.467
21.9753	423.131	423.131
21.9873	422.797	422.797
21.9992	422.462	422.462
22.0111	422.128	422.128
22.0231	421.794	421.794
22.035	421.46	421.46
22.0469	421.127	421.127
22.0589	420.794	420.794
22.0708	420.461	420.461
22.0827	420.129	420.129
22.0947	419.797	419.797
22.1066	419.465	419.465
22.1186	419.134	419.133
22.1305	418.802	418.802
22.1424	418.472	418.471
22.1544	418.141	418.141
22.1663	417.811	417.811
22.1782	417.481	417.481
22.1902	417.151	417.151
22.2021	416.822	416.822
22.2141	416.493	416.493
22.226	416.165	416.164
22.2379	415.836	415.836
22.2499	415.508	415.508
22.2618	415.181	415.181
22.2737	414.853	414.853
22.2857	414.527	414.526
22.2976	414.2	414.2
22.3095	413.874	413.873
22.3215	413.548	413.547
22.3334	413.222	413.222
22.3454	412.897	412.897
22.3573	412.572	412.572
22.3692	412.247	412.247
22.3812	411.923	411.923
22.3931	411.599	411.599
22.405	411.275	411.275
22.417	410.952	410.952
22.4289	410.629	410.629
22.4408	410.306	410.306
22.4528	409.984	409.984
22.4647	409.662	409.662
22.4767	409.341	409.341
22.4886	409.02	409.019
22.5005	408.699	408.699
22.5125	408.378	408.378
22.5244	408.058	408.058
22.5363	407.738	407.738
22.5483	407.419	407.419
22.5602	407.1	407.1
22.5721	406.781	406.781
22.5841	406.463	406.463
22.596	406.145	406.145
22.608	405.827	405.827
22.6199	405.51	405.51
22.6318	405.193	405.193
22.6438	404.876	404.876
22.6557	404.56	404.56
22.6676	404.244	404.244
22.6796	403.929	403.929
22.6915	403.614	403.613
22.7035	403.299	403.299
22.7154	402.984	402.984
22.7273	402.67	402.67
22.7393	402.357	402.357
22.7512	402.044	402.043
22.7631	401.731	401.731
22.7751	401.418	401.418
22.787	401.106	401.106
22.7989	400.794	400.794
22.8109	400.483	400.483
22.8228	400.172	400.172
22.8348	399.861	399.861
22.8467	399.551	399.551
22.8586	399.241	399.241
22.8706	398.932	398.932
22.8825	398.623	398.623
22.8944	398.314	398.314
22.9064	398.006	398.006
22.9183	397.698	397.698
22.9302	397.39	397.39
22.9422	397.083	397.083
22.9541	396.776	396.776
22.9661	396.47	396.47
22.978	396.164	396.164
22.9899	395.858	395.858
23.0019	395.553	395.553
23.0138	395.248	395.248
23.0257	394.944	394.944
23.0377	394.64	394.64
23.0496	394.337	394.336
23.0616	394.033	394.033
23.0735	393.731	393.73
23.0854	393.428	393.428
23.0974	393.126	393.126
23.1093	392.825	392.825
23.1212	392.524	392.523
23.1332	392.223	392.223
23.1451	391.922	391.922
23.157	391.622	391.622
23.169	391.323	391.323
23.1809	391.024	391.024
23.1929	390.725	390.725
23.2048	390.427	390.427
23.2167	390.129	390.129
23.2287	389.832	389.831
23.2406	389.534	389.534
23.2525	389.238	389.238
23.2645	388.942	388.941
23.2764	388.646	388.646
23.2883	388.35	388.35
23.3003	388.056	388.055
23.3122	387.761	387.761
23.3242	387.467	387.467
23.3361	387.173	387.173
23.348	386.88	386.88
23.36	386.587	386.587
23.3719	386.295	386.295
23.3838	386.003	386.003
23.3958	385.712	385.711
23.4077	385.421	385.42
23.4196	385.13	385.13
23.4316	384.84	384.84
23.4435	384.55	384.55
23.4555	384.261	384.261
23.4674	383.973	383.973
23.4793	383.685	383.685
23.4913	383.398	383.398
23.5032	383.111	383.111
23.5151	382.826	382.825
23.5271	382.541	382.541
23.539	382.257	382.257
23.551	381.975	381.974
23.5629	381.694	381.693
23.5748	381.414	381.414
23.5868	381.137	381.136
23.5987	380.862	380.861
23.6106	380.589	380.588
23.6226	380.32	380.318
23.6345	380.054	380.052
23.6464	379.792	379.79
23.6584	379.535	379.533
23.6703	379.284	379.282
23.6823	379.039	379.037
23.6942	378.802	378.799
23.7061	378.573	378.569
23.7181	378.353	378.349
23.73	378.143	378.139
23.7419	377.945	377.94
23.7539	377.759	377.754
23.7658	377.587	377.581
23.7777	377.429	377.423
23.7897	377.288	377.281
23.8016	377.162	377.156
23.8136	377.055	377.048
23.8255	376.965	376.958
23.8374	376.895	376.888
23.8494	376.845	376.837
23.8613	376.814	376.807
23.8732	376.804	376.796
