0	848.607	854.895
0.0119366	848.54	854.87
0.0238732	848.402	854.804
0.0358099	848.261	854.717
0.0477465	848.119	854.617
0.0596831	847.977	854.509
0.0716197	847.833	854.398
0.0835563	847.689	854.285
0.095493	847.545	854.17
0.10743	847.4	854.053
0.119366	847.254	853.936
0.131303	847.108	853.819
0.143239	846.961	853.7
0.155176	846.813	853.581
0.167113	846.665	853.462
0.179049	846.516	853.342
0.190986	846.367	853.221
0.202923	846.217	853.1
0.214859	846.067	852.979
0.226796	845.916	852.857
0.238732	845.764	852.734
0.250669	845.612	852.611
0.262606	845.459	852.487
0.274542	845.306	852.362
0.286479	845.152	852.237
0.298416	844.997	852.112
0.310352	844.842	851.986
0.322289	844.687	851.859
0.334225	844.53	851.732
0.346162	844.373	851.605
0.358099	844.216	851.476
0.370035	844.058	851.348
0.381972	843.899	851.218
0.393908	843.74	851.088
0.405845	843.58	850.958
0.417782	843.419	850.827
0.429718	843.258	850.695
0.441655	843.096	850.563
0.453592	842.934	850.43
0.465528	842.771	850.297
0.477465	842.607	850.163
0.489401	842.443	850.029
0.501338	842.279	849.894
0.513275	842.113	849.759
0.525211	841.947	849.622
0.537148	841.781	849.486
0.549085	841.614	849.349
0.561021	841.446	849.211
0.572958	841.277	849.072
0.584894	841.108	848.933
0.596831	840.939	848.794
0.608768	840.769	848.654
0.620704	840.598	848.513
0.632641	840.426	848.372
0.644578	840.254	848.23
0.656514	840.082	848.088
0.668451	839.908	847.945
0.680387	839.735	847.801
0.692324	839.56	847.657
0.704261	839.385	847.512
0.716197	839.209	847.367
0.728134	839.033	847.221
0.74007	838.856	847.075
0.752007	838.678	846.927
0.763944	838.5	846.78
0.77588	838.322	846.632
0.787817	838.142	846.483
0.799754	837.962	846.333
0.81169	837.781	846.183
0.823627	837.6	846.033
0.835563	837.418	845.882
0.8475	837.236	845.73
0.859437	837.053	845.578
0.871373	836.869	845.425
0.88331	836.685	845.271
0.895247	836.5	845.117
0.907183	836.314	844.962
0.91912	836.128	844.807
0.931056	835.941	844.651
0.942993	835.754	844.494
0.95493	835.566	844.337
0.966866	835.377	844.18
0.978803	835.188	844.021
0.99074	834.998	843.862
1.00268	834.808	843.703
1.01461	834.616	843.543
1.02655	834.425	843.382
1.03849	834.232	843.221
1.05042	834.039	843.059
1.06236	833.846	842.896
1.0743	833.651	842.733
1.08623	833.457	842.569
1.09817	833.261	842.405
1.11011	833.065	842.24
1.12204	832.868	842.075
1.13398	832.671	841.908
1.14592	832.473	841.742
1.15785	832.274	841.574
1.16979	832.075	841.406
1.18173	831.875	841.238
1.19366	831.675	841.069
1.2056	831.474	840.899
1.21754	831.272	840.728
1.22947	831.07	840.557
1.24141	830.867	840.386
1.25335	830.663	840.213
1.26528	830.459	840.041
1.27722	830.254	839.867
1.28916	830.049	839.693
1.30109	829.843	839.518
1.31303	829.636	839.343
1.32496	829.429	839.167
1.3369	829.221	838.991
1.34884	829.012	838.813
1.36077	828.803	838.636
1.37271	828.593	838.457
1.38465	828.383	838.278
1.39658	828.172	838.099
1.40852	827.96	837.918
1.42046	827.748	837.738
1.43239	827.535	837.556
1.44433	827.322	837.374
1.45627	827.108	837.191
1.4682	826.893	837.008
1.48014	826.677	836.824
1.49208	826.461	836.639
1.50401	826.245	836.454
1.51595	826.028	836.268
1.52789	825.81	836.082
1.53982	825.591	835.895
1.55176	825.372	835.707
1.5637	825.152	835.519
1.57563	824.932	835.33
1.58757	824.711	835.141
1.59951	824.49	834.95
1.61144	824.267	834.76
1.62338	824.045	834.568
1.63532	823.821	834.376
1.64725	823.597	834.184
1.65919	823.373	833.99
1.67113	823.147	833.796
1.68306	822.921	833.602
1.695	822.695	833.407
1.70694	822.468	833.211
1.71887	822.24	833.015
1.73081	822.012	832.818
1.74275	821.783	832.62
1.75468	821.553	832.422
1.76662	821.323	832.223
1.77856	821.092	832.024
1.79049	820.861	831.823
1.80243	820.629	831.623
1.81437	820.396	831.421
1.8263	820.163	831.219
1.83824	819.929	831.017
1.85018	819.695	830.814
1.86211	819.46	830.61
1.87405	819.224	830.405
1.88599	818.988	830.2
1.89792	818.751	829.994
1.90986	818.513	829.788
1.9218	818.275	829.581
1.93373	818.036	829.373
1.94567	817.797	829.165
1.95761	817.557	828.956
1.96954	817.316	828.747
1.98148	817.075	828.537
1.99342	816.834	828.326
2.00535	816.591	828.115
2.01729	816.348	827.903
2.02923	816.105	827.69
2.04116	815.86	827.477
2.0531	815.616	827.263
2.06504	815.37	827.049
2.07697	815.124	826.834
2.08891	814.878	826.618
2.10085	814.631	826.402
2.11278	814.383	826.185
2.12472	814.135	825.967
2.13666	813.886	825.749
2.14859	813.636	825.53
2.16053	813.386	825.311
2.17246	813.135	825.091
2.1844	812.884	824.87
2.19634	812.632	824.649
2.20827	812.379	824.427
2.22021	812.126	824.205
2.23215	811.873	823.981
2.24408	811.618	823.758
2.25602	811.363	823.533
2.26796	811.108	823.308
2.27989	810.852	823.083
2.29183	810.595	822.856
2.30377	810.338	822.63
2.3157	810.08	822.402
2.32764	809.822	822.174
2.33958	809.563	821.945
2.35151	809.303	821.716
2.36345	809.043	821.486
2.37539	808.782	821.256
2.38732	808.521	821.024
2.39926	808.259	820.793
2.4112	807.997	820.56
2.42313	807.733	820.327
2.43507	807.47	820.094
2.44701	807.206	819.859
2.45894	806.941	819.625
2.47088	806.675	819.389
2.48282	806.41	819.153
2.49475	806.143	818.916
2.50669	805.876	818.679
2.51863	805.608	818.441
2.53056	805.34	818.203
2.5425	805.071	817.964
2.55444	804.802	817.724
2.56637	804.532	817.484
2.57831	804.262	817.243
2.59025	803.99	817.001
2.60218	803.719	816.759
2.61412	803.447	816.516
2.62606	803.174	816.273
2.63799	802.901	816.029
2.64993	802.627	815.784
2.66187	802.352	815.539
2.6738	802.077	815.294
2.68574	801.802	815.047
2.69768	801.526	814.8
2.70961	801.249	814.553
2.72155	800.972	814.304
2.73349	800.694	814.056
2.74542	800.416	813.806
2.75736	800.137	813.556
2.7693	799.857	813.306
2.78123	799.577	813.055
2.79317	799.297	812.803
2.80511	799.016	812.551
2.81704	798.734	812.298
2.82898	798.452	812.044
2.84092	798.169	811.79
2.85285	797.886	811.535
2.86479	797.602	811.28
2.87673	797.318	811.024
2.88866	797.033	810.768
2.9006	796.748	810.511
2.91254	796.462	810.253
2.92447	796.176	809.995
2.93641	795.889	809.736
2.94835	795.601	809.476
2.96028	795.313	809.216
2.97222	795.024	808.956
2.98416	794.735	808.695
2.99609	794.446	808.433
3.00803	794.155	808.17
3.01997	793.865	807.908
3.0319	793.574	807.644
3.04384	793.282	807.38
3.05577	792.99	807.115
3.06771	792.697	806.85
3.07965	792.403	806.584
3.09158	792.11	806.318
3.10352	791.815	806.051
3.11546	791.52	805.783
3.12739	791.225	805.515
3.13933	790.929	805.247
3.15127	790.633	804.977
3.1632	790.336	804.708
3.17514	790.038	804.437
3.18708	789.74	804.166
3.19901	789.442	803.895
3.21095	789.143	803.623
3.22289	788.844	803.35
3.23482	788.544	803.077
3.24676	788.243	802.803
3.2587	787.942	802.529
3.27063	787.641	802.254
3.28257	787.339	801.978
3.29451	787.037	801.702
3.30644	786.734	801.426
3.31838	786.43	801.149
3.33032	786.126	800.871
3.34225	785.822	800.593
3.35419	785.517	800.314
3.36613	785.212	800.035
3.37806	784.906	799.755
3.39	784.599	799.474
3.40194	784.292	799.193
3.41387	783.985	798.912
3.42581	783.677	798.63
3.43775	783.369	798.347
3.44968	783.06	798.064
3.46162	782.751	797.78
3.47356	782.441	797.496
3.48549	782.131	797.211
3.49743	781.821	796.926
3.50937	781.509	796.64
3.5213	781.198	796.353
3.53324	780.886	796.066
3.54518	780.573	795.779
3.55711	780.26	795.491
3.56905	779.947	795.202
3.58099	779.633	794.913
3.59292	779.318	794.624
3.60486	779.004	794.334
3.6168	778.688	794.043
3.62873	778.372	793.752
3.64067	778.056	793.46
3.65261	777.74	793.168
3.66454	777.422	792.875
3.67648	777.105	792.582
3.68842	776.787	792.288
3.70035	776.468	791.994
3.71229	776.149	791.699
3.72423	775.83	791.403
3.73616	775.51	791.107
3.7481	775.19	790.811
3.76004	774.869	790.514
3.77197	774.548	790.217
3.78391	774.227	789.919
3.79585	773.905	789.62
3.80778	773.582	789.321
3.81972	773.259	789.022
3.83166	772.936	788.722
3.84359	772.612	788.421
3.85553	772.288	788.121
3.86747	771.964	787.819
3.8794	771.639	787.517
3.89134	771.313	787.215
3.90327	770.987	786.912
3.91521	770.661	786.608
3.92715	770.334	786.304
3.93908	770.007	786
3.95102	769.68	785.695
3.96296	769.352	785.389
3.97489	769.023	785.084
3.98683	768.695	784.777
3.99877	768.365	784.47
4.0107	768.036	784.163
4.02264	767.706	783.855
4.03458	767.375	783.547
4.04651	767.045	783.238
4.05845	766.713	782.929
4.07039	766.382	782.619
4.08232	766.05	782.309
4.09426	765.717	781.998
4.1062	765.385	781.687
4.11813	765.051	781.375
4.13007	764.718	781.063
4.14201	764.384	780.75
4.15394	764.05	780.437
4.16588	763.715	780.124
4.17782	763.38	779.81
4.18975	763.044	779.495
4.20169	762.708	779.18
4.21363	762.372	778.865
4.22556	762.035	778.549
4.2375	761.698	778.233
4.24944	761.361	777.916
4.26137	761.023	777.599
4.27331	760.685	777.281
4.28525	760.346	776.963
4.29718	760.007	776.644
4.30912	759.668	776.325
4.32106	759.328	776.006
4.33299	758.988	775.686
4.34493	758.648	775.366
4.35687	758.307	775.045
4.3688	757.966	774.723
4.38074	757.625	774.402
4.39268	757.283	774.08
4.40461	756.941	773.757
4.41655	756.598	773.434
4.42849	756.255	773.111
4.44042	755.912	772.787
4.45236	755.568	772.463
4.4643	755.224	772.138
4.47623	754.88	771.813
4.48817	754.535	771.487
4.50011	754.19	771.161
4.51204	753.845	770.835
4.52398	753.499	770.508
4.53592	753.153	770.181
4.54785	752.807	769.853
4.55979	752.46	769.525
4.57173	752.113	769.196
4.58366	751.766	768.868
4.5956	751.418	768.538
4.60754	751.07	768.208
4.61947	750.722	767.878
4.63141	750.373	767.548
4.64335	750.024	767.217
4.65528	749.675	766.885
4.66722	749.325	766.554
4.67916	748.975	766.222
4.69109	748.625	765.889
4.70303	748.274	765.556
4.71497	747.924	765.223
4.7269	747.572	764.889
4.73884	747.221	764.555
4.75078	746.869	764.22
4.76271	746.517	763.885
4.77465	746.164	763.55
4.78658	745.812	763.214
4.79852	745.458	762.878
4.81046	745.105	762.542
4.82239	744.751	762.205
4.83433	744.397	761.868
4.84627	744.043	761.53
4.8582	743.689	761.192
4.87014	743.334	760.854
4.88208	742.979	760.515
4.89401	742.623	760.176
4.90595	742.267	759.836
4.91789	741.911	759.497
4.92982	741.555	759.156
4.94176	741.198	758.816
4.9537	740.841	758.475
4.96563	740.484	758.133
4.97757	740.127	757.792
4.98951	739.769	757.45
5.00144	739.411	757.107
5.01338	739.053	756.765
5.02532	738.694	756.422
5.03725	738.335	756.078
5.04919	737.976	755.734
5.06113	737.617	755.39
5.07306	737.257	755.046
5.085	736.897	754.701
5.09694	736.537	754.356
5.10887	736.177	754.01
5.12081	735.816	753.664
5.13275	735.455	753.318
5.14468	735.094	752.971
5.15662	734.732	752.624
5.16856	734.37	752.277
5.18049	734.008	751.93
5.19243	733.646	751.582
5.20437	733.284	751.234
5.2163	732.921	750.885
5.22824	732.558	750.536
5.24018	732.194	750.187
5.25211	731.831	749.837
5.26405	731.467	749.487
5.27599	731.103	749.137
5.28792	730.739	748.787
5.29986	730.374	748.436
5.3118	730.01	748.085
5.32373	729.645	747.733
5.33567	729.279	747.382
5.34761	728.914	747.03
5.35954	728.548	746.677
5.37148	728.182	746.324
5.38342	727.816	745.971
5.39535	727.45	745.618
5.40729	727.083	745.264
5.41923	726.717	744.911
5.43116	726.349	744.556
5.4431	725.982	744.202
5.45504	725.615	743.847
5.46697	725.247	743.492
5.47891	724.879	743.136
5.49085	724.511	742.781
5.50278	724.143	742.425
5.51472	723.774	742.068
5.52666	723.405	741.712
5.53859	723.036	741.355
5.55053	722.667	740.998
5.56247	722.298	740.64
5.5744	721.928	740.283
5.58634	721.558	739.925
5.59828	721.188	739.566
5.61021	720.818	739.208
5.62215	720.447	738.849
5.63408	720.077	738.49
5.64602	719.706	738.131
5.65796	719.335	737.771
5.66989	718.963	737.411
5.68183	718.592	737.051
5.69377	718.22	736.69
5.7057	717.849	736.33
5.71764	717.477	735.969
5.72958	717.104	735.607
5.74151	716.732	735.246
5.75345	716.359	734.884
5.76539	715.987	734.522
5.77732	715.614	734.16
5.78926	715.24	733.797
5.8012	714.867	733.435
5.81313	714.494	733.072
5.82507	714.12	732.708
5.83701	713.746	732.345
5.84894	713.372	731.981
5.86088	712.998	731.617
5.87282	712.623	731.253
5.88475	712.249	730.888
5.89669	711.874	730.523
5.90863	711.499	730.158
5.92056	711.124	729.793
5.9325	710.749	729.428
5.94444	710.373	729.062
5.95637	709.998	728.696
5.96831	709.622	728.33
5.98025	709.246	727.963
5.99218	708.87	727.597
6.00412	708.494	727.23
6.01606	708.117	726.863
6.02799	707.741	726.495
6.03993	707.364	726.128
6.05187	706.987	725.76
6.0638	706.61	725.392
6.07574	706.233	725.024
6.08768	705.856	724.656
6.09961	705.478	724.287
6.11155	705.101	723.918
6.12349	704.723	723.549
6.13542	704.345	723.18
6.14736	703.967	722.81
6.1593	703.589	722.44
6.17123	703.211	722.071
6.18317	702.832	721.7
6.19511	702.453	721.33
6.20704	702.075	720.96
6.21898	701.696	720.589
6.23092	701.317	720.218
6.24285	700.938	719.847
6.25479	700.558	719.475
6.26673	700.179	719.104
6.27866	699.799	718.732
6.2906	699.419	718.36
6.30254	699.04	717.988
6.31447	698.66	717.616
6.32641	698.28	717.243
6.33835	697.899	716.871
6.35028	697.519	716.498
6.36222	697.138	716.125
6.37416	696.758	715.752
6.38609	696.377	715.378
6.39803	695.996	715.005
6.40997	695.615	714.631
6.4219	695.234	714.257
6.43384	694.853	713.883
6.44578	694.472	713.508
6.45771	694.09	713.134
6.46965	693.709	712.759
6.48159	693.327	712.384
6.49352	692.945	712.009
6.50546	692.563	711.634
6.51739	692.181	711.259
6.52933	691.799	710.883
6.54127	691.417	710.508
6.5532	691.035	710.132
6.56514	690.652	709.756
6.57708	690.27	709.38
6.58901	689.887	709.003
6.60095	689.504	708.627
6.61289	689.121	708.25
6.62482	688.739	707.873
6.63676	688.355	707.496
6.6487	687.972	707.119
6.66063	687.589	706.742
6.67257	687.206	706.364
6.68451	686.822	705.987
6.69644	686.439	705.609
6.70838	686.055	705.231
6.72032	685.671	704.853
6.73225	685.288	704.475
6.74419	684.904	704.097
6.75613	684.52	703.718
6.76806	684.136	703.34
6.78	683.751	702.961
6.79194	683.367	702.582
6.80387	682.983	702.203
6.81581	682.598	701.824
6.82775	682.214	701.444
6.83968	681.829	701.065
6.85162	681.444	700.685
6.86356	681.06	700.306
6.87549	680.675	699.926
6.88743	680.29	699.546
6.89937	679.905	699.166
6.9113	679.52	698.785
6.92324	679.134	698.405
6.93518	678.749	698.025
6.94711	678.364	697.644
6.95905	677.979	697.263
6.97099	677.593	696.882
6.98292	677.207	696.501
6.99486	676.822	696.12
7.0068	676.436	695.739
7.01873	676.05	695.358
7.03067	675.665	694.976
7.04261	675.279	694.595
7.05454	674.893	694.213
7.06648	674.507	693.831
7.07842	674.12	693.449
7.09035	673.734	693.067
7.10229	673.348	692.685
7.11423	672.962	692.303
7.12616	672.575	691.92
7.1381	672.189	691.538
7.15004	671.802	691.155
7.16197	671.416	690.773
7.17391	671.029	690.39
7.18585	670.643	690.007
7.19778	670.256	689.624
7.20972	669.869	689.241
7.22166	669.482	688.858
7.23359	669.095	688.474
7.24553	668.708	688.091
7.25747	668.321	687.708
7.2694	667.934	687.324
7.28134	667.547	686.94
7.29328	667.16	686.556
7.30521	666.773	686.173
7.31715	666.385	685.789
7.32909	665.998	685.405
7.34102	665.611	685.02
7.35296	665.223	684.636
7.36489	664.836	684.252
7.37683	664.448	683.867
7.38877	664.061	683.483
7.4007	663.673	683.098
7.41264	663.285	682.714
7.42458	662.898	682.329
7.43651	662.51	681.944
7.44845	662.122	681.559
7.46039	661.734	681.174
7.47232	661.346	680.789
7.48426	660.959	680.404
7.4962	660.571	680.018
7.50813	660.183	679.633
7.52007	659.795	679.248
7.53201	659.407	678.862
7.54394	659.018	678.477
7.55588	658.63	678.091
7.56782	658.242	677.705
7.57975	657.854	677.32
7.59169	657.466	676.934
7.60363	657.077	676.548
7.61556	656.689	676.162
7.6275	656.301	675.776
7.63944	655.912	675.39
7.65137	655.524	675.003
7.66331	655.135	674.617
7.67525	654.747	674.231
7.68718	654.358	673.844
7.69912	653.97	673.458
7.71106	653.581	673.071
7.72299	653.193	672.685
7.73493	652.804	672.298
7.74687	652.415	671.911
7.7588	652.027	671.525
7.77074	651.638	671.138
7.78268	651.249	670.751
7.79461	650.86	670.364
7.80655	650.472	669.977
7.81849	650.083	669.59
7.83042	649.694	669.203
7.84236	649.305	668.816
7.8543	648.916	668.428
7.86623	648.527	668.041
7.87817	648.138	667.654
7.89011	647.749	667.267
7.90204	647.36	666.879
7.91398	646.971	666.492
7.92592	646.582	666.104
7.93785	646.193	665.716
7.94979	645.804	665.329
7.96173	645.415	664.941
7.97366	645.026	664.553
7.9856	644.637	664.166
7.99754	644.248	663.778
8.00947	643.859	663.39
8.02141	643.47	663.002
8.03335	643.081	662.614
8.04528	642.692	662.226
8.05722	642.302	661.838
8.06916	641.913	661.45
8.08109	641.524	661.062
8.09303	641.135	660.674
8.10497	640.746	660.286
8.1169	640.356	659.897
8.12884	639.967	659.509
8.14078	639.578	659.121
8.15271	639.188	658.733
8.16465	638.799	658.344
8.17659	638.41	657.956
8.18852	638.021	657.567
8.20046	637.631	657.179
8.2124	637.242	656.79
8.22433	636.853	656.402
8.23627	636.463	656.013
8.2482	636.074	655.625
8.26014	635.685	655.236
8.27208	635.295	654.847
8.28401	634.906	654.459
8.29595	634.517	654.07
8.30789	634.127	653.681
8.31982	633.738	653.292
8.33176	633.349	652.904
8.3437	632.959	652.515
8.35563	632.57	652.126
8.36757	632.181	651.737
8.37951	631.791	651.348
8.39144	631.402	650.959
8.40338	631.012	650.57
8.41532	630.623	650.181
8.42725	630.234	649.792
8.43919	629.844	649.403
8.45113	629.455	649.014
8.46306	629.066	648.625
8.475	628.676	648.236
8.48694	628.287	647.847
8.49887	627.897	647.458
8.51081	627.508	647.069
8.52275	627.119	646.68
8.53468	626.729	646.29
8.54662	626.34	645.901
8.55856	625.951	645.512
8.57049	625.561	645.123
8.58243	625.172	644.734
8.59437	624.783	644.344
8.6063	624.393	643.955
8.61824	624.004	643.566
8.63018	623.615	643.176
8.64211	623.225	642.787
8.65405	622.836	642.398
8.66599	622.447	642.009
8.67792	622.057	641.619
8.68986	621.668	641.23
8.7018	621.279	640.84
8.71373	620.89	640.451
8.72567	620.5	640.062
8.73761	620.111	639.672
8.74954	619.722	639.283
8.76148	619.333	638.893
8.77342	618.943	638.504
8.78535	618.554	638.115
8.79729	618.165	637.725
8.80923	617.776	637.336
8.82116	617.387	636.946
8.8331	616.997	636.557
8.84504	616.608	636.167
8.85697	616.219	635.778
8.86891	615.83	635.388
8.88085	615.441	634.999
8.89278	615.052	634.609
8.90472	614.663	634.22
8.91666	614.273	633.83
8.92859	613.884	633.441
8.94053	613.495	633.052
8.95247	613.106	632.662
8.9644	612.717	632.273
8.97634	612.328	631.883
8.98828	611.939	631.494
9.00021	611.55	631.104
9.01215	611.161	630.715
9.02409	610.772	630.325
9.03602	610.383	629.936
9.04796	609.994	629.546
9.0599	609.605	629.157
9.07183	609.216	628.767
9.08377	608.828	628.378
9.0957	608.439	627.988
9.10764	608.05	627.599
9.11958	607.661	627.209
9.13151	607.272	626.82
9.14345	606.883	626.43
9.15539	606.494	626.041
9.16732	606.106	625.651
9.17926	605.717	625.262
9.1912	605.328	624.872
9.20313	604.939	624.483
9.21507	604.551	624.094
9.22701	604.162	623.704
9.23894	603.773	623.315
9.25088	603.385	622.925
9.26282	602.996	622.536
9.27475	602.607	622.146
9.28669	602.219	621.757
9.29863	601.83	621.368
9.31056	601.442	620.978
9.3225	601.053	620.589
9.33444	600.665	620.2
9.34637	600.276	619.81
9.35831	599.888	619.421
9.37025	599.499	619.032
9.38218	599.111	618.642
9.39412	598.722	618.253
9.40606	598.334	617.864
9.41799	597.945	617.474
9.42993	597.557	617.085
9.44187	597.169	616.696
9.4538	596.78	616.306
9.46574	596.392	615.917
9.47768	596.004	615.528
9.48961	595.615	615.139
9.50155	595.227	614.75
9.51349	594.839	614.36
9.52542	594.451	613.971
9.53736	594.062	613.582
9.5493	593.674	613.193
9.56123	593.286	612.804
9.57317	592.898	612.415
9.58511	592.51	612.025
9.59704	592.122	611.636
9.60898	591.734	611.247
9.62092	591.346	610.858
9.63285	590.958	610.469
9.64479	590.57	610.08
9.65673	590.182	609.691
9.66866	589.794	609.302
9.6806	589.406	608.913
9.69254	589.018	608.524
9.70447	588.63	608.135
9.71641	588.242	607.746
9.72835	587.854	607.357
9.74028	587.466	606.968
9.75222	587.078	606.58
9.76416	586.691	606.191
9.77609	586.303	605.802
9.78803	585.915	605.413
9.79997	585.527	605.024
9.8119	585.14	604.635
9.82384	584.752	604.247
9.83578	584.364	603.858
9.84771	583.977	603.469
9.85965	583.589	603.08
9.87159	583.201	602.692
9.88352	582.814	602.303
9.89546	582.426	601.914
9.9074	582.039	601.525
9.91933	581.651	601.137
9.93127	581.263	600.748
9.94321	580.876	600.36
9.95514	580.488	599.971
9.96708	580.101	599.582
9.97901	579.714	599.194
9.99095	579.326	598.805
10.0029	578.939	598.417
10.0148	578.551	598.028
10.0268	578.164	597.64
10.0387	577.777	597.251
10.0506	577.389	596.863
10.0626	577.002	596.475
10.0745	576.615	596.086
10.0864	576.228	595.698
10.0984	575.84	595.31
10.1103	575.453	594.921
10.1223	575.066	594.533
10.1342	574.679	594.145
10.1461	574.292	593.756
10.1581	573.904	593.368
10.17	573.517	592.98
10.1819	573.13	592.592
10.1939	572.743	592.204
10.2058	572.356	591.815
10.2177	571.969	591.427
10.2297	571.582	591.039
10.2416	571.195	590.651
10.2536	570.808	590.263
10.2655	570.421	589.875
10.2774	570.034	589.487
10.2894	569.647	589.099
10.3013	569.26	588.711
10.3132	568.873	588.323
10.3252	568.486	587.935
10.3371	568.099	587.547
10.3491	567.713	587.159
10.361	567.326	586.771
10.3729	566.939	586.383
10.3849	566.552	585.995
10.3968	566.165	585.608
10.4087	565.778	585.22
10.4207	565.392	584.832
10.4326	565.005	584.444
10.4445	564.618	584.057
10.4565	564.231	583.669
10.4684	563.845	583.281
10.4804	563.458	582.893
10.4923	563.071	582.506
10.5042	562.684	582.118
10.5162	562.298	581.731
10.5281	561.911	581.343
10.54	561.524	580.955
10.552	561.138	580.568
10.5639	560.751	580.18
10.5758	560.365	579.793
10.5878	559.978	579.405
10.5997	559.591	579.018
10.6117	559.205	578.63
10.6236	558.818	578.243
10.6355	558.432	577.856
10.6475	558.045	577.468
10.6594	557.658	577.081
10.6713	557.272	576.693
10.6833	556.885	576.306
10.6952	556.499	575.919
10.7071	556.112	575.531
10.7191	555.726	575.144
10.731	555.339	574.757
10.743	554.953	574.37
10.7549	554.566	573.982
10.7668	554.18	573.595
10.7788	553.793	573.208
10.7907	553.407	572.821
10.8026	553.02	572.434
10.8146	552.634	572.047
10.8265	552.247	571.659
10.8385	551.861	571.272
10.8504	551.474	570.885
10.8623	551.088	570.498
10.8743	550.701	570.111
10.8862	550.315	569.724
10.8981	549.928	569.337
10.9101	549.542	568.95
10.922	549.155	568.563
10.9339	548.769	568.176
10.9459	548.382	567.789
10.9578	547.996	567.402
10.9698	547.609	567.015
10.9817	547.223	566.629
10.9936	546.836	566.242
11.0056	546.45	565.855
11.0175	546.063	565.468
11.0294	545.677	565.081
11.0414	545.29	564.694
11.0533	544.903	564.307
11.0652	544.517	563.921
11.0772	544.13	563.534
11.0891	543.744	563.147
11.1011	543.357	562.76
11.113	542.971	562.373
11.1249	542.584	561.987
11.1369	542.198	561.6
11.1488	541.811	561.213
11.1607	541.424	560.827
11.1727	541.038	560.44
11.1846	540.651	560.053
11.1966	540.264	559.667
11.2085	539.878	559.28
11.2204	539.491	558.893
11.2324	539.104	558.507
11.2443	538.718	558.12
11.2562	538.331	557.733
11.2682	537.944	557.347
11.2801	537.557	556.96
11.292	537.171	556.573
11.304	536.784	556.187
11.3159	536.397	555.8
11.3279	536.01	555.414
11.3398	535.623	555.027
11.3517	535.236	554.641
11.3637	534.849	554.254
11.3756	534.462	553.867
11.3875	534.075	553.481
11.3995	533.688	553.094
11.4114	533.301	552.708
11.4233	532.914	552.321
11.4353	532.527	551.935
11.4472	532.14	551.548
11.4592	531.753	551.161
11.4711	531.366	550.775
11.483	530.979	550.388
11.495	530.592	550.002
11.5069	530.204	549.615
11.5188	529.817	549.229
11.5308	529.43	548.842
11.5427	529.043	548.456
11.5546	528.655	548.069
11.5666	528.268	547.683
11.5785	527.88	547.296
11.5905	527.493	546.91
11.6024	527.105	546.523
11.6143	526.718	546.136
11.6263	526.33	545.75
11.6382	525.943	545.363
11.6501	525.555	544.977
11.6621	525.167	544.59
11.674	524.78	544.204
11.686	524.392	543.817
11.6979	524.004	543.43
11.7098	523.616	543.044
11.7218	523.228	542.657
11.7337	522.84	542.27
11.7456	522.452	541.884
11.7576	522.064	541.497
11.7695	521.676	541.111
11.7814	521.288	540.724
11.7934	520.9	540.337
11.8053	520.512	539.95
11.8173	520.123	539.564
11.8292	519.735	539.177
11.8411	519.347	538.79
11.8531	518.958	538.404
11.865	518.57	538.017
11.8769	518.181	537.63
11.8889	517.793	537.243
11.9008	517.404	536.856
11.9127	517.015	536.47
11.9247	516.627	536.083
11.9366	516.238	535.696
11.9486	515.849	535.309
11.9605	515.46	534.922
11.9724	515.071	534.535
11.9844	514.682	534.148
11.9963	514.293	533.761
12.0082	513.903	533.374
12.0202	513.514	532.987
12.0321	513.125	532.6
12.0441	512.735	532.213
12.056	512.346	531.826
12.0679	511.957	531.439
12.0799	511.567	531.052
12.0918	511.177	530.664
12.1037	510.788	530.277
12.1157	510.398	529.89
12.1276	510.008	529.503
12.1395	509.618	529.115
12.1515	509.228	528.728
12.1634	508.838	528.341
12.1754	508.448	527.953
12.1873	508.057	527.566
12.1992	507.667	527.178
12.2112	507.277	526.791
12.2231	506.886	526.403
12.235	506.496	526.016
12.247	506.105	525.628
12.2589	505.714	525.24
12.2708	505.324	524.853
12.2828	504.933	524.465
12.2947	504.542	524.077
12.3067	504.151	523.689
12.3186	503.76	523.302
12.3305	503.368	522.914
12.3425	502.977	522.526
12.3544	502.586	522.138
12.3663	502.194	521.75
12.3783	501.803	521.362
12.3902	501.411	520.974
12.4021	501.019	520.585
12.4141	500.627	520.197
12.426	500.235	519.809
12.438	499.843	519.421
12.4499	499.451	519.032
12.4618	499.059	518.644
12.4738	498.667	518.256
12.4857	498.274	517.867
12.4976	497.882	517.478
12.5096	497.489	517.09
12.5215	497.097	516.701
12.5335	496.704	516.312
12.5454	496.311	515.924
12.5573	495.918	515.535
12.5693	495.525	515.146
12.5812	495.132	514.757
12.5931	494.738	514.368
12.6051	494.345	513.979
12.617	493.951	513.59
12.6289	493.558	513.201
12.6409	493.164	512.811
12.6528	492.77	512.422
12.6648	492.376	512.033
12.6767	491.982	511.643
12.6886	491.588	511.254
12.7006	491.194	510.864
12.7125	490.8	510.474
12.7244	490.405	510.085
12.7364	490.01	509.695
12.7483	489.616	509.305
12.7602	489.221	508.915
12.7722	488.826	508.525
12.7841	488.431	508.135
12.7961	488.036	507.745
12.808	487.641	507.355
12.8199	487.245	506.964
12.8319	486.85	506.574
12.8438	486.454	506.183
12.8557	486.058	505.793
12.8677	485.662	505.402
12.8796	485.266	505.012
12.8916	484.87	504.621
12.9035	484.474	504.23
12.9154	484.078	503.839
12.9274	483.681	503.448
12.9393	483.285	503.057
12.9512	482.888	502.666
12.9632	482.491	502.274
12.9751	482.094	501.883
12.987	481.697	501.492
12.999	481.3	501.1
13.0109	480.903	500.708
13.0229	480.505	500.317
13.0348	480.108	499.925
13.0467	479.71	499.533
13.0587	479.312	499.141
13.0706	478.914	498.749
13.0825	478.516	498.357
13.0945	478.118	497.965
13.1064	477.72	497.572
13.1183	477.321	497.18
13.1303	476.922	496.787
13.1422	476.524	496.395
13.1542	476.125	496.002
13.1661	475.726	495.609
13.178	475.327	495.216
13.19	474.928	494.823
13.2019	474.528	494.43
13.2138	474.129	494.037
13.2258	473.729	493.643
13.2377	473.329	493.25
13.2496	472.929	492.856
13.2616	472.529	492.463
13.2735	472.129	492.069
13.2855	471.729	491.675
13.2974	471.328	491.281
13.3093	470.928	490.887
13.3213	470.527	490.493
13.3332	470.126	490.099
13.3451	469.725	489.704
13.3571	469.324	489.31
13.369	468.923	488.915
13.381	468.522	488.52
13.3929	468.12	488.126
13.4048	467.719	487.731
13.4168	467.317	487.335
13.4287	466.915	486.94
13.4406	466.513	486.545
13.4526	466.111	486.15
13.4645	465.709	485.754
13.4764	465.306	485.358
13.4884	464.904	484.963
13.5003	464.501	484.567
13.5123	464.098	484.171
13.5242	463.695	483.775
13.5361	463.292	483.378
13.5481	462.889	482.982
13.56	462.485	482.586
13.5719	462.082	482.189
13.5839	461.678	481.792
13.5958	461.275	481.396
13.6077	460.871	480.999
13.6197	460.467	480.602
13.6316	460.063	480.204
13.6436	459.658	479.807
13.6555	459.254	479.41
13.6674	458.85	479.012
13.6794	458.445	478.614
13.6913	458.04	478.217
13.7032	457.635	477.819
13.7152	457.23	477.42
13.7271	456.825	477.022
13.7391	456.42	476.624
13.751	456.014	476.226
13.7629	455.609	475.827
13.7749	455.203	475.428
13.7868	454.798	475.029
13.7987	454.392	474.63
13.8107	453.986	474.231
13.8226	453.579	473.832
13.8345	453.173	473.433
13.8465	452.767	473.033
13.8584	452.36	472.634
13.8704	451.954	472.234
13.8823	451.547	471.834
13.8942	451.14	471.434
13.9062	450.733	471.034
13.9181	450.326	470.634
13.93	449.919	470.233
13.942	449.512	469.833
13.9539	449.104	469.432
13.9658	448.697	469.031
13.9778	448.289	468.631
13.9897	447.881	468.23
14.0017	447.474	467.828
14.0136	447.066	467.427
14.0255	446.658	467.026
14.0375	446.249	466.624
14.0494	445.841	466.222
14.0613	445.433	465.821
14.0733	445.024	465.419
14.0852	444.616	465.016
14.0971	444.207	464.614
14.1091	443.798	464.212
14.121	443.39	463.809
14.133	442.981	463.407
14.1449	442.572	463.004
14.1568	442.163	462.601
14.1688	441.753	462.198
14.1807	441.344	461.795
14.1926	440.935	461.392
14.2046	440.525	460.988
14.2165	440.116	460.585
14.2285	439.706	460.181
14.2404	439.296	459.777
14.2523	438.886	459.374
14.2643	438.477	458.97
14.2762	438.067	458.565
14.2881	437.657	458.161
14.3001	437.247	457.757
14.312	436.836	457.352
14.3239	436.426	456.948
14.3359	436.016	456.543
14.3478	435.605	456.138
14.3598	435.195	455.733
14.3717	434.785	455.328
14.3836	434.374	454.922
14.3956	433.963	454.517
14.4075	433.553	454.111
14.4194	433.142	453.706
14.4314	432.731	453.3
14.4433	432.32	452.894
14.4552	431.91	452.488
14.4672	431.499	452.082
14.4791	431.088	451.676
14.4911	430.677	451.269
14.503	430.266	450.863
14.5149	429.855	450.456
14.5269	429.444	450.05
14.5388	429.033	449.643
14.5507	428.621	449.236
14.5627	428.21	448.829
14.5746	427.799	448.422
14.5866	427.388	448.014
14.5985	426.977	447.607
14.6104	426.565	447.2
14.6224	426.154	446.792
14.6343	425.743	446.384
14.6462	425.331	445.977
14.6582	424.92	445.569
14.6701	424.509	445.161
14.682	424.098	444.753
14.694	423.686	444.344
14.7059	423.275	443.936
14.7179	422.864	443.528
14.7298	422.452	443.119
14.7417	422.041	442.711
14.7537	421.63	442.302
14.7656	421.219	441.893
14.7775	420.808	441.484
14.7895	420.396	441.075
14.8014	419.985	440.666
14.8133	419.574	440.257
14.8253	419.163	439.848
14.8372	418.752	439.439
14.8492	418.341	439.029
14.8611	417.93	438.62
14.873	417.519	438.21
14.885	417.108	437.801
14.8969	416.697	437.391
14.9088	416.287	436.981
14.9208	415.876	436.571
14.9327	415.465	436.162
14.9446	415.055	435.752
14.9566	414.644	435.342
14.9685	414.234	434.931
14.9805	413.824	434.521
14.9924	413.413	434.111
15.0043	413.003	433.701
15.0163	412.593	433.29
15.0282	412.183	432.88
15.0401	411.773	432.47
15.0521	411.363	432.059
15.064	410.953	431.649
15.076	410.544	431.238
15.0879	410.134	430.827
15.0998	409.725	430.417
15.1118	409.316	430.006
15.1237	408.906	429.595
15.1356	408.497	429.184
15.1476	408.088	428.774
15.1595	407.68	428.363
15.1714	407.271	427.952
15.1834	406.863	427.541
15.1953	406.454	427.13
15.2073	406.046	426.719
15.2192	405.638	426.308
15.2311	405.23	425.897
15.2431	404.822	425.486
15.255	404.415	425.075
15.2669	404.007	424.664
15.2789	403.6	424.253
15.2908	403.193	423.842
15.3027	402.786	423.431
15.3147	402.379	423.02
15.3266	401.973	422.609
15.3386	401.566	422.198
15.3505	401.16	421.787
15.3624	400.754	421.376
15.3744	400.348	420.965
15.3863	399.943	420.554
15.3982	399.537	420.143
15.4102	399.132	419.732
15.4221	398.727	419.321
15.4341	398.323	418.91
15.446	397.918	418.499
15.4579	397.514	418.088
15.4699	397.11	417.678
15.4818	396.706	417.267
15.4937	396.303	416.856
15.5057	395.899	416.446
15.5176	395.496	416.035
15.5295	395.094	415.624
15.5415	394.691	415.214
15.5534	394.289	414.804
15.5654	393.887	414.393
15.5773	393.486	413.983
15.5892	393.084	413.573
15.6012	392.683	413.163
15.6131	392.282	412.753
15.625	391.882	412.343
15.637	391.482	411.933
15.6489	391.082	411.523
15.6608	390.682	411.113
15.6728	390.283	410.704
15.6847	389.884	410.294
15.6967	389.485	409.885
15.7086	389.087	409.475
15.7205	388.689	409.066
15.7325	388.292	408.657
15.7444	387.894	408.248
15.7563	387.498	407.839
15.7683	387.101	407.431
15.7802	386.705	407.022
15.7921	386.309	406.613
15.8041	385.914	406.205
15.816	385.519	405.797
15.828	385.124	405.389
15.8399	384.73	404.981
15.8518	384.336	404.573
15.8638	383.942	404.166
15.8757	383.549	403.758
15.8876	383.156	403.351
15.8996	382.764	402.944
15.9115	382.372	402.537
15.9235	381.981	402.13
15.9354	381.59	401.724
15.9473	381.199	401.317
15.9593	380.809	400.911
15.9712	380.419	400.505
15.9831	380.03	400.099
15.9951	379.641	399.694
16.007	379.253	399.288
16.0189	378.865	398.883
16.0309	378.477	398.478
16.0428	378.09	398.073
16.0548	377.704	397.669
16.0667	377.318	397.264
16.0786	376.932	396.86
16.0906	376.547	396.456
16.1025	376.162	396.053
16.1144	375.778	395.65
16.1264	375.395	395.246
16.1383	375.012	394.844
16.1502	374.629	394.441
16.1622	374.247	394.039
16.1741	373.866	393.637
16.1861	373.485	393.235
16.198	373.104	392.833
16.2099	372.725	392.432
16.2219	372.345	392.031
16.2338	371.967	391.63
16.2457	371.588	391.23
16.2577	371.211	390.83
16.2696	370.834	390.43
16.2816	370.457	390.031
16.2935	370.081	389.632
16.3054	369.706	389.233
16.3174	369.331	388.834
16.3293	368.957	388.436
16.3412	368.584	388.038
16.3532	368.211	387.641
16.3651	367.838	387.244
16.377	367.467	386.847
16.389	367.096	386.45
16.4009	366.725	386.054
16.4129	366.355	385.659
16.4248	365.986	385.263
16.4367	365.618	384.868
16.4487	365.25	384.474
16.4606	364.883	384.079
16.4725	364.516	383.686
16.4845	364.15	383.292
16.4964	363.785	382.899
16.5083	363.42	382.506
16.5203	363.056	382.114
16.5322	362.693	381.722
16.5442	362.331	381.331
16.5561	361.969	380.94
16.568	361.608	380.549
16.58	361.247	380.159
16.5919	360.887	379.77
16.6038	360.528	379.38
16.6158	360.17	378.992
16.6277	359.813	378.603
16.6396	359.456	378.215
16.6516	359.1	377.828
16.6635	358.744	377.441
16.6755	358.39	377.055
16.6874	358.036	376.669
16.6993	357.683	376.283
16.7113	357.33	375.898
16.7232	356.979	375.514
16.7351	356.628	375.13
16.7471	356.278	374.746
16.759	355.929	374.363
16.771	355.58	373.981
16.7829	355.232	373.599
16.7948	354.885	373.217
16.8068	354.539	372.836
16.8187	354.194	372.456
16.8306	353.849	372.076
16.8426	353.506	371.697
16.8545	353.163	371.318
16.8664	352.821	370.94
16.8784	352.48	370.562
16.8903	352.139	370.185
16.9023	351.8	369.809
16.9142	351.461	369.433
16.9261	351.123	369.058
16.9381	350.786	368.683
16.95	350.45	368.309
16.9619	350.114	367.935
16.9739	349.78	367.563
16.9858	349.446	367.19
16.9977	349.114	366.819
17.0097	348.782	366.448
17.0216	348.451	366.077
17.0336	348.121	365.707
17.0455	347.792	365.338
17.0574	347.463	364.97
17.0694	347.136	364.602
17.0813	346.809	364.235
17.0932	346.484	363.868
17.1052	346.159	363.502
17.1171	345.835	363.137
17.1291	345.512	362.772
17.141	345.19	362.409
17.1529	344.869	362.045
17.1649	344.549	361.683
17.1768	344.23	361.321
17.1887	343.912	360.96
17.2007	343.595	360.6
17.2126	343.278	360.24
17.2245	342.963	359.881
17.2365	342.649	359.523
17.2484	342.335	359.165
17.2604	342.023	358.808
17.2723	341.711	358.452
17.2842	341.4	358.097
17.2962	341.091	357.742
17.3081	340.782	357.389
17.32	340.475	357.035
17.332	340.168	356.683
17.3439	339.862	356.332
17.3558	339.558	355.981
17.3678	339.254	355.631
17.3797	338.951	355.282
17.3917	338.65	354.933
17.4036	338.349	354.585
17.4155	338.049	354.239
17.4275	337.751	353.893
17.4394	337.453	353.547
17.4513	337.156	353.203
17.4633	336.861	352.859
17.4752	336.566	352.516
17.4871	336.273	352.174
17.4991	335.98	351.833
17.511	335.689	351.493
17.523	335.398	351.154
17.5349	335.109	350.815
17.5468	334.82	350.477
17.5588	334.533	350.14
17.5707	334.247	349.804
17.5826	333.962	349.469
17.5946	333.677	349.134
17.6065	333.394	348.801
17.6185	333.112	348.468
17.6304	332.831	348.137
17.6423	332.551	347.806
17.6543	332.272	347.476
17.6662	331.995	347.147
17.6781	331.718	346.819
17.6901	331.442	346.491
17.702	331.168	346.165
17.7139	330.894	345.839
17.7259	330.622	345.515
17.7378	330.35	345.191
17.7498	330.08	344.869
17.7617	329.811	344.547
17.7736	329.543	344.226
17.7856	329.276	343.906
17.7975	329.01	343.587
17.8094	328.745	343.269
17.8214	328.482	342.952
17.8333	328.219	342.636
17.8452	327.958	342.321
17.8572	327.697	342.006
17.8691	327.438	341.693
17.8811	327.18	341.381
17.893	326.923	341.07
17.9049	326.667	340.759
17.9169	326.412	340.45
17.9288	326.158	340.141
17.9407	325.906	339.834
17.9527	325.654	339.528
17.9646	325.404	339.222
17.9766	325.154	338.918
17.9885	324.906	338.614
18.0004	324.659	338.312
18.0124	324.413	338.011
18.0243	324.169	337.71
18.0362	323.925	337.411
18.0482	323.683	337.112
18.0601	323.441	336.815
18.072	323.201	336.519
18.084	322.962	336.223
18.0959	322.724	335.929
18.1079	322.487	335.636
18.1198	322.251	335.344
18.1317	322.017	335.053
18.1437	321.783	334.763
18.1556	321.551	334.473
18.1675	321.32	334.185
18.1795	321.09	333.898
18.1914	320.861	333.613
18.2033	320.633	333.328
18.2153	320.406	333.044
18.2272	320.181	332.761
18.2392	319.957	332.48
18.2511	319.733	332.199
18.263	319.511	331.92
18.275	319.29	331.641
18.2869	319.071	331.364
18.2988	318.852	331.087
18.3108	318.634	330.812
18.3227	318.418	330.538
18.3346	318.203	330.265
18.3466	317.989	329.993
18.3585	317.776	329.722
18.3705	317.564	329.453
18.3824	317.353	329.184
18.3943	317.144	328.916
18.4063	316.935	328.65
18.4182	316.728	328.385
18.4301	316.522	328.12
18.4421	316.317	327.857
18.454	316.113	327.595
18.466	315.91	327.334
18.4779	315.709	327.075
18.4898	315.508	326.816
18.5018	315.309	326.558
18.5137	315.111	326.302
18.5256	314.914	326.046
18.5376	314.718	325.792
18.5495	314.523	325.539
18.5614	314.329	325.287
18.5734	314.137	325.036
18.5853	313.945	324.787
18.5973	313.755	324.538
18.6092	313.566	324.291
18.6211	313.378	324.044
18.6331	313.191	323.799
18.645	313.005	323.555
18.6569	312.82	323.312
18.6689	312.637	323.07
18.6808	312.455	322.83
18.6927	312.273	322.59
18.7047	312.093	322.352
18.7166	311.914	322.115
18.7286	311.736	321.879
18.7405	311.559	321.644
18.7524	311.383	321.41
18.7644	311.209	321.177
18.7763	311.035	320.946
18.7882	310.863	320.716
18.8002	310.692	320.486
18.8121	310.521	320.258
18.8241	310.352	320.031
18.836	310.184	319.806
18.8479	310.017	319.581
18.8599	309.851	319.358
18.8718	309.687	319.135
18.8837	309.523	318.914
18.8957	309.361	318.694
18.9076	309.199	318.475
18.9195	309.039	318.257
18.9315	308.879	318.041
18.9434	308.721	317.826
18.9554	308.564	317.611
18.9673	308.408	317.398
18.9792	308.253	317.186
18.9912	308.099	316.975
19.0031	307.946	316.766
19.015	307.794	316.557
19.027	307.643	316.35
19.0389	307.494	316.144
19.0508	307.345	315.939
19.0628	307.198	315.735
19.0747	307.051	315.532
19.0867	306.906	315.33
19.0986	306.761	315.13
19.1105	306.618	314.93
19.1225	306.475	314.732
19.1344	306.334	314.535
19.1463	306.194	314.339
19.1583	306.055	314.145
19.1702	305.916	313.951
19.1821	305.779	313.759
19.1941	305.643	313.567
19.206	305.508	313.377
19.218	305.374	313.188
19.2299	305.24	313
19.2418	305.108	312.813
19.2538	304.977	312.628
19.2657	304.847	312.443
19.2776	304.718	312.26
19.2896	304.59	312.077
19.3015	304.463	311.896
19.3135	304.337	311.716
19.3254	304.212	311.537
19.3373	304.087	311.36
19.3493	303.964	311.183
19.3612	303.842	311.008
19.3731	303.721	310.833
19.3851	303.601	310.66
19.397	303.481	310.488
19.4089	303.363	310.317
19.4209	303.246	310.147
19.4328	303.129	309.978
19.4448	303.014	309.81
19.4567	302.899	309.644
19.4686	302.786	309.478
19.4806	302.673	309.314
19.4925	302.561	309.151
19.5044	302.451	308.989
19.5164	302.341	308.828
19.5283	302.232	308.668
19.5402	302.124	308.509
19.5522	302.017	308.351
19.5641	301.911	308.194
19.5761	301.805	308.039
19.588	301.701	307.884
19.5999	301.598	307.731
19.6119	301.495	307.578
19.6238	301.393	307.427
19.6357	301.293	307.277
19.6477	301.193	307.128
19.6596	301.094	306.98
19.6716	300.996	306.833
19.6835	300.898	306.687
19.6954	300.802	306.542
19.7074	300.707	306.398
19.7193	300.612	306.255
19.7312	300.518	306.113
19.7432	300.425	305.973
19.7551	300.333	305.833
19.767	300.242	305.694
19.779	300.152	305.557
19.7909	300.062	305.42
19.8029	299.973	305.285
19.8148	299.886	305.15
19.8267	299.798	305.017
19.8387	299.712	304.885
19.8506	299.627	304.753
19.8625	299.542	304.623
19.8745	299.458	304.494
19.8864	299.375	304.365
19.8983	299.293	304.238
19.9103	299.212	304.112
19.9222	299.131	303.986
19.9342	299.051	303.862
19.9461	298.972	303.739
19.958	298.894	303.616
19.97	298.816	303.495
19.9819	298.74	303.375
19.9938	298.664	303.255
20.0058	298.588	303.137
20.0177	298.514	303.02
20.0296	298.44	302.903
20.0416	298.367	302.788
20.0535	298.295	302.673
20.0655	298.223	302.56
20.0774	298.153	302.447
20.0893	298.083	302.335
20.1013	298.013	302.225
20.1132	297.945	302.115
20.1251	297.877	302.006
20.1371	297.81	301.898
20.149	297.743	301.791
20.161	297.677	301.685
20.1729	297.612	301.58
20.1848	297.548	301.476
20.1968	297.484	301.373
20.2087	297.421	301.27
20.2206	297.359	301.169
20.2326	297.297	301.068
20.2445	297.236	300.969
20.2564	297.176	300.87
20.2684	297.116	300.772
20.2803	297.057	300.675
20.2923	296.999	300.579
20.3042	296.941	300.484
20.3161	296.884	300.39
20.3281	296.828	300.296
20.34	296.772	300.204
20.3519	296.717	300.112
20.3639	296.662	300.021
20.3758	296.608	299.931
20.3877	296.555	299.842
20.3997	296.502	299.753
20.4116	296.45	299.666
20.4236	296.398	299.579
20.4355	296.347	299.494
20.4474	296.297	299.409
20.4594	296.247	299.324
20.4713	296.198	299.241
20.4832	296.15	299.158
20.4952	296.102	299.077
20.5071	296.054	298.996
20.5191	296.007	298.916
20.531	295.961	298.836
20.5429	295.915	298.758
20.5549	295.87	298.68
20.5668	295.825	298.603
20.5787	295.781	298.527
20.5907	295.738	298.452
20.6026	295.694	298.377
20.6145	295.652	298.303
20.6265	295.61	298.23
20.6384	295.568	298.158
20.6504	295.528	298.086
20.6623	295.487	298.015
20.6742	295.447	297.945
20.6862	295.408	297.876
20.6981	295.369	297.807
20.71	295.33	297.739
20.722	295.292	297.672
20.7339	295.255	297.606
20.7458	295.218	297.54
20.7578	295.181	297.475
20.7697	295.145	297.41
20.7817	295.11	297.347
20.7936	295.075	297.284
20.8055	295.04	297.222
20.8175	295.006	297.16
20.8294	294.972	297.099
20.8413	294.939	297.039
20.8533	294.906	296.979
20.8652	294.874	296.92
20.8771	294.842	296.862
20.8891	294.81	296.805
20.901	294.779	296.748
20.913	294.748	296.692
20.9249	294.718	296.636
20.9368	294.688	296.581
20.9488	294.659	296.527
20.9607	294.63	296.473
20.9726	294.601	296.42
20.9846	294.573	296.367
20.9965	294.545	296.316
21.0085	294.518	296.264
21.0204	294.491	296.214
21.0323	294.464	296.164
21.0443	294.438	296.114
21.0562	294.412	296.066
21.0681	294.386	296.017
21.0801	294.361	295.97
21.092	294.336	295.923
21.1039	294.312	295.876
21.1159	294.288	295.83
21.1278	294.264	295.785
21.1398	294.241	295.74
21.1517	294.218	295.696
21.1636	294.195	295.652
21.1756	294.173	295.609
21.1875	294.151	295.566
21.1994	294.129	295.524
21.2114	294.108	295.483
21.2233	294.087	295.442
21.2352	294.066	295.401
21.2472	294.046	295.361
21.2591	294.026	295.322
21.2711	294.006	295.283
21.283	293.986	295.245
21.2949	293.967	295.207
21.3069	293.948	295.169
21.3188	293.93	295.132
21.3307	293.911	295.096
21.3427	293.894	295.06
21.3546	293.876	295.025
21.3666	293.858	294.99
21.3785	293.841	294.955
21.3904	293.824	294.921
21.4024	293.808	294.887
21.4143	293.792	294.854
21.4262	293.775	294.822
21.4382	293.76	294.789
21.4501	293.744	294.758
21.462	293.729	294.726
21.474	293.714	294.695
21.4859	293.699	294.665
21.4979	293.685	294.635
21.5098	293.67	294.605
21.5217	293.656	294.576
21.5337	293.642	294.547
21.5456	293.629	294.519
21.5575	293.616	294.491
21.5695	293.602	294.464
21.5814	293.59	294.436
21.5933	293.577	294.41
21.6053	293.565	294.383
21.6172	293.552	294.357
21.6292	293.54	294.332
21.6411	293.529	294.307
21.653	293.517	294.282
21.665	293.506	294.257
21.6769	293.494	294.233
21.6888	293.483	294.21
21.7008	293.473	294.186
21.7127	293.462	294.163
21.7246	293.452	294.141
21.7366	293.442	294.118
21.7485	293.432	294.096
21.7605	293.422	294.075
21.7724	293.412	294.053
21.7843	293.403	294.032
21.7963	293.393	294.012
21.8082	293.384	293.992
21.8201	293.375	293.972
21.8321	293.366	293.952
21.844	293.358	293.933
21.856	293.349	293.914
21.8679	293.341	293.895
21.8798	293.333	293.877
21.8918	293.325	293.858
21.9037	293.317	293.841
21.9156	293.31	293.823
21.9276	293.302	293.806
21.9395	293.295	293.789
21.9514	293.288	293.772
21.9634	293.281	293.756
21.9753	293.274	293.74
21.9873	293.267	293.724
21.9992	293.26	293.708
22.0111	293.254	293.693
22.0231	293.247	293.678
22.035	293.241	293.663
22.0469	293.235	293.649
22.0589	293.229	293.635
22.0708	293.223	293.621
22.0827	293.217	293.607
22.0947	293.212	293.593
22.1066	293.206	293.58
22.1186	293.201	293.567
22.1305	293.196	293.554
22.1424	293.19	293.542
22.1544	293.185	293.529
22.1663	293.18	293.517
22.1782	293.176	293.505
22.1902	293.171	293.494
22.2021	293.166	293.482
22.2141	293.162	293.471
22.226	293.157	293.46
22.2379	293.153	293.449
22.2499	293.149	293.438
22.2618	293.145	293.428
22.2737	293.141	293.418
22.2857	293.137	293.408
22.2976	293.133	293.398
22.3095	293.129	293.388
22.3215	293.125	293.379
22.3334	293.122	293.369
22.3454	293.118	293.36
22.3573	293.115	293.351
22.3692	293.112	293.343
22.3812	293.108	293.334
22.3931	293.105	293.326
22.405	293.102	293.317
22.417	293.099	293.309
22.4289	293.096	293.302
22.4408	293.093	293.294
22.4528	293.09	293.286
22.4647	293.088	293.279
22.4767	293.085	293.272
22.4886	293.082	293.264
22.5005	293.08	293.257
22.5125	293.077	293.251
22.5244	293.075	293.244
22.5363	293.073	293.237
22.5483	293.07	293.231
22.5602	293.068	293.225
22.5721	293.066	293.219
22.5841	293.064	293.213
22.596	293.062	293.207
22.608	293.06	293.201
22.6199	293.058	293.195
22.6318	293.056	293.19
22.6438	293.054	293.185
22.6557	293.052	293.179
22.6676	293.05	293.174
22.6796	293.049	293.169
22.6915	293.047	293.164
22.7035	293.045	293.16
22.7154	293.044	293.155
22.7273	293.042	293.15
22.7393	293.041	293.146
22.7512	293.039	293.142
22.7631	293.038	293.137
22.7751	293.037	293.133
22.787	293.035	293.129
22.7989	293.034	293.125
22.8109	293.033	293.121
22.8228	293.032	293.118
22.8348	293.03	293.114
22.8467	293.029	293.111
22.8586	293.028	293.107
22.8706	293.027	293.104
22.8825	293.026	293.1
22.8944	293.025	293.097
22.9064	293.024	293.094
22.9183	293.023	293.091
22.9302	293.022	293.088
22.9422	293.021	293.085
22.9541	293.021	293.082
22.9661	293.02	293.079
22.978	293.019	293.077
22.9899	293.018	293.074
23.0019	293.017	293.072
23.0138	293.017	293.069
23.0257	293.016	293.067
23.0377	293.015	293.064
23.0496	293.015	293.062
23.0616	293.014	293.06
23.0735	293.013	293.058
23.0854	293.013	293.056
23.0974	293.012	293.054
23.1093	293.012	293.052
23.1212	293.011	293.05
23.1332	293.011	293.048
23.1451	293.01	293.046
23.157	293.01	293.044
23.169	293.009	293.043
23.1809	293.009	293.041
23.1929	293.008	293.039
23.2048	293.008	293.038
23.2167	293.008	293.036
23.2287	293.007	293.035
23.2406	293.007	293.034
23.2525	293.007	293.032
23.2645	293.006	293.031
23.2764	293.006	293.03
23.2883	293.006	293.028
23.3003	293.005	293.027
23.3122	293.005	293.026
23.3242	293.005	293.025
23.3361	293.004	293.024
23.348	293.004	293.023
23.36	293.004	293.022
23.3719	293.004	293.021
23.3838	293.004	293.02
23.3958	293.003	293.019
23.4077	293.003	293.018
23.4196	293.003	293.017
23.4316	293.003	293.016
23.4435	293.003	293.016
23.4555	293.002	293.015
23.4674	293.002	293.014
23.4793	293.002	293.013
23.4913	293.002	293.013
23.5032	293.002	293.012
23.5151	293.002	293.011
23.5271	293.002	293.011
23.539	293.002	293.01
23.551	293.001	293.01
23.5629	293.001	293.009
23.5748	293.001	293.009
23.5868	293.001	293.008
23.5987	293.001	293.008
23.6106	293.001	293.007
23.6226	293.001	293.007
23.6345	293.001	293.006
23.6464	293.001	293.006
23.6584	293.001	293.006
23.6703	293.001	293.005
23.6823	293.001	293.005
23.6942	293	293.005
23.7061	293	293.004
23.7181	293	293.004
23.73	293	293.004
23.7419	293	293.003
23.7539	293	293.003
23.7658	293	293.003
23.7777	293	293.003
23.7897	293	293.003
23.8016	293	293.002
23.8136	293	293.002
23.8255	293	293.002
23.8374	293	293.002
23.8494	293	293.002
23.8613	293	293.002
23.8732	293	293.002
