0	811.5	823.84
0.0119366	811.373	823.789
0.0238732	811.113	823.659
0.0358099	810.847	823.483
0.0477465	810.58	823.281
0.0596831	810.311	823.065
0.0716197	810.041	822.84
0.0835563	809.771	822.61
0.095493	809.5	822.377
0.10743	809.228	822.142
0.119366	808.955	821.905
0.131303	808.682	821.667
0.143239	808.408	821.429
0.155176	808.134	821.189
0.167113	807.858	820.949
0.179049	807.583	820.708
0.190986	807.306	820.467
0.202923	807.029	820.225
0.214859	806.751	819.982
0.226796	806.472	819.738
0.238732	806.193	819.493
0.250669	805.912	819.248
0.262606	805.632	819.002
0.274542	805.35	818.756
0.286479	805.068	818.509
0.298416	804.786	818.261
0.310352	804.502	818.012
0.322289	804.218	817.763
0.334225	803.933	817.513
0.346162	803.648	817.262
0.358099	803.362	817.011
0.370035	803.075	816.758
0.381972	802.787	816.506
0.393908	802.499	816.252
0.405845	802.21	815.998
0.417782	801.921	815.743
0.429718	801.631	815.487
0.441655	801.34	815.231
0.453592	801.049	814.974
0.465528	800.756	814.716
0.477465	800.464	814.458
0.489401	800.17	814.199
0.501338	799.876	813.939
0.513275	799.581	813.678
0.525211	799.286	813.417
0.537148	798.99	813.155
0.549085	798.693	812.893
0.561021	798.396	812.629
0.572958	798.097	812.365
0.584894	797.799	812.101
0.596831	797.499	811.835
0.608768	797.199	811.569
0.620704	796.899	811.303
0.632641	796.597	811.035
0.644578	796.295	810.767
0.656514	795.993	810.498
0.668451	795.689	810.229
0.680387	795.385	809.958
0.692324	795.081	809.688
0.704261	794.776	809.416
0.716197	794.47	809.144
0.728134	794.163	808.871
0.74007	793.856	808.597
0.752007	793.548	808.323
0.763944	793.24	808.048
0.77588	792.931	807.772
0.787817	792.621	807.496
0.799754	792.311	807.219
0.81169	792	806.941
0.823627	791.688	806.662
0.835563	791.376	806.383
0.8475	791.063	806.104
0.859437	790.749	805.823
0.871373	790.435	805.542
0.88331	790.12	805.26
0.895247	789.805	804.978
0.907183	789.489	804.694
0.91912	789.172	804.411
0.931056	788.855	804.126
0.942993	788.537	803.841
0.95493	788.219	803.555
0.966866	787.9	803.268
0.978803	787.58	802.981
0.99074	787.259	802.693
1.00268	786.938	802.405
1.01461	786.617	802.115
1.02655	786.295	801.825
1.03849	785.972	801.535
1.05042	785.648	801.244
1.06236	785.324	800.952
1.0743	785	800.659
1.08623	784.674	800.366
1.09817	784.349	800.072
1.11011	784.022	799.777
1.12204	783.695	799.482
1.13398	783.367	799.186
1.14592	783.039	798.89
1.15785	782.71	798.592
1.16979	782.381	798.294
1.18173	782.051	797.996
1.19366	781.72	797.697
1.2056	781.389	797.397
1.21754	781.057	797.096
1.22947	780.724	796.795
1.24141	780.391	796.493
1.25335	780.058	796.191
1.26528	779.724	795.888
1.27722	779.389	795.584
1.28916	779.053	795.279
1.30109	778.718	794.974
1.31303	778.381	794.669
1.32496	778.044	794.362
1.3369	777.706	794.055
1.34884	777.368	793.748
1.36077	777.029	793.439
1.37271	776.69	793.13
1.38465	776.35	792.821
1.39658	776.009	792.511
1.40852	775.668	792.2
1.42046	775.327	791.888
1.43239	774.984	791.576
1.44433	774.642	791.263
1.45627	774.298	790.95
1.4682	773.954	790.636
1.48014	773.61	790.321
1.49208	773.265	790.006
1.50401	772.919	789.69
1.51595	772.573	789.374
1.52789	772.226	789.056
1.53982	771.879	788.739
1.55176	771.531	788.42
1.5637	771.183	788.101
1.57563	770.834	787.782
1.58757	770.485	787.461
1.59951	770.135	787.14
1.61144	769.784	786.819
1.62338	769.433	786.497
1.63532	769.082	786.174
1.64725	768.73	785.851
1.65919	768.377	785.527
1.67113	768.024	785.202
1.68306	767.67	784.877
1.695	767.316	784.551
1.70694	766.961	784.225
1.71887	766.606	783.898
1.73081	766.25	783.57
1.74275	765.894	783.242
1.75468	765.537	782.913
1.76662	765.18	782.584
1.77856	764.822	782.254
1.79049	764.463	781.923
1.80243	764.105	781.592
1.81437	763.745	781.26
1.8263	763.385	780.928
1.83824	763.025	780.595
1.85018	762.664	780.261
1.86211	762.303	779.927
1.87405	761.941	779.592
1.88599	761.578	779.257
1.89792	761.215	778.921
1.90986	760.852	778.584
1.9218	760.488	778.247
1.93373	760.124	777.91
1.94567	759.759	777.571
1.95761	759.393	777.233
1.96954	759.027	776.893
1.98148	758.661	776.553
1.99342	758.294	776.213
2.00535	757.927	775.872
2.01729	757.559	775.53
2.02923	757.191	775.188
2.04116	756.822	774.845
2.0531	756.453	774.502
2.06504	756.083	774.158
2.07697	755.713	773.813
2.08891	755.343	773.468
2.10085	754.971	773.123
2.11278	754.6	772.777
2.12472	754.228	772.43
2.13666	753.855	772.083
2.14859	753.482	771.735
2.16053	753.109	771.386
2.17246	752.735	771.037
2.1844	752.361	770.688
2.19634	751.986	770.338
2.20827	751.611	769.988
2.22021	751.235	769.636
2.23215	750.859	769.285
2.24408	750.483	768.933
2.25602	750.106	768.58
2.26796	749.728	768.227
2.27989	749.351	767.873
2.29183	748.972	767.519
2.30377	748.594	767.164
2.3157	748.214	766.809
2.32764	747.835	766.453
2.33958	747.455	766.096
2.35151	747.075	765.739
2.36345	746.694	765.382
2.37539	746.312	765.024
2.38732	745.931	764.666
2.39926	745.549	764.307
2.4112	745.166	763.947
2.42313	744.783	763.587
2.43507	744.4	763.227
2.44701	744.016	762.866
2.45894	743.632	762.504
2.47088	743.247	762.142
2.48282	742.862	761.78
2.49475	742.477	761.417
2.50669	742.091	761.053
2.51863	741.705	760.689
2.53056	741.319	760.325
2.5425	740.932	759.96
2.55444	740.544	759.594
2.56637	740.157	759.228
2.57831	739.769	758.862
2.59025	739.38	758.495
2.60218	738.991	758.127
2.61412	738.602	757.759
2.62606	738.212	757.391
2.63799	737.822	757.022
2.64993	737.432	756.653
2.66187	737.041	756.283
2.6738	736.65	755.913
2.68574	736.259	755.542
2.69768	735.867	755.171
2.70961	735.474	754.799
2.72155	735.082	754.427
2.73349	734.689	754.054
2.74542	734.296	753.681
2.75736	733.902	753.308
2.7693	733.508	752.934
2.78123	733.114	752.559
2.79317	732.719	752.184
2.80511	732.324	751.809
2.81704	731.928	751.433
2.82898	731.533	751.057
2.84092	731.137	750.68
2.85285	730.74	750.303
2.86479	730.343	749.926
2.87673	729.946	749.547
2.88866	729.549	749.169
2.9006	729.151	748.79
2.91254	728.753	748.411
2.92447	728.354	748.031
2.93641	727.956	747.651
2.94835	727.557	747.27
2.96028	727.157	746.889
2.97222	726.757	746.508
2.98416	726.357	746.126
2.99609	725.957	745.744
3.00803	725.556	745.361
3.01997	725.155	744.978
3.0319	724.754	744.594
3.04384	724.353	744.21
3.05577	723.951	743.826
3.06771	723.549	743.441
3.07965	723.146	743.056
3.09158	722.743	742.67
3.10352	722.34	742.284
3.11546	721.937	741.898
3.12739	721.533	741.511
3.13933	721.129	741.124
3.15127	720.725	740.737
3.1632	720.32	740.349
3.17514	719.915	739.96
3.18708	719.51	739.572
3.19901	719.105	739.183
3.21095	718.699	738.793
3.22289	718.293	738.403
3.23482	717.887	738.013
3.24676	717.481	737.622
3.2587	717.074	737.231
3.27063	716.667	736.84
3.28257	716.26	736.448
3.29451	715.852	736.056
3.30644	715.444	735.664
3.31838	715.036	735.271
3.33032	714.628	734.878
3.34225	714.219	734.484
3.35419	713.81	734.09
3.36613	713.401	733.696
3.37806	712.992	733.301
3.39	712.582	732.906
3.40194	712.173	732.511
3.41387	711.762	732.115
3.42581	711.352	731.719
3.43775	710.942	731.323
3.44968	710.531	730.926
3.46162	710.12	730.529
3.47356	709.709	730.132
3.48549	709.297	729.734
3.49743	708.885	729.336
3.50937	708.473	728.937
3.5213	708.061	728.539
3.53324	707.649	728.14
3.54518	707.236	727.74
3.55711	706.823	727.341
3.56905	706.41	726.941
3.58099	705.997	726.54
3.59292	705.584	726.14
3.60486	705.17	725.739
3.6168	704.756	725.337
3.62873	704.342	724.936
3.64067	703.928	724.534
3.65261	703.513	724.132
3.66454	703.098	723.729
3.67648	702.684	723.327
3.68842	702.268	722.923
3.70035	701.853	722.52
3.71229	701.438	722.116
3.72423	701.022	721.712
3.73616	700.606	721.308
3.7481	700.19	720.904
3.76004	699.774	720.499
3.77197	699.357	720.094
3.78391	698.941	719.688
3.79585	698.524	719.282
3.80778	698.107	718.876
3.81972	697.69	718.47
3.83166	697.273	718.064
3.84359	696.855	717.657
3.85553	696.437	717.25
3.86747	696.02	716.842
3.8794	695.602	716.435
3.89134	695.184	716.027
3.90327	694.765	715.619
3.91521	694.347	715.21
3.92715	693.928	714.802
3.93908	693.509	714.393
3.95102	693.09	713.984
3.96296	692.671	713.574
3.97489	692.252	713.164
3.98683	691.833	712.755
3.99877	691.413	712.344
4.0107	690.994	711.934
4.02264	690.574	711.523
4.03458	690.154	711.112
4.04651	689.734	710.701
4.05845	689.313	710.29
4.07039	688.893	709.878
4.08232	688.473	709.467
4.09426	688.052	709.054
4.1062	687.631	708.642
4.11813	687.21	708.23
4.13007	686.789	707.817
4.14201	686.368	707.404
4.15394	685.947	706.991
4.16588	685.526	706.577
4.17782	685.104	706.164
4.18975	684.683	705.75
4.20169	684.261	705.336
4.21363	683.839	704.922
4.22556	683.417	704.507
4.2375	682.995	704.093
4.24944	682.573	703.678
4.26137	682.151	703.263
4.27331	681.728	702.847
4.28525	681.306	702.432
4.29718	680.883	702.016
4.30912	680.461	701.6
4.32106	680.038	701.184
4.33299	679.615	700.768
4.34493	679.192	700.352
4.35687	678.769	699.935
4.3688	678.346	699.518
4.38074	677.923	699.101
4.39268	677.499	698.684
4.40461	677.076	698.267
4.41655	676.652	697.849
4.42849	676.229	697.432
4.44042	675.805	697.014
4.45236	675.382	696.596
4.4643	674.958	696.178
4.47623	674.534	695.759
4.48817	674.11	695.341
4.50011	673.686	694.922
4.51204	673.262	694.503
4.52398	672.838	694.084
4.53592	672.414	693.665
4.54785	671.989	693.246
4.55979	671.565	692.826
4.57173	671.141	692.407
4.58366	670.716	691.987
4.5956	670.292	691.567
4.60754	669.867	691.147
4.61947	669.443	690.727
4.63141	669.018	690.307
4.64335	668.593	689.886
4.65528	668.169	689.465
4.66722	667.744	689.045
4.67916	667.319	688.624
4.69109	666.894	688.203
4.70303	666.469	687.782
4.71497	666.044	687.36
4.7269	665.619	686.939
4.73884	665.194	686.518
4.75078	664.769	686.096
4.76271	664.344	685.674
4.77465	663.919	685.252
4.78658	663.494	684.83
4.79852	663.069	684.408
4.81046	662.643	683.986
4.82239	662.218	683.564
4.83433	661.793	683.141
4.84627	661.368	682.719
4.8582	660.942	682.296
4.87014	660.517	681.873
4.88208	660.092	681.45
4.89401	659.666	681.028
4.90595	659.241	680.605
4.91789	658.816	680.181
4.92982	658.39	679.758
4.94176	657.965	679.335
4.9537	657.539	678.911
4.96563	657.114	678.488
4.97757	656.689	678.064
4.98951	656.263	677.641
5.00144	655.838	677.217
5.01338	655.412	676.793
5.02532	654.987	676.369
5.03725	654.562	675.945
5.04919	654.136	675.521
5.06113	653.711	675.097
5.07306	653.285	674.673
5.085	652.86	674.248
5.09694	652.435	673.824
5.10887	652.009	673.399
5.12081	651.584	672.975
5.13275	651.158	672.55
5.14468	650.733	672.126
5.15662	650.308	671.701
5.16856	649.882	671.276
5.18049	649.457	670.852
5.19243	649.032	670.427
5.20437	648.607	670.002
5.2163	648.182	669.577
5.22824	647.756	669.152
5.24018	647.331	668.727
5.25211	646.906	668.302
5.26405	646.481	667.876
5.27599	646.056	667.451
5.28792	645.631	667.026
5.29986	645.206	666.601
5.3118	644.781	666.175
5.32373	644.356	665.75
5.33567	643.931	665.325
5.34761	643.506	664.899
5.35954	643.081	664.474
5.37148	642.657	664.048
5.38342	642.232	663.623
5.39535	641.807	663.197
5.40729	641.383	662.771
5.41923	640.958	662.346
5.43116	640.533	661.92
5.4431	640.109	661.495
5.45504	639.684	661.069
5.46697	639.26	660.643
5.47891	638.836	660.217
5.49085	638.411	659.792
5.50278	637.987	659.366
5.51472	637.563	658.94
5.52666	637.139	658.514
5.53859	636.715	658.089
5.55053	636.291	657.663
5.56247	635.867	657.237
5.5744	635.443	656.811
5.58634	635.019	656.386
5.59828	634.596	655.96
5.61021	634.172	655.534
5.62215	633.748	655.108
5.63408	633.325	654.682
5.64602	632.901	654.257
5.65796	632.478	653.831
5.66989	632.055	653.405
5.68183	631.631	652.979
5.69377	631.208	652.553
5.7057	630.785	652.128
5.71764	630.362	651.702
5.72958	629.939	651.276
5.74151	629.516	650.851
5.75345	629.093	650.425
5.76539	628.671	649.999
5.77732	628.248	649.574
5.78926	627.826	649.148
5.8012	627.403	648.722
5.81313	626.981	648.297
5.82507	626.559	647.871
5.83701	626.136	647.446
5.84894	625.714	647.02
5.86088	625.292	646.595
5.87282	624.87	646.169
5.88475	624.449	645.744
5.89669	624.027	645.319
5.90863	623.605	644.893
5.92056	623.184	644.468
5.9325	622.762	644.043
5.94444	622.341	643.618
5.95637	621.92	643.192
5.96831	621.498	642.767
5.98025	621.077	642.342
5.99218	620.656	641.917
6.00412	620.236	641.492
6.01606	619.815	641.067
6.02799	619.394	640.642
6.03993	618.974	640.217
6.05187	618.553	639.793
6.0638	618.133	639.368
6.07574	617.713	638.943
6.08768	617.293	638.519
6.09961	616.873	638.094
6.11155	616.453	637.67
6.12349	616.033	637.245
6.13542	615.614	636.821
6.14736	615.194	636.396
6.1593	614.775	635.972
6.17123	614.355	635.548
6.18317	613.936	635.124
6.19511	613.517	634.7
6.20704	613.098	634.276
6.21898	612.679	633.852
6.23092	612.261	633.428
6.24285	611.842	633.004
6.25479	611.424	632.58
6.26673	611.005	632.157
6.27866	610.587	631.733
6.2906	610.169	631.31
6.30254	609.751	630.886
6.31447	609.333	630.463
6.32641	608.915	630.039
6.33835	608.498	629.616
6.35028	608.08	629.193
6.36222	607.663	628.77
6.37416	607.246	628.347
6.38609	606.829	627.924
6.39803	606.412	627.502
6.40997	605.995	627.079
6.4219	605.579	626.656
6.43384	605.162	626.234
6.44578	604.746	625.811
6.45771	604.329	625.389
6.46965	603.913	624.967
6.48159	603.497	624.545
6.49352	603.082	624.123
6.50546	602.666	623.701
6.51739	602.25	623.279
6.52933	601.835	622.857
6.54127	601.42	622.435
6.5532	601.004	622.014
6.56514	600.59	621.592
6.57708	600.175	621.171
6.58901	599.76	620.75
6.60095	599.345	620.329
6.61289	598.931	619.908
6.62482	598.517	619.487
6.63676	598.103	619.066
6.6487	597.689	618.645
6.66063	597.275	618.225
6.67257	596.861	617.804
6.68451	596.448	617.384
6.69644	596.034	616.963
6.70838	595.621	616.543
6.72032	595.208	616.123
6.73225	594.795	615.703
6.74419	594.383	615.283
6.75613	593.97	614.864
6.76806	593.557	614.444
6.78	593.145	614.025
6.79194	592.733	613.605
6.80387	592.321	613.186
6.81581	591.909	612.767
6.82775	591.498	612.348
6.83968	591.086	611.929
6.85162	590.675	611.51
6.86356	590.264	611.092
6.87549	589.853	610.673
6.88743	589.442	610.255
6.89937	589.031	609.837
6.9113	588.621	609.419
6.92324	588.21	609.001
6.93518	587.8	608.583
6.94711	587.39	608.165
6.95905	586.98	607.747
6.97099	586.57	607.33
6.98292	586.161	606.913
6.99486	585.751	606.495
7.0068	585.342	606.078
7.01873	584.933	605.661
7.03067	584.524	605.245
7.04261	584.116	604.828
7.05454	583.707	604.411
7.06648	583.299	603.995
7.07842	582.89	603.579
7.09035	582.482	603.163
7.10229	582.075	602.747
7.11423	581.667	602.331
7.12616	581.259	601.915
7.1381	580.852	601.5
7.15004	580.445	601.084
7.16197	580.038	600.669
7.17391	579.631	600.254
7.18585	579.224	599.839
7.19778	578.818	599.424
7.20972	578.411	599.01
7.22166	578.005	598.595
7.23359	577.599	598.181
7.24553	577.194	597.767
7.25747	576.788	597.353
7.2694	576.383	596.939
7.28134	575.977	596.525
7.29328	575.572	596.111
7.30521	575.167	595.698
7.31715	574.763	595.284
7.32909	574.358	594.871
7.34102	573.954	594.458
7.35296	573.549	594.046
7.36489	573.145	593.633
7.37683	572.742	593.22
7.38877	572.338	592.808
7.4007	571.935	592.396
7.41264	571.531	591.984
7.42458	571.128	591.572
7.43651	570.725	591.16
7.44845	570.322	590.748
7.46039	569.92	590.337
7.47232	569.518	589.926
7.48426	569.115	589.515
7.4962	568.713	589.104
7.50813	568.311	588.693
7.52007	567.91	588.282
7.53201	567.508	587.872
7.54394	567.107	587.462
7.55588	566.706	587.052
7.56782	566.305	586.642
7.57975	565.904	586.232
7.59169	565.504	585.822
7.60363	565.104	585.413
7.61556	564.703	585.004
7.6275	564.303	584.594
7.63944	563.904	584.186
7.65137	563.504	583.777
7.66331	563.105	583.368
7.67525	562.705	582.96
7.68718	562.306	582.551
7.69912	561.907	582.143
7.71106	561.509	581.735
7.72299	561.11	581.328
7.73493	560.712	580.92
7.74687	560.314	580.513
7.7588	559.916	580.106
7.77074	559.518	579.698
7.78268	559.121	579.292
7.79461	558.723	578.885
7.80655	558.326	578.478
7.81849	557.929	578.072
7.83042	557.532	577.666
7.84236	557.136	577.26
7.8543	556.739	576.854
7.86623	556.343	576.448
7.87817	555.947	576.043
7.89011	555.551	575.638
7.90204	555.156	575.233
7.91398	554.76	574.828
7.92592	554.365	574.423
7.93785	553.97	574.018
7.94979	553.575	573.614
7.96173	553.18	573.21
7.97366	552.786	572.806
7.9856	552.392	572.402
7.99754	551.998	571.998
8.00947	551.604	571.595
8.02141	551.21	571.191
8.03335	550.816	570.788
8.04528	550.423	570.385
8.05722	550.03	569.983
8.06916	549.637	569.58
8.08109	549.244	569.178
8.09303	548.852	568.775
8.10497	548.459	568.373
8.1169	548.067	567.972
8.12884	547.675	567.57
8.14078	547.283	567.168
8.15271	546.892	566.767
8.16465	546.5	566.366
8.17659	546.109	565.965
8.18852	545.718	565.564
8.20046	545.327	565.164
8.2124	544.936	564.764
8.22433	544.546	564.363
8.23627	544.156	563.963
8.2482	543.766	563.564
8.26014	543.376	563.164
8.27208	542.986	562.765
8.28401	542.597	562.365
8.29595	542.207	561.966
8.30789	541.818	561.568
8.31982	541.429	561.169
8.33176	541.041	560.77
8.3437	540.652	560.372
8.35563	540.264	559.974
8.36757	539.876	559.576
8.37951	539.488	559.179
8.39144	539.1	558.781
8.40338	538.712	558.384
8.41532	538.325	557.987
8.42725	537.938	557.59
8.43919	537.551	557.193
8.45113	537.164	556.796
8.46306	536.777	556.4
8.475	536.391	556.004
8.48694	536.005	555.608
8.49887	535.619	555.212
8.51081	535.233	554.816
8.52275	534.847	554.421
8.53468	534.462	554.026
8.54662	534.077	553.631
8.55856	533.691	553.236
8.57049	533.307	552.841
8.58243	532.922	552.447
8.59437	532.537	552.053
8.6063	532.153	551.658
8.61824	531.769	551.265
8.63018	531.385	550.871
8.64211	531.001	550.477
8.65405	530.618	550.084
8.66599	530.234	549.691
8.67792	529.851	549.298
8.68986	529.468	548.905
8.7018	529.085	548.513
8.71373	528.703	548.121
8.72567	528.32	547.728
8.73761	527.938	547.336
8.74954	527.556	546.945
8.76148	527.174	546.553
8.77342	526.793	546.162
8.78535	526.411	545.771
8.79729	526.03	545.38
8.80923	525.649	544.989
8.82116	525.268	544.598
8.8331	524.887	544.208
8.84504	524.507	543.818
8.85697	524.126	543.428
8.86891	523.746	543.038
8.88085	523.366	542.648
8.89278	522.986	542.259
8.90472	522.607	541.87
8.91666	522.227	541.481
8.92859	521.848	541.092
8.94053	521.469	540.703
8.95247	521.09	540.315
8.9644	520.712	539.926
8.97634	520.333	539.538
8.98828	519.955	539.15
9.00021	519.577	538.763
9.01215	519.199	538.375
9.02409	518.821	537.988
9.03602	518.443	537.601
9.04796	518.066	537.214
9.0599	517.689	536.827
9.07183	517.312	536.441
9.08377	516.935	536.054
9.0957	516.558	535.668
9.10764	516.182	535.282
9.11958	515.806	534.896
9.13151	515.429	534.511
9.14345	515.053	534.125
9.15539	514.678	533.74
9.16732	514.302	533.355
9.17926	513.927	532.97
9.1912	513.552	532.586
9.20313	513.176	532.201
9.21507	512.802	531.817
9.22701	512.427	531.433
9.23894	512.052	531.049
9.25088	511.678	530.666
9.26282	511.304	530.282
9.27475	510.93	529.899
9.28669	510.556	529.516
9.29863	510.183	529.133
9.31056	509.809	528.75
9.3225	509.436	528.368
9.33444	509.063	527.985
9.34637	508.69	527.603
9.35831	508.317	527.221
9.37025	507.945	526.84
9.38218	507.572	526.458
9.39412	507.2	526.077
9.40606	506.828	525.695
9.41799	506.456	525.314
9.42993	506.084	524.934
9.44187	505.713	524.553
9.4538	505.341	524.173
9.46574	504.97	523.792
9.47768	504.599	523.412
9.48961	504.228	523.032
9.50155	503.858	522.653
9.51349	503.487	522.273
9.52542	503.117	521.894
9.53736	502.746	521.515
9.5493	502.376	521.136
9.56123	502.007	520.757
9.57317	501.637	520.379
9.58511	501.267	520
9.59704	500.898	519.622
9.60898	500.529	519.244
9.62092	500.16	518.866
9.63285	499.791	518.488
9.64479	499.422	518.111
9.65673	499.054	517.734
9.66866	498.685	517.357
9.6806	498.317	516.98
9.69254	497.949	516.603
9.70447	497.581	516.226
9.71641	497.214	515.85
9.72835	496.846	515.474
9.74028	496.479	515.098
9.75222	496.111	514.722
9.76416	495.744	514.346
9.77609	495.377	513.971
9.78803	495.011	513.596
9.79997	494.644	513.221
9.8119	494.278	512.846
9.82384	493.911	512.471
9.83578	493.545	512.096
9.84771	493.179	511.722
9.85965	492.813	511.348
9.87159	492.448	510.974
9.88352	492.082	510.6
9.89546	491.717	510.226
9.9074	491.352	509.853
9.91933	490.987	509.479
9.93127	490.622	509.106
9.94321	490.257	508.733
9.95514	489.893	508.361
9.96708	489.528	507.988
9.97901	489.164	507.615
9.99095	488.8	507.243
10.0029	488.436	506.871
10.0148	488.072	506.499
10.0268	487.708	506.127
10.0387	487.345	505.756
10.0506	486.981	505.384
10.0626	486.618	505.013
10.0745	486.255	504.642
10.0864	485.892	504.271
10.0984	485.529	503.901
10.1103	485.167	503.53
10.1223	484.804	503.16
10.1342	484.442	502.789
10.1461	484.079	502.419
10.1581	483.717	502.05
10.17	483.355	501.68
10.1819	482.994	501.31
10.1939	482.632	500.941
10.2058	482.271	500.572
10.2177	481.909	500.203
10.2297	481.548	499.834
10.2416	481.187	499.465
10.2536	480.826	499.097
10.2655	480.465	498.728
10.2774	480.104	498.36
10.2894	479.744	497.992
10.3013	479.383	497.624
10.3132	479.023	497.256
10.3252	478.663	496.889
10.3371	478.303	496.521
10.3491	477.943	496.154
10.361	477.584	495.787
10.3729	477.224	495.42
10.3849	476.865	495.053
10.3968	476.505	494.687
10.4087	476.146	494.32
10.4207	475.787	493.954
10.4326	475.428	493.588
10.4445	475.069	493.222
10.4565	474.711	492.856
10.4684	474.352	492.491
10.4804	473.994	492.125
10.4923	473.635	491.76
10.5042	473.277	491.395
10.5162	472.919	491.03
10.5281	472.561	490.665
10.54	472.204	490.3
10.552	471.846	489.935
10.5639	471.489	489.571
10.5758	471.131	489.207
10.5878	470.774	488.843
10.5997	470.417	488.479
10.6117	470.06	488.115
10.6236	469.703	487.751
10.6355	469.346	487.388
10.6475	468.99	487.024
10.6594	468.633	486.661
10.6713	468.277	486.298
10.6833	467.92	485.935
10.6952	467.564	485.572
10.7071	467.208	485.21
10.7191	466.852	484.847
10.731	466.497	484.485
10.743	466.141	484.123
10.7549	465.785	483.761
10.7668	465.43	483.399
10.7788	465.075	483.037
10.7907	464.719	482.676
10.8026	464.364	482.314
10.8146	464.009	481.953
10.8265	463.655	481.592
10.8385	463.3	481.231
10.8504	462.945	480.87
10.8623	462.591	480.509
10.8743	462.236	480.148
10.8862	461.882	479.788
10.8981	461.528	479.428
10.9101	461.174	479.067
10.922	460.82	478.707
10.9339	460.466	478.348
10.9459	460.113	477.988
10.9578	459.759	477.628
10.9698	459.405	477.269
10.9817	459.052	476.909
10.9936	458.699	476.55
11.0056	458.346	476.191
11.0175	457.993	475.832
11.0294	457.64	475.473
11.0414	457.287	475.114
11.0533	456.934	474.756
11.0652	456.582	474.397
11.0772	456.229	474.039
11.0891	455.877	473.681
11.1011	455.524	473.323
11.113	455.172	472.965
11.1249	454.82	472.607
11.1369	454.468	472.249
11.1488	454.116	471.892
11.1607	453.765	471.535
11.1727	453.413	471.177
11.1846	453.062	470.82
11.1966	452.71	470.463
11.2085	452.359	470.106
11.2204	452.008	469.749
11.2324	451.657	469.393
11.2443	451.305	469.036
11.2562	450.955	468.68
11.2682	450.604	468.324
11.2801	450.253	467.967
11.292	449.903	467.611
11.304	449.552	467.256
11.3159	449.202	466.9
11.3279	448.851	466.544
11.3398	448.501	466.189
11.3517	448.151	465.833
11.3637	447.801	465.478
11.3756	447.451	465.123
11.3875	447.101	464.768
11.3995	446.752	464.413
11.4114	446.402	464.058
11.4233	446.053	463.703
11.4353	445.703	463.349
11.4472	445.354	462.994
11.4592	445.005	462.64
11.4711	444.656	462.285
11.483	444.307	461.931
11.495	443.958	461.577
11.5069	443.609	461.223
11.5188	443.261	460.87
11.5308	442.912	460.516
11.5427	442.564	460.162
11.5546	442.215	459.809
11.5666	441.867	459.456
11.5785	441.519	459.102
11.5905	441.171	458.749
11.6024	440.823	458.396
11.6143	440.475	458.044
11.6263	440.127	457.691
11.6382	439.779	457.338
11.6501	439.432	456.986
11.6621	439.084	456.633
11.674	438.737	456.281
11.686	438.39	455.929
11.6979	438.043	455.576
11.7098	437.695	455.224
11.7218	437.348	454.873
11.7337	437.002	454.521
11.7456	436.655	454.169
11.7576	436.308	453.818
11.7695	435.962	453.466
11.7814	435.615	453.115
11.7934	435.269	452.763
11.8053	434.922	452.412
11.8173	434.576	452.061
11.8292	434.23	451.71
11.8411	433.884	451.359
11.8531	433.538	451.009
11.865	433.193	450.658
11.8769	432.847	450.308
11.8889	432.501	449.957
11.9008	432.156	449.607
11.9127	431.811	449.257
11.9247	431.465	448.907
11.9366	431.12	448.557
11.9486	430.775	448.207
11.9605	430.43	447.857
11.9724	430.085	447.507
11.9844	429.741	447.158
11.9963	429.396	446.808
12.0082	429.051	446.459
12.0202	428.707	446.109
12.0321	428.363	445.76
12.0441	428.018	445.411
12.056	427.674	445.062
12.0679	427.33	444.713
12.0799	426.986	444.365
12.0918	426.643	444.016
12.1037	426.299	443.667
12.1157	425.955	443.319
12.1276	425.612	442.97
12.1395	425.269	442.622
12.1515	424.925	442.274
12.1634	424.582	441.926
12.1754	424.239	441.578
12.1873	423.896	441.23
12.1992	423.553	440.882
12.2112	423.211	440.535
12.2231	422.868	440.187
12.235	422.526	439.84
12.247	422.183	439.492
12.2589	421.841	439.145
12.2708	421.499	438.798
12.2828	421.157	438.451
12.2947	420.815	438.104
12.3067	420.473	437.757
12.3186	420.132	437.41
12.3305	419.79	437.063
12.3425	419.449	436.717
12.3544	419.107	436.37
12.3663	418.766	436.024
12.3783	418.425	435.678
12.3902	418.084	435.332
12.4021	417.743	434.986
12.4141	417.403	434.64
12.426	417.062	434.294
12.438	416.722	433.948
12.4499	416.381	433.602
12.4618	416.041	433.257
12.4738	415.701	432.911
12.4857	415.361	432.566
12.4976	415.021	432.221
12.5096	414.682	431.876
12.5215	414.342	431.53
12.5335	414.003	431.186
12.5454	413.663	430.841
12.5573	413.324	430.496
12.5693	412.985	430.151
12.5812	412.646	429.807
12.5931	412.308	429.462
12.6051	411.969	429.118
12.617	411.63	428.774
12.6289	411.292	428.43
12.6409	410.954	428.086
12.6528	410.616	427.742
12.6648	410.278	427.398
12.6767	409.94	427.054
12.6886	409.602	426.711
12.7006	409.265	426.367
12.7125	408.928	426.024
12.7244	408.59	425.681
12.7364	408.253	425.337
12.7483	407.916	424.994
12.7602	407.58	424.651
12.7722	407.243	424.309
12.7841	406.907	423.966
12.7961	406.57	423.623
12.808	406.234	423.281
12.8199	405.898	422.938
12.8319	405.562	422.596
12.8438	405.227	422.254
12.8557	404.891	421.912
12.8677	404.556	421.57
12.8796	404.221	421.228
12.8916	403.886	420.886
12.9035	403.551	420.545
12.9154	403.216	420.203
12.9274	402.882	419.862
12.9393	402.547	419.521
12.9512	402.213	419.18
12.9632	401.879	418.839
12.9751	401.545	418.498
12.987	401.212	418.157
12.999	400.878	417.816
13.0109	400.545	417.476
13.0229	400.212	417.135
13.0348	399.879	416.795
13.0467	399.546	416.455
13.0587	399.214	416.115
13.0706	398.881	415.775
13.0825	398.549	415.435
13.0945	398.217	415.095
13.1064	397.885	414.756
13.1183	397.554	414.416
13.1303	397.222	414.077
13.1422	396.891	413.738
13.1542	396.56	413.399
13.1661	396.229	413.06
13.178	395.898	412.721
13.19	395.568	412.383
13.2019	395.238	412.044
13.2138	394.908	411.706
13.2258	394.578	411.368
13.2377	394.248	411.03
13.2496	393.919	410.692
13.2616	393.59	410.354
13.2735	393.261	410.016
13.2855	392.932	409.679
13.2974	392.603	409.341
13.3093	392.275	409.004
13.3213	391.947	408.667
13.3332	391.619	408.33
13.3451	391.291	407.993
13.3571	390.964	407.657
13.369	390.637	407.32
13.381	390.31	406.984
13.3929	389.983	406.648
13.4048	389.657	406.312
13.4168	389.33	405.976
13.4287	389.004	405.64
13.4406	388.679	405.305
13.4526	388.353	404.969
13.4645	388.028	404.634
13.4764	387.703	404.299
13.4884	387.378	403.964
13.5003	387.053	403.629
13.5123	386.729	403.295
13.5242	386.405	402.96
13.5361	386.081	402.626
13.5481	385.758	402.292
13.56	385.434	401.958
13.5719	385.111	401.624
13.5839	384.789	401.29
13.5958	384.466	400.957
13.6077	384.144	400.624
13.6197	383.822	400.291
13.6316	383.5	399.958
13.6436	383.179	399.625
13.6555	382.858	399.293
13.6674	382.537	398.96
13.6794	382.216	398.628
13.6913	381.896	398.296
13.7032	381.576	397.964
13.7152	381.256	397.633
13.7271	380.937	397.301
13.7391	380.618	396.97
13.751	380.299	396.639
13.7629	379.98	396.308
13.7749	379.662	395.977
13.7868	379.344	395.647
13.7987	379.027	395.317
13.8107	378.709	394.987
13.8226	378.392	394.657
13.8345	378.076	394.327
13.8465	377.759	393.998
13.8584	377.443	393.669
13.8704	377.128	393.34
13.8823	376.812	393.011
13.8942	376.497	392.682
13.9062	376.182	392.354
13.9181	375.868	392.026
13.93	375.554	391.698
13.942	375.24	391.37
13.9539	374.926	391.043
13.9658	374.613	390.715
13.9778	374.301	390.388
13.9897	373.988	390.061
14.0017	373.676	389.735
14.0136	373.364	389.409
14.0255	373.053	389.082
14.0375	372.742	388.757
14.0494	372.431	388.431
14.0613	372.121	388.105
14.0733	371.811	387.78
14.0852	371.501	387.455
14.0971	371.192	387.131
14.1091	370.883	386.806
14.121	370.575	386.482
14.133	370.267	386.158
14.1449	369.959	385.835
14.1568	369.651	385.511
14.1688	369.344	385.188
14.1807	369.038	384.865
14.1926	368.732	384.542
14.2046	368.426	384.22
14.2165	368.12	383.898
14.2285	367.815	383.576
14.2404	367.511	383.255
14.2523	367.206	382.933
14.2643	366.903	382.612
14.2762	366.599	382.291
14.2881	366.296	381.971
14.3001	365.993	381.651
14.312	365.691	381.331
14.3239	365.389	381.011
14.3359	365.088	380.692
14.3478	364.787	380.373
14.3598	364.486	380.054
14.3717	364.186	379.736
14.3836	363.886	379.418
14.3956	363.587	379.1
14.4075	363.288	378.782
14.4194	362.99	378.465
14.4314	362.692	378.148
14.4433	362.394	377.831
14.4552	362.097	377.515
14.4672	361.801	377.199
14.4791	361.504	376.883
14.4911	361.209	376.568
14.503	360.913	376.253
14.5149	360.619	375.938
14.5269	360.324	375.624
14.5388	360.03	375.31
14.5507	359.737	374.996
14.5627	359.444	374.682
14.5746	359.151	374.369
14.5866	358.859	374.057
14.5985	358.568	373.744
14.6104	358.277	373.432
14.6224	357.986	373.12
14.6343	357.696	372.809
14.6462	357.406	372.498
14.6582	357.117	372.187
14.6701	356.828	371.877
14.682	356.54	371.567
14.694	356.252	371.257
14.7059	355.965	370.948
14.7179	355.679	370.639
14.7298	355.392	370.331
14.7417	355.107	370.023
14.7537	354.822	369.715
14.7656	354.537	369.407
14.7775	354.253	369.1
14.7895	353.969	368.794
14.8014	353.686	368.488
14.8133	353.403	368.182
14.8253	353.121	367.876
14.8372	352.84	367.571
14.8492	352.559	367.266
14.8611	352.278	366.962
14.873	351.998	366.658
14.885	351.719	366.355
14.8969	351.44	366.052
14.9088	351.162	365.749
14.9208	350.884	365.447
14.9327	350.607	365.145
14.9446	350.33	364.843
14.9566	350.054	364.542
14.9685	349.779	364.241
14.9805	349.504	363.941
14.9924	349.229	363.641
15.0043	348.955	363.342
15.0163	348.682	363.043
15.0282	348.409	362.745
15.0401	348.137	362.447
15.0521	347.866	362.149
15.064	347.594	361.852
15.076	347.324	361.555
15.0879	347.054	361.259
15.0998	346.785	360.963
15.1118	346.516	360.668
15.1237	346.248	360.373
15.1356	345.981	360.078
15.1476	345.714	359.784
15.1595	345.447	359.49
15.1714	345.182	359.197
15.1834	344.917	358.905
15.1953	344.652	358.613
15.2073	344.388	358.321
15.2192	344.125	358.03
15.2311	343.862	357.739
15.2431	343.6	357.449
15.255	343.339	357.159
15.2669	343.078	356.87
15.2789	342.818	356.581
15.2908	342.558	356.292
15.3027	342.299	356.005
15.3147	342.041	355.717
15.3266	341.783	355.43
15.3386	341.526	355.144
15.3505	341.27	354.858
15.3624	341.014	354.573
15.3744	340.759	354.288
15.3863	340.504	354.004
15.3982	340.25	353.72
15.4102	339.997	353.437
15.4221	339.745	353.154
15.4341	339.493	352.872
15.446	339.241	352.59
15.4579	338.991	352.309
15.4699	338.741	352.028
15.4818	338.491	351.748
15.4937	338.243	351.469
15.5057	337.995	351.19
15.5176	337.747	350.911
15.5295	337.501	350.633
15.5415	337.255	350.356
15.5534	337.01	350.079
15.5654	336.765	349.803
15.5773	336.521	349.527
15.5892	336.278	349.252
15.6012	336.035	348.977
15.6131	335.793	348.703
15.625	335.552	348.43
15.637	335.311	348.157
15.6489	335.072	347.884
15.6608	334.832	347.613
15.6728	334.594	347.341
15.6847	334.356	347.071
15.6967	334.119	346.801
15.7086	333.883	346.531
15.7205	333.647	346.262
15.7325	333.412	345.994
15.7444	333.178	345.726
15.7563	332.944	345.459
15.7683	332.711	345.193
15.7802	332.479	344.927
15.7921	332.248	344.662
15.8041	332.017	344.397
15.816	331.787	344.133
15.828	331.557	343.869
15.8399	331.329	343.606
15.8518	331.101	343.344
15.8638	330.874	343.083
15.8757	330.647	342.822
15.8876	330.422	342.561
15.8996	330.197	342.301
15.9115	329.972	342.042
15.9235	329.749	341.784
15.9354	329.526	341.526
15.9473	329.304	341.268
15.9593	329.083	341.012
15.9712	328.862	340.756
15.9831	328.642	340.5
15.9951	328.423	340.246
16.007	328.205	339.992
16.0189	327.987	339.738
16.0309	327.77	339.485
16.0428	327.554	339.233
16.0548	327.338	338.982
16.0667	327.124	338.731
16.0786	326.91	338.481
16.0906	326.697	338.231
16.1025	326.484	337.982
16.1144	326.272	337.734
16.1264	326.061	337.487
16.1383	325.851	337.24
16.1502	325.642	336.994
16.1622	325.433	336.748
16.1741	325.225	336.503
16.1861	325.018	336.259
16.198	324.812	336.016
16.2099	324.606	335.773
16.2219	324.401	335.531
16.2338	324.197	335.289
16.2457	323.993	335.049
16.2577	323.791	334.808
16.2696	323.589	334.569
16.2816	323.388	334.33
16.2935	323.188	334.092
16.3054	322.988	333.855
16.3174	322.789	333.619
16.3293	322.591	333.383
16.3412	322.394	333.147
16.3532	322.198	332.913
16.3651	322.002	332.679
16.377	321.807	332.446
16.389	321.613	332.214
16.4009	321.419	331.982
16.4129	321.227	331.751
16.4248	321.035	331.521
16.4367	320.844	331.291
16.4487	320.653	331.063
16.4606	320.464	330.835
16.4725	320.275	330.607
16.4845	320.087	330.381
16.4964	319.9	330.155
16.5083	319.714	329.93
16.5203	319.528	329.705
16.5322	319.343	329.481
16.5442	319.159	329.258
16.5561	318.976	329.036
16.568	318.793	328.815
16.58	318.611	328.594
16.5919	318.431	328.374
16.6038	318.25	328.155
16.6158	318.071	327.936
16.6277	317.892	327.718
16.6396	317.715	327.501
16.6516	317.537	327.285
16.6635	317.361	327.069
16.6755	317.186	326.854
16.6874	317.011	326.64
16.6993	316.837	326.427
16.7113	316.664	326.214
16.7232	316.492	326.003
16.7351	316.32	325.792
16.7471	316.149	325.581
16.759	315.979	325.372
16.771	315.81	325.163
16.7829	315.642	324.955
16.7948	315.474	324.747
16.8068	315.307	324.541
16.8187	315.141	324.335
16.8306	314.976	324.13
16.8426	314.811	323.926
16.8545	314.647	323.722
16.8664	314.484	323.52
16.8784	314.322	323.318
16.8903	314.161	323.117
16.9023	314	322.916
16.9142	313.84	322.717
16.9261	313.681	322.518
16.9381	313.523	322.32
16.95	313.365	322.122
16.9619	313.209	321.926
16.9739	313.053	321.73
16.9858	312.897	321.535
16.9977	312.743	321.341
17.0097	312.589	321.147
17.0216	312.437	320.955
17.0336	312.284	320.763
17.0455	312.133	320.572
17.0574	311.983	320.381
17.0694	311.833	320.192
17.0813	311.684	320.003
17.0932	311.536	319.815
17.1052	311.388	319.628
17.1171	311.242	319.441
17.1291	311.096	319.256
17.141	310.951	319.071
17.1529	310.806	318.887
17.1649	310.663	318.703
17.1768	310.52	318.521
17.1887	310.378	318.339
17.2007	310.236	318.158
17.2126	310.096	317.978
17.2245	309.956	317.799
17.2365	309.817	317.62
17.2484	309.679	317.442
17.2604	309.541	317.265
17.2723	309.405	317.089
17.2842	309.269	316.914
17.2962	309.133	316.739
17.3081	308.999	316.565
17.32	308.865	316.392
17.332	308.732	316.22
17.3439	308.6	316.048
17.3558	308.469	315.877
17.3678	308.338	315.708
17.3797	308.208	315.538
17.3917	308.079	315.37
17.4036	307.95	315.202
17.4155	307.823	315.036
17.4275	307.696	314.87
17.4394	307.57	314.704
17.4513	307.444	314.54
17.4633	307.319	314.376
17.4752	307.195	314.214
17.4871	307.072	314.051
17.4991	306.95	313.89
17.511	306.828	313.73
17.523	306.707	313.57
17.5349	306.586	313.411
17.5468	306.467	313.253
17.5588	306.348	313.096
17.5707	306.23	312.939
17.5826	306.112	312.783
17.5946	305.996	312.628
17.6065	305.88	312.474
17.6185	305.765	312.321
17.6304	305.65	312.168
17.6423	305.536	312.016
17.6543	305.423	311.865
17.6662	305.311	311.715
17.6781	305.199	311.565
17.6901	305.088	311.416
17.702	304.978	311.268
17.7139	304.868	311.121
17.7259	304.759	310.975
17.7378	304.651	310.829
17.7498	304.544	310.684
17.7617	304.437	310.54
17.7736	304.331	310.397
17.7856	304.226	310.254
17.7975	304.121	310.112
17.8094	304.017	309.971
17.8214	303.914	309.831
17.8333	303.811	309.691
17.8452	303.71	309.553
17.8572	303.608	309.415
17.8691	303.508	309.278
17.8811	303.408	309.141
17.893	303.309	309.006
17.9049	303.21	308.871
17.9169	303.112	308.737
17.9288	303.015	308.603
17.9407	302.919	308.471
17.9527	302.823	308.339
17.9646	302.728	308.208
17.9766	302.633	308.077
17.9885	302.54	307.948
18.0004	302.447	307.819
18.0124	302.354	307.691
18.0243	302.262	307.563
18.0362	302.171	307.437
18.0482	302.081	307.311
18.0601	301.991	307.186
18.072	301.901	307.062
18.084	301.813	306.938
18.0959	301.725	306.815
18.1079	301.638	306.693
18.1198	301.551	306.572
18.1317	301.465	306.451
18.1437	301.379	306.331
18.1556	301.295	306.212
18.1675	301.211	306.094
18.1795	301.127	305.976
18.1914	301.044	305.859
18.2033	300.962	305.743
18.2153	300.88	305.627
18.2272	300.799	305.512
18.2392	300.719	305.398
18.2511	300.639	305.285
18.263	300.56	305.172
18.275	300.481	305.061
18.2869	300.403	304.949
18.2988	300.326	304.839
18.3108	300.249	304.729
18.3227	300.173	304.62
18.3346	300.097	304.512
18.3466	300.022	304.404
18.3585	299.948	304.297
18.3705	299.874	304.191
18.3824	299.801	304.086
18.3943	299.728	303.981
18.4063	299.656	303.877
18.4182	299.584	303.773
18.4301	299.513	303.671
18.4421	299.443	303.569
18.454	299.373	303.467
18.466	299.304	303.367
18.4779	299.235	303.267
18.4898	299.167	303.167
18.5018	299.1	303.069
18.5137	299.033	302.971
18.5256	298.966	302.874
18.5376	298.9	302.777
18.5495	298.835	302.681
18.5614	298.77	302.586
18.5734	298.706	302.492
18.5853	298.642	302.398
18.5973	298.579	302.305
18.6092	298.517	302.212
18.6211	298.455	302.12
18.6331	298.393	302.029
18.645	298.332	301.939
18.6569	298.271	301.849
18.6689	298.211	301.759
18.6808	298.152	301.671
18.6927	298.093	301.583
18.7047	298.035	301.496
18.7166	297.977	301.409
18.7286	297.919	301.323
18.7405	297.862	301.238
18.7524	297.806	301.153
18.7644	297.75	301.069
18.7763	297.695	300.986
18.7882	297.64	300.903
18.8002	297.585	300.821
18.8121	297.531	300.739
18.8241	297.478	300.658
18.836	297.425	300.578
18.8479	297.372	300.498
18.8599	297.32	300.419
18.8718	297.269	300.34
18.8837	297.218	300.263
18.8957	297.167	300.185
18.9076	297.117	300.109
18.9195	297.067	300.033
18.9315	297.018	299.957
18.9434	296.97	299.882
18.9554	296.921	299.808
18.9673	296.873	299.734
18.9792	296.826	299.661
18.9912	296.779	299.589
19.0031	296.733	299.517
19.015	296.687	299.446
19.027	296.641	299.375
19.0389	296.596	299.305
19.0508	296.551	299.235
19.0628	296.507	299.166
19.0747	296.463	299.098
19.0867	296.42	299.03
19.0986	296.377	298.963
19.1105	296.334	298.896
19.1225	296.292	298.83
19.1344	296.25	298.764
19.1463	296.209	298.699
19.1583	296.168	298.635
19.1702	296.128	298.571
19.1821	296.088	298.507
19.1941	296.048	298.444
19.206	296.009	298.382
19.218	295.97	298.32
19.2299	295.931	298.259
19.2418	295.893	298.198
19.2538	295.855	298.138
19.2657	295.818	298.078
19.2776	295.781	298.019
19.2896	295.744	297.961
19.3015	295.708	297.902
19.3135	295.673	297.845
19.3254	295.637	297.788
19.3373	295.602	297.731
19.3493	295.567	297.675
19.3612	295.533	297.62
19.3731	295.499	297.565
19.3851	295.465	297.51
19.397	295.432	297.456
19.4089	295.399	297.402
19.4209	295.367	297.349
19.4328	295.335	297.297
19.4448	295.303	297.245
19.4567	295.271	297.193
19.4686	295.24	297.142
19.4806	295.209	297.091
19.4925	295.179	297.041
19.5044	295.149	296.992
19.5164	295.119	296.942
19.5283	295.089	296.894
19.5402	295.06	296.845
19.5522	295.031	296.797
19.5641	295.003	296.75
19.5761	294.975	296.703
19.588	294.947	296.657
19.5999	294.919	296.611
19.6119	294.892	296.565
19.6238	294.865	296.52
19.6357	294.839	296.475
19.6477	294.812	296.431
19.6596	294.786	296.387
19.6716	294.76	296.344
19.6835	294.735	296.301
19.6954	294.71	296.258
19.7074	294.685	296.216
19.7193	294.661	296.175
19.7312	294.636	296.133
19.7432	294.612	296.093
19.7551	294.589	296.052
19.767	294.565	296.012
19.779	294.542	295.973
19.7909	294.519	295.933
19.8029	294.497	295.895
19.8148	294.474	295.856
19.8267	294.452	295.818
19.8387	294.431	295.781
19.8506	294.409	295.743
19.8625	294.388	295.707
19.8745	294.367	295.67
19.8864	294.346	295.634
19.8983	294.326	295.599
19.9103	294.305	295.563
19.9222	294.285	295.528
19.9342	294.266	295.494
19.9461	294.246	295.46
19.958	294.227	295.426
19.97	294.208	295.392
19.9819	294.189	295.359
19.9938	294.171	295.327
20.0058	294.152	295.294
20.0177	294.134	295.262
20.0296	294.117	295.231
20.0416	294.099	295.199
20.0535	294.082	295.169
20.0655	294.064	295.138
20.0774	294.048	295.108
20.0893	294.031	295.078
20.1013	294.014	295.048
20.1132	293.998	295.019
20.1251	293.982	294.99
20.1371	293.966	294.961
20.149	293.951	294.933
20.161	293.935	294.905
20.1729	293.92	294.878
20.1848	293.905	294.85
20.1968	293.89	294.823
20.2087	293.875	294.797
20.2206	293.861	294.77
20.2326	293.847	294.744
20.2445	293.833	294.719
20.2564	293.819	294.693
20.2684	293.805	294.668
20.2803	293.792	294.643
20.2923	293.778	294.619
20.3042	293.765	294.594
20.3161	293.752	294.57
20.3281	293.74	294.547
20.34	293.727	294.523
20.3519	293.715	294.5
20.3639	293.703	294.477
20.3758	293.691	294.455
20.3877	293.679	294.433
20.3997	293.667	294.411
20.4116	293.655	294.389
20.4236	293.644	294.368
20.4355	293.633	294.346
20.4474	293.622	294.325
20.4594	293.611	294.305
20.4713	293.6	294.284
20.4832	293.59	294.264
20.4952	293.579	294.244
20.5071	293.569	294.225
20.5191	293.559	294.205
20.531	293.549	294.186
20.5429	293.539	294.167
20.5549	293.529	294.149
20.5668	293.52	294.13
20.5787	293.51	294.112
20.5907	293.501	294.094
20.6026	293.492	294.076
20.6145	293.483	294.059
20.6265	293.474	294.042
20.6384	293.465	294.025
20.6504	293.457	294.008
20.6623	293.448	293.991
20.6742	293.44	293.975
20.6862	293.432	293.959
20.6981	293.424	293.943
20.71	293.416	293.927
20.722	293.408	293.912
20.7339	293.4	293.896
20.7458	293.393	293.881
20.7578	293.385	293.866
20.7697	293.378	293.852
20.7817	293.371	293.837
20.7936	293.364	293.823
20.8055	293.357	293.809
20.8175	293.35	293.795
20.8294	293.343	293.782
20.8413	293.337	293.768
20.8533	293.33	293.755
20.8652	293.324	293.742
20.8771	293.317	293.729
20.8891	293.311	293.716
20.901	293.305	293.703
20.913	293.299	293.691
20.9249	293.293	293.679
20.9368	293.287	293.667
20.9488	293.281	293.655
20.9607	293.276	293.643
20.9726	293.27	293.632
20.9846	293.265	293.621
20.9965	293.259	293.609
21.0085	293.254	293.598
21.0204	293.249	293.588
21.0323	293.244	293.577
21.0443	293.239	293.566
21.0562	293.234	293.556
21.0681	293.229	293.546
21.0801	293.224	293.536
21.092	293.22	293.526
21.1039	293.215	293.516
21.1159	293.211	293.506
21.1278	293.206	293.497
21.1398	293.202	293.488
21.1517	293.197	293.479
21.1636	293.193	293.47
21.1756	293.189	293.461
21.1875	293.185	293.452
21.1994	293.181	293.443
21.2114	293.177	293.435
21.2233	293.173	293.426
21.2352	293.17	293.418
21.2472	293.166	293.41
21.2591	293.162	293.402
21.2711	293.159	293.394
21.283	293.155	293.387
21.2949	293.152	293.379
21.3069	293.148	293.372
21.3188	293.145	293.364
21.3307	293.142	293.357
21.3427	293.139	293.35
21.3546	293.136	293.343
21.3666	293.133	293.336
21.3785	293.13	293.329
21.3904	293.127	293.323
21.4024	293.124	293.316
21.4143	293.121	293.31
21.4262	293.118	293.304
21.4382	293.115	293.297
21.4501	293.113	293.291
21.462	293.11	293.285
21.474	293.108	293.279
21.4859	293.105	293.274
21.4979	293.103	293.268
21.5098	293.1	293.262
21.5217	293.098	293.257
21.5337	293.095	293.251
21.5456	293.093	293.246
21.5575	293.091	293.241
21.5695	293.089	293.236
21.5814	293.087	293.231
21.5933	293.085	293.226
21.6053	293.082	293.221
21.6172	293.08	293.216
21.6292	293.078	293.211
21.6411	293.077	293.207
21.653	293.075	293.202
21.665	293.073	293.198
21.6769	293.071	293.194
21.6888	293.069	293.189
21.7008	293.067	293.185
21.7127	293.066	293.181
21.7246	293.064	293.177
21.7366	293.063	293.173
21.7485	293.061	293.169
21.7605	293.059	293.165
21.7724	293.058	293.161
21.7843	293.056	293.158
21.7963	293.055	293.154
21.8082	293.053	293.151
21.8201	293.052	293.147
21.8321	293.051	293.144
21.844	293.049	293.14
21.856	293.048	293.137
21.8679	293.047	293.134
21.8798	293.046	293.131
21.8918	293.044	293.128
21.9037	293.043	293.125
21.9156	293.042	293.122
21.9276	293.041	293.119
21.9395	293.04	293.116
21.9514	293.039	293.113
21.9634	293.038	293.11
21.9753	293.037	293.108
21.9873	293.036	293.105
21.9992	293.035	293.102
22.0111	293.034	293.1
22.0231	293.033	293.098
22.035	293.032	293.095
22.0469	293.031	293.093
22.0589	293.03	293.09
22.0708	293.029	293.088
22.0827	293.028	293.086
22.0947	293.027	293.084
22.1066	293.027	293.082
22.1186	293.026	293.08
22.1305	293.025	293.077
22.1424	293.024	293.075
22.1544	293.024	293.074
22.1663	293.023	293.072
22.1782	293.022	293.07
22.1902	293.022	293.068
22.2021	293.021	293.066
22.2141	293.02	293.064
22.226	293.02	293.063
22.2379	293.019	293.061
22.2499	293.018	293.059
22.2618	293.018	293.058
22.2737	293.017	293.056
22.2857	293.017	293.055
22.2976	293.016	293.053
22.3095	293.016	293.052
22.3215	293.015	293.05
22.3334	293.015	293.049
22.3454	293.014	293.047
22.3573	293.014	293.046
22.3692	293.013	293.045
22.3812	293.013	293.044
22.3931	293.013	293.042
22.405	293.012	293.041
22.417	293.012	293.04
22.4289	293.011	293.039
22.4408	293.011	293.038
22.4528	293.011	293.037
22.4647	293.01	293.036
22.4767	293.01	293.034
22.4886	293.01	293.033
22.5005	293.009	293.032
22.5125	293.009	293.031
22.5244	293.009	293.031
22.5363	293.008	293.03
22.5483	293.008	293.029
22.5602	293.008	293.028
22.5721	293.007	293.027
22.5841	293.007	293.026
22.596	293.007	293.025
22.608	293.007	293.025
22.6199	293.006	293.024
22.6318	293.006	293.023
22.6438	293.006	293.022
22.6557	293.006	293.022
22.6676	293.006	293.021
22.6796	293.005	293.02
22.6915	293.005	293.02
22.7035	293.005	293.019
22.7154	293.005	293.018
22.7273	293.005	293.018
22.7393	293.004	293.017
22.7512	293.004	293.017
22.7631	293.004	293.016
22.7751	293.004	293.015
22.787	293.004	293.015
22.7989	293.004	293.014
22.8109	293.003	293.014
22.8228	293.003	293.013
22.8348	293.003	293.013
22.8467	293.003	293.013
22.8586	293.003	293.012
22.8706	293.003	293.012
22.8825	293.003	293.011
22.8944	293.003	293.011
22.9064	293.002	293.01
22.9183	293.002	293.01
22.9302	293.002	293.01
22.9422	293.002	293.009
22.9541	293.002	293.009
22.9661	293.002	293.009
22.978	293.002	293.008
22.9899	293.002	293.008
23.0019	293.002	293.008
23.0138	293.002	293.007
23.0257	293.002	293.007
23.0377	293.002	293.007
23.0496	293.001	293.007
23.0616	293.001	293.006
23.0735	293.001	293.006
23.0854	293.001	293.006
23.0974	293.001	293.006
23.1093	293.001	293.005
23.1212	293.001	293.005
23.1332	293.001	293.005
23.1451	293.001	293.005
23.157	293.001	293.005
23.169	293.001	293.004
23.1809	293.001	293.004
23.1929	293.001	293.004
23.2048	293.001	293.004
23.2167	293.001	293.004
23.2287	293.001	293.003
23.2406	293.001	293.003
23.2525	293.001	293.003
23.2645	293.001	293.003
23.2764	293.001	293.003
23.2883	293.001	293.003
23.3003	293	293.003
23.3122	293	293.002
23.3242	293	293.002
23.3361	293	293.002
23.348	293	293.002
23.36	293	293.002
23.3719	293	293.002
23.3838	293	293.002
23.3958	293	293.002
23.4077	293	293.002
23.4196	293	293.002
23.4316	293	293.001
23.4435	293	293.001
23.4555	293	293.001
23.4674	293	293.001
23.4793	293	293.001
23.4913	293	293.001
23.5032	293	293.001
23.5151	293	293.001
23.5271	293	293.001
23.539	293	293.001
23.551	293	293.001
23.5629	293	293.001
23.5748	293	293.001
23.5868	293	293.001
23.5987	293	293.001
23.6106	293	293.001
23.6226	293	293.001
23.6345	293	293.001
23.6464	293	293
23.6584	293	293
23.6703	293	293
23.6823	293	293
23.6942	293	293
23.7061	293	293
23.7181	293	293
23.73	293	293
23.7419	293	293
23.7539	293	293
23.7658	293	293
23.7777	293	293
23.7897	293	293
23.8016	293	293
23.8136	293	293
23.8255	293	293
23.8374	293	293
23.8494	293	293
23.8613	293	293
23.8732	293	293
