0	870.704	871.673
0.0119366	870.693	871.669
0.0238732	870.668	871.659
0.0358099	870.644	871.647
0.0477465	870.618	871.633
0.0596831	870.593	871.617
0.0716197	870.568	871.602
0.0835563	870.542	871.586
0.095493	870.516	871.57
0.10743	870.489	871.553
0.119366	870.463	871.537
0.131303	870.436	871.52
0.143239	870.409	871.503
0.155176	870.382	871.486
0.167113	870.355	871.469
0.179049	870.327	871.451
0.190986	870.299	871.434
0.202923	870.271	871.416
0.214859	870.242	871.398
0.226796	870.214	871.38
0.238732	870.185	871.362
0.250669	870.156	871.343
0.262606	870.126	871.325
0.274542	870.097	871.306
0.286479	870.067	871.287
0.298416	870.037	871.268
0.310352	870.006	871.248
0.322289	869.975	871.229
0.334225	869.945	871.209
0.346162	869.913	871.189
0.358099	869.882	871.169
0.370035	869.85	871.149
0.381972	869.818	871.128
0.393908	869.786	871.108
0.405845	869.753	871.087
0.417782	869.721	871.066
0.429718	869.688	871.045
0.441655	869.654	871.023
0.453592	869.621	871.002
0.465528	869.587	870.98
0.477465	869.552	870.958
0.489401	869.518	870.936
0.501338	869.483	870.913
0.513275	869.448	870.891
0.525211	869.413	870.868
0.537148	869.377	870.845
0.549085	869.341	870.821
0.561021	869.305	870.798
0.572958	869.269	870.774
0.584894	869.232	870.75
0.596831	869.195	870.726
0.608768	869.158	870.702
0.620704	869.12	870.678
0.632641	869.082	870.653
0.644578	869.044	870.628
0.656514	869.005	870.603
0.668451	868.966	870.577
0.680387	868.927	870.552
0.692324	868.888	870.526
0.704261	868.848	870.5
0.716197	868.808	870.473
0.728134	868.767	870.447
0.74007	868.726	870.42
0.752007	868.685	870.393
0.763944	868.644	870.366
0.77588	868.602	870.338
0.787817	868.56	870.311
0.799754	868.518	870.283
0.81169	868.475	870.254
0.823627	868.432	870.226
0.835563	868.389	870.197
0.8475	868.345	870.168
0.859437	868.301	870.139
0.871373	868.257	870.11
0.88331	868.212	870.08
0.895247	868.167	870.05
0.907183	868.122	870.02
0.91912	868.076	869.989
0.931056	868.03	869.959
0.942993	867.983	869.928
0.95493	867.936	869.896
0.966866	867.889	869.865
0.978803	867.842	869.833
0.99074	867.794	869.801
1.00268	867.746	869.769
1.01461	867.697	869.736
1.02655	867.648	869.704
1.03849	867.599	869.67
1.05042	867.549	869.637
1.06236	867.499	869.603
1.0743	867.449	869.569
1.08623	867.398	869.535
1.09817	867.347	869.501
1.11011	867.296	869.466
1.12204	867.244	869.431
1.13398	867.192	869.396
1.14592	867.139	869.36
1.15785	867.086	869.324
1.16979	867.032	869.288
1.18173	866.979	869.251
1.19366	866.925	869.214
1.2056	866.87	869.177
1.21754	866.815	869.14
1.22947	866.76	869.102
1.24141	866.704	869.064
1.25335	866.648	869.026
1.26528	866.591	868.987
1.27722	866.534	868.949
1.28916	866.477	868.909
1.30109	866.419	868.87
1.31303	866.361	868.83
1.32496	866.303	868.79
1.3369	866.244	868.749
1.34884	866.184	868.709
1.36077	866.124	868.667
1.37271	866.064	868.626
1.38465	866.004	868.584
1.39658	865.943	868.542
1.40852	865.881	868.5
1.42046	865.819	868.457
1.43239	865.757	868.414
1.44433	865.694	868.371
1.45627	865.631	868.327
1.4682	865.567	868.283
1.48014	865.503	868.238
1.49208	865.439	868.194
1.50401	865.374	868.149
1.51595	865.309	868.103
1.52789	865.243	868.057
1.53982	865.177	868.011
1.55176	865.11	867.965
1.5637	865.043	867.918
1.57563	864.975	867.871
1.58757	864.907	867.823
1.59951	864.839	867.776
1.61144	864.77	867.727
1.62338	864.701	867.679
1.63532	864.631	867.63
1.64725	864.56	867.581
1.65919	864.49	867.531
1.67113	864.418	867.481
1.68306	864.347	867.43
1.695	864.275	867.38
1.70694	864.202	867.329
1.71887	864.129	867.277
1.73081	864.055	867.225
1.74275	863.981	867.173
1.75468	863.907	867.12
1.76662	863.832	867.067
1.77856	863.756	867.014
1.79049	863.68	866.96
1.80243	863.604	866.906
1.81437	863.527	866.851
1.8263	863.45	866.796
1.83824	863.372	866.741
1.85018	863.293	866.685
1.86211	863.215	866.629
1.87405	863.135	866.572
1.88599	863.055	866.515
1.89792	862.975	866.458
1.90986	862.894	866.4
1.9218	862.813	866.342
1.93373	862.731	866.284
1.94567	862.648	866.225
1.95761	862.566	866.165
1.96954	862.482	866.105
1.98148	862.398	866.045
1.99342	862.314	865.985
2.00535	862.229	865.923
2.01729	862.143	865.862
2.02923	862.057	865.8
2.04116	861.971	865.738
2.0531	861.884	865.675
2.06504	861.796	865.612
2.07697	861.708	865.548
2.08891	861.62	865.484
2.10085	861.531	865.42
2.11278	861.441	865.355
2.12472	861.351	865.289
2.13666	861.26	865.224
2.14859	861.169	865.157
2.16053	861.077	865.091
2.17246	860.985	865.024
2.1844	860.892	864.956
2.19634	860.798	864.888
2.20827	860.704	864.82
2.22021	860.61	864.751
2.23215	860.515	864.681
2.24408	860.419	864.611
2.25602	860.323	864.541
2.26796	860.226	864.47
2.27989	860.129	864.399
2.29183	860.031	864.327
2.30377	859.932	864.255
2.3157	859.833	864.183
2.32764	859.734	864.11
2.33958	859.634	864.036
2.35151	859.533	863.962
2.36345	859.432	863.887
2.37539	859.33	863.812
2.38732	859.228	863.737
2.39926	859.125	863.661
2.4112	859.021	863.585
2.42313	858.917	863.508
2.43507	858.812	863.43
2.44701	858.707	863.352
2.45894	858.601	863.274
2.47088	858.495	863.195
2.48282	858.388	863.116
2.49475	858.28	863.036
2.50669	858.172	862.955
2.51863	858.063	862.874
2.53056	857.954	862.793
2.5425	857.844	862.711
2.55444	857.733	862.629
2.56637	857.622	862.546
2.57831	857.51	862.462
2.59025	857.398	862.379
2.60218	857.285	862.294
2.61412	857.171	862.209
2.62606	857.057	862.124
2.63799	856.942	862.038
2.64993	856.827	861.951
2.66187	856.711	861.864
2.6738	856.594	861.777
2.68574	856.477	861.688
2.69768	856.359	861.6
2.70961	856.241	861.511
2.72155	856.122	861.421
2.73349	856.002	861.331
2.74542	855.882	861.24
2.75736	855.761	861.149
2.7693	855.639	861.057
2.78123	855.517	860.965
2.79317	855.394	860.872
2.80511	855.27	860.778
2.81704	855.146	860.684
2.82898	855.022	860.59
2.84092	854.896	860.495
2.85285	854.77	860.399
2.86479	854.644	860.303
2.87673	854.516	860.206
2.88866	854.389	860.109
2.9006	854.26	860.011
2.91254	854.131	859.912
2.92447	854.001	859.813
2.93641	853.871	859.714
2.94835	853.74	859.614
2.96028	853.608	859.513
2.97222	853.475	859.412
2.98416	853.342	859.31
2.99609	853.209	859.207
3.00803	853.074	859.104
3.01997	852.939	859.001
3.0319	852.804	858.897
3.04384	852.667	858.792
3.05577	852.53	858.687
3.06771	852.393	858.581
3.07965	852.254	858.474
3.09158	852.115	858.367
3.10352	851.976	858.259
3.11546	851.836	858.151
3.12739	851.695	858.042
3.13933	851.553	857.933
3.15127	851.411	857.823
3.1632	851.268	857.712
3.17514	851.124	857.601
3.18708	850.98	857.489
3.19901	850.835	857.377
3.21095	850.689	857.264
3.22289	850.543	857.15
3.23482	850.396	857.036
3.24676	850.248	856.921
3.2587	850.1	856.806
3.27063	849.951	856.69
3.28257	849.801	856.573
3.29451	849.651	856.456
3.30644	849.5	856.338
3.31838	849.348	856.219
3.33032	849.196	856.1
3.34225	849.043	855.98
3.35419	848.889	855.86
3.36613	848.735	855.739
3.37806	848.579	855.617
3.39	848.424	855.495
3.40194	848.267	855.372
3.41387	848.11	855.249
3.42581	847.952	855.125
3.43775	847.793	855
3.44968	847.634	854.875
3.46162	847.474	854.748
3.47356	847.313	854.622
3.48549	847.152	854.494
3.49743	846.99	854.367
3.50937	846.827	854.238
3.5213	846.663	854.109
3.53324	846.499	853.979
3.54518	846.334	853.848
3.55711	846.169	853.717
3.56905	846.003	853.585
3.58099	845.836	853.453
3.59292	845.668	853.32
3.60486	845.499	853.186
3.6168	845.33	853.052
3.62873	845.16	852.916
3.64067	844.99	852.781
3.65261	844.819	852.644
3.66454	844.647	852.507
3.67648	844.474	852.37
3.68842	844.301	852.231
3.70035	844.127	852.092
3.71229	843.952	851.953
3.72423	843.776	851.812
3.73616	843.6	851.671
3.7481	843.423	851.529
3.76004	843.246	851.387
3.77197	843.067	851.244
3.78391	842.888	851.1
3.79585	842.709	850.956
3.80778	842.528	850.811
3.81972	842.347	850.665
3.83166	842.165	850.519
3.84359	841.982	850.372
3.85553	841.799	850.224
3.86747	841.615	850.076
3.8794	841.43	849.926
3.89134	841.245	849.777
3.90327	841.058	849.626
3.91521	840.871	849.475
3.92715	840.684	849.323
3.93908	840.495	849.171
3.95102	840.306	849.018
3.96296	840.116	848.864
3.97489	839.926	848.709
3.98683	839.735	848.554
3.99877	839.543	848.398
4.0107	839.35	848.241
4.02264	839.156	848.084
4.03458	838.962	847.926
4.04651	838.767	847.767
4.05845	838.572	847.608
4.07039	838.375	847.447
4.08232	838.178	847.287
4.09426	837.98	847.125
4.1062	837.782	846.963
4.11813	837.583	846.8
4.13007	837.383	846.636
4.14201	837.182	846.472
4.15394	836.981	846.307
4.16588	836.778	846.141
4.17782	836.575	845.975
4.18975	836.372	845.808
4.20169	836.168	845.64
4.21363	835.962	845.471
4.22556	835.757	845.302
4.2375	835.55	845.132
4.24944	835.343	844.961
4.26137	835.135	844.79
4.27331	834.926	844.618
4.28525	834.717	844.445
4.29718	834.507	844.272
4.30912	834.296	844.097
4.32106	834.084	843.923
4.33299	833.872	843.747
4.34493	833.659	843.571
4.35687	833.445	843.393
4.3688	833.23	843.216
4.38074	833.015	843.037
4.39268	832.799	842.858
4.40461	832.582	842.678
4.41655	832.365	842.497
4.42849	832.147	842.316
4.44042	831.928	842.134
4.45236	831.708	841.951
4.4643	831.488	841.767
4.47623	831.267	841.583
4.48817	831.045	841.398
4.50011	830.823	841.213
4.51204	830.599	841.026
4.52398	830.375	840.839
4.53592	830.151	840.651
4.54785	829.925	840.462
4.55979	829.699	840.273
4.57173	829.472	840.083
4.58366	829.245	839.892
4.5956	829.016	839.701
4.60754	828.787	839.509
4.61947	828.558	839.316
4.63141	828.327	839.122
4.64335	828.096	838.928
4.65528	827.864	838.733
4.66722	827.631	838.537
4.67916	827.398	838.34
4.69109	827.164	838.143
4.70303	826.929	837.945
4.71497	826.694	837.746
4.7269	826.457	837.547
4.73884	826.22	837.346
4.75078	825.983	837.145
4.76271	825.744	836.944
4.77465	825.505	836.741
4.78658	825.265	836.538
4.79852	825.025	836.334
4.81046	824.784	836.13
4.82239	824.542	835.924
4.83433	824.299	835.718
4.84627	824.056	835.512
4.8582	823.812	835.304
4.87014	823.567	835.096
4.88208	823.321	834.887
4.89401	823.075	834.677
4.90595	822.828	834.467
4.91789	822.58	834.256
4.92982	822.332	834.044
4.94176	822.083	833.831
4.9537	821.833	833.618
4.96563	821.583	833.404
4.97757	821.331	833.189
4.98951	821.08	832.973
5.00144	820.827	832.757
5.01338	820.574	832.54
5.02532	820.32	832.322
5.03725	820.065	832.104
5.04919	819.81	831.885
5.06113	819.553	831.665
5.07306	819.297	831.444
5.085	819.039	831.223
5.09694	818.781	831.001
5.10887	818.522	830.778
5.12081	818.262	830.554
5.13275	818.002	830.33
5.14468	817.741	830.105
5.15662	817.479	829.879
5.16856	817.217	829.653
5.18049	816.954	829.426
5.19243	816.69	829.198
5.20437	816.426	828.969
5.2163	816.161	828.74
5.22824	815.895	828.51
5.24018	815.628	828.279
5.25211	815.361	828.047
5.26405	815.093	827.815
5.27599	814.825	827.582
5.28792	814.556	827.348
5.29986	814.286	827.114
5.3118	814.015	826.879
5.32373	813.744	826.643
5.33567	813.472	826.406
5.34761	813.199	826.169
5.35954	812.926	825.931
5.37148	812.652	825.692
5.38342	812.378	825.453
5.39535	812.102	825.213
5.40729	811.826	824.972
5.41923	811.55	824.73
5.43116	811.272	824.488
5.4431	810.994	824.245
5.45504	810.716	824.001
5.46697	810.436	823.756
5.47891	810.157	823.511
5.49085	809.876	823.265
5.50278	809.595	823.019
5.51472	809.313	822.771
5.52666	809.03	822.523
5.53859	808.747	822.274
5.55053	808.463	822.025
5.56247	808.178	821.775
5.5744	807.893	821.524
5.58634	807.607	821.272
5.59828	807.321	821.02
5.61021	807.034	820.767
5.62215	806.746	820.513
5.63408	806.458	820.259
5.64602	806.169	820.004
5.65796	805.879	819.748
5.66989	805.588	819.491
5.68183	805.297	819.234
5.69377	805.006	818.976
5.7057	804.714	818.718
5.71764	804.421	818.458
5.72958	804.127	818.198
5.74151	803.833	817.937
5.75345	803.538	817.676
5.76539	803.243	817.414
5.77732	802.947	817.151
5.78926	802.65	816.888
5.8012	802.353	816.623
5.81313	802.055	816.359
5.82507	801.756	816.093
5.83701	801.457	815.827
5.84894	801.158	815.56
5.86088	800.857	815.292
5.87282	800.556	815.024
5.88475	800.255	814.755
5.89669	799.952	814.485
5.90863	799.65	814.215
5.92056	799.346	813.944
5.9325	799.042	813.672
5.94444	798.737	813.4
5.95637	798.432	813.126
5.96831	798.126	812.853
5.98025	797.82	812.578
5.99218	797.513	812.303
6.00412	797.205	812.027
6.01606	796.897	811.751
6.02799	796.588	811.474
6.03993	796.279	811.196
6.05187	795.969	810.918
6.0638	795.658	810.638
6.07574	795.347	810.359
6.08768	795.036	810.078
6.09961	794.723	809.797
6.11155	794.41	809.515
6.12349	794.097	809.233
6.13542	793.783	808.95
6.14736	793.468	808.666
6.1593	793.153	808.382
6.17123	792.837	808.096
6.18317	792.521	807.811
6.19511	792.204	807.524
6.20704	791.887	807.237
6.21898	791.569	806.95
6.23092	791.25	806.661
6.24285	790.931	806.372
6.25479	790.611	806.083
6.26673	790.291	805.792
6.27866	789.97	805.502
6.2906	789.649	805.21
6.30254	789.327	804.918
6.31447	789.004	804.625
6.32641	788.681	804.332
6.33835	788.358	804.038
6.35028	788.034	803.743
6.36222	787.709	803.448
6.37416	787.384	803.152
6.38609	787.058	802.855
6.39803	786.732	802.558
6.40997	786.405	802.26
6.4219	786.078	801.961
6.43384	785.75	801.662
6.44578	785.422	801.363
6.45771	785.093	801.062
6.46965	784.764	800.761
6.48159	784.434	800.46
6.49352	784.103	800.158
6.50546	783.773	799.855
6.51739	783.441	799.551
6.52933	783.109	799.247
6.54127	782.777	798.943
6.5532	782.444	798.637
6.56514	782.11	798.332
6.57708	781.776	798.025
6.58901	781.442	797.718
6.60095	781.107	797.411
6.61289	780.771	797.102
6.62482	780.435	796.794
6.63676	780.099	796.484
6.6487	779.762	796.174
6.66063	779.425	795.864
6.67257	779.087	795.552
6.68451	778.748	795.241
6.69644	778.409	794.928
6.70838	778.07	794.615
6.72032	777.73	794.302
6.73225	777.39	793.988
6.74419	777.049	793.673
6.75613	776.708	793.358
6.76806	776.366	793.042
6.78	776.024	792.726
6.79194	775.681	792.409
6.80387	775.338	792.091
6.81581	774.994	791.773
6.82775	774.65	791.455
6.83968	774.306	791.135
6.85162	773.961	790.816
6.86356	773.615	790.495
6.87549	773.269	790.174
6.88743	772.923	789.853
6.89937	772.576	789.531
6.9113	772.229	789.208
6.92324	771.881	788.885
6.93518	771.533	788.562
6.94711	771.185	788.237
6.95905	770.836	787.913
6.97099	770.486	787.587
6.98292	770.136	787.262
6.99486	769.786	786.935
7.0068	769.435	786.608
7.01873	769.084	786.281
7.03067	768.733	785.953
7.04261	768.381	785.625
7.05454	768.028	785.296
7.06648	767.676	784.966
7.07842	767.322	784.636
7.09035	766.969	784.306
7.10229	766.615	783.975
7.11423	766.26	783.643
7.12616	765.905	783.311
7.1381	765.55	782.978
7.15004	765.194	782.645
7.16197	764.838	782.311
7.17391	764.482	781.977
7.18585	764.125	781.643
7.19778	763.768	781.308
7.20972	763.41	780.972
7.22166	763.052	780.636
7.23359	762.694	780.299
7.24553	762.335	779.962
7.25747	761.976	779.624
7.2694	761.616	779.286
7.28134	761.256	778.948
7.29328	760.896	778.608
7.30521	760.535	778.269
7.31715	760.174	777.929
7.32909	759.812	777.588
7.34102	759.451	777.247
7.35296	759.089	776.906
7.36489	758.726	776.564
7.37683	758.363	776.221
7.38877	758	775.879
7.4007	757.636	775.535
7.41264	757.272	775.191
7.42458	756.908	774.847
7.43651	756.543	774.502
7.44845	756.178	774.157
7.46039	755.813	773.811
7.47232	755.447	773.465
7.48426	755.081	773.119
7.4962	754.715	772.772
7.50813	754.348	772.424
7.52007	753.981	772.076
7.53201	753.613	771.728
7.54394	753.246	771.379
7.55588	752.878	771.03
7.56782	752.509	770.68
7.57975	752.141	770.33
7.59169	751.772	769.98
7.60363	751.402	769.629
7.61556	751.033	769.277
7.6275	750.663	768.925
7.63944	750.292	768.573
7.65137	749.922	768.22
7.66331	749.551	767.867
7.67525	749.179	767.514
7.68718	748.808	767.16
7.69912	748.436	766.806
7.71106	748.064	766.451
7.72299	747.692	766.096
7.73493	747.319	765.74
7.74687	746.946	765.384
7.7588	746.572	765.028
7.77074	746.199	764.671
7.78268	745.825	764.314
7.79461	745.451	763.956
7.80655	745.076	763.598
7.81849	744.701	763.24
7.83042	744.326	762.881
7.84236	743.951	762.522
7.8543	743.575	762.163
7.86623	743.2	761.803
7.87817	742.823	761.442
7.89011	742.447	761.082
7.90204	742.07	760.721
7.91398	741.693	760.359
7.92592	741.316	759.998
7.93785	740.939	759.635
7.94979	740.561	759.273
7.96173	740.183	758.91
7.97366	739.805	758.547
7.9856	739.426	758.183
7.99754	739.047	757.819
8.00947	738.668	757.455
8.02141	738.289	757.09
8.03335	737.91	756.725
8.04528	737.53	756.36
8.05722	737.15	755.994
8.06916	736.77	755.628
8.08109	736.389	755.262
8.09303	736.008	754.895
8.10497	735.627	754.528
8.1169	735.246	754.161
8.12884	734.865	753.793
8.14078	734.483	753.425
8.15271	734.101	753.056
8.16465	733.719	752.688
8.17659	733.337	752.318
8.18852	732.954	751.949
8.20046	732.572	751.579
8.2124	732.189	751.209
8.22433	731.805	750.839
8.23627	731.422	750.468
8.2482	731.038	750.097
8.26014	730.655	749.726
8.27208	730.271	749.354
8.28401	729.886	748.983
8.29595	729.502	748.61
8.30789	729.117	748.238
8.31982	728.732	747.865
8.33176	728.347	747.492
8.3437	727.962	747.118
8.35563	727.577	746.745
8.36757	727.191	746.371
8.37951	726.805	745.996
8.39144	726.419	745.622
8.40338	726.033	745.247
8.41532	725.647	744.872
8.42725	725.26	744.496
8.43919	724.873	744.121
8.45113	724.486	743.745
8.46306	724.099	743.368
8.475	723.712	742.992
8.48694	723.324	742.615
8.49887	722.937	742.238
8.51081	722.549	741.861
8.52275	722.161	741.483
8.53468	721.773	741.105
8.54662	721.385	740.727
8.55856	720.996	740.349
8.57049	720.607	739.97
8.58243	720.219	739.591
8.59437	719.83	739.212
8.6063	719.44	738.832
8.61824	719.051	738.453
8.63018	718.662	738.073
8.64211	718.272	737.693
8.65405	717.882	737.312
8.66599	717.493	736.932
8.67792	717.102	736.551
8.68986	716.712	736.17
8.7018	716.322	735.788
8.71373	715.931	735.407
8.72567	715.541	735.025
8.73761	715.15	734.643
8.74954	714.759	734.261
8.76148	714.368	733.878
8.77342	713.977	733.495
8.78535	713.586	733.112
8.79729	713.194	732.729
8.80923	712.803	732.346
8.82116	712.411	731.962
8.8331	712.019	731.578
8.84504	711.627	731.194
8.85697	711.235	730.81
8.86891	710.843	730.426
8.88085	710.451	730.041
8.89278	710.058	729.656
8.90472	709.666	729.271
8.91666	709.273	728.886
8.92859	708.88	728.5
8.94053	708.487	728.115
8.95247	708.094	727.729
8.9644	707.701	727.343
8.97634	707.308	726.957
8.98828	706.915	726.57
9.00021	706.521	726.184
9.01215	706.128	725.797
9.02409	705.734	725.41
9.03602	705.34	725.023
9.04796	704.946	724.635
9.0599	704.552	724.248
9.07183	704.158	723.86
9.08377	703.764	723.472
9.0957	703.37	723.084
9.10764	702.976	722.696
9.11958	702.581	722.308
9.13151	702.187	721.919
9.14345	701.792	721.53
9.15539	701.397	721.141
9.16732	701.003	720.752
9.17926	700.608	720.363
9.1912	700.213	719.974
9.20313	699.818	719.584
9.21507	699.423	719.194
9.22701	699.028	718.805
9.23894	698.632	718.415
9.25088	698.237	718.024
9.26282	697.841	717.634
9.27475	697.446	717.244
9.28669	697.05	716.853
9.29863	696.655	716.462
9.31056	696.259	716.071
9.3225	695.863	715.68
9.33444	695.467	715.289
9.34637	695.072	714.898
9.35831	694.676	714.507
9.37025	694.279	714.115
9.38218	693.883	713.723
9.39412	693.487	713.331
9.40606	693.091	712.94
9.41799	692.695	712.547
9.42993	692.298	712.155
9.44187	691.902	711.763
9.4538	691.505	711.37
9.46574	691.109	710.978
9.47768	690.712	710.585
9.48961	690.316	710.192
9.50155	689.919	709.799
9.51349	689.522	709.406
9.52542	689.125	709.013
9.53736	688.729	708.62
9.5493	688.332	708.226
9.56123	687.935	707.833
9.57317	687.538	707.439
9.58511	687.141	707.046
9.59704	686.744	706.652
9.60898	686.347	706.258
9.62092	685.95	705.864
9.63285	685.552	705.47
9.64479	685.155	705.075
9.65673	684.758	704.681
9.66866	684.361	704.287
9.6806	683.963	703.892
9.69254	683.566	703.497
9.70447	683.169	703.103
9.71641	682.771	702.708
9.72835	682.374	702.313
9.74028	681.976	701.918
9.75222	681.579	701.523
9.76416	681.181	701.128
9.77609	680.784	700.733
9.78803	680.386	700.337
9.79997	679.988	699.942
9.8119	679.591	699.546
9.82384	679.193	699.151
9.83578	678.795	698.755
9.84771	678.398	698.36
9.85965	678	697.964
9.87159	677.602	697.568
9.88352	677.204	697.172
9.89546	676.806	696.776
9.9074	676.409	696.38
9.91933	676.011	695.984
9.93127	675.613	695.588
9.94321	675.215	695.191
9.95514	674.817	694.795
9.96708	674.419	694.399
9.97901	674.021	694.002
9.99095	673.624	693.606
10.0029	673.226	693.209
10.0148	672.828	692.812
10.0268	672.43	692.416
10.0387	672.032	692.019
10.0506	671.634	691.622
10.0626	671.236	691.225
10.0745	670.838	690.828
10.0864	670.44	690.431
10.0984	670.042	690.034
10.1103	669.644	689.637
10.1223	669.246	689.24
10.1342	668.848	688.843
10.1461	668.45	688.446
10.1581	668.052	688.048
10.17	667.654	687.651
10.1819	667.256	687.254
10.1939	666.858	686.856
10.2058	666.46	686.459
10.2177	666.062	686.062
10.2297	665.664	685.664
10.2416	665.266	685.266
10.2536	664.868	684.869
10.2655	664.47	684.471
10.2774	664.072	684.074
10.2894	663.674	683.676
10.3013	663.276	683.278
10.3132	662.878	682.881
10.3252	662.48	682.483
10.3371	662.082	682.085
10.3491	661.684	681.687
10.361	661.287	681.289
10.3729	660.889	680.891
10.3849	660.491	680.493
10.3968	660.093	680.096
10.4087	659.695	679.698
10.4207	659.297	679.3
10.4326	658.899	678.902
10.4445	658.502	678.504
10.4565	658.104	678.106
10.4684	657.706	677.708
10.4804	657.308	677.309
10.4923	656.911	676.911
10.5042	656.513	676.513
10.5162	656.115	676.115
10.5281	655.717	675.717
10.54	655.32	675.319
10.552	654.922	674.921
10.5639	654.525	674.523
10.5758	654.127	674.124
10.5878	653.729	673.726
10.5997	653.332	673.328
10.6117	652.934	672.93
10.6236	652.537	672.531
10.6355	652.139	672.133
10.6475	651.742	671.735
10.6594	651.344	671.337
10.6713	650.947	670.939
10.6833	650.55	670.54
10.6952	650.152	670.142
10.7071	649.755	669.744
10.7191	649.357	669.346
10.731	648.96	668.947
10.743	648.563	668.549
10.7549	648.166	668.151
10.7668	647.769	667.753
10.7788	647.371	667.354
10.7907	646.974	666.956
10.8026	646.577	666.558
10.8146	646.18	666.16
10.8265	645.783	665.761
10.8385	645.386	665.363
10.8504	644.989	664.965
10.8623	644.592	664.567
10.8743	644.195	664.169
10.8862	643.798	663.77
10.8981	643.401	663.372
10.9101	643.004	662.974
10.922	642.608	662.576
10.9339	642.211	662.178
10.9459	641.814	661.78
10.9578	641.418	661.381
10.9698	641.021	660.983
10.9817	640.624	660.585
10.9936	640.228	660.187
11.0056	639.831	659.789
11.0175	639.435	659.391
11.0294	639.038	658.993
11.0414	638.642	658.595
11.0533	638.245	658.197
11.0652	637.849	657.799
11.0772	637.453	657.401
11.0891	637.056	657.003
11.1011	636.66	656.605
11.113	636.264	656.207
11.1249	635.868	655.809
11.1369	635.472	655.411
11.1488	635.076	655.014
11.1607	634.679	654.616
11.1727	634.283	654.218
11.1846	633.887	653.82
11.1966	633.492	653.422
11.2085	633.096	653.025
11.2204	632.7	652.627
11.2324	632.304	652.229
11.2443	631.908	651.832
11.2562	631.513	651.434
11.2682	631.117	651.036
11.2801	630.721	650.639
11.292	630.326	650.241
11.304	629.93	649.844
11.3159	629.535	649.446
11.3279	629.139	649.049
11.3398	628.744	648.651
11.3517	628.348	648.254
11.3637	627.953	647.857
11.3756	627.558	647.459
11.3875	627.163	647.062
11.3995	626.767	646.665
11.4114	626.372	646.267
11.4233	625.977	645.87
11.4353	625.582	645.473
11.4472	625.187	645.076
11.4592	624.792	644.679
11.4711	624.397	644.282
11.483	624.002	643.885
11.495	623.608	643.488
11.5069	623.213	643.091
11.5188	622.818	642.694
11.5308	622.423	642.297
11.5427	622.029	641.9
11.5546	621.634	641.503
11.5666	621.24	641.106
11.5785	620.845	640.71
11.5905	620.451	640.313
11.6024	620.056	639.916
11.6143	619.662	639.52
11.6263	619.268	639.123
11.6382	618.873	638.726
11.6501	618.479	638.33
11.6621	618.085	637.933
11.674	617.691	637.537
11.686	617.297	637.14
11.6979	616.903	636.744
11.7098	616.509	636.348
11.7218	616.115	635.951
11.7337	615.721	635.555
11.7456	615.328	635.159
11.7576	614.934	634.763
11.7695	614.54	634.367
11.7814	614.146	633.971
11.7934	613.753	633.575
11.8053	613.359	633.179
11.8173	612.966	632.783
11.8292	612.572	632.387
11.8411	612.179	631.991
11.8531	611.786	631.595
11.865	611.392	631.199
11.8769	610.999	630.804
11.8889	610.606	630.408
11.9008	610.213	630.012
11.9127	609.82	629.617
11.9247	609.427	629.221
11.9366	609.034	628.826
11.9486	608.641	628.43
11.9605	608.248	628.035
11.9724	607.855	627.639
11.9844	607.462	627.244
11.9963	607.07	626.849
12.0082	606.677	626.453
12.0202	606.284	626.058
12.0321	605.892	625.663
12.0441	605.499	625.268
12.056	605.107	624.873
12.0679	604.714	624.478
12.0799	604.322	624.083
12.0918	603.93	623.688
12.1037	603.538	623.293
12.1157	603.145	622.899
12.1276	602.753	622.504
12.1395	602.361	622.109
12.1515	601.969	621.714
12.1634	601.577	621.32
12.1754	601.185	620.925
12.1873	600.794	620.531
12.1992	600.402	620.136
12.2112	600.01	619.742
12.2231	599.618	619.347
12.235	599.227	618.953
12.247	598.835	618.559
12.2589	598.444	618.165
12.2708	598.052	617.771
12.2828	597.661	617.376
12.2947	597.269	616.982
12.3067	596.878	616.588
12.3186	596.487	616.194
12.3305	596.096	615.8
12.3425	595.704	615.407
12.3544	595.313	615.013
12.3663	594.922	614.619
12.3783	594.531	614.225
12.3902	594.14	613.832
12.4021	593.75	613.438
12.4141	593.359	613.045
12.426	592.968	612.651
12.438	592.577	612.258
12.4499	592.187	611.864
12.4618	591.796	611.471
12.4738	591.406	611.078
12.4857	591.015	610.684
12.4976	590.625	610.291
12.5096	590.234	609.898
12.5215	589.844	609.505
12.5335	589.454	609.112
12.5454	589.064	608.719
12.5573	588.674	608.326
12.5693	588.283	607.933
12.5812	587.893	607.541
12.5931	587.503	607.148
12.6051	587.114	606.755
12.617	586.724	606.362
12.6289	586.334	605.97
12.6409	585.944	605.577
12.6528	585.555	605.185
12.6648	585.165	604.792
12.6767	584.775	604.4
12.6886	584.386	604.008
12.7006	583.996	603.615
12.7125	583.607	603.223
12.7244	583.218	602.831
12.7364	582.829	602.439
12.7483	582.439	602.047
12.7602	582.05	601.655
12.7722	581.661	601.263
12.7841	581.272	600.871
12.7961	580.883	600.479
12.808	580.494	600.088
12.8199	580.105	599.696
12.8319	579.717	599.304
12.8438	579.328	598.913
12.8557	578.939	598.521
12.8677	578.551	598.13
12.8796	578.162	597.738
12.8916	577.774	597.347
12.9035	577.385	596.955
12.9154	576.997	596.564
12.9274	576.608	596.173
12.9393	576.22	595.782
12.9512	575.832	595.391
12.9632	575.444	595
12.9751	575.056	594.609
12.987	574.668	594.218
12.999	574.28	593.827
13.0109	573.892	593.436
13.0229	573.504	593.045
13.0348	573.116	592.655
13.0467	572.729	592.264
13.0587	572.341	591.873
13.0706	571.953	591.483
13.0825	571.566	591.092
13.0945	571.178	590.702
13.1064	570.791	590.312
13.1183	570.404	589.921
13.1303	570.016	589.531
13.1422	569.629	589.141
13.1542	569.242	588.751
13.1661	568.855	588.361
13.178	568.468	587.971
13.19	568.081	587.581
13.2019	567.694	587.191
13.2138	567.307	586.801
13.2258	566.921	586.411
13.2377	566.534	586.021
13.2496	566.147	585.632
13.2616	565.761	585.242
13.2735	565.374	584.853
13.2855	564.988	584.463
13.2974	564.601	584.074
13.3093	564.215	583.684
13.3213	563.829	583.295
13.3332	563.443	582.906
13.3451	563.056	582.516
13.3571	562.67	582.127
13.369	562.284	581.738
13.381	561.898	581.349
13.3929	561.513	580.96
13.4048	561.127	580.571
13.4168	560.741	580.182
13.4287	560.355	579.794
13.4406	559.97	579.405
13.4526	559.584	579.016
13.4645	559.199	578.628
13.4764	558.813	578.239
13.4884	558.428	577.851
13.5003	558.043	577.462
13.5123	557.657	577.074
13.5242	557.272	576.686
13.5361	556.887	576.297
13.5481	556.502	575.909
13.56	556.117	575.521
13.5719	555.732	575.133
13.5839	555.348	574.745
13.5958	554.963	574.357
13.6077	554.578	573.969
13.6197	554.194	573.581
13.6316	553.809	573.194
13.6436	553.425	572.806
13.6555	553.04	572.418
13.6674	552.656	572.031
13.6794	552.272	571.643
13.6913	551.888	571.256
13.7032	551.503	570.868
13.7152	551.119	570.481
13.7271	550.735	570.094
13.7391	550.352	569.706
13.751	549.968	569.319
13.7629	549.584	568.932
13.7749	549.2	568.545
13.7868	548.817	568.158
13.7987	548.433	567.771
13.8107	548.05	567.385
13.8226	547.666	566.998
13.8345	547.283	566.611
13.8465	546.9	566.224
13.8584	546.517	565.838
13.8704	546.134	565.451
13.8823	545.751	565.065
13.8942	545.368	564.679
13.9062	544.985	564.292
13.9181	544.602	563.906
13.93	544.219	563.52
13.942	543.837	563.134
13.9539	543.454	562.748
13.9658	543.072	562.362
13.9778	542.689	561.976
13.9897	542.307	561.59
14.0017	541.925	561.204
14.0136	541.542	560.818
14.0255	541.16	560.433
14.0375	540.778	560.047
14.0494	540.396	559.662
14.0613	540.014	559.276
14.0733	539.633	558.891
14.0852	539.251	558.505
14.0971	538.869	558.12
14.1091	538.488	557.735
14.121	538.106	557.35
14.133	537.725	556.965
14.1449	537.343	556.58
14.1568	536.962	556.195
14.1688	536.581	555.81
14.1807	536.2	555.425
14.1926	535.819	555.04
14.2046	535.438	554.656
14.2165	535.057	554.271
14.2285	534.677	553.887
14.2404	534.296	553.502
14.2523	533.915	553.118
14.2643	533.535	552.733
14.2762	533.154	552.349
14.2881	532.774	551.965
14.3001	532.394	551.581
14.312	532.014	551.197
14.3239	531.634	550.813
14.3359	531.254	550.429
14.3478	530.874	550.045
14.3598	530.494	549.661
14.3717	530.114	549.278
14.3836	529.735	548.894
14.3956	529.355	548.511
14.4075	528.976	548.127
14.4194	528.596	547.744
14.4314	528.217	547.361
14.4433	527.838	546.977
14.4552	527.459	546.594
14.4672	527.079	546.211
14.4791	526.701	545.828
14.4911	526.322	545.445
14.503	525.943	545.062
14.5149	525.564	544.679
14.5269	525.186	544.297
14.5388	524.807	543.914
14.5507	524.429	543.531
14.5627	524.05	543.149
14.5746	523.672	542.767
14.5866	523.294	542.384
14.5985	522.916	542.002
14.6104	522.538	541.62
14.6224	522.16	541.238
14.6343	521.782	540.856
14.6462	521.405	540.474
14.6582	521.027	540.092
14.6701	520.649	539.71
14.682	520.272	539.328
14.694	519.894	538.946
14.7059	519.517	538.565
14.7179	519.14	538.183
14.7298	518.763	537.802
14.7417	518.386	537.421
14.7537	518.009	537.039
14.7656	517.632	536.658
14.7775	517.255	536.277
14.7895	516.878	535.896
14.8014	516.502	535.515
14.8133	516.125	535.134
14.8253	515.748	534.753
14.8372	515.372	534.373
14.8492	514.996	533.992
14.8611	514.619	533.611
14.873	514.243	533.231
14.885	513.867	532.851
14.8969	513.491	532.47
14.9088	513.115	532.09
14.9208	512.739	531.71
14.9327	512.363	531.33
14.9446	511.987	530.95
14.9566	511.611	530.57
14.9685	511.235	530.19
14.9805	510.859	529.81
14.9924	510.484	529.431
15.0043	510.108	529.051
15.0163	509.733	528.671
15.0282	509.357	528.292
15.0401	508.982	527.913
15.0521	508.606	527.533
15.064	508.231	527.154
15.076	507.855	526.775
15.0879	507.48	526.396
15.0998	507.105	526.017
15.1118	506.729	525.638
15.1237	506.354	525.259
15.1356	505.979	524.88
15.1476	505.604	524.502
15.1595	505.229	524.123
15.1714	504.854	523.744
15.1834	504.478	523.366
15.1953	504.103	522.987
15.2073	503.728	522.609
15.2192	503.353	522.231
15.2311	502.978	521.853
15.2431	502.603	521.475
15.255	502.229	521.097
15.2669	501.854	520.719
15.2789	501.479	520.341
15.2908	501.104	519.963
15.3027	500.729	519.585
15.3147	500.354	519.207
15.3266	499.979	518.83
15.3386	499.604	518.452
15.3505	499.23	518.075
15.3624	498.855	517.697
15.3744	498.48	517.32
15.3863	498.105	516.943
15.3982	497.731	516.565
15.4102	497.356	516.188
15.4221	496.981	515.811
15.4341	496.606	515.434
15.446	496.231	515.057
15.4579	495.857	514.68
15.4699	495.482	514.303
15.4818	495.107	513.927
15.4937	494.732	513.55
15.5057	494.358	513.173
15.5176	493.983	512.797
15.5295	493.608	512.42
15.5415	493.233	512.043
15.5534	492.859	511.667
15.5654	492.484	511.291
15.5773	492.109	510.914
15.5892	491.734	510.538
15.6012	491.359	510.162
15.6131	490.984	509.786
15.625	490.609	509.409
15.637	490.234	509.033
15.6489	489.859	508.657
15.6608	489.484	508.281
15.6728	489.109	507.905
15.6847	488.734	507.53
15.6967	488.359	507.154
15.7086	487.984	506.778
15.7205	487.609	506.402
15.7325	487.234	506.026
15.7444	486.858	505.651
15.7563	486.483	505.275
15.7683	486.108	504.9
15.7802	485.732	504.524
15.7921	485.357	504.148
15.8041	484.981	503.773
15.816	484.606	503.397
15.828	484.23	503.022
15.8399	483.854	502.647
15.8518	483.478	502.271
15.8638	483.102	501.896
15.8757	482.726	501.521
15.8876	482.35	501.145
15.8996	481.974	500.77
15.9115	481.598	500.395
15.9235	481.222	500.02
15.9354	480.845	499.645
15.9473	480.469	499.269
15.9593	480.092	498.894
15.9712	479.716	498.519
15.9831	479.339	498.144
15.9951	478.962	497.769
16.007	478.585	497.394
16.0189	478.208	497.019
16.0309	477.831	496.644
16.0428	477.454	496.269
16.0548	477.076	495.893
16.0667	476.699	495.518
16.0786	476.321	495.143
16.0906	475.943	494.768
16.1025	475.565	494.393
16.1144	475.187	494.018
16.1264	474.809	493.643
16.1383	474.431	493.268
16.1502	474.052	492.893
16.1622	473.674	492.518
16.1741	473.295	492.143
16.1861	472.916	491.768
16.198	472.537	491.392
16.2099	472.158	491.017
16.2219	471.778	490.642
16.2338	471.399	490.267
16.2457	471.019	489.892
16.2577	470.639	489.516
16.2696	470.259	489.141
16.2816	469.879	488.766
16.2935	469.499	488.391
16.3054	469.118	488.015
16.3174	468.738	487.64
16.3293	468.357	487.264
16.3412	467.976	486.889
16.3532	467.594	486.513
16.3651	467.213	486.138
16.377	466.831	485.762
16.389	466.449	485.386
16.4009	466.067	485.011
16.4129	465.685	484.635
16.4248	465.302	484.259
16.4367	464.92	483.883
16.4487	464.537	483.507
16.4606	464.154	483.131
16.4725	463.77	482.755
16.4845	463.387	482.379
16.4964	463.003	482.003
16.5083	462.619	481.626
16.5203	462.235	481.25
16.5322	461.85	480.873
16.5442	461.465	480.497
16.5561	461.081	480.12
16.568	460.695	479.743
16.58	460.31	479.367
16.5919	459.924	478.99
16.6038	459.538	478.613
16.6158	459.152	478.236
16.6277	458.765	477.859
16.6396	458.379	477.481
16.6516	457.992	477.104
16.6635	457.604	476.726
16.6755	457.217	476.349
16.6874	456.829	475.971
16.6993	456.441	475.593
16.7113	456.053	475.215
16.7232	455.664	474.837
16.7351	455.275	474.459
16.7471	454.886	474.081
16.759	454.496	473.702
16.771	454.107	473.324
16.7829	453.717	472.945
16.7948	453.326	472.566
16.8068	452.935	472.187
16.8187	452.544	471.808
16.8306	452.153	471.429
16.8426	451.762	471.049
16.8545	451.37	470.67
16.8664	450.977	470.29
16.8784	450.585	469.91
16.8903	450.192	469.53
16.9023	449.799	469.15
16.9142	449.405	468.769
16.9261	449.012	468.389
16.9381	448.617	468.008
16.95	448.223	467.627
16.9619	447.828	467.246
16.9739	447.433	466.865
16.9858	447.038	466.483
16.9977	446.642	466.102
17.0097	446.246	465.72
17.0216	445.849	465.338
17.0336	445.452	464.956
17.0455	445.055	464.573
17.0574	444.657	464.191
17.0694	444.26	463.808
17.0813	443.861	463.425
17.0932	443.463	463.042
17.1052	443.064	462.658
17.1171	442.664	462.275
17.1291	442.265	461.891
17.141	441.865	461.507
17.1529	441.464	461.123
17.1649	441.064	460.738
17.1768	440.662	460.353
17.1887	440.261	459.968
17.2007	439.859	459.583
17.2126	439.457	459.198
17.2245	439.054	458.812
17.2365	438.651	458.426
17.2484	438.248	458.04
17.2604	437.844	457.653
17.2723	437.44	457.267
17.2842	437.036	456.88
17.2962	436.631	456.493
17.3081	436.225	456.105
17.32	435.82	455.718
17.332	435.414	455.33
17.3439	435.007	454.941
17.3558	434.601	454.553
17.3678	434.193	454.164
17.3797	433.786	453.775
17.3917	433.378	453.386
17.4036	432.97	452.996
17.4155	432.561	452.606
17.4275	432.152	452.216
17.4394	431.742	451.825
17.4513	431.332	451.435
17.4633	430.922	451.043
17.4752	430.511	450.652
17.4871	430.1	450.26
17.4991	429.689	449.868
17.511	429.277	449.476
17.523	428.865	449.084
17.5349	428.452	448.691
17.5468	428.039	448.297
17.5588	427.626	447.904
17.5707	427.212	447.51
17.5826	426.798	447.116
17.5946	426.383	446.721
17.6065	425.969	446.327
17.6185	425.553	445.932
17.6304	425.137	445.536
17.6423	424.721	445.14
17.6543	424.305	444.744
17.6662	423.888	444.348
17.6781	423.471	443.951
17.6901	423.053	443.554
17.702	422.635	443.156
17.7139	422.217	442.759
17.7259	421.798	442.36
17.7378	421.379	441.962
17.7498	420.959	441.563
17.7617	420.539	441.164
17.7736	420.119	440.764
17.7856	419.699	440.364
17.7975	419.278	439.964
17.8094	418.856	439.564
17.8214	418.435	439.163
17.8333	418.012	438.761
17.8452	417.59	438.36
17.8572	417.167	437.957
17.8691	416.744	437.555
17.8811	416.32	437.152
17.893	415.897	436.749
17.9049	415.472	436.346
17.9169	415.048	435.942
17.9288	414.623	435.537
17.9407	414.198	435.133
17.9527	413.772	434.728
17.9646	413.346	434.322
17.9766	412.92	433.917
17.9885	412.493	433.511
18.0004	412.066	433.104
18.0124	411.639	432.697
18.0243	411.211	432.29
18.0362	410.784	431.882
18.0482	410.355	431.474
18.0601	409.927	431.066
18.072	409.498	430.657
18.084	409.069	430.248
18.0959	408.64	429.838
18.1079	408.21	429.428
18.1198	407.78	429.018
18.1317	407.35	428.607
18.1437	406.919	428.196
18.1556	406.488	427.785
18.1675	406.057	427.373
18.1795	405.626	426.961
18.1914	405.194	426.548
18.2033	404.762	426.135
18.2153	404.33	425.722
18.2272	403.897	425.308
18.2392	403.465	424.894
18.2511	403.032	424.48
18.263	402.599	424.065
18.275	402.165	423.65
18.2869	401.732	423.234
18.2988	401.298	422.818
18.3108	400.864	422.401
18.3227	400.43	421.985
18.3346	399.995	421.568
18.3466	399.561	421.15
18.3585	399.126	420.732
18.3705	398.691	420.314
18.3824	398.256	419.895
18.3943	397.82	419.476
18.4063	397.385	419.057
18.4182	396.949	418.637
18.4301	396.513	418.217
18.4421	396.077	417.797
18.454	395.641	417.376
18.466	395.205	416.955
18.4779	394.768	416.533
18.4898	394.332	416.111
18.5018	393.895	415.689
18.5137	393.458	415.266
18.5256	393.021	414.843
18.5376	392.584	414.42
18.5495	392.147	413.996
18.5614	391.71	413.572
18.5734	391.273	413.148
18.5853	390.836	412.723
18.5973	390.398	412.298
18.6092	389.961	411.873
18.6211	389.523	411.447
18.6331	389.086	411.021
18.645	388.648	410.595
18.6569	388.211	410.168
18.6689	387.773	409.741
18.6808	387.336	409.314
18.6927	386.898	408.887
18.7047	386.461	408.459
18.7166	386.023	408.031
18.7286	385.586	407.602
18.7405	385.148	407.173
18.7524	384.711	406.744
18.7644	384.274	406.315
18.7763	383.836	405.885
18.7882	383.399	405.455
18.8002	382.962	405.025
18.8121	382.525	404.595
18.8241	382.088	404.164
18.836	381.651	403.733
18.8479	381.214	403.302
18.8599	380.778	402.87
18.8718	380.341	402.438
18.8837	379.905	402.006
18.8957	379.469	401.574
18.9076	379.033	401.142
18.9195	378.597	400.709
18.9315	378.161	400.276
18.9434	377.726	399.843
18.9554	377.291	399.409
18.9673	376.856	398.976
18.9792	376.421	398.542
18.9912	375.986	398.108
19.0031	375.552	397.674
19.015	375.118	397.239
19.027	374.684	396.805
19.0389	374.25	396.37
19.0508	373.817	395.935
19.0628	373.384	395.5
19.0747	372.951	395.065
19.0867	372.519	394.63
19.0986	372.087	394.194
19.1105	371.655	393.758
19.1225	371.223	393.323
19.1344	370.792	392.887
19.1463	370.362	392.451
19.1583	369.931	392.015
19.1702	369.501	391.578
19.1821	369.072	391.142
19.1941	368.643	390.706
19.206	368.214	390.269
19.218	367.785	389.832
19.2299	367.358	389.396
19.2418	366.93	388.959
19.2538	366.503	388.522
19.2657	366.077	388.086
19.2776	365.651	387.649
19.2896	365.225	387.212
19.3015	364.8	386.775
19.3135	364.375	386.338
19.3254	363.951	385.901
19.3373	363.528	385.464
19.3493	363.105	385.027
19.3612	362.683	384.59
19.3731	362.261	384.153
19.3851	361.84	383.717
19.397	361.419	383.28
19.4089	360.999	382.843
19.4209	360.579	382.406
19.4328	360.161	381.97
19.4448	359.742	381.533
19.4567	359.325	381.097
19.4686	358.908	380.66
19.4806	358.492	380.224
19.4925	358.076	379.788
19.5044	357.661	379.352
19.5164	357.247	378.916
19.5283	356.834	378.48
19.5402	356.421	378.045
19.5522	356.009	377.609
19.5641	355.598	377.174
19.5761	355.187	376.739
19.588	354.778	376.304
19.5999	354.369	375.869
19.6119	353.961	375.434
19.6238	353.553	375
19.6357	353.147	374.566
19.6477	352.741	374.132
19.6596	352.336	373.699
19.6716	351.932	373.265
19.6835	351.529	372.832
19.6954	351.127	372.399
19.7074	350.725	371.967
19.7193	350.325	371.535
19.7312	349.925	371.103
19.7432	349.526	370.671
19.7551	349.129	370.24
19.767	348.732	369.809
19.779	348.336	369.378
19.7909	347.941	368.948
19.8029	347.547	368.518
19.8148	347.154	368.089
19.8267	346.762	367.66
19.8387	346.371	367.231
19.8506	345.981	366.803
19.8625	345.592	366.375
19.8745	345.204	365.947
19.8864	344.817	365.52
19.8983	344.431	365.094
19.9103	344.047	364.668
19.9222	343.663	364.242
19.9342	343.28	363.817
19.9461	342.899	363.392
19.958	342.519	362.968
19.97	342.139	362.545
19.9819	341.761	362.122
19.9938	341.384	361.699
20.0058	341.008	361.277
20.0177	340.634	360.856
20.0296	340.26	360.435
20.0416	339.888	360.015
20.0535	339.517	359.595
20.0655	339.147	359.176
20.0774	338.778	358.758
20.0893	338.41	358.34
20.1013	338.044	357.923
20.1132	337.679	357.507
20.1251	337.315	357.091
20.1371	336.953	356.676
20.149	336.591	356.261
20.161	336.231	355.848
20.1729	335.873	355.435
20.1848	335.515	355.022
20.1968	335.159	354.611
20.2087	334.804	354.2
20.2206	334.451	353.79
20.2326	334.099	353.381
20.2445	333.748	352.972
20.2564	333.398	352.564
20.2684	333.05	352.158
20.2803	332.704	351.752
20.2923	332.358	351.346
20.3042	332.014	350.942
20.3161	331.672	350.538
20.3281	331.33	350.136
20.34	330.991	349.734
20.3519	330.652	349.333
20.3639	330.315	348.933
20.3758	329.98	348.534
20.3877	329.646	348.136
20.3997	329.313	347.738
20.4116	328.982	347.342
20.4236	328.652	346.947
20.4355	328.324	346.552
20.4474	327.998	346.159
20.4594	327.672	345.766
20.4713	327.349	345.375
20.4832	327.026	344.984
20.4952	326.706	344.595
20.5071	326.386	344.206
20.5191	326.069	343.819
20.531	325.752	343.433
20.5429	325.438	343.048
20.5549	325.125	342.663
20.5668	324.813	342.28
20.5787	324.503	341.898
20.5907	324.195	341.517
20.6026	323.888	341.138
20.6145	323.582	340.759
20.6265	323.279	340.382
20.6384	322.977	340.005
20.6504	322.676	339.63
20.6623	322.377	339.256
20.6742	322.08	338.883
20.6862	321.784	338.512
20.6981	321.49	338.141
20.71	321.197	337.772
20.722	320.906	337.404
20.7339	320.617	337.037
20.7458	320.329	336.672
20.7578	320.043	336.307
20.7697	319.759	335.944
20.7817	319.476	335.583
20.7936	319.195	335.222
20.8055	318.915	334.863
20.8175	318.638	334.505
20.8294	318.361	334.149
20.8413	318.087	333.793
20.8533	317.814	333.439
20.8652	317.543	333.087
20.8771	317.273	332.736
20.8891	317.006	332.386
20.901	316.739	332.037
20.913	316.475	331.69
20.9249	316.212	331.344
20.9368	315.951	331
20.9488	315.692	330.657
20.9607	315.434	330.316
20.9726	315.178	329.976
20.9846	314.924	329.637
20.9965	314.671	329.3
21.0085	314.42	328.964
21.0204	314.171	328.63
21.0323	313.923	328.297
21.0443	313.677	327.965
21.0562	313.433	327.636
21.0681	313.191	327.307
21.0801	312.95	326.98
21.092	312.711	326.655
21.1039	312.474	326.331
21.1159	312.238	326.008
21.1278	312.004	325.688
21.1398	311.772	325.368
21.1517	311.542	325.05
21.1636	311.313	324.734
21.1756	311.086	324.419
21.1875	310.86	324.106
21.1994	310.637	323.795
21.2114	310.415	323.485
21.2233	310.195	323.176
21.2352	309.976	322.869
21.2472	309.759	322.564
21.2591	309.544	322.261
21.2711	309.331	321.959
21.283	309.119	321.658
21.2949	308.909	321.359
21.3069	308.701	321.062
21.3188	308.494	320.767
21.3307	308.289	320.473
21.3427	308.086	320.18
21.3546	307.884	319.89
21.3666	307.685	319.601
21.3785	307.487	319.313
21.3904	307.29	319.028
21.4024	307.095	318.744
21.4143	306.902	318.461
21.4262	306.711	318.181
21.4382	306.521	317.902
21.4501	306.333	317.624
21.462	306.147	317.349
21.474	305.962	317.075
21.4859	305.779	316.802
21.4979	305.598	316.532
21.5098	305.418	316.263
21.5217	305.24	315.996
21.5337	305.064	315.73
21.5456	304.889	315.467
21.5575	304.716	315.205
21.5695	304.544	314.944
21.5814	304.374	314.686
21.5933	304.206	314.429
21.6053	304.04	314.174
21.6172	303.875	313.92
21.6292	303.711	313.669
21.6411	303.549	313.419
21.653	303.389	313.171
21.665	303.231	312.924
21.6769	303.074	312.679
21.6888	302.919	312.436
21.7008	302.765	312.195
21.7127	302.613	311.955
21.7246	302.462	311.718
21.7366	302.313	311.482
21.7485	302.166	311.247
21.7605	302.02	311.015
21.7724	301.875	310.784
21.7843	301.733	310.555
21.7963	301.591	310.328
21.8082	301.452	310.102
21.8201	301.313	309.878
21.8321	301.177	309.656
21.844	301.042	309.436
21.856	300.908	309.217
21.8679	300.776	309
21.8798	300.645	308.785
21.8918	300.516	308.572
21.9037	300.388	308.36
21.9156	300.262	308.151
21.9276	300.137	307.942
21.9395	300.014	307.736
21.9514	299.892	307.531
21.9634	299.772	307.329
21.9753	299.653	307.127
21.9873	299.536	306.928
21.9992	299.419	306.73
22.0111	299.305	306.534
22.0231	299.192	306.34
22.035	299.08	306.148
22.0469	298.969	305.957
22.0589	298.86	305.768
22.0708	298.753	305.58
22.0827	298.646	305.395
22.0947	298.541	305.211
22.1066	298.438	305.029
22.1186	298.335	304.848
22.1305	298.234	304.669
22.1424	298.135	304.492
22.1544	298.037	304.317
22.1663	297.94	304.143
22.1782	297.844	303.971
22.1902	297.75	303.801
22.2021	297.656	303.632
22.2141	297.565	303.465
22.226	297.474	303.3
22.2379	297.385	303.136
22.2499	297.297	302.974
22.2618	297.21	302.814
22.2737	297.124	302.655
22.2857	297.04	302.498
22.2976	296.957	302.342
22.3095	296.875	302.189
22.3215	296.794	302.037
22.3334	296.715	301.886
22.3454	296.636	301.737
22.3573	296.559	301.59
22.3692	296.483	301.444
22.3812	296.408	301.3
22.3931	296.334	301.158
22.405	296.262	301.017
22.417	296.19	300.878
22.4289	296.12	300.74
22.4408	296.051	300.604
22.4528	295.982	300.469
22.4647	295.915	300.336
22.4767	295.849	300.205
22.4886	295.784	300.075
22.5005	295.72	299.947
22.5125	295.658	299.82
22.5244	295.596	299.694
22.5363	295.535	299.571
22.5483	295.475	299.448
22.5602	295.416	299.328
22.5721	295.358	299.208
22.5841	295.302	299.091
22.596	295.246	298.974
22.608	295.191	298.859
22.6199	295.137	298.746
22.6318	295.084	298.634
22.6438	295.032	298.524
22.6557	294.981	298.415
22.6676	294.931	298.307
22.6796	294.882	298.201
22.6915	294.833	298.096
22.7035	294.786	297.993
22.7154	294.739	297.891
22.7273	294.693	297.79
22.7393	294.649	297.691
22.7512	294.605	297.594
22.7631	294.561	297.497
22.7751	294.519	297.402
22.787	294.478	297.308
22.7989	294.437	297.216
22.8109	294.397	297.125
22.8228	294.358	297.035
22.8348	294.319	296.947
22.8467	294.282	296.86
22.8586	294.245	296.774
22.8706	294.209	296.689
22.8825	294.174	296.606
22.8944	294.139	296.524
22.9064	294.106	296.443
22.9183	294.072	296.364
22.9302	294.04	296.286
22.9422	294.008	296.209
22.9541	293.977	296.133
22.9661	293.947	296.058
22.978	293.917	295.985
22.9899	293.888	295.913
23.0019	293.86	295.842
23.0138	293.832	295.772
23.0257	293.805	295.703
23.0377	293.779	295.635
23.0496	293.753	295.569
23.0616	293.728	295.504
23.0735	293.703	295.44
23.0854	293.679	295.376
23.0974	293.656	295.314
23.1093	293.633	295.254
23.1212	293.611	295.194
23.1332	293.589	295.135
23.1451	293.568	295.077
23.157	293.547	295.021
23.169	293.527	294.965
23.1809	293.507	294.911
23.1929	293.488	294.857
23.2048	293.47	294.804
23.2167	293.452	294.753
23.2287	293.434	294.702
23.2406	293.417	294.653
23.2525	293.4	294.604
23.2645	293.384	294.556
23.2764	293.368	294.51
23.2883	293.353	294.464
23.3003	293.338	294.419
23.3122	293.324	294.375
23.3242	293.31	294.332
23.3361	293.296	294.29
23.348	293.283	294.249
23.36	293.27	294.208
23.3719	293.258	294.169
23.3838	293.246	294.13
23.3958	293.234	294.092
23.4077	293.223	294.055
23.4196	293.212	294.019
23.4316	293.202	293.984
23.4435	293.192	293.949
23.4555	293.182	293.915
23.4674	293.172	293.882
23.4793	293.163	293.85
23.4913	293.154	293.818
23.5032	293.146	293.788
23.5151	293.138	293.758
23.5271	293.13	293.729
23.539	293.122	293.7
23.551	293.115	293.672
23.5629	293.108	293.645
23.5748	293.101	293.619
23.5868	293.094	293.593
23.5987	293.088	293.568
23.6106	293.082	293.543
23.6226	293.076	293.52
23.6345	293.071	293.496
23.6464	293.065	293.474
23.6584	293.06	293.452
23.6703	293.056	293.431
23.6823	293.051	293.41
23.6942	293.046	293.39
23.7061	293.042	293.371
23.7181	293.038	293.352
23.73	293.035	293.334
23.7419	293.031	293.317
23.7539	293.027	293.3
23.7658	293.024	293.284
23.7777	293.021	293.269
23.7897	293.018	293.255
23.8016	293.015	293.241
23.8136	293.013	293.229
23.8255	293.01	293.219
23.8374	293.008	293.21
23.8494	293.006	293.203
23.8613	293.003	293.199
23.8732	293	293.197
