0	873	872.937
0.0119366	872.999	872.936
0.0238732	872.998	872.934
0.0358099	872.997	872.932
0.0477465	872.997	872.929
0.0596831	872.996	872.925
0.0716197	872.995	872.921
0.0835563	872.994	872.916
0.095493	872.993	872.911
0.10743	872.992	872.905
0.119366	872.991	872.899
0.131303	872.99	872.893
0.143239	872.989	872.886
0.155176	872.987	872.88
0.167113	872.986	872.872
0.179049	872.984	872.865
0.190986	872.983	872.857
0.202923	872.981	872.849
0.214859	872.98	872.841
0.226796	872.978	872.832
0.238732	872.976	872.824
0.250669	872.974	872.814
0.262606	872.972	872.805
0.274542	872.97	872.795
0.286479	872.967	872.785
0.298416	872.965	872.775
0.310352	872.963	872.764
0.322289	872.96	872.753
0.334225	872.957	872.742
0.346162	872.954	872.73
0.358099	872.951	872.718
0.370035	872.948	872.706
0.381972	872.945	872.693
0.393908	872.942	872.68
0.405845	872.938	872.666
0.417782	872.935	872.653
0.429718	872.931	872.638
0.441655	872.927	872.624
0.453592	872.923	872.609
0.465528	872.919	872.593
0.477465	872.914	872.578
0.489401	872.91	872.561
0.501338	872.905	872.545
0.513275	872.9	872.528
0.525211	872.895	872.51
0.537148	872.89	872.492
0.549085	872.885	872.474
0.561021	872.879	872.455
0.572958	872.873	872.435
0.584894	872.867	872.416
0.596831	872.861	872.395
0.608768	872.855	872.374
0.620704	872.848	872.353
0.632641	872.841	872.331
0.644578	872.834	872.309
0.656514	872.827	872.286
0.668451	872.82	872.263
0.680387	872.812	872.239
0.692324	872.804	872.215
0.704261	872.796	872.19
0.716197	872.788	872.164
0.728134	872.779	872.138
0.74007	872.77	872.112
0.752007	872.761	872.084
0.763944	872.751	872.057
0.77588	872.742	872.028
0.787817	872.732	871.999
0.799754	872.722	871.97
0.81169	872.711	871.94
0.823627	872.7	871.909
0.835563	872.689	871.877
0.8475	872.678	871.845
0.859437	872.666	871.812
0.871373	872.654	871.779
0.88331	872.642	871.745
0.895247	872.629	871.71
0.907183	872.616	871.675
0.91912	872.603	871.639
0.931056	872.589	871.602
0.942993	872.575	871.565
0.95493	872.56	871.526
0.966866	872.546	871.488
0.978803	872.531	871.448
0.99074	872.515	871.408
1.00268	872.499	871.366
1.01461	872.483	871.325
1.02655	872.467	871.282
1.03849	872.45	871.239
1.05042	872.432	871.194
1.06236	872.414	871.15
1.0743	872.396	871.104
1.08623	872.377	871.057
1.09817	872.358	871.01
1.11011	872.339	870.962
1.12204	872.319	870.913
1.13398	872.299	870.863
1.14592	872.278	870.812
1.15785	872.256	870.761
1.16979	872.235	870.708
1.18173	872.212	870.655
1.19366	872.19	870.601
1.2056	872.167	870.546
1.21754	872.143	870.49
1.22947	872.119	870.433
1.24141	872.094	870.376
1.25335	872.069	870.317
1.26528	872.043	870.258
1.27722	872.017	870.197
1.28916	871.99	870.136
1.30109	871.963	870.073
1.31303	871.935	870.01
1.32496	871.906	869.946
1.3369	871.877	869.88
1.34884	871.848	869.814
1.36077	871.818	869.747
1.37271	871.787	869.679
1.38465	871.756	869.609
1.39658	871.724	869.539
1.40852	871.691	869.468
1.42046	871.658	869.396
1.43239	871.624	869.322
1.44433	871.59	869.248
1.45627	871.555	869.172
1.4682	871.519	869.096
1.48014	871.483	869.018
1.49208	871.446	868.94
1.50401	871.409	868.86
1.51595	871.37	868.779
1.52789	871.331	868.697
1.53982	871.292	868.614
1.55176	871.251	868.53
1.5637	871.21	868.444
1.57563	871.168	868.358
1.58757	871.126	868.27
1.59951	871.083	868.182
1.61144	871.039	868.092
1.62338	870.994	868.001
1.63532	870.949	867.908
1.64725	870.902	867.815
1.65919	870.855	867.72
1.67113	870.808	867.625
1.68306	870.759	867.528
1.695	870.71	867.429
1.70694	870.66	867.33
1.71887	870.609	867.229
1.73081	870.557	867.127
1.74275	870.504	867.024
1.75468	870.451	866.92
1.76662	870.397	866.814
1.77856	870.342	866.707
1.79049	870.286	866.599
1.80243	870.229	866.49
1.81437	870.171	866.379
1.8263	870.113	866.267
1.83824	870.054	866.154
1.85018	869.993	866.039
1.86211	869.932	865.923
1.87405	869.87	865.806
1.88599	869.807	865.687
1.89792	869.743	865.567
1.90986	869.678	865.446
1.9218	869.612	865.323
1.93373	869.545	865.2
1.94567	869.478	865.074
1.95761	869.409	864.948
1.96954	869.339	864.82
1.98148	869.269	864.69
1.99342	869.197	864.56
2.00535	869.125	864.427
2.01729	869.051	864.294
2.02923	868.976	864.159
2.04116	868.901	864.023
2.0531	868.824	863.885
2.06504	868.746	863.746
2.07697	868.668	863.605
2.08891	868.588	863.463
2.10085	868.507	863.32
2.11278	868.425	863.175
2.12472	868.342	863.029
2.13666	868.258	862.881
2.14859	868.173	862.732
2.16053	868.087	862.581
2.17246	867.999	862.429
2.1844	867.911	862.275
2.19634	867.821	862.12
2.20827	867.73	861.964
2.22021	867.639	861.806
2.23215	867.546	861.646
2.24408	867.452	861.485
2.25602	867.356	861.323
2.26796	867.26	861.159
2.27989	867.162	860.994
2.29183	867.063	860.827
2.30377	866.963	860.658
2.3157	866.862	860.488
2.32764	866.76	860.317
2.33958	866.656	860.144
2.35151	866.552	859.969
2.36345	866.446	859.793
2.37539	866.339	859.616
2.38732	866.23	859.437
2.39926	866.12	859.256
2.4112	866.01	859.074
2.42313	865.897	858.89
2.43507	865.784	858.705
2.44701	865.669	858.518
2.45894	865.553	858.33
2.47088	865.436	858.14
2.48282	865.318	857.948
2.49475	865.198	857.755
2.50669	865.077	857.561
2.51863	864.954	857.365
2.53056	864.831	857.167
2.5425	864.706	856.968
2.55444	864.579	856.767
2.56637	864.451	856.564
2.57831	864.322	856.36
2.59025	864.192	856.155
2.60218	864.06	855.948
2.61412	863.927	855.739
2.62606	863.793	855.529
2.63799	863.657	855.317
2.64993	863.52	855.103
2.66187	863.382	854.888
2.6738	863.242	854.672
2.68574	863.1	854.454
2.69768	862.958	854.234
2.70961	862.814	854.012
2.72155	862.668	853.79
2.73349	862.521	853.565
2.74542	862.373	853.339
2.75736	862.223	853.111
2.7693	862.072	852.882
2.78123	861.92	852.651
2.79317	861.766	852.419
2.80511	861.61	852.185
2.81704	861.454	851.949
2.82898	861.295	851.712
2.84092	861.136	851.473
2.85285	860.974	851.233
2.86479	860.812	850.991
2.87673	860.648	850.747
2.88866	860.482	850.502
2.9006	860.315	850.255
2.91254	860.146	850.007
2.92447	859.976	849.757
2.93641	859.805	849.506
2.94835	859.632	849.253
2.96028	859.458	848.998
2.97222	859.282	848.742
2.98416	859.104	848.484
2.99609	858.925	848.225
3.00803	858.745	847.964
3.01997	858.563	847.702
3.0319	858.379	847.438
3.04384	858.195	847.172
3.05577	858.008	846.905
3.06771	857.82	846.636
3.07965	857.631	846.366
3.09158	857.44	846.095
3.10352	857.247	845.821
3.11546	857.053	845.546
3.12739	856.857	845.27
3.13933	856.66	844.992
3.15127	856.461	844.713
3.1632	856.261	844.432
3.17514	856.059	844.149
3.18708	855.856	843.865
3.19901	855.651	843.579
3.21095	855.445	843.292
3.22289	855.237	843.004
3.23482	855.028	842.714
3.24676	854.817	842.422
3.2587	854.604	842.129
3.27063	854.39	841.834
3.28257	854.174	841.538
3.29451	853.957	841.241
3.30644	853.738	840.941
3.31838	853.518	840.641
3.33032	853.296	840.339
3.34225	853.072	840.035
3.35419	852.847	839.73
3.36613	852.621	839.424
3.37806	852.393	839.116
3.39	852.163	838.807
3.40194	851.932	838.496
3.41387	851.699	838.184
3.42581	851.465	837.87
3.43775	851.229	837.555
3.44968	850.991	837.238
3.46162	850.752	836.92
3.47356	850.512	836.601
3.48549	850.269	836.28
3.49743	850.026	835.958
3.50937	849.78	835.634
3.5213	849.534	835.309
3.53324	849.285	834.983
3.54518	849.035	834.655
3.55711	848.784	834.326
3.56905	848.531	833.996
3.58099	848.276	833.664
3.59292	848.02	833.331
3.60486	847.762	832.996
3.6168	847.503	832.66
3.62873	847.242	832.323
3.64067	846.98	831.984
3.65261	846.716	831.645
3.66454	846.451	831.303
3.67648	846.184	830.961
3.68842	845.915	830.617
3.70035	845.645	830.272
3.71229	845.374	829.926
3.72423	845.101	829.578
3.73616	844.826	829.229
3.7481	844.55	828.879
3.76004	844.273	828.527
3.77197	843.993	828.175
3.78391	843.713	827.821
3.79585	843.431	827.466
3.80778	843.147	827.109
3.81972	842.862	826.752
3.83166	842.575	826.393
3.84359	842.287	826.033
3.85553	841.997	825.672
3.86747	841.706	825.309
3.8794	841.414	824.946
3.89134	841.119	824.581
3.90327	840.824	824.215
3.91521	840.527	823.848
3.92715	840.228	823.48
3.93908	839.928	823.11
3.95102	839.627	822.74
3.96296	839.324	822.368
3.97489	839.02	821.995
3.98683	838.714	821.622
3.99877	838.407	821.247
4.0107	838.098	820.871
4.02264	837.788	820.494
4.03458	837.476	820.115
4.04651	837.163	819.736
4.05845	836.849	819.356
4.07039	836.533	818.975
4.08232	836.216	818.592
4.09426	835.897	818.209
4.1062	835.577	817.824
4.11813	835.256	817.439
4.13007	834.933	817.052
4.14201	834.609	816.665
4.15394	834.283	816.277
4.16588	833.956	815.887
4.17782	833.628	815.497
4.18975	833.298	815.106
4.20169	832.967	814.713
4.21363	832.635	814.32
4.22556	832.301	813.926
4.2375	831.966	813.531
4.24944	831.63	813.135
4.26137	831.292	812.738
4.27331	830.953	812.341
4.28525	830.613	811.942
4.29718	830.271	811.543
4.30912	829.928	811.142
4.32106	829.584	810.741
4.33299	829.239	810.339
4.34493	828.892	809.936
4.35687	828.544	809.532
4.3688	828.195	809.128
4.38074	827.844	808.723
4.39268	827.492	808.316
4.40461	827.139	807.91
4.41655	826.785	807.502
4.42849	826.43	807.093
4.44042	826.073	806.684
4.45236	825.715	806.274
4.4643	825.356	805.864
4.47623	824.996	805.452
4.48817	824.634	805.04
4.50011	824.272	804.627
4.51204	823.908	804.213
4.52398	823.543	803.799
4.53592	823.177	803.384
4.54785	822.81	802.969
4.55979	822.441	802.552
4.57173	822.072	802.135
4.58366	821.701	801.718
4.5956	821.329	801.299
4.60754	820.956	800.881
4.61947	820.582	800.461
4.63141	820.207	800.041
4.64335	819.831	799.62
4.65528	819.454	799.199
4.66722	819.076	798.777
4.67916	818.696	798.355
4.69109	818.316	797.932
4.70303	817.934	797.508
4.71497	817.552	797.084
4.7269	817.168	796.659
4.73884	816.784	796.234
4.75078	816.398	795.808
4.76271	816.012	795.382
4.77465	815.624	794.955
4.78658	815.236	794.528
4.79852	814.846	794.101
4.81046	814.456	793.673
4.82239	814.065	793.244
4.83433	813.672	792.815
4.84627	813.279	792.385
4.8582	812.885	791.955
4.87014	812.49	791.525
4.88208	812.094	791.094
4.89401	811.697	790.663
4.90595	811.299	790.232
4.91789	810.9	789.8
4.92982	810.501	789.367
4.94176	810.1	788.934
4.9537	809.699	788.501
4.96563	809.297	788.068
4.97757	808.894	787.634
4.98951	808.49	787.2
5.00144	808.086	786.766
5.01338	807.68	786.331
5.02532	807.274	785.896
5.03725	806.867	785.46
5.04919	806.46	785.025
5.06113	806.051	784.589
5.07306	805.642	784.152
5.085	805.232	783.716
5.09694	804.821	783.279
5.10887	804.409	782.842
5.12081	803.997	782.405
5.13275	803.584	781.967
5.14468	803.171	781.529
5.15662	802.756	781.091
5.16856	802.341	780.653
5.18049	801.925	780.215
5.19243	801.509	779.776
5.20437	801.092	779.338
5.2163	800.674	778.899
5.22824	800.256	778.459
5.24018	799.837	778.02
5.25211	799.417	777.581
5.26405	798.997	777.141
5.27599	798.576	776.701
5.28792	798.155	776.261
5.29986	797.733	775.821
5.3118	797.31	775.381
5.32373	796.887	774.941
5.33567	796.464	774.501
5.34761	796.039	774.06
5.35954	795.615	773.62
5.37148	795.189	773.179
5.38342	794.764	772.738
5.39535	794.337	772.298
5.40729	793.91	771.857
5.41923	793.483	771.416
5.43116	793.055	770.975
5.4431	792.627	770.534
5.45504	792.198	770.093
5.46697	791.769	769.652
5.47891	791.339	769.211
5.49085	790.909	768.77
5.50278	790.479	768.328
5.51472	790.048	767.887
5.52666	789.616	767.446
5.53859	789.185	767.005
5.55053	788.752	766.564
5.56247	788.32	766.123
5.5744	787.887	765.682
5.58634	787.454	765.241
5.59828	787.02	764.8
5.61021	786.586	764.359
5.62215	786.152	763.918
5.63408	785.717	763.477
5.64602	785.282	763.036
5.65796	784.847	762.596
5.66989	784.411	762.155
5.68183	783.975	761.715
5.69377	783.539	761.274
5.7057	783.102	760.834
5.71764	782.666	760.394
5.72958	782.229	759.953
5.74151	781.791	759.513
5.75345	781.354	759.073
5.76539	780.916	758.633
5.77732	780.478	758.194
5.78926	780.04	757.754
5.8012	779.601	757.315
5.81313	779.162	756.875
5.82507	778.723	756.436
5.83701	778.284	755.997
5.84894	777.845	755.558
5.86088	777.406	755.12
5.87282	776.966	754.681
5.88475	776.526	754.243
5.89669	776.086	753.804
5.90863	775.646	753.366
5.92056	775.206	752.928
5.9325	774.766	752.491
5.94444	774.325	752.053
5.95637	773.884	751.616
5.96831	773.444	751.179
5.98025	773.003	750.742
5.99218	772.562	750.305
6.00412	772.121	749.868
6.01606	771.68	749.432
6.02799	771.239	748.996
6.03993	770.797	748.56
6.05187	770.356	748.124
6.0638	769.915	747.689
6.07574	769.473	747.253
6.08768	769.032	746.818
6.09961	768.59	746.384
6.11155	768.149	745.949
6.12349	767.707	745.515
6.13542	767.266	745.081
6.14736	766.824	744.647
6.1593	766.383	744.213
6.17123	765.941	743.78
6.18317	765.5	743.347
6.19511	765.058	742.914
6.20704	764.617	742.481
6.21898	764.175	742.049
6.23092	763.734	741.617
6.24285	763.292	741.185
6.25479	762.851	740.753
6.26673	762.41	740.322
6.27866	761.969	739.891
6.2906	761.527	739.46
6.30254	761.086	739.03
6.31447	760.645	738.6
6.32641	760.204	738.17
6.33835	759.764	737.74
6.35028	759.323	737.311
6.36222	758.882	736.882
6.37416	758.442	736.453
6.38609	758.001	736.025
6.39803	757.561	735.597
6.40997	757.121	735.169
6.4219	756.681	734.741
6.43384	756.241	734.314
6.44578	755.801	733.887
6.45771	755.361	733.46
6.46965	754.921	733.034
6.48159	754.482	732.608
6.49352	754.043	732.182
6.50546	753.604	731.756
6.51739	753.165	731.331
6.52933	752.726	730.906
6.54127	752.287	730.482
6.5532	751.849	730.057
6.56514	751.411	729.633
6.57708	750.973	729.21
6.58901	750.535	728.786
6.60095	750.097	728.363
6.61289	749.66	727.941
6.62482	749.223	727.518
6.63676	748.785	727.096
6.6487	748.349	726.674
6.66063	747.912	726.253
6.67257	747.475	725.832
6.68451	747.039	725.411
6.69644	746.603	724.99
6.70838	746.167	724.57
6.72032	745.732	724.15
6.73225	745.297	723.731
6.74419	744.862	723.311
6.75613	744.427	722.892
6.76806	743.992	722.474
6.78	743.558	722.055
6.79194	743.124	721.637
6.80387	742.69	721.22
6.81581	742.256	720.802
6.82775	741.823	720.385
6.83968	741.39	719.969
6.85162	740.957	719.552
6.86356	740.524	719.136
6.87549	740.092	718.72
6.88743	739.66	718.305
6.89937	739.228	717.89
6.9113	738.797	717.475
6.92324	738.365	717.06
6.93518	737.934	716.646
6.94711	737.504	716.232
6.95905	737.073	715.818
6.97099	736.643	715.405
6.98292	736.213	714.992
6.99486	735.784	714.579
7.0068	735.355	714.167
7.01873	734.926	713.755
7.03067	734.497	713.343
7.04261	734.069	712.932
7.05454	733.641	712.52
7.06648	733.213	712.11
7.07842	732.786	711.699
7.09035	732.358	711.289
7.10229	731.932	710.879
7.11423	731.505	710.469
7.12616	731.079	710.06
7.1381	730.653	709.651
7.15004	730.227	709.242
7.16197	729.802	708.833
7.17391	729.377	708.425
7.18585	728.952	708.017
7.19778	728.528	707.61
7.20972	728.104	707.202
7.22166	727.68	706.795
7.23359	727.257	706.389
7.24553	726.833	705.982
7.25747	726.411	705.576
7.2694	725.988	705.17
7.28134	725.566	704.764
7.29328	725.144	704.359
7.30521	724.723	703.954
7.31715	724.301	703.549
7.32909	723.88	703.145
7.34102	723.46	702.74
7.35296	723.04	702.336
7.36489	722.62	701.933
7.37683	722.2	701.529
7.38877	721.781	701.126
7.4007	721.362	700.723
7.41264	720.943	700.321
7.42458	720.525	699.918
7.43651	720.107	699.516
7.44845	719.689	699.114
7.46039	719.272	698.713
7.47232	718.855	698.311
7.48426	718.438	697.91
7.4962	718.021	697.509
7.50813	717.605	697.109
7.52007	717.189	696.708
7.53201	716.774	696.308
7.54394	716.359	695.909
7.55588	715.944	695.509
7.56782	715.529	695.11
7.57975	715.115	694.71
7.59169	714.701	694.312
7.60363	714.288	693.913
7.61556	713.875	693.514
7.6275	713.462	693.116
7.63944	713.049	692.718
7.65137	712.637	692.32
7.66331	712.225	691.923
7.67525	711.813	691.526
7.68718	711.402	691.129
7.69912	710.991	690.732
7.71106	710.58	690.335
7.72299	710.169	689.939
7.73493	709.759	689.542
7.74687	709.349	689.146
7.7588	708.94	688.751
7.77074	708.531	688.355
7.78268	708.122	687.96
7.79461	707.713	687.564
7.80655	707.305	687.169
7.81849	706.897	686.775
7.83042	706.489	686.38
7.84236	706.081	685.986
7.8543	705.674	685.591
7.86623	705.267	685.197
7.87817	704.861	684.803
7.89011	704.454	684.41
7.90204	704.048	684.016
7.91398	703.643	683.623
7.92592	703.237	683.23
7.93785	702.832	682.837
7.94979	702.427	682.444
7.96173	702.023	682.052
7.97366	701.618	681.659
7.9856	701.214	681.267
7.99754	700.811	680.875
8.00947	700.407	680.483
8.02141	700.004	680.091
8.03335	699.601	679.7
8.04528	699.198	679.308
8.05722	698.796	678.917
8.06916	698.394	678.526
8.08109	697.992	678.135
8.09303	697.59	677.744
8.10497	697.189	677.353
8.1169	696.788	676.963
8.12884	696.387	676.573
8.14078	695.987	676.182
8.15271	695.586	675.792
8.16465	695.186	675.402
8.17659	694.786	675.012
8.18852	694.387	674.623
8.20046	693.987	674.233
8.2124	693.588	673.844
8.22433	693.19	673.455
8.23627	692.791	673.065
8.2482	692.393	672.676
8.26014	691.994	672.287
8.27208	691.596	671.899
8.28401	691.199	671.51
8.29595	690.801	671.121
8.30789	690.404	670.733
8.31982	690.007	670.345
8.33176	689.61	669.956
8.3437	689.214	669.568
8.35563	688.818	669.18
8.36757	688.421	668.792
8.37951	688.026	668.405
8.39144	687.63	668.017
8.40338	687.234	667.629
8.41532	686.839	667.242
8.42725	686.444	666.854
8.43919	686.049	666.467
8.45113	685.655	666.08
8.46306	685.26	665.693
8.475	684.866	665.306
8.48694	684.472	664.919
8.49887	684.078	664.532
8.51081	683.684	664.145
8.52275	683.291	663.758
8.53468	682.898	663.372
8.54662	682.504	662.985
8.55856	682.112	662.599
8.57049	681.719	662.213
8.58243	681.326	661.826
8.59437	680.934	661.44
8.6063	680.542	661.054
8.61824	680.15	660.668
8.63018	679.758	660.282
8.64211	679.366	659.896
8.65405	678.974	659.51
8.66599	678.583	659.124
8.67792	678.192	658.738
8.68986	677.801	658.353
8.7018	677.41	657.967
8.71373	677.019	657.581
8.72567	676.629	657.196
8.73761	676.238	656.81
8.74954	675.848	656.425
8.76148	675.458	656.04
8.77342	675.068	655.654
8.78535	674.678	655.269
8.79729	674.288	654.884
8.80923	673.899	654.499
8.82116	673.509	654.113
8.8331	673.12	653.728
8.84504	672.731	653.343
8.85697	672.342	652.958
8.86891	671.953	652.573
8.88085	671.564	652.188
8.89278	671.176	651.803
8.90472	670.787	651.418
8.91666	670.399	651.034
8.92859	670.01	650.649
8.94053	669.622	650.264
8.95247	669.234	649.879
8.9644	668.846	649.495
8.97634	668.458	649.11
8.98828	668.071	648.725
9.00021	667.683	648.341
9.01215	667.296	647.956
9.02409	666.908	647.571
9.03602	666.521	647.187
9.04796	666.134	646.802
9.0599	665.747	646.418
9.07183	665.36	646.033
9.08377	664.973	645.649
9.0957	664.586	645.264
9.10764	664.199	644.88
9.11958	663.812	644.495
9.13151	663.426	644.111
9.14345	663.039	643.726
9.15539	662.653	643.342
9.16732	662.267	642.958
9.17926	661.881	642.573
9.1912	661.494	642.189
9.20313	661.108	641.804
9.21507	660.722	641.42
9.22701	660.336	641.036
9.23894	659.951	640.651
9.25088	659.565	640.267
9.26282	659.179	639.882
9.27475	658.793	639.498
9.28669	658.408	639.114
9.29863	658.022	638.729
9.31056	657.637	638.345
9.3225	657.252	637.961
9.33444	656.866	637.576
9.34637	656.481	637.192
9.35831	656.096	636.808
9.37025	655.71	636.423
9.38218	655.325	636.039
9.39412	654.94	635.654
9.40606	654.555	635.27
9.41799	654.17	634.886
9.42993	653.785	634.501
9.44187	653.4	634.117
9.4538	653.016	633.732
9.46574	652.631	633.348
9.47768	652.246	632.963
9.48961	651.861	632.579
9.50155	651.477	632.195
9.51349	651.092	631.81
9.52542	650.707	631.426
9.53736	650.323	631.041
9.5493	649.938	630.657
9.56123	649.554	630.272
9.57317	649.169	629.887
9.58511	648.785	629.503
9.59704	648.4	629.118
9.60898	648.016	628.734
9.62092	647.632	628.349
9.63285	647.247	627.964
9.64479	646.863	627.58
9.65673	646.479	627.195
9.66866	646.094	626.81
9.6806	645.71	626.426
9.69254	645.326	626.041
9.70447	644.941	625.656
9.71641	644.557	625.272
9.72835	644.173	624.887
9.74028	643.789	624.502
9.75222	643.405	624.117
9.76416	643.02	623.732
9.77609	642.636	623.347
9.78803	642.252	622.962
9.79997	641.868	622.578
9.8119	641.484	622.193
9.82384	641.1	621.808
9.83578	640.716	621.423
9.84771	640.331	621.038
9.85965	639.947	620.653
9.87159	639.563	620.268
9.88352	639.179	619.882
9.89546	638.795	619.497
9.9074	638.411	619.112
9.91933	638.027	618.727
9.93127	637.642	618.342
9.94321	637.258	617.957
9.95514	636.874	617.571
9.96708	636.49	617.186
9.97901	636.106	616.801
9.99095	635.722	616.416
10.0029	635.338	616.03
10.0148	634.953	615.645
10.0268	634.569	615.259
10.0387	634.185	614.874
10.0506	633.801	614.489
10.0626	633.417	614.103
10.0745	633.032	613.718
10.0864	632.648	613.332
10.0984	632.264	612.946
10.1103	631.88	612.561
10.1223	631.495	612.175
10.1342	631.111	611.79
10.1461	630.727	611.404
10.1581	630.342	611.018
10.17	629.958	610.632
10.1819	629.574	610.247
10.1939	629.189	609.861
10.2058	628.805	609.475
10.2177	628.421	609.089
10.2297	628.036	608.703
10.2416	627.652	608.317
10.2536	627.267	607.931
10.2655	626.883	607.545
10.2774	626.498	607.159
10.2894	626.114	606.773
10.3013	625.729	606.387
10.3132	625.345	606.001
10.3252	624.96	605.615
10.3371	624.576	605.229
10.3491	624.191	604.843
10.361	623.806	604.457
10.3729	623.422	604.07
10.3849	623.037	603.684
10.3968	622.652	603.298
10.4087	622.268	602.912
10.4207	621.883	602.525
10.4326	621.498	602.139
10.4445	621.113	601.752
10.4565	620.728	601.366
10.4684	620.344	600.98
10.4804	619.959	600.593
10.4923	619.574	600.206
10.5042	619.189	599.82
10.5162	618.804	599.433
10.5281	618.419	599.047
10.54	618.034	598.66
10.552	617.649	598.273
10.5639	617.264	597.887
10.5758	616.879	597.5
10.5878	616.494	597.113
10.5997	616.108	596.726
10.6117	615.723	596.34
10.6236	615.338	595.953
10.6355	614.953	595.566
10.6475	614.567	595.179
10.6594	614.182	594.792
10.6713	613.797	594.405
10.6833	613.411	594.018
10.6952	613.026	593.631
10.7071	612.641	593.244
10.7191	612.255	592.857
10.731	611.87	592.47
10.743	611.484	592.083
10.7549	611.099	591.696
10.7668	610.713	591.308
10.7788	610.327	590.921
10.7907	609.942	590.534
10.8026	609.556	590.147
10.8146	609.17	589.759
10.8265	608.785	589.372
10.8385	608.399	588.985
10.8504	608.013	588.597
10.8623	607.627	588.21
10.8743	607.241	587.823
10.8862	606.856	587.435
10.8981	606.47	587.048
10.9101	606.084	586.66
10.922	605.698	586.273
10.9339	605.312	585.885
10.9459	604.926	585.498
10.9578	604.539	585.11
10.9698	604.153	584.722
10.9817	603.767	584.335
10.9936	603.381	583.947
11.0056	602.995	583.559
11.0175	602.608	583.172
11.0294	602.222	582.784
11.0414	601.836	582.396
11.0533	601.449	582.008
11.0652	601.063	581.62
11.0772	600.677	581.233
11.0891	600.29	580.845
11.1011	599.904	580.457
11.113	599.517	580.069
11.1249	599.13	579.681
11.1369	598.744	579.293
11.1488	598.357	578.905
11.1607	597.971	578.517
11.1727	597.584	578.129
11.1846	597.197	577.741
11.1966	596.81	577.353
11.2085	596.424	576.965
11.2204	596.037	576.577
11.2324	595.65	576.189
11.2443	595.263	575.8
11.2562	594.876	575.412
11.2682	594.489	575.024
11.2801	594.102	574.636
11.292	593.715	574.248
11.304	593.328	573.859
11.3159	592.941	573.471
11.3279	592.554	573.083
11.3398	592.167	572.694
11.3517	591.78	572.306
11.3637	591.393	571.918
11.3756	591.006	571.529
11.3875	590.618	571.141
11.3995	590.231	570.752
11.4114	589.844	570.364
11.4233	589.456	569.976
11.4353	589.069	569.587
11.4472	588.682	569.199
11.4592	588.294	568.81
11.4711	587.907	568.421
11.483	587.52	568.033
11.495	587.132	567.644
11.5069	586.745	567.256
11.5188	586.357	566.867
11.5308	585.969	566.478
11.5427	585.582	566.09
11.5546	585.194	565.701
11.5666	584.807	565.312
11.5785	584.419	564.924
11.5905	584.031	564.535
11.6024	583.644	564.146
11.6143	583.256	563.758
11.6263	582.868	563.369
11.6382	582.48	562.98
11.6501	582.093	562.591
11.6621	581.705	562.202
11.674	581.317	561.813
11.686	580.929	561.425
11.6979	580.541	561.036
11.7098	580.153	560.647
11.7218	579.765	560.258
11.7337	579.377	559.869
11.7456	578.989	559.48
11.7576	578.601	559.091
11.7695	578.213	558.702
11.7814	577.825	558.313
11.7934	577.437	557.924
11.8053	577.049	557.535
11.8173	576.661	557.146
11.8292	576.273	556.757
11.8411	575.885	556.368
11.8531	575.497	555.979
11.865	575.108	555.59
11.8769	574.72	555.201
11.8889	574.332	554.812
11.9008	573.944	554.422
11.9127	573.555	554.033
11.9247	573.167	553.644
11.9366	572.779	553.255
11.9486	572.39	552.866
11.9605	572.002	552.477
11.9724	571.614	552.087
11.9844	571.225	551.698
11.9963	570.837	551.309
12.0082	570.448	550.92
12.0202	570.06	550.53
12.0321	569.671	550.141
12.0441	569.283	549.752
12.056	568.894	549.363
12.0679	568.506	548.973
12.0799	568.117	548.584
12.0918	567.729	548.195
12.1037	567.34	547.805
12.1157	566.952	547.416
12.1276	566.563	547.026
12.1395	566.174	546.637
12.1515	565.786	546.248
12.1634	565.397	545.858
12.1754	565.008	545.469
12.1873	564.62	545.079
12.1992	564.231	544.69
12.2112	563.842	544.301
12.2231	563.453	543.911
12.235	563.065	543.522
12.247	562.676	543.132
12.2589	562.287	542.743
12.2708	561.898	542.353
12.2828	561.509	541.964
12.2947	561.12	541.574
12.3067	560.732	541.185
12.3186	560.343	540.795
12.3305	559.954	540.406
12.3425	559.565	540.016
12.3544	559.176	539.626
12.3663	558.787	539.237
12.3783	558.398	538.847
12.3902	558.009	538.458
12.4021	557.62	538.068
12.4141	557.231	537.679
12.426	556.842	537.289
12.438	556.453	536.899
12.4499	556.064	536.51
12.4618	555.675	536.12
12.4738	555.286	535.731
12.4857	554.897	535.341
12.4976	554.507	534.951
12.5096	554.118	534.562
12.5215	553.729	534.172
12.5335	553.34	533.782
12.5454	552.951	533.393
12.5573	552.562	533.003
12.5693	552.173	532.613
12.5812	551.783	532.224
12.5931	551.394	531.834
12.6051	551.005	531.444
12.617	550.616	531.055
12.6289	550.226	530.665
12.6409	549.837	530.275
12.6528	549.448	529.886
12.6648	549.059	529.496
12.6767	548.669	529.106
12.6886	548.28	528.717
12.7006	547.891	528.327
12.7125	547.501	527.937
12.7244	547.112	527.547
12.7364	546.723	527.158
12.7483	546.333	526.768
12.7602	545.944	526.378
12.7722	545.555	525.989
12.7841	545.165	525.599
12.7961	544.776	525.209
12.808	544.387	524.82
12.8199	543.997	524.43
12.8319	543.608	524.04
12.8438	543.218	523.65
12.8557	542.829	523.261
12.8677	542.439	522.871
12.8796	542.05	522.481
12.8916	541.661	522.092
12.9035	541.271	521.702
12.9154	540.882	521.312
12.9274	540.492	520.923
12.9393	540.103	520.533
12.9512	539.713	520.143
12.9632	539.324	519.754
12.9751	538.934	519.364
12.987	538.545	518.974
12.999	538.155	518.585
13.0109	537.766	518.195
13.0229	537.376	517.806
13.0348	536.986	517.416
13.0467	536.597	517.026
13.0587	536.207	516.637
13.0706	535.818	516.247
13.0825	535.428	515.857
13.0945	535.039	515.468
13.1064	534.649	515.078
13.1183	534.26	514.689
13.1303	533.87	514.299
13.1422	533.48	513.91
13.1542	533.091	513.52
13.1661	532.701	513.131
13.178	532.312	512.741
13.19	531.922	512.352
13.2019	531.532	511.962
13.2138	531.143	511.573
13.2258	530.753	511.183
13.2377	530.364	510.794
13.2496	529.974	510.404
13.2616	529.584	510.015
13.2735	529.195	509.625
13.2855	528.805	509.236
13.2974	528.416	508.847
13.3093	528.026	508.457
13.3213	527.636	508.068
13.3332	527.247	507.679
13.3451	526.857	507.289
13.3571	526.468	506.9
13.369	526.078	506.511
13.381	525.688	506.122
13.3929	525.299	505.732
13.4048	524.909	505.343
13.4168	524.52	504.954
13.4287	524.13	504.565
13.4406	523.74	504.176
13.4526	523.351	503.786
13.4645	522.961	503.397
13.4764	522.572	503.008
13.4884	522.182	502.619
13.5003	521.793	502.23
13.5123	521.403	501.841
13.5242	521.013	501.452
13.5361	520.624	501.063
13.5481	520.234	500.674
13.56	519.845	500.285
13.5719	519.455	499.896
13.5839	519.066	499.508
13.5958	518.676	499.119
13.6077	518.287	498.73
13.6197	517.897	498.341
13.6316	517.508	497.952
13.6436	517.118	497.564
13.6555	516.729	497.175
13.6674	516.339	496.786
13.6794	515.95	496.398
13.6913	515.56	496.009
13.7032	515.171	495.621
13.7152	514.782	495.232
13.7271	514.392	494.844
13.7391	514.003	494.455
13.751	513.613	494.067
13.7629	513.224	493.678
13.7749	512.835	493.29
13.7868	512.445	492.902
13.7987	512.056	492.514
13.8107	511.666	492.125
13.8226	511.277	491.737
13.8345	510.888	491.349
13.8465	510.499	490.961
13.8584	510.109	490.573
13.8704	509.72	490.185
13.8823	509.331	489.797
13.8942	508.942	489.409
13.9062	508.552	489.021
13.9181	508.163	488.633
13.93	507.774	488.245
13.942	507.385	487.858
13.9539	506.996	487.47
13.9658	506.607	487.082
13.9778	506.218	486.695
13.9897	505.829	486.307
14.0017	505.439	485.92
14.0136	505.05	485.532
14.0255	504.661	485.145
14.0375	504.272	484.758
14.0494	503.883	484.37
14.0613	503.495	483.983
14.0733	503.106	483.596
14.0852	502.717	483.209
14.0971	502.328	482.822
14.1091	501.939	482.435
14.121	501.55	482.048
14.133	501.161	481.661
14.1449	500.773	481.274
14.1568	500.384	480.887
14.1688	499.995	480.5
14.1807	499.607	480.114
14.1926	499.218	479.727
14.2046	498.829	479.341
14.2165	498.441	478.954
14.2285	498.052	478.568
14.2404	497.664	478.182
14.2523	497.275	477.795
14.2643	496.887	477.409
14.2762	496.498	477.023
14.2881	496.11	476.637
14.3001	495.722	476.251
14.312	495.333	475.865
14.3239	494.945	475.479
14.3359	494.557	475.094
14.3478	494.169	474.708
14.3598	493.78	474.322
14.3717	493.392	473.937
14.3836	493.004	473.551
14.3956	492.616	473.166
14.4075	492.228	472.781
14.4194	491.84	472.395
14.4314	491.452	472.01
14.4433	491.064	471.625
14.4552	490.677	471.24
14.4672	490.289	470.855
14.4791	489.901	470.471
14.4911	489.513	470.086
14.503	489.126	469.701
14.5149	488.738	469.317
14.5269	488.35	468.932
14.5388	487.963	468.548
14.5507	487.575	468.164
14.5627	487.188	467.78
14.5746	486.801	467.396
14.5866	486.413	467.012
14.5985	486.026	466.628
14.6104	485.639	466.244
14.6224	485.252	465.86
14.6343	484.865	465.477
14.6462	484.478	465.093
14.6582	484.091	464.71
14.6701	483.704	464.327
14.682	483.317	463.943
14.694	482.93	463.56
14.7059	482.543	463.177
14.7179	482.156	462.794
14.7298	481.77	462.412
14.7417	481.383	462.029
14.7537	480.997	461.647
14.7656	480.61	461.264
14.7775	480.224	460.882
14.7895	479.838	460.5
14.8014	479.451	460.118
14.8133	479.065	459.736
14.8253	478.679	459.354
14.8372	478.293	458.972
14.8492	477.907	458.591
14.8611	477.521	458.209
14.873	477.135	457.828
14.885	476.749	457.446
14.8969	476.364	457.065
14.9088	475.978	456.684
14.9208	475.592	456.304
14.9327	475.207	455.923
14.9446	474.822	455.542
14.9566	474.436	455.162
14.9685	474.051	454.781
14.9805	473.666	454.401
14.9924	473.281	454.021
15.0043	472.896	453.641
15.0163	472.511	453.261
15.0282	472.126	452.882
15.0401	471.741	452.502
15.0521	471.357	452.123
15.064	470.972	451.744
15.076	470.587	451.365
15.0879	470.203	450.986
15.0998	469.819	450.607
15.1118	469.434	450.228
15.1237	469.05	449.85
15.1356	468.666	449.472
15.1476	468.282	449.093
15.1595	467.898	448.715
15.1714	467.515	448.337
15.1834	467.131	447.96
15.1953	466.747	447.582
15.2073	466.364	447.205
15.2192	465.981	446.828
15.2311	465.597	446.451
15.2431	465.214	446.074
15.255	464.831	445.697
15.2669	464.448	445.32
15.2789	464.065	444.944
15.2908	463.682	444.568
15.3027	463.3	444.192
15.3147	462.917	443.816
15.3266	462.535	443.44
15.3386	462.152	443.064
15.3505	461.77	442.689
15.3624	461.388	442.314
15.3744	461.006	441.939
15.3863	460.624	441.564
15.3982	460.242	441.189
15.4102	459.861	440.815
15.4221	459.479	440.441
15.4341	459.098	440.067
15.446	458.717	439.693
15.4579	458.335	439.319
15.4699	457.954	438.945
15.4818	457.574	438.572
15.4937	457.193	438.199
15.5057	456.812	437.826
15.5176	456.432	437.453
15.5295	456.051	437.081
15.5415	455.671	436.708
15.5534	455.291	436.336
15.5654	454.911	435.964
15.5773	454.531	435.593
15.5892	454.151	435.221
15.6012	453.772	434.85
15.6131	453.392	434.479
15.625	453.013	434.108
15.637	452.634	433.737
15.6489	452.255	433.367
15.6608	451.876	432.996
15.6728	451.497	432.626
15.6847	451.118	432.257
15.6967	450.74	431.887
15.7086	450.362	431.518
15.7205	449.983	431.148
15.7325	449.605	430.78
15.7444	449.228	430.411
15.7563	448.85	430.042
15.7683	448.472	429.674
15.7802	448.095	429.306
15.7921	447.718	428.939
15.8041	447.341	428.571
15.816	446.964	428.204
15.828	446.587	427.837
15.8399	446.21	427.47
15.8518	445.834	427.103
15.8638	445.458	426.737
15.8757	445.082	426.371
15.8876	444.706	426.005
15.8996	444.33	425.64
15.9115	443.955	425.274
15.9235	443.579	424.909
15.9354	443.204	424.544
15.9473	442.829	424.18
15.9593	442.454	423.816
15.9712	442.079	423.452
15.9831	441.705	423.088
15.9951	441.331	422.724
16.007	440.956	422.361
16.0189	440.583	421.998
16.0309	440.209	421.635
16.0428	439.835	421.273
16.0548	439.462	420.911
16.0667	439.089	420.549
16.0786	438.716	420.187
16.0906	438.343	419.826
16.1025	437.97	419.465
16.1144	437.598	419.104
16.1264	437.226	418.744
16.1383	436.854	418.384
16.1502	436.482	418.024
16.1622	436.11	417.664
16.1741	435.739	417.305
16.1861	435.368	416.946
16.198	434.997	416.587
16.2099	434.626	416.229
16.2219	434.255	415.87
16.2338	433.885	415.513
16.2457	433.515	415.155
16.2577	433.145	414.798
16.2696	432.775	414.441
16.2816	432.406	414.084
16.2935	432.037	413.728
16.3054	431.668	413.372
16.3174	431.299	413.016
16.3293	430.93	412.661
16.3412	430.562	412.306
16.3532	430.194	411.951
16.3651	429.826	411.596
16.377	429.458	411.242
16.389	429.091	410.889
16.4009	428.724	410.535
16.4129	428.357	410.182
16.4248	427.99	409.829
16.4367	427.624	409.477
16.4487	427.257	409.124
16.4606	426.891	408.773
16.4725	426.526	408.421
16.4845	426.16	408.07
16.4964	425.795	407.719
16.5083	425.43	407.369
16.5203	425.065	407.019
16.5322	424.701	406.669
16.5442	424.337	406.319
16.5561	423.973	405.97
16.568	423.609	405.622
16.58	423.246	405.273
16.5919	422.882	404.925
16.6038	422.52	404.578
16.6158	422.157	404.23
16.6277	421.795	403.883
16.6396	421.432	403.537
16.6516	421.071	403.19
16.6635	420.709	402.845
16.6755	420.348	402.499
16.6874	419.987	402.154
16.6993	419.626	401.809
16.7113	419.266	401.465
16.7232	418.905	401.121
16.7351	418.546	400.777
16.7471	418.186	400.434
16.759	417.827	400.091
16.771	417.468	399.749
16.7829	417.109	399.407
16.7948	416.751	399.065
16.8068	416.392	398.723
16.8187	416.035	398.383
16.8306	415.677	398.042
16.8426	415.32	397.702
16.8545	414.963	397.362
16.8664	414.606	397.023
16.8784	414.25	396.684
16.8903	413.894	396.345
16.9023	413.538	396.007
16.9142	413.183	395.669
16.9261	412.828	395.332
16.9381	412.473	394.995
16.95	412.118	394.659
16.9619	411.764	394.322
16.9739	411.41	393.987
16.9858	411.057	393.651
16.9977	410.704	393.317
17.0097	410.351	392.982
17.0216	409.998	392.648
17.0336	409.646	392.314
17.0455	409.294	391.981
17.0574	408.943	391.649
17.0694	408.592	391.316
17.0813	408.241	390.984
17.0932	407.89	390.653
17.1052	407.54	390.322
17.1171	407.19	389.991
17.1291	406.841	389.661
17.141	406.492	389.331
17.1529	406.143	389.002
17.1649	405.794	388.673
17.1768	405.446	388.345
17.1887	405.099	388.017
17.2007	404.751	387.69
17.2126	404.404	387.362
17.2245	404.057	387.036
17.2365	403.711	386.71
17.2484	403.365	386.384
17.2604	403.02	386.059
17.2723	402.674	385.734
17.2842	402.329	385.41
17.2962	401.985	385.086
17.3081	401.641	384.763
17.32	401.297	384.44
17.332	400.954	384.117
17.3439	400.611	383.795
17.3558	400.268	383.474
17.3678	399.926	383.153
17.3797	399.584	382.832
17.3917	399.243	382.512
17.4036	398.901	382.193
17.4155	398.561	381.874
17.4275	398.22	381.555
17.4394	397.881	381.237
17.4513	397.541	380.919
17.4633	397.202	380.602
17.4752	396.863	380.285
17.4871	396.525	379.969
17.4991	396.187	379.654
17.511	395.849	379.338
17.523	395.512	379.024
17.5349	395.176	378.71
17.5468	394.839	378.396
17.5588	394.503	378.083
17.5707	394.168	377.77
17.5826	393.833	377.458
17.5946	393.498	377.146
17.6065	393.164	376.835
17.6185	392.83	376.524
17.6304	392.497	376.214
17.6423	392.164	375.905
17.6543	391.831	375.595
17.6662	391.499	375.287
17.6781	391.167	374.979
17.6901	390.836	374.671
17.702	390.505	374.364
17.7139	390.175	374.058
17.7259	389.845	373.752
17.7378	389.515	373.446
17.7498	389.186	373.141
17.7617	388.858	372.837
17.7736	388.529	372.533
17.7856	388.202	372.23
17.7975	387.874	371.927
17.8094	387.548	371.625
17.8214	387.221	371.323
17.8333	386.895	371.022
17.8452	386.57	370.721
17.8572	386.245	370.421
17.8691	385.92	370.122
17.8811	385.596	369.823
17.893	385.272	369.524
17.9049	384.949	369.226
17.9169	384.626	368.929
17.9288	384.304	368.632
17.9407	383.982	368.336
17.9527	383.661	368.04
17.9646	383.34	367.745
17.9766	383.02	367.451
17.9885	382.7	367.156
18.0004	382.38	366.863
18.0124	382.061	366.57
18.0243	381.743	366.278
18.0362	381.425	365.986
18.0482	381.107	365.695
18.0601	380.79	365.404
18.072	380.474	365.114
18.084	380.158	364.825
18.0959	379.842	364.536
18.1079	379.527	364.247
18.1198	379.212	363.96
18.1317	378.898	363.673
18.1437	378.585	363.386
18.1556	378.272	363.1
18.1675	377.959	362.815
18.1795	377.647	362.53
18.1914	377.335	362.245
18.2033	377.024	361.962
18.2153	376.714	361.679
18.2272	376.404	361.396
18.2392	376.094	361.114
18.2511	375.785	360.833
18.263	375.477	360.552
18.275	375.169	360.272
18.2869	374.861	359.992
18.2988	374.554	359.713
18.3108	374.248	359.435
18.3227	373.942	359.157
18.3346	373.636	358.88
18.3466	373.332	358.604
18.3585	373.027	358.328
18.3705	372.723	358.052
18.3824	372.42	357.778
18.3943	372.117	357.504
18.4063	371.815	357.23
18.4182	371.513	356.957
18.4301	371.212	356.685
18.4421	370.912	356.413
18.454	370.612	356.142
18.466	370.312	355.872
18.4779	370.013	355.602
18.4898	369.715	355.332
18.5018	369.417	355.064
18.5137	369.12	354.796
18.5256	368.823	354.528
18.5376	368.527	354.262
18.5495	368.231	353.996
18.5614	367.936	353.73
18.5734	367.641	353.465
18.5853	367.347	353.201
18.5973	367.054	352.937
18.6092	366.761	352.674
18.6211	366.468	352.412
18.6331	366.177	352.15
18.645	365.885	351.889
18.6569	365.595	351.628
18.6689	365.305	351.369
18.6808	365.015	351.109
18.6927	364.726	350.851
18.7047	364.438	350.593
18.7166	364.15	350.335
18.7286	363.863	350.079
18.7405	363.576	349.823
18.7524	363.29	349.567
18.7644	363.005	349.312
18.7763	362.72	349.058
18.7882	362.435	348.805
18.8002	362.152	348.552
18.8121	361.869	348.3
18.8241	361.586	348.048
18.836	361.304	347.797
18.8479	361.023	347.547
18.8599	360.742	347.297
18.8718	360.462	347.048
18.8837	360.182	346.8
18.8957	359.903	346.552
18.9076	359.624	346.305
18.9195	359.347	346.059
18.9315	359.069	345.813
18.9434	358.793	345.568
18.9554	358.517	345.324
18.9673	358.241	345.08
18.9792	357.966	344.837
18.9912	357.692	344.594
19.0031	357.419	344.353
19.015	357.145	344.111
19.027	356.873	343.871
19.0389	356.601	343.631
19.0508	356.33	343.392
19.0628	356.059	343.153
19.0747	355.789	342.915
19.0867	355.52	342.678
19.0986	355.251	342.442
19.1105	354.983	342.206
19.1225	354.716	341.971
19.1344	354.449	341.736
19.1463	354.182	341.502
19.1583	353.917	341.269
19.1702	353.652	341.036
19.1821	353.387	340.804
19.1941	353.124	340.573
19.206	352.86	340.343
19.218	352.598	340.113
19.2299	352.336	339.883
19.2418	352.075	339.655
19.2538	351.814	339.427
19.2657	351.554	339.2
19.2776	351.294	338.973
19.2896	351.036	338.747
19.3015	350.777	338.522
19.3135	350.52	338.298
19.3254	350.263	338.074
19.3373	350.007	337.85
19.3493	349.751	337.628
19.3612	349.496	337.406
19.3731	349.242	337.185
19.3851	348.988	336.964
19.397	348.735	336.744
19.4089	348.483	336.525
19.4209	348.231	336.307
19.4328	347.98	336.089
19.4448	347.729	335.872
19.4567	347.479	335.655
19.4686	347.23	335.439
19.4806	346.982	335.224
19.4925	346.734	335.01
19.5044	346.486	334.796
19.5164	346.24	334.583
19.5283	345.994	334.37
19.5402	345.749	334.159
19.5522	345.504	333.948
19.5641	345.26	333.737
19.5761	345.016	333.527
19.588	344.774	333.318
19.5999	344.532	333.11
19.6119	344.29	332.902
19.6238	344.049	332.695
19.6357	343.809	332.489
19.6477	343.57	332.283
19.6596	343.331	332.078
19.6716	343.093	331.874
19.6835	342.855	331.67
19.6954	342.619	331.467
19.7074	342.382	331.265
19.7193	342.147	331.063
19.7312	341.912	330.862
19.7432	341.678	330.662
19.7551	341.444	330.462
19.767	341.212	330.263
19.779	340.979	330.065
19.7909	340.748	329.867
19.8029	340.517	329.671
19.8148	340.287	329.474
19.8267	340.057	329.279
19.8387	339.828	329.084
19.8506	339.6	328.89
19.8625	339.373	328.696
19.8745	339.146	328.503
19.8864	338.919	328.311
19.8983	338.694	328.12
19.9103	338.469	327.929
19.9222	338.245	327.739
19.9342	338.021	327.549
19.9461	337.798	327.36
19.958	337.576	327.172
19.97	337.355	326.985
19.9819	337.134	326.798
19.9938	336.913	326.612
20.0058	336.694	326.426
20.0177	336.475	326.242
20.0296	336.257	326.058
20.0416	336.039	325.874
20.0535	335.822	325.691
20.0655	335.606	325.509
20.0774	335.391	325.328
20.0893	335.176	325.147
20.1013	334.962	324.967
20.1132	334.748	324.788
20.1251	334.535	324.609
20.1371	334.323	324.431
20.149	334.112	324.253
20.161	333.901	324.077
20.1729	333.691	323.901
20.1848	333.481	323.725
20.1968	333.273	323.551
20.2087	333.065	323.377
20.2206	332.857	323.203
20.2326	332.65	323.03
20.2445	332.444	322.858
20.2564	332.239	322.687
20.2684	332.034	322.516
20.2803	331.83	322.346
20.2923	331.627	322.177
20.3042	331.424	322.008
20.3161	331.222	321.84
20.3281	331.021	321.672
20.34	330.82	321.506
20.3519	330.62	321.339
20.3639	330.42	321.174
20.3758	330.222	321.009
20.3877	330.024	320.845
20.3997	329.826	320.682
20.4116	329.63	320.519
20.4236	329.434	320.357
20.4355	329.239	320.195
20.4474	329.044	320.034
20.4594	328.85	319.874
20.4713	328.657	319.714
20.4832	328.464	319.556
20.4952	328.272	319.397
20.5071	328.081	319.24
20.5191	327.89	319.083
20.531	327.7	318.926
20.5429	327.511	318.771
20.5549	327.323	318.616
20.5668	327.135	318.461
20.5787	326.947	318.308
20.5907	326.761	318.155
20.6026	326.575	318.002
20.6145	326.39	317.85
20.6265	326.205	317.699
20.6384	326.021	317.549
20.6504	325.838	317.399
20.6623	325.656	317.25
20.6742	325.474	317.101
20.6862	325.292	316.953
20.6981	325.112	316.806
20.71	324.932	316.659
20.722	324.753	316.513
20.7339	324.574	316.367
20.7458	324.396	316.223
20.7578	324.219	316.079
20.7697	324.043	315.935
20.7817	323.867	315.792
20.7936	323.692	315.65
20.8055	323.517	315.508
20.8175	323.343	315.367
20.8294	323.17	315.227
20.8413	322.998	315.087
20.8533	322.826	314.948
20.8652	322.654	314.809
20.8771	322.484	314.672
20.8891	322.314	314.534
20.901	322.145	314.398
20.913	321.976	314.262
20.9249	321.808	314.126
20.9368	321.641	313.991
20.9488	321.474	313.857
20.9607	321.308	313.724
20.9726	321.143	313.591
20.9846	320.978	313.458
20.9965	320.814	313.327
21.0085	320.651	313.196
21.0204	320.488	313.065
21.0323	320.326	312.935
21.0443	320.165	312.806
21.0562	320.004	312.677
21.0681	319.844	312.549
21.0801	319.685	312.422
21.092	319.526	312.295
21.1039	319.368	312.168
21.1159	319.211	312.043
21.1278	319.054	311.918
21.1398	318.898	311.793
21.1517	318.742	311.669
21.1636	318.587	311.546
21.1756	318.433	311.423
21.1875	318.279	311.301
21.1994	318.126	311.18
21.2114	317.974	311.059
21.2233	317.822	310.938
21.2352	317.671	310.819
21.2472	317.521	310.699
21.2591	317.371	310.581
21.2711	317.222	310.463
21.283	317.074	310.345
21.2949	316.926	310.229
21.3069	316.779	310.112
21.3188	316.632	309.997
21.3307	316.486	309.881
21.3427	316.341	309.767
21.3546	316.196	309.653
21.3666	316.052	309.54
21.3785	315.909	309.427
21.3904	315.766	309.314
21.4024	315.624	309.203
21.4143	315.482	309.092
21.4262	315.342	308.981
21.4382	315.201	308.871
21.4501	315.062	308.762
21.462	314.923	308.653
21.474	314.784	308.544
21.4859	314.646	308.437
21.4979	314.509	308.329
21.5098	314.373	308.223
21.5217	314.237	308.117
21.5337	314.101	308.011
21.5456	313.967	307.906
21.5575	313.833	307.802
21.5695	313.699	307.698
21.5814	313.566	307.594
21.5933	313.434	307.492
21.6053	313.303	307.389
21.6172	313.171	307.288
21.6292	313.041	307.186
21.6411	312.911	307.086
21.653	312.782	306.986
21.665	312.653	306.886
21.6769	312.525	306.787
21.6888	312.398	306.689
21.7008	312.271	306.591
21.7127	312.145	306.493
21.7246	312.019	306.396
21.7366	311.894	306.3
21.7485	311.77	306.204
21.7605	311.646	306.109
21.7724	311.523	306.014
21.7843	311.4	305.92
21.7963	311.278	305.826
21.8082	311.157	305.732
21.8201	311.036	305.64
21.8321	310.916	305.547
21.844	310.796	305.456
21.856	310.677	305.365
21.8679	310.558	305.274
21.8798	310.44	305.184
21.8918	310.323	305.094
21.9037	310.206	305.005
21.9156	310.09	304.916
21.9276	309.974	304.828
21.9395	309.859	304.74
21.9514	309.745	304.653
21.9634	309.631	304.566
21.9753	309.518	304.48
21.9873	309.405	304.394
21.9992	309.293	304.309
22.0111	309.181	304.224
22.0231	309.07	304.14
22.035	308.96	304.056
22.0469	308.85	303.973
22.0589	308.74	303.89
22.0708	308.631	303.808
22.0827	308.523	303.726
22.0947	308.415	303.645
22.1066	308.308	303.564
22.1186	308.202	303.484
22.1305	308.096	303.404
22.1424	307.99	303.324
22.1544	307.885	303.245
22.1663	307.781	303.167
22.1782	307.677	303.089
22.1902	307.574	303.011
22.2021	307.471	302.934
22.2141	307.369	302.857
22.226	307.267	302.781
22.2379	307.166	302.705
22.2499	307.065	302.63
22.2618	306.965	302.555
22.2737	306.866	302.481
22.2857	306.767	302.407
22.2976	306.668	302.334
22.3095	306.57	302.261
22.3215	306.473	302.188
22.3334	306.376	302.116
22.3454	306.28	302.044
22.3573	306.184	301.973
22.3692	306.088	301.902
22.3812	305.994	301.832
22.3931	305.899	301.762
22.405	305.806	301.692
22.417	305.712	301.623
22.4289	305.62	301.555
22.4408	305.528	301.486
22.4528	305.436	301.419
22.4647	305.345	301.351
22.4767	305.254	301.284
22.4886	305.164	301.218
22.5005	305.074	301.152
22.5125	304.985	301.086
22.5244	304.896	301.021
22.5363	304.808	300.956
22.5483	304.721	300.892
22.5602	304.633	300.827
22.5721	304.547	300.764
22.5841	304.461	300.701
22.596	304.375	300.638
22.608	304.29	300.576
22.6199	304.205	300.514
22.6318	304.121	300.452
22.6438	304.037	300.391
22.6557	303.954	300.33
22.6676	303.871	300.27
22.6796	303.789	300.21
22.6915	303.707	300.15
22.7035	303.626	300.091
22.7154	303.545	300.032
22.7273	303.464	299.974
22.7393	303.385	299.916
22.7512	303.305	299.858
22.7631	303.226	299.801
22.7751	303.148	299.744
22.787	303.07	299.687
22.7989	302.992	299.631
22.8109	302.915	299.576
22.8228	302.838	299.52
22.8348	302.762	299.465
22.8467	302.687	299.411
22.8586	302.611	299.356
22.8706	302.537	299.302
22.8825	302.462	299.249
22.8944	302.388	299.196
22.9064	302.315	299.143
22.9183	302.242	299.091
22.9302	302.169	299.038
22.9422	302.097	298.987
22.9541	302.026	298.935
22.9661	301.954	298.884
22.978	301.883	298.834
22.9899	301.813	298.783
23.0019	301.743	298.734
23.0138	301.674	298.684
23.0257	301.605	298.635
23.0377	301.536	298.586
23.0496	301.468	298.537
23.0616	301.4	298.489
23.0735	301.333	298.441
23.0854	301.266	298.394
23.0974	301.199	298.346
23.1093	301.133	298.299
23.1212	301.068	298.253
23.1332	301.003	298.207
23.1451	300.938	298.161
23.157	300.873	298.115
23.169	300.809	298.07
23.1809	300.746	298.025
23.1929	300.683	297.981
23.2048	300.62	297.936
23.2167	300.557	297.892
23.2287	300.496	297.849
23.2406	300.434	297.805
23.2525	300.373	297.762
23.2645	300.312	297.72
23.2764	300.252	297.677
23.2883	300.192	297.635
23.3003	300.132	297.594
23.3122	300.073	297.552
23.3242	300.014	297.511
23.3361	299.956	297.47
23.348	299.898	297.43
23.36	299.84	297.39
23.3719	299.783	297.35
23.3838	299.726	297.31
23.3958	299.67	297.271
23.4077	299.614	297.232
23.4196	299.558	297.193
23.4316	299.503	297.154
23.4435	299.448	297.116
23.4555	299.393	297.078
23.4674	299.339	297.041
23.4793	299.285	297.003
23.4913	299.231	296.966
23.5032	299.178	296.93
23.5151	299.125	296.893
23.5271	299.073	296.857
23.539	299.021	296.821
23.551	298.969	296.786
23.5629	298.918	296.75
23.5748	298.867	296.715
23.5868	298.816	296.68
23.5987	298.766	296.646
23.6106	298.716	296.611
23.6226	298.667	296.577
23.6345	298.617	296.544
23.6464	298.569	296.51
23.6584	298.52	296.477
23.6703	298.472	296.444
23.6823	298.424	296.411
23.6942	298.376	296.379
23.7061	298.329	296.347
23.7181	298.282	296.315
23.73	298.236	296.283
23.7419	298.19	296.252
23.7539	298.144	296.221
23.7658	298.098	296.19
23.7777	298.053	296.159
23.7897	298.008	296.129
23.8016	297.964	296.099
23.8136	297.92	296.07
23.8255	297.876	296.042
23.8374	297.832	296.015
23.8494	297.789	295.992
23.8613	297.747	295.974
23.8732	297.727	295.967
