0	773.941	774.174
0.0119366	773.91	774.142
0.0238732	773.818	774.049
0.0358099	773.672	773.9
0.0477465	773.477	773.703
0.0596831	773.245	773.467
0.0716197	772.982	773.201
0.0835563	772.697	772.915
0.095493	772.397	772.613
0.10743	772.086	772.302
0.119366	771.769	771.984
0.131303	771.447	771.662
0.143239	771.123	771.337
0.155176	770.796	771.011
0.167113	770.469	770.684
0.179049	770.14	770.356
0.190986	769.811	770.027
0.202923	769.482	769.698
0.214859	769.151	769.368
0.226796	768.821	769.037
0.238732	768.489	768.706
0.250669	768.157	768.375
0.262606	767.825	768.043
0.274542	767.492	767.71
0.286479	767.159	767.377
0.298416	766.825	767.044
0.310352	766.491	766.71
0.322289	766.157	766.376
0.334225	765.822	766.041
0.346162	765.486	765.706
0.358099	765.15	765.37
0.370035	764.814	765.034
0.381972	764.477	764.697
0.393908	764.139	764.36
0.405845	763.801	764.022
0.417782	763.463	763.684
0.429718	763.124	763.346
0.441655	762.785	763.007
0.453592	762.445	762.668
0.465528	762.105	762.328
0.477465	761.765	761.988
0.489401	761.424	761.647
0.501338	761.082	761.306
0.513275	760.74	760.964
0.525211	760.398	760.622
0.537148	760.055	760.28
0.549085	759.712	759.937
0.561021	759.368	759.593
0.572958	759.024	759.249
0.584894	758.68	758.905
0.596831	758.335	758.56
0.608768	757.99	758.215
0.620704	757.644	757.87
0.632641	757.297	757.524
0.644578	756.951	757.177
0.656514	756.604	756.831
0.668451	756.256	756.483
0.680387	755.908	756.136
0.692324	755.56	755.788
0.704261	755.211	755.439
0.716197	754.862	755.09
0.728134	754.512	754.741
0.74007	754.162	754.391
0.752007	753.812	754.041
0.763944	753.461	753.69
0.77588	753.11	753.339
0.787817	752.758	752.988
0.799754	752.406	752.636
0.81169	752.053	752.284
0.823627	751.7	751.931
0.835563	751.347	751.578
0.8475	750.993	751.225
0.859437	750.639	750.871
0.871373	750.285	750.516
0.88331	749.93	750.162
0.895247	749.575	749.807
0.907183	749.219	749.451
0.91912	748.863	749.095
0.931056	748.506	748.739
0.942993	748.15	748.383
0.95493	747.792	748.026
0.966866	747.435	747.668
0.978803	747.077	747.31
0.99074	746.718	746.952
1.00268	746.359	746.594
1.01461	746	746.235
1.02655	745.641	745.876
1.03849	745.281	745.516
1.05042	744.921	745.156
1.06236	744.56	744.795
1.0743	744.199	744.435
1.08623	743.837	744.073
1.09817	743.476	743.712
1.11011	743.114	743.35
1.12204	742.751	742.988
1.13398	742.388	742.625
1.14592	742.025	742.262
1.15785	741.661	741.899
1.16979	741.297	741.535
1.18173	740.933	741.171
1.19366	740.568	740.806
1.2056	740.203	740.442
1.21754	739.838	740.077
1.22947	739.472	739.711
1.24141	739.106	739.345
1.25335	738.74	738.979
1.26528	738.373	738.612
1.27722	738.006	738.246
1.28916	737.639	737.878
1.30109	737.271	737.511
1.31303	736.903	737.143
1.32496	736.534	736.775
1.3369	736.165	736.406
1.34884	735.796	736.037
1.36077	735.427	735.668
1.37271	735.057	735.298
1.38465	734.687	734.928
1.39658	734.316	734.558
1.40852	733.946	734.188
1.42046	733.575	733.817
1.43239	733.203	733.445
1.44433	732.831	733.074
1.45627	732.459	732.702
1.4682	732.087	732.33
1.48014	731.714	731.957
1.49208	731.341	731.585
1.50401	730.968	731.211
1.51595	730.594	730.838
1.52789	730.22	730.464
1.53982	729.846	730.09
1.55176	729.472	729.716
1.5637	729.097	729.341
1.57563	728.722	728.966
1.58757	728.346	728.591
1.59951	727.97	728.215
1.61144	727.594	727.839
1.62338	727.218	727.463
1.63532	726.841	727.087
1.64725	726.464	726.71
1.65919	726.087	726.333
1.67113	725.709	725.955
1.68306	725.332	725.578
1.695	724.953	725.2
1.70694	724.575	724.822
1.71887	724.196	724.443
1.73081	723.817	724.064
1.74275	723.438	723.685
1.75468	723.059	723.306
1.76662	722.679	722.926
1.77856	722.299	722.546
1.79049	721.918	722.166
1.80243	721.538	721.786
1.81437	721.157	721.405
1.8263	720.776	721.024
1.83824	720.394	720.643
1.85018	720.013	720.261
1.86211	719.631	719.879
1.87405	719.248	719.497
1.88599	718.866	719.115
1.89792	718.483	718.733
1.90986	718.1	718.35
1.9218	717.717	717.967
1.93373	717.334	717.583
1.94567	716.95	717.2
1.95761	716.566	716.816
1.96954	716.181	716.432
1.98148	715.797	716.047
1.99342	715.412	715.663
2.00535	715.027	715.278
2.01729	714.642	714.893
2.02923	714.257	714.507
2.04116	713.871	714.122
2.0531	713.485	713.736
2.06504	713.099	713.35
2.07697	712.712	712.964
2.08891	712.326	712.577
2.10085	711.939	712.19
2.11278	711.552	711.803
2.12472	711.164	711.416
2.13666	710.777	711.029
2.14859	710.389	710.641
2.16053	710.001	710.253
2.17246	709.613	709.865
2.1844	709.224	709.477
2.19634	708.835	709.088
2.20827	708.446	708.699
2.22021	708.057	708.31
2.23215	707.668	707.921
2.24408	707.278	707.532
2.25602	706.889	707.142
2.26796	706.499	706.752
2.27989	706.109	706.362
2.29183	705.718	705.972
2.30377	705.328	705.582
2.3157	704.937	705.191
2.32764	704.546	704.8
2.33958	704.155	704.409
2.35151	703.763	704.018
2.36345	703.372	703.626
2.37539	702.98	703.235
2.38732	702.588	702.843
2.39926	702.196	702.451
2.4112	701.803	702.058
2.42313	701.411	701.666
2.43507	701.018	701.273
2.44701	700.625	700.881
2.45894	700.232	700.488
2.47088	699.839	700.094
2.48282	699.445	699.701
2.49475	699.052	699.308
2.50669	698.658	698.914
2.51863	698.264	698.52
2.53056	697.87	698.126
2.5425	697.475	697.732
2.55444	697.081	697.337
2.56637	696.686	696.943
2.57831	696.291	696.548
2.59025	695.896	696.153
2.60218	695.501	695.758
2.61412	695.106	695.363
2.62606	694.71	694.967
2.63799	694.315	694.572
2.64993	693.919	694.176
2.66187	693.523	693.78
2.6738	693.127	693.384
2.68574	692.73	692.988
2.69768	692.334	692.591
2.70961	691.937	692.195
2.72155	691.54	691.798
2.73349	691.144	691.401
2.74542	690.746	691.004
2.75736	690.349	690.607
2.7693	689.952	690.21
2.78123	689.554	689.813
2.79317	689.157	689.415
2.80511	688.759	689.017
2.81704	688.361	688.62
2.82898	687.963	688.222
2.84092	687.565	687.823
2.85285	687.167	687.425
2.86479	686.768	687.027
2.87673	686.37	686.628
2.88866	685.971	686.23
2.9006	685.572	685.831
2.91254	685.173	685.432
2.92447	684.774	685.033
2.93641	684.375	684.634
2.94835	683.975	684.235
2.96028	683.576	683.835
2.97222	683.176	683.436
2.98416	682.777	683.036
2.99609	682.377	682.636
3.00803	681.977	682.237
3.01997	681.577	681.837
3.0319	681.177	681.436
3.04384	680.776	681.036
3.05577	680.376	680.636
3.06771	679.976	680.236
3.07965	679.575	679.835
3.09158	679.174	679.434
3.10352	678.773	679.034
3.11546	678.373	678.633
3.12739	677.972	678.232
3.13933	677.57	677.831
3.15127	677.169	677.43
3.1632	676.768	677.028
3.17514	676.367	676.627
3.18708	675.965	676.226
3.19901	675.563	675.824
3.21095	675.162	675.422
3.22289	674.76	675.021
3.23482	674.358	674.619
3.24676	673.956	674.217
3.2587	673.554	673.815
3.27063	673.152	673.413
3.28257	672.75	673.011
3.29451	672.348	672.609
3.30644	671.945	672.206
3.31838	671.543	671.804
3.33032	671.14	671.401
3.34225	670.738	670.999
3.35419	670.335	670.596
3.36613	669.932	670.193
3.37806	669.529	669.791
3.39	669.127	669.388
3.40194	668.724	668.985
3.41387	668.321	668.582
3.42581	667.917	668.179
3.43775	667.514	667.776
3.44968	667.111	667.372
3.46162	666.708	666.969
3.47356	666.304	666.566
3.48549	665.901	666.163
3.49743	665.497	665.759
3.50937	665.094	665.356
3.5213	664.69	664.952
3.53324	664.287	664.548
3.54518	663.883	664.145
3.55711	663.479	663.741
3.56905	663.075	663.337
3.58099	662.671	662.933
3.59292	662.268	662.529
3.60486	661.864	662.125
3.6168	661.46	661.721
3.62873	661.055	661.317
3.64067	660.651	660.913
3.65261	660.247	660.509
3.66454	659.843	660.105
3.67648	659.439	659.701
3.68842	659.034	659.296
3.70035	658.63	658.892
3.71229	658.226	658.488
3.72423	657.821	658.083
3.73616	657.417	657.679
3.7481	657.013	657.275
3.76004	656.608	656.87
3.77197	656.203	656.466
3.78391	655.799	656.061
3.79585	655.394	655.656
3.80778	654.99	655.252
3.81972	654.585	654.847
3.83166	654.18	654.443
3.84359	653.776	654.038
3.85553	653.371	653.633
3.86747	652.966	653.228
3.8794	652.561	652.824
3.89134	652.157	652.419
3.90327	651.752	652.014
3.91521	651.347	651.609
3.92715	650.942	651.204
3.93908	650.537	650.799
3.95102	650.132	650.395
3.96296	649.727	649.99
3.97489	649.322	649.585
3.98683	648.918	649.18
3.99877	648.513	648.775
4.0107	648.108	648.37
4.02264	647.703	647.965
4.03458	647.298	647.56
4.04651	646.893	647.155
4.05845	646.488	646.75
4.07039	646.083	646.345
4.08232	645.678	645.94
4.09426	645.273	645.535
4.1062	644.868	645.13
4.11813	644.463	644.725
4.13007	644.058	644.32
4.14201	643.653	643.915
4.15394	643.248	643.51
4.16588	642.843	643.105
4.17782	642.438	642.7
4.18975	642.033	642.295
4.20169	641.628	641.89
4.21363	641.223	641.485
4.22556	640.818	641.08
4.2375	640.413	640.675
4.24944	640.008	640.27
4.26137	639.603	639.865
4.27331	639.198	639.46
4.28525	638.793	639.055
4.29718	638.388	638.65
4.30912	637.983	638.245
4.32106	637.579	637.841
4.33299	637.174	637.436
4.34493	636.769	637.031
4.35687	636.364	636.626
4.3688	635.959	636.221
4.38074	635.555	635.816
4.39268	635.15	635.412
4.40461	634.745	635.007
4.41655	634.34	634.602
4.42849	633.936	634.198
4.44042	633.531	633.793
4.45236	633.126	633.388
4.4643	632.722	632.984
4.47623	632.317	632.579
4.48817	631.913	632.174
4.50011	631.508	631.77
4.51204	631.104	631.365
4.52398	630.699	630.961
4.53592	630.295	630.556
4.54785	629.89	630.152
4.55979	629.486	629.748
4.57173	629.082	629.343
4.58366	628.677	628.939
4.5956	628.273	628.535
4.60754	627.869	628.13
4.61947	627.465	627.726
4.63141	627.061	627.322
4.64335	626.657	626.918
4.65528	626.252	626.514
4.66722	625.848	626.11
4.67916	625.444	625.706
4.69109	625.041	625.302
4.70303	624.637	624.898
4.71497	624.233	624.494
4.7269	623.829	624.09
4.73884	623.425	623.686
4.75078	623.022	623.283
4.76271	622.618	622.879
4.77465	622.214	622.475
4.78658	621.811	622.072
4.79852	621.407	621.668
4.81046	621.004	621.265
4.82239	620.6	620.861
4.83433	620.197	620.458
4.84627	619.794	620.054
4.8582	619.39	619.651
4.87014	618.987	619.248
4.88208	618.584	618.845
4.89401	618.181	618.442
4.90595	617.778	618.038
4.91789	617.375	617.635
4.92982	616.972	617.232
4.94176	616.569	616.83
4.9537	616.166	616.427
4.96563	615.764	616.024
4.97757	615.361	615.621
4.98951	614.958	615.219
5.00144	614.556	614.816
5.01338	614.153	614.413
5.02532	613.751	614.011
5.03725	613.348	613.608
5.04919	612.946	613.206
5.06113	612.544	612.804
5.07306	612.142	612.402
5.085	611.739	611.999
5.09694	611.337	611.597
5.10887	610.935	611.195
5.12081	610.534	610.793
5.13275	610.132	610.391
5.14468	609.73	609.99
5.15662	609.328	609.588
5.16856	608.927	609.186
5.18049	608.525	608.785
5.19243	608.124	608.383
5.20437	607.722	607.981
5.2163	607.321	607.58
5.22824	606.919	607.179
5.24018	606.518	606.778
5.25211	606.117	606.376
5.26405	605.716	605.975
5.27599	605.315	605.574
5.28792	604.914	605.173
5.29986	604.513	604.772
5.3118	604.113	604.372
5.32373	603.712	603.971
5.33567	603.311	603.57
5.34761	602.911	603.17
5.35954	602.51	602.769
5.37148	602.11	602.369
5.38342	601.71	601.968
5.39535	601.31	601.568
5.40729	600.909	601.168
5.41923	600.509	600.768
5.43116	600.109	600.368
5.4431	599.71	599.968
5.45504	599.31	599.568
5.46697	598.91	599.168
5.47891	598.51	598.769
5.49085	598.111	598.369
5.50278	597.712	597.97
5.51472	597.312	597.57
5.52666	596.913	597.171
5.53859	596.514	596.772
5.55053	596.115	596.372
5.56247	595.716	595.973
5.5744	595.317	595.574
5.58634	594.918	595.175
5.59828	594.519	594.777
5.61021	594.12	594.378
5.62215	593.722	593.979
5.63408	593.323	593.581
5.64602	592.925	593.182
5.65796	592.527	592.784
5.66989	592.128	592.386
5.68183	591.73	591.987
5.69377	591.332	591.589
5.7057	590.934	591.191
5.71764	590.536	590.793
5.72958	590.139	590.396
5.74151	589.741	589.998
5.75345	589.344	589.6
5.76539	588.946	589.203
5.77732	588.549	588.805
5.78926	588.151	588.408
5.8012	587.754	588.011
5.81313	587.357	587.614
5.82507	586.96	587.216
5.83701	586.563	586.819
5.84894	586.166	586.423
5.86088	585.77	586.026
5.87282	585.373	585.629
5.88475	584.977	585.233
5.89669	584.58	584.836
5.90863	584.184	584.44
5.92056	583.788	584.043
5.9325	583.392	583.647
5.94444	582.995	583.251
5.95637	582.6	582.855
5.96831	582.204	582.459
5.98025	581.808	582.063
5.99218	581.412	581.668
6.00412	581.017	581.272
6.01606	580.621	580.877
6.02799	580.226	580.481
6.03993	579.831	580.086
6.05187	579.436	579.691
6.0638	579.041	579.296
6.07574	578.646	578.901
6.08768	578.251	578.506
6.09961	577.856	578.111
6.11155	577.462	577.716
6.12349	577.067	577.322
6.13542	576.673	576.927
6.14736	576.278	576.533
6.1593	575.884	576.139
6.17123	575.49	575.745
6.18317	575.096	575.351
6.19511	574.702	574.957
6.20704	574.309	574.563
6.21898	573.915	574.169
6.23092	573.521	573.775
6.24285	573.128	573.382
6.25479	572.734	572.988
6.26673	572.341	572.595
6.27866	571.948	572.202
6.2906	571.555	571.809
6.30254	571.162	571.416
6.31447	570.769	571.023
6.32641	570.376	570.63
6.33835	569.984	570.237
6.35028	569.591	569.845
6.36222	569.199	569.452
6.37416	568.807	569.06
6.38609	568.414	568.668
6.39803	568.022	568.275
6.40997	567.63	567.883
6.4219	567.238	567.491
6.43384	566.847	567.099
6.44578	566.455	566.708
6.45771	566.063	566.316
6.46965	565.672	565.925
6.48159	565.281	565.533
6.49352	564.889	565.142
6.50546	564.498	564.751
6.51739	564.107	564.36
6.52933	563.716	563.969
6.54127	563.326	563.578
6.5532	562.935	563.187
6.56514	562.544	562.796
6.57708	562.154	562.406
6.58901	561.763	562.015
6.60095	561.373	561.625
6.61289	560.983	561.235
6.62482	560.593	560.845
6.63676	560.203	560.455
6.6487	559.813	560.065
6.66063	559.423	559.675
6.67257	559.034	559.285
6.68451	558.644	558.896
6.69644	558.255	558.506
6.70838	557.866	558.117
6.72032	557.476	557.727
6.73225	557.087	557.338
6.74419	556.698	556.949
6.75613	556.309	556.56
6.76806	555.921	556.172
6.78	555.532	555.783
6.79194	555.144	555.394
6.80387	554.755	555.006
6.81581	554.367	554.617
6.82775	553.979	554.229
6.83968	553.591	553.841
6.85162	553.203	553.453
6.86356	552.815	553.065
6.87549	552.427	552.677
6.88743	552.039	552.289
6.89937	551.652	551.902
6.9113	551.264	551.514
6.92324	550.877	551.127
6.93518	550.49	550.739
6.94711	550.103	550.352
6.95905	549.716	549.965
6.97099	549.329	549.578
6.98292	548.942	549.191
6.99486	548.555	548.805
7.0068	548.169	548.418
7.01873	547.782	548.031
7.03067	547.396	547.645
7.04261	547.009	547.259
7.05454	546.623	546.872
7.06648	546.237	546.486
7.07842	545.851	546.1
7.09035	545.466	545.714
7.10229	545.08	545.329
7.11423	544.694	544.943
7.12616	544.309	544.557
7.1381	543.923	544.172
7.15004	543.538	543.787
7.16197	543.153	543.401
7.17391	542.768	543.016
7.18585	542.383	542.631
7.19778	541.998	542.246
7.20972	541.613	541.861
7.22166	541.229	541.477
7.23359	540.844	541.092
7.24553	540.46	540.708
7.25747	540.075	540.323
7.2694	539.691	539.939
7.28134	539.307	539.555
7.29328	538.923	539.171
7.30521	538.539	538.787
7.31715	538.155	538.403
7.32909	537.771	538.019
7.34102	537.388	537.635
7.35296	537.004	537.252
7.36489	536.621	536.868
7.37683	536.238	536.485
7.38877	535.855	536.102
7.4007	535.471	535.719
7.41264	535.089	535.336
7.42458	534.706	534.953
7.43651	534.323	534.57
7.44845	533.94	534.187
7.46039	533.558	533.804
7.47232	533.175	533.422
7.48426	532.793	533.04
7.4962	532.411	532.657
7.50813	532.029	532.275
7.52007	531.647	531.893
7.53201	531.265	531.511
7.54394	530.883	531.129
7.55588	530.501	530.747
7.56782	530.119	530.366
7.57975	529.738	529.984
7.59169	529.356	529.603
7.60363	528.975	529.221
7.61556	528.594	528.84
7.6275	528.213	528.459
7.63944	527.832	528.078
7.65137	527.451	527.697
7.66331	527.07	527.316
7.67525	526.689	526.935
7.68718	526.309	526.554
7.69912	525.928	526.174
7.71106	525.548	525.793
7.72299	525.168	525.413
7.73493	524.787	525.033
7.74687	524.407	524.652
7.7588	524.027	524.272
7.77074	523.647	523.892
7.78268	523.268	523.513
7.79461	522.888	523.133
7.80655	522.508	522.753
7.81849	522.129	522.373
7.83042	521.749	521.994
7.84236	521.37	521.615
7.8543	520.991	521.235
7.86623	520.612	520.856
7.87817	520.233	520.477
7.89011	519.854	520.098
7.90204	519.475	519.719
7.91398	519.096	519.34
7.92592	518.717	518.962
7.93785	518.339	518.583
7.94979	517.96	518.205
7.96173	517.582	517.826
7.97366	517.204	517.448
7.9856	516.826	517.07
7.99754	516.447	516.691
8.00947	516.069	516.313
8.02141	515.692	515.935
8.03335	515.314	515.558
8.04528	514.936	515.18
8.05722	514.558	514.802
8.06916	514.181	514.425
8.08109	513.804	514.047
8.09303	513.426	513.67
8.10497	513.049	513.292
8.1169	512.672	512.915
8.12884	512.295	512.538
8.14078	511.918	512.161
8.15271	511.541	511.784
8.16465	511.164	511.407
8.17659	510.788	511.031
8.18852	510.411	510.654
8.20046	510.034	510.277
8.2124	509.658	509.901
8.22433	509.282	509.524
8.23627	508.905	509.148
8.2482	508.529	508.772
8.26014	508.153	508.396
8.27208	507.777	508.02
8.28401	507.401	507.644
8.29595	507.026	507.268
8.30789	506.65	506.892
8.31982	506.274	506.517
8.33176	505.899	506.141
8.3437	505.523	505.766
8.35563	505.148	505.39
8.36757	504.773	505.015
8.37951	504.398	504.64
8.39144	504.023	504.265
8.40338	503.648	503.889
8.41532	503.273	503.515
8.42725	502.898	503.14
8.43919	502.523	502.765
8.45113	502.148	502.39
8.46306	501.774	502.016
8.475	501.399	501.641
8.48694	501.025	501.267
8.49887	500.651	500.892
8.51081	500.276	500.518
8.52275	499.902	500.144
8.53468	499.528	499.77
8.54662	499.154	499.396
8.55856	498.78	499.022
8.57049	498.407	498.648
8.58243	498.033	498.274
8.59437	497.659	497.9
8.6063	497.286	497.527
8.61824	496.912	497.153
8.63018	496.539	496.78
8.64211	496.165	496.406
8.65405	495.792	496.033
8.66599	495.419	495.66
8.67792	495.046	495.287
8.68986	494.673	494.914
8.7018	494.3	494.541
8.71373	493.927	494.168
8.72567	493.555	493.795
8.73761	493.182	493.422
8.74954	492.809	493.05
8.76148	492.437	492.677
8.77342	492.065	492.305
8.78535	491.692	491.932
8.79729	491.32	491.56
8.80923	490.948	491.188
8.82116	490.576	490.816
8.8331	490.204	490.444
8.84504	489.832	490.072
8.85697	489.46	489.7
8.86891	489.088	489.328
8.88085	488.716	488.956
8.89278	488.345	488.585
8.90472	487.973	488.213
8.91666	487.602	487.842
8.92859	487.23	487.47
8.94053	486.859	487.099
8.95247	486.488	486.728
8.9644	486.117	486.356
8.97634	485.746	485.985
8.98828	485.375	485.614
9.00021	485.004	485.243
9.01215	484.633	484.872
9.02409	484.262	484.502
9.03602	483.892	484.131
9.04796	483.521	483.76
9.0599	483.15	483.39
9.07183	482.78	483.019
9.08377	482.41	482.649
9.0957	482.039	482.278
9.10764	481.669	481.908
9.11958	481.299	481.538
9.13151	480.929	481.168
9.14345	480.559	480.798
9.15539	480.189	480.428
9.16732	479.819	480.058
9.17926	479.45	479.688
9.1912	479.08	479.319
9.20313	478.71	478.949
9.21507	478.341	478.579
9.22701	477.971	478.21
9.23894	477.602	477.84
9.25088	477.233	477.471
9.26282	476.863	477.102
9.27475	476.494	476.733
9.28669	476.125	476.364
9.29863	475.756	475.994
9.31056	475.387	475.626
9.3225	475.019	475.257
9.33444	474.65	474.888
9.34637	474.281	474.519
9.35831	473.912	474.15
9.37025	473.544	473.782
9.38218	473.176	473.413
9.39412	472.807	473.045
9.40606	472.439	472.677
9.41799	472.071	472.308
9.42993	471.702	471.94
9.44187	471.334	471.572
9.4538	470.966	471.204
9.46574	470.599	470.836
9.47768	470.231	470.468
9.48961	469.863	470.1
9.50155	469.495	469.733
9.51349	469.128	469.365
9.52542	468.76	468.997
9.53736	468.393	468.63
9.5493	468.025	468.263
9.56123	467.658	467.895
9.57317	467.291	467.528
9.58511	466.924	467.161
9.59704	466.557	466.794
9.60898	466.19	466.427
9.62092	465.823	466.06
9.63285	465.456	465.693
9.64479	465.089	465.326
9.65673	464.722	464.959
9.66866	464.356	464.593
9.6806	463.989	464.226
9.69254	463.623	463.86
9.70447	463.257	463.493
9.71641	462.89	463.127
9.72835	462.524	462.761
9.74028	462.158	462.394
9.75222	461.792	462.028
9.76416	461.426	461.662
9.77609	461.06	461.296
9.78803	460.694	460.931
9.79997	460.329	460.565
9.8119	459.963	460.199
9.82384	459.597	459.834
9.83578	459.232	459.468
9.84771	458.867	459.103
9.85965	458.501	458.737
9.87159	458.136	458.372
9.88352	457.771	458.007
9.89546	457.406	457.642
9.9074	457.041	457.277
9.91933	456.676	456.912
9.93127	456.311	456.547
9.94321	455.947	456.182
9.95514	455.582	455.818
9.96708	455.217	455.453
9.97901	454.853	455.088
9.99095	454.489	454.724
10.0029	454.124	454.36
10.0148	453.76	453.995
10.0268	453.396	453.631
10.0387	453.032	453.267
10.0506	452.668	452.903
10.0626	452.304	452.539
10.0745	451.941	452.176
10.0864	451.577	451.812
10.0984	451.213	451.448
10.1103	450.85	451.085
10.1223	450.486	450.721
10.1342	450.123	450.358
10.1461	449.76	449.995
10.1581	449.397	449.631
10.17	449.034	449.268
10.1819	448.671	448.905
10.1939	448.308	448.543
10.2058	447.945	448.18
10.2177	447.583	447.817
10.2297	447.22	447.454
10.2416	446.858	447.092
10.2536	446.495	446.73
10.2655	446.133	446.367
10.2774	445.771	446.005
10.2894	445.409	445.643
10.3013	445.047	445.281
10.3132	444.685	444.919
10.3252	444.323	444.557
10.3371	443.962	444.195
10.3491	443.6	443.834
10.361	443.239	443.472
10.3729	442.877	443.111
10.3849	442.516	442.75
10.3968	442.155	442.388
10.4087	441.794	442.027
10.4207	441.433	441.666
10.4326	441.072	441.305
10.4445	440.712	440.945
10.4565	440.351	440.584
10.4684	439.99	440.223
10.4804	439.63	439.863
10.4923	439.27	439.503
10.5042	438.91	439.142
10.5162	438.55	438.782
10.5281	438.19	438.422
10.54	437.83	438.062
10.552	437.47	437.703
10.5639	437.11	437.343
10.5758	436.751	436.983
10.5878	436.392	436.624
10.5997	436.032	436.265
10.6117	435.673	435.905
10.6236	435.314	435.546
10.6355	434.955	435.187
10.6475	434.597	434.828
10.6594	434.238	434.47
10.6713	433.879	434.111
10.6833	433.521	433.753
10.6952	433.163	433.394
10.7071	432.805	433.036
10.7191	432.447	432.678
10.731	432.089	432.32
10.743	431.731	431.962
10.7549	431.373	431.604
10.7668	431.016	431.247
10.7788	430.658	430.889
10.7907	430.301	430.532
10.8026	429.944	430.175
10.8146	429.587	429.818
10.8265	429.23	429.461
10.8385	428.874	429.104
10.8504	428.517	428.747
10.8623	428.161	428.391
10.8743	427.804	428.035
10.8862	427.448	427.678
10.8981	427.092	427.322
10.9101	426.736	426.966
10.922	426.381	426.611
10.9339	426.025	426.255
10.9459	425.67	425.899
10.9578	425.314	425.544
10.9698	424.959	425.189
10.9817	424.604	424.834
10.9936	424.25	424.479
11.0056	423.895	424.124
11.0175	423.54	423.769
11.0294	423.186	423.415
11.0414	422.832	423.061
11.0533	422.478	422.707
11.0652	422.124	422.353
11.0772	421.77	421.999
11.0891	421.417	421.645
11.1011	421.063	421.292
11.113	420.71	420.938
11.1249	420.357	420.585
11.1369	420.004	420.232
11.1488	419.651	419.879
11.1607	419.299	419.526
11.1727	418.946	419.174
11.1846	418.594	418.822
11.1966	418.242	418.469
11.2085	417.89	418.117
11.2204	417.538	417.766
11.2324	417.187	417.414
11.2443	416.836	417.063
11.2562	416.484	416.711
11.2682	416.133	416.36
11.2801	415.783	416.009
11.292	415.432	415.659
11.304	415.082	415.308
11.3159	414.731	414.958
11.3279	414.381	414.607
11.3398	414.031	414.257
11.3517	413.682	413.908
11.3637	413.332	413.558
11.3756	412.983	413.209
11.3875	412.634	412.859
11.3995	412.285	412.51
11.4114	411.936	412.162
11.4233	411.588	411.813
11.4353	411.24	411.465
11.4472	410.892	411.116
11.4592	410.544	410.768
11.4711	410.196	410.421
11.483	409.849	410.073
11.495	409.501	409.726
11.5069	409.154	409.378
11.5188	408.807	409.031
11.5308	408.461	408.685
11.5427	408.114	408.338
11.5546	407.768	407.992
11.5666	407.422	407.646
11.5785	407.077	407.3
11.5905	406.731	406.954
11.6024	406.386	406.609
11.6143	406.041	406.264
11.6263	405.696	405.919
11.6382	405.351	405.574
11.6501	405.007	405.229
11.6621	404.663	404.885
11.674	404.319	404.541
11.686	403.975	404.197
11.6979	403.632	403.854
11.7098	403.289	403.51
11.7218	402.946	403.167
11.7337	402.603	402.824
11.7456	402.261	402.482
11.7576	401.919	402.14
11.7695	401.577	401.797
11.7814	401.235	401.456
11.7934	400.894	401.114
11.8053	400.552	400.773
11.8173	400.212	400.432
11.8292	399.871	400.091
11.8411	399.531	399.75
11.8531	399.19	399.41
11.865	398.851	399.07
11.8769	398.511	398.73
11.8889	398.172	398.391
11.9008	397.833	398.051
11.9127	397.494	397.712
11.9247	397.155	397.374
11.9366	396.817	397.035
11.9486	396.479	396.697
11.9605	396.141	396.359
11.9724	395.804	396.022
11.9844	395.467	395.685
11.9963	395.13	395.348
12.0082	394.794	395.011
12.0202	394.457	394.674
12.0321	394.122	394.338
12.0441	393.786	394.002
12.056	393.451	393.667
12.0679	393.115	393.332
12.0799	392.781	392.997
12.0918	392.446	392.662
12.1037	392.112	392.328
12.1157	391.778	391.994
12.1276	391.445	391.66
12.1395	391.112	391.327
12.1515	390.779	390.993
12.1634	390.446	390.661
12.1754	390.114	390.328
12.1873	389.782	389.996
12.1992	389.45	389.664
12.2112	389.119	389.333
12.2231	388.788	389.002
12.235	388.457	388.671
12.247	388.127	388.34
12.2589	387.797	388.01
12.2708	387.468	387.68
12.2828	387.138	387.351
12.2947	386.809	387.021
12.3067	386.481	386.692
12.3186	386.152	386.364
12.3305	385.824	386.036
12.3425	385.497	385.708
12.3544	385.17	385.38
12.3663	384.843	385.053
12.3783	384.516	384.727
12.3902	384.19	384.4
12.4021	383.864	384.074
12.4141	383.539	383.748
12.426	383.214	383.423
12.438	382.889	383.098
12.4499	382.564	382.773
12.4618	382.24	382.449
12.4738	381.917	382.125
12.4857	381.594	381.802
12.4976	381.271	381.479
12.5096	380.948	381.156
12.5215	380.626	380.834
12.5335	380.304	380.512
12.5454	379.983	380.19
12.5573	379.662	379.869
12.5693	379.341	379.548
12.5812	379.021	379.228
12.5931	378.702	378.907
12.6051	378.382	378.588
12.617	378.063	378.269
12.6289	377.745	377.95
12.6409	377.426	377.631
12.6528	377.109	377.313
12.6648	376.791	376.996
12.6767	376.474	376.678
12.6886	376.158	376.361
12.7006	375.842	376.045
12.7125	375.526	375.729
12.7244	375.211	375.413
12.7364	374.896	375.098
12.7483	374.581	374.784
12.7602	374.267	374.469
12.7722	373.954	374.155
12.7841	373.64	373.842
12.7961	373.328	373.529
12.808	373.015	373.216
12.8199	372.703	372.904
12.8319	372.392	372.592
12.8438	372.081	372.281
12.8557	371.77	371.97
12.8677	371.46	371.66
12.8796	371.151	371.35
12.8916	370.841	371.04
12.9035	370.533	370.731
12.9154	370.224	370.423
12.9274	369.917	370.114
12.9393	369.609	369.807
12.9512	369.302	369.5
12.9632	368.996	369.193
12.9751	368.69	368.886
12.987	368.384	368.581
12.999	368.079	368.275
13.0109	367.775	367.97
13.0229	367.471	367.666
13.0348	367.167	367.362
13.0467	366.864	367.059
13.0587	366.561	366.756
13.0706	366.259	366.453
13.0825	365.957	366.151
13.0945	365.656	365.85
13.1064	365.355	365.549
13.1183	365.055	365.248
13.1303	364.755	364.948
13.1422	364.456	364.648
13.1542	364.158	364.349
13.1661	363.859	364.051
13.178	363.562	363.753
13.19	363.264	363.455
13.2019	362.968	363.158
13.2138	362.672	362.862
13.2258	362.376	362.566
13.2377	362.081	362.27
13.2496	361.786	361.975
13.2616	361.492	361.681
13.2735	361.198	361.387
13.2855	360.905	361.093
13.2974	360.613	360.8
13.3093	360.321	360.508
13.3213	360.029	360.216
13.3332	359.738	359.925
13.3451	359.448	359.634
13.3571	359.158	359.344
13.369	358.869	359.054
13.381	358.58	358.765
13.3929	358.292	358.476
13.4048	358.004	358.188
13.4168	357.717	357.901
13.4287	357.43	357.614
13.4406	357.144	357.327
13.4526	356.859	357.042
13.4645	356.574	356.756
13.4764	356.289	356.472
13.4884	356.006	356.187
13.5003	355.722	355.904
13.5123	355.44	355.621
13.5242	355.158	355.338
13.5361	354.876	355.056
13.5481	354.595	354.775
13.56	354.315	354.494
13.5719	354.035	354.214
13.5839	353.756	353.934
13.5958	353.477	353.655
13.6077	353.199	353.377
13.6197	352.921	353.099
13.6316	352.644	352.822
13.6436	352.368	352.545
13.6555	352.092	352.269
13.6674	351.817	351.993
13.6794	351.543	351.718
13.6913	351.269	351.444
13.7032	350.995	351.17
13.7152	350.723	350.897
13.7271	350.451	350.624
13.7391	350.179	350.353
13.751	349.908	350.081
13.7629	349.638	349.81
13.7749	349.368	349.54
13.7868	349.099	349.271
13.7987	348.83	349.002
13.8107	348.563	348.734
13.8226	348.295	348.466
13.8345	348.029	348.199
13.8465	347.763	347.933
13.8584	347.497	347.667
13.8704	347.232	347.402
13.8823	346.968	347.137
13.8942	346.705	346.873
13.9062	346.442	346.61
13.9181	346.18	346.347
13.93	345.918	346.085
13.942	345.657	345.824
13.9539	345.397	345.563
13.9658	345.137	345.303
13.9778	344.878	345.043
13.9897	344.62	344.784
14.0017	344.362	344.526
14.0136	344.105	344.269
14.0255	343.848	344.012
14.0375	343.592	343.755
14.0494	343.337	343.5
14.0613	343.083	343.245
14.0733	342.829	342.991
14.0852	342.576	342.737
14.0971	342.323	342.484
14.1091	342.071	342.232
14.121	341.82	341.98
14.133	341.569	341.729
14.1449	341.319	341.479
14.1568	341.07	341.229
14.1688	340.822	340.98
14.1807	340.574	340.731
14.1926	340.326	340.484
14.2046	340.08	340.237
14.2165	339.834	339.99
14.2285	339.589	339.745
14.2404	339.344	339.5
14.2523	339.1	339.255
14.2643	338.857	339.012
14.2762	338.615	338.769
14.2881	338.373	338.527
14.3001	338.132	338.285
14.312	337.891	338.044
14.3239	337.652	337.804
14.3359	337.412	337.564
14.3478	337.174	337.326
14.3598	336.936	337.087
14.3717	336.699	336.85
14.3836	336.463	336.613
14.3956	336.227	336.377
14.4075	335.993	336.142
14.4194	335.758	335.907
14.4314	335.525	335.673
14.4433	335.292	335.44
14.4552	335.06	335.207
14.4672	334.828	334.975
14.4791	334.598	334.744
14.4911	334.368	334.514
14.503	334.138	334.284
14.5149	333.91	334.055
14.5269	333.682	333.826
14.5388	333.455	333.599
14.5507	333.228	333.372
14.5627	333.002	333.145
14.5746	332.777	332.92
14.5866	332.553	332.695
14.5985	332.329	332.471
14.6104	332.106	332.248
14.6224	331.884	332.025
14.6343	331.663	331.803
14.6462	331.442	331.582
14.6582	331.222	331.361
14.6701	331.002	331.141
14.682	330.784	330.922
14.694	330.566	330.704
14.7059	330.349	330.486
14.7179	330.132	330.269
14.7298	329.917	330.053
14.7417	329.702	329.838
14.7537	329.487	329.623
14.7656	329.274	329.409
14.7775	329.061	329.195
14.7895	328.849	328.983
14.8014	328.637	328.771
14.8133	328.427	328.56
14.8253	328.217	328.349
14.8372	328.008	328.14
14.8492	327.799	327.931
14.8611	327.591	327.723
14.873	327.384	327.515
14.885	327.178	327.308
14.8969	326.973	327.102
14.9088	326.768	326.897
14.9208	326.564	326.693
14.9327	326.361	326.489
14.9446	326.158	326.286
14.9566	325.956	326.083
14.9685	325.755	325.882
14.9805	325.555	325.681
14.9924	325.355	325.481
15.0043	325.156	325.281
15.0163	324.958	325.083
15.0282	324.76	324.885
15.0401	324.564	324.688
15.0521	324.368	324.491
15.064	324.173	324.295
15.076	323.978	324.1
15.0879	323.784	323.906
15.0998	323.591	323.713
15.1118	323.399	323.52
15.1237	323.208	323.328
15.1356	323.017	323.137
15.1476	322.827	322.946
15.1595	322.638	322.756
15.1714	322.449	322.567
15.1834	322.261	322.379
15.1953	322.074	322.192
15.2073	321.888	322.005
15.2192	321.702	321.819
15.2311	321.517	321.633
15.2431	321.333	321.449
15.255	321.15	321.265
15.2669	320.967	321.082
15.2789	320.785	320.9
15.2908	320.604	320.718
15.3027	320.424	320.537
15.3147	320.244	320.357
15.3266	320.065	320.178
15.3386	319.887	319.999
15.3505	319.71	319.821
15.3624	319.533	319.644
15.3744	319.357	319.467
15.3863	319.182	319.292
15.3982	319.008	319.117
15.4102	318.834	318.943
15.4221	318.661	318.769
15.4341	318.489	318.596
15.446	318.317	318.424
15.4579	318.146	318.253
15.4699	317.976	318.083
15.4818	317.807	317.913
15.4937	317.639	317.744
15.5057	317.471	317.576
15.5176	317.304	317.408
15.5295	317.137	317.241
15.5415	316.972	317.075
15.5534	316.807	316.91
15.5654	316.643	316.745
15.5773	316.48	316.582
15.5892	316.317	316.418
15.6012	316.155	316.256
15.6131	315.994	316.094
15.625	315.834	315.934
15.637	315.674	315.773
15.6489	315.515	315.614
15.6608	315.357	315.455
15.6728	315.199	315.297
15.6847	315.042	315.14
15.6967	314.886	314.984
15.7086	314.731	314.828
15.7205	314.577	314.673
15.7325	314.423	314.518
15.7444	314.27	314.365
15.7563	314.117	314.212
15.7683	313.966	314.06
15.7802	313.815	313.908
15.7921	313.664	313.758
15.8041	313.515	313.608
15.816	313.366	313.459
15.828	313.218	313.31
15.8399	313.071	313.162
15.8518	312.924	313.015
15.8638	312.778	312.869
15.8757	312.633	312.723
15.8876	312.489	312.578
15.8996	312.345	312.434
15.9115	312.202	312.291
15.9235	312.06	312.148
15.9354	311.918	312.006
15.9473	311.777	311.865
15.9593	311.637	311.724
15.9712	311.498	311.584
15.9831	311.359	311.445
15.9951	311.221	311.307
16.007	311.084	311.169
16.0189	310.947	311.032
16.0309	310.811	310.895
16.0428	310.676	310.76
16.0548	310.542	310.625
16.0667	310.408	310.491
16.0786	310.275	310.357
16.0906	310.142	310.224
16.1025	310.011	310.092
16.1144	309.88	309.961
16.1264	309.75	309.83
16.1383	309.62	309.7
16.1502	309.491	309.571
16.1622	309.363	309.442
16.1741	309.235	309.314
16.1861	309.109	309.187
16.198	308.982	309.06
16.2099	308.857	308.934
16.2219	308.732	308.809
16.2338	308.608	308.685
16.2457	308.485	308.561
16.2577	308.362	308.438
16.2696	308.24	308.315
16.2816	308.119	308.194
16.2935	307.998	308.072
16.3054	307.878	307.952
16.3174	307.759	307.832
16.3293	307.64	307.713
16.3412	307.522	307.595
16.3532	307.405	307.477
16.3651	307.288	307.36
16.377	307.173	307.244
16.389	307.057	307.128
16.4009	306.943	307.013
16.4129	306.829	306.899
16.4248	306.715	306.785
16.4367	306.603	306.672
16.4487	306.491	306.56
16.4606	306.38	306.448
16.4725	306.269	306.337
16.4845	306.159	306.226
16.4964	306.05	306.117
16.5083	305.941	306.007
16.5203	305.833	305.899
16.5322	305.725	305.791
16.5442	305.619	305.684
16.5561	305.513	305.578
16.568	305.407	305.472
16.58	305.302	305.366
16.5919	305.198	305.262
16.6038	305.095	305.158
16.6158	304.992	305.055
16.6277	304.889	304.952
16.6396	304.788	304.85
16.6516	304.687	304.748
16.6635	304.586	304.648
16.6755	304.487	304.547
16.6874	304.387	304.448
16.6993	304.289	304.349
16.7113	304.191	304.251
16.7232	304.094	304.153
16.7351	303.997	304.056
16.7471	303.901	303.96
16.759	303.806	303.864
16.771	303.711	303.769
16.7829	303.617	303.674
16.7948	303.523	303.58
16.8068	303.43	303.487
16.8187	303.338	303.394
16.8306	303.246	303.302
16.8426	303.155	303.21
16.8545	303.064	303.119
16.8664	302.974	303.029
16.8784	302.885	302.939
16.8903	302.796	302.85
16.9023	302.708	302.761
16.9142	302.62	302.673
16.9261	302.533	302.586
16.9381	302.446	302.499
16.95	302.361	302.413
16.9619	302.275	302.327
16.9739	302.19	302.242
16.9858	302.106	302.157
16.9977	302.023	302.073
17.0097	301.94	301.99
17.0216	301.857	301.907
17.0336	301.775	301.825
17.0455	301.694	301.743
17.0574	301.613	301.662
17.0694	301.533	301.582
17.0813	301.454	301.502
17.0932	301.375	301.422
17.1052	301.296	301.343
17.1171	301.218	301.265
17.1291	301.141	301.187
17.141	301.064	301.11
17.1529	300.987	301.033
17.1649	300.912	300.957
17.1768	300.836	300.882
17.1887	300.762	300.807
17.2007	300.688	300.732
17.2126	300.614	300.658
17.2245	300.541	300.585
17.2365	300.468	300.512
17.2484	300.396	300.44
17.2604	300.325	300.368
17.2723	300.254	300.296
17.2842	300.183	300.226
17.2962	300.113	300.155
17.3081	300.044	300.086
17.32	299.975	300.016
17.332	299.907	299.948
17.3439	299.839	299.879
17.3558	299.771	299.812
17.3678	299.705	299.745
17.3797	299.638	299.678
17.3917	299.572	299.612
17.4036	299.507	299.546
17.4155	299.442	299.481
17.4275	299.378	299.416
17.4394	299.314	299.352
17.4513	299.251	299.288
17.4633	299.188	299.225
17.4752	299.125	299.162
17.4871	299.063	299.1
17.4991	299.002	299.038
17.511	298.941	298.977
17.523	298.88	298.916
17.5349	298.82	298.856
17.5468	298.761	298.796
17.5588	298.702	298.737
17.5707	298.643	298.678
17.5826	298.585	298.62
17.5946	298.527	298.562
17.6065	298.47	298.504
17.6185	298.413	298.447
17.6304	298.357	298.39
17.6423	298.301	298.334
17.6543	298.246	298.279
17.6662	298.191	298.223
17.6781	298.136	298.169
17.6901	298.082	298.114
17.702	298.029	298.06
17.7139	297.976	298.007
17.7259	297.923	297.954
17.7378	297.87	297.901
17.7498	297.819	297.849
17.7617	297.767	297.798
17.7736	297.716	297.746
17.7856	297.666	297.695
17.7975	297.615	297.645
17.8094	297.566	297.595
17.8214	297.516	297.545
17.8333	297.467	297.496
17.8452	297.419	297.448
17.8572	297.371	297.399
17.8691	297.323	297.351
17.8811	297.276	297.304
17.893	297.229	297.257
17.9049	297.183	297.21
17.9169	297.137	297.164
17.9288	297.091	297.118
17.9407	297.046	297.072
17.9527	297.001	297.027
17.9646	296.957	296.983
17.9766	296.912	296.938
17.9885	296.869	296.894
18.0004	296.825	296.851
18.0124	296.783	296.808
18.0243	296.74	296.765
18.0362	296.698	296.723
18.0482	296.656	296.681
18.0601	296.615	296.639
18.072	296.574	296.598
18.084	296.533	296.557
18.0959	296.493	296.516
18.1079	296.453	296.476
18.1198	296.413	296.436
18.1317	296.374	296.397
18.1437	296.335	296.358
18.1556	296.297	296.319
18.1675	296.259	296.281
18.1795	296.221	296.243
18.1914	296.183	296.205
18.2033	296.146	296.168
18.2153	296.109	296.131
18.2272	296.073	296.094
18.2392	296.037	296.058
18.2511	296.001	296.022
18.263	295.966	295.986
18.275	295.931	295.951
18.2869	295.896	295.916
18.2988	295.862	295.882
18.3108	295.828	295.847
18.3227	295.794	295.813
18.3346	295.761	295.78
18.3466	295.727	295.747
18.3585	295.695	295.714
18.3705	295.662	295.681
18.3824	295.63	295.649
18.3943	295.598	295.617
18.4063	295.567	295.585
18.4182	295.535	295.553
18.4301	295.505	295.522
18.4421	295.474	295.492
18.454	295.444	295.461
18.466	295.414	295.431
18.4779	295.384	295.401
18.4898	295.355	295.371
18.5018	295.325	295.342
18.5137	295.297	295.313
18.5256	295.268	295.284
18.5376	295.24	295.256
18.5495	295.212	295.228
18.5614	295.184	295.2
18.5734	295.157	295.172
18.5853	295.13	295.145
18.5973	295.103	295.118
18.6092	295.076	295.091
18.6211	295.05	295.065
18.6331	295.024	295.039
18.645	294.998	295.013
18.6569	294.973	294.987
18.6689	294.947	294.962
18.6808	294.922	294.937
18.6927	294.898	294.912
18.7047	294.873	294.887
18.7166	294.849	294.863
18.7286	294.825	294.839
18.7405	294.801	294.815
18.7524	294.778	294.791
18.7644	294.755	294.768
18.7763	294.732	294.745
18.7882	294.709	294.722
18.8002	294.687	294.699
18.8121	294.665	294.677
18.8241	294.643	294.655
18.836	294.621	294.633
18.8479	294.599	294.612
18.8599	294.578	294.59
18.8718	294.557	294.569
18.8837	294.536	294.548
18.8957	294.516	294.527
18.9076	294.495	294.507
18.9195	294.475	294.487
18.9315	294.455	294.467
18.9434	294.436	294.447
18.9554	294.416	294.427
18.9673	294.397	294.408
18.9792	294.378	294.389
18.9912	294.359	294.37
19.0031	294.34	294.351
19.015	294.322	294.332
19.027	294.304	294.314
19.0389	294.286	294.296
19.0508	294.268	294.278
19.0628	294.251	294.26
19.0747	294.233	294.243
19.0867	294.216	294.226
19.0986	294.199	294.209
19.1105	294.182	294.192
19.1225	294.166	294.175
19.1344	294.149	294.158
19.1463	294.133	294.142
19.1583	294.117	294.126
19.1702	294.101	294.11
19.1821	294.086	294.094
19.1941	294.07	294.079
19.206	294.055	294.063
19.218	294.04	294.048
19.2299	294.025	294.033
19.2418	294.01	294.018
19.2538	293.996	294.004
19.2657	293.981	293.989
19.2776	293.967	293.975
19.2896	293.953	293.961
19.3015	293.939	293.947
19.3135	293.925	293.933
19.3254	293.912	293.919
19.3373	293.898	293.906
19.3493	293.885	293.893
19.3612	293.872	293.879
19.3731	293.859	293.866
19.3851	293.847	293.854
19.397	293.834	293.841
19.4089	293.822	293.828
19.4209	293.809	293.816
19.4328	293.797	293.804
19.4448	293.785	293.792
19.4567	293.773	293.78
19.4686	293.762	293.768
19.4806	293.75	293.757
19.4925	293.739	293.745
19.5044	293.728	293.734
19.5164	293.717	293.723
19.5283	293.706	293.712
19.5402	293.695	293.701
19.5522	293.684	293.69
19.5641	293.674	293.679
19.5761	293.663	293.669
19.588	293.653	293.659
19.5999	293.643	293.648
19.6119	293.633	293.638
19.6238	293.623	293.628
19.6357	293.613	293.619
19.6477	293.604	293.609
19.6596	293.594	293.599
19.6716	293.585	293.59
19.6835	293.576	293.581
19.6954	293.567	293.571
19.7074	293.558	293.562
19.7193	293.549	293.553
19.7312	293.54	293.545
19.7432	293.531	293.536
19.7551	293.523	293.527
19.767	293.514	293.519
19.779	293.506	293.511
19.7909	293.498	293.502
19.8029	293.49	293.494
19.8148	293.482	293.486
19.8267	293.474	293.478
19.8387	293.466	293.471
19.8506	293.459	293.463
19.8625	293.451	293.455
19.8745	293.444	293.448
19.8864	293.436	293.44
19.8983	293.429	293.433
19.9103	293.422	293.426
19.9222	293.415	293.419
19.9342	293.408	293.412
19.9461	293.401	293.405
19.958	293.395	293.398
19.97	293.388	293.392
19.9819	293.382	293.385
19.9938	293.375	293.378
20.0058	293.369	293.372
20.0177	293.362	293.366
20.0296	293.356	293.36
20.0416	293.35	293.353
20.0535	293.344	293.347
20.0655	293.338	293.341
20.0774	293.333	293.336
20.0893	293.327	293.33
20.1013	293.321	293.324
20.1132	293.316	293.319
20.1251	293.31	293.313
20.1371	293.305	293.308
20.149	293.299	293.302
20.161	293.294	293.297
20.1729	293.289	293.292
20.1848	293.284	293.287
20.1968	293.279	293.281
20.2087	293.274	293.277
20.2206	293.269	293.272
20.2326	293.264	293.267
20.2445	293.26	293.262
20.2564	293.255	293.257
20.2684	293.25	293.253
20.2803	293.246	293.248
20.2923	293.241	293.244
20.3042	293.237	293.239
20.3161	293.233	293.235
20.3281	293.228	293.231
20.34	293.224	293.226
20.3519	293.22	293.222
20.3639	293.216	293.218
20.3758	293.212	293.214
20.3877	293.208	293.21
20.3997	293.204	293.206
20.4116	293.201	293.203
20.4236	293.197	293.199
20.4355	293.193	293.195
20.4474	293.19	293.191
20.4594	293.186	293.188
20.4713	293.183	293.184
20.4832	293.179	293.181
20.4952	293.176	293.177
20.5071	293.172	293.174
20.5191	293.169	293.171
20.531	293.166	293.168
20.5429	293.163	293.164
20.5549	293.16	293.161
20.5668	293.157	293.158
20.5787	293.154	293.155
20.5907	293.151	293.152
20.6026	293.148	293.149
20.6145	293.145	293.146
20.6265	293.142	293.143
20.6384	293.139	293.141
20.6504	293.136	293.138
20.6623	293.134	293.135
20.6742	293.131	293.132
20.6862	293.129	293.13
20.6981	293.126	293.127
20.71	293.123	293.125
20.722	293.121	293.122
20.7339	293.119	293.12
20.7458	293.116	293.117
20.7578	293.114	293.115
20.7697	293.112	293.113
20.7817	293.109	293.11
20.7936	293.107	293.108
20.8055	293.105	293.106
20.8175	293.103	293.104
20.8294	293.101	293.102
20.8413	293.099	293.1
20.8533	293.097	293.098
20.8652	293.095	293.096
20.8771	293.093	293.094
20.8891	293.091	293.092
20.901	293.089	293.09
20.913	293.087	293.088
20.9249	293.085	293.086
20.9368	293.083	293.084
20.9488	293.082	293.082
20.9607	293.08	293.081
20.9726	293.078	293.079
20.9846	293.076	293.077
20.9965	293.075	293.076
21.0085	293.073	293.074
21.0204	293.072	293.072
21.0323	293.07	293.071
21.0443	293.069	293.069
21.0562	293.067	293.068
21.0681	293.066	293.066
21.0801	293.064	293.065
21.092	293.063	293.064
21.1039	293.061	293.062
21.1159	293.06	293.061
21.1278	293.059	293.059
21.1398	293.057	293.058
21.1517	293.056	293.057
21.1636	293.055	293.056
21.1756	293.054	293.054
21.1875	293.052	293.053
21.1994	293.051	293.052
21.2114	293.05	293.051
21.2233	293.049	293.05
21.2352	293.048	293.048
21.2472	293.047	293.047
21.2591	293.046	293.046
21.2711	293.045	293.045
21.283	293.044	293.044
21.2949	293.043	293.043
21.3069	293.042	293.042
21.3188	293.041	293.041
21.3307	293.04	293.04
21.3427	293.039	293.039
21.3546	293.038	293.038
21.3666	293.037	293.037
21.3785	293.036	293.037
21.3904	293.035	293.036
21.4024	293.034	293.035
21.4143	293.034	293.034
21.4262	293.033	293.033
21.4382	293.032	293.032
21.4501	293.031	293.032
21.462	293.031	293.031
21.474	293.03	293.03
21.4859	293.029	293.029
21.4979	293.028	293.029
21.5098	293.028	293.028
21.5217	293.027	293.027
21.5337	293.026	293.027
21.5456	293.026	293.026
21.5575	293.025	293.025
21.5695	293.024	293.025
21.5814	293.024	293.024
21.5933	293.023	293.023
21.6053	293.023	293.023
21.6172	293.022	293.022
21.6292	293.021	293.022
21.6411	293.021	293.021
21.653	293.02	293.021
21.665	293.02	293.02
21.6769	293.019	293.02
21.6888	293.019	293.019
21.7008	293.018	293.019
21.7127	293.018	293.018
21.7246	293.017	293.018
21.7366	293.017	293.017
21.7485	293.017	293.017
21.7605	293.016	293.016
21.7724	293.016	293.016
21.7843	293.015	293.015
21.7963	293.015	293.015
21.8082	293.014	293.015
21.8201	293.014	293.014
21.8321	293.014	293.014
21.844	293.013	293.013
21.856	293.013	293.013
21.8679	293.013	293.013
21.8798	293.012	293.012
21.8918	293.012	293.012
21.9037	293.012	293.012
21.9156	293.011	293.011
21.9276	293.011	293.011
21.9395	293.011	293.011
21.9514	293.01	293.01
21.9634	293.01	293.01
21.9753	293.01	293.01
21.9873	293.009	293.01
21.9992	293.009	293.009
22.0111	293.009	293.009
22.0231	293.009	293.009
22.035	293.008	293.009
22.0469	293.008	293.008
22.0589	293.008	293.008
22.0708	293.008	293.008
22.0827	293.008	293.008
22.0947	293.007	293.007
22.1066	293.007	293.007
22.1186	293.007	293.007
22.1305	293.007	293.007
22.1424	293.006	293.007
22.1544	293.006	293.006
22.1663	293.006	293.006
22.1782	293.006	293.006
22.1902	293.006	293.006
22.2021	293.006	293.006
22.2141	293.005	293.005
22.226	293.005	293.005
22.2379	293.005	293.005
22.2499	293.005	293.005
22.2618	293.005	293.005
22.2737	293.005	293.005
22.2857	293.004	293.005
22.2976	293.004	293.004
22.3095	293.004	293.004
22.3215	293.004	293.004
22.3334	293.004	293.004
22.3454	293.004	293.004
22.3573	293.004	293.004
22.3692	293.004	293.004
22.3812	293.003	293.003
22.3931	293.003	293.003
22.405	293.003	293.003
22.417	293.003	293.003
22.4289	293.003	293.003
22.4408	293.003	293.003
22.4528	293.003	293.003
22.4647	293.003	293.003
22.4767	293.003	293.003
22.4886	293.003	293.003
22.5005	293.002	293.002
22.5125	293.002	293.002
22.5244	293.002	293.002
22.5363	293.002	293.002
22.5483	293.002	293.002
22.5602	293.002	293.002
22.5721	293.002	293.002
22.5841	293.002	293.002
22.596	293.002	293.002
22.608	293.002	293.002
22.6199	293.002	293.002
22.6318	293.002	293.002
22.6438	293.002	293.002
22.6557	293.002	293.002
22.6676	293.001	293.001
22.6796	293.001	293.001
22.6915	293.001	293.001
22.7035	293.001	293.001
22.7154	293.001	293.001
22.7273	293.001	293.001
22.7393	293.001	293.001
22.7512	293.001	293.001
22.7631	293.001	293.001
22.7751	293.001	293.001
22.787	293.001	293.001
22.7989	293.001	293.001
22.8109	293.001	293.001
22.8228	293.001	293.001
22.8348	293.001	293.001
22.8467	293.001	293.001
22.8586	293.001	293.001
22.8706	293.001	293.001
22.8825	293.001	293.001
22.8944	293.001	293.001
22.9064	293.001	293.001
22.9183	293.001	293.001
22.9302	293.001	293.001
22.9422	293.001	293.001
22.9541	293.001	293.001
22.9661	293.001	293.001
22.978	293.001	293.001
22.9899	293	293
23.0019	293	293
23.0138	293	293
23.0257	293	293
23.0377	293	293
23.0496	293	293
23.0616	293	293
23.0735	293	293
23.0854	293	293
23.0974	293	293
23.1093	293	293
23.1212	293	293
23.1332	293	293
23.1451	293	293
23.157	293	293
23.169	293	293
23.1809	293	293
23.1929	293	293
23.2048	293	293
23.2167	293	293
23.2287	293	293
23.2406	293	293
23.2525	293	293
23.2645	293	293
23.2764	293	293
23.2883	293	293
23.3003	293	293
23.3122	293	293
23.3242	293	293
23.3361	293	293
23.348	293	293
23.36	293	293
23.3719	293	293
23.3838	293	293
23.3958	293	293
23.4077	293	293
23.4196	293	293
23.4316	293	293
23.4435	293	293
23.4555	293	293
23.4674	293	293
23.4793	293	293
23.4913	293	293
23.5032	293	293
23.5151	293	293
23.5271	293	293
23.539	293	293
23.551	293	293
23.5629	293	293
23.5748	293	293
23.5868	293	293
23.5987	293	293
23.6106	293	293
23.6226	293	293
23.6345	293	293
23.6464	293	293
23.6584	293	293
23.6703	293	293
23.6823	293	293
23.6942	293	293
23.7061	293	293
23.7181	293	293
23.73	293	293
23.7419	293	293
23.7539	293	293
23.7658	293	293
23.7777	293	293
23.7897	293	293
23.8016	293	293
23.8136	293	293
23.8255	293	293
23.8374	293	293
23.8494	293	293
23.8613	293	293
23.8732	293	293
