0	788.693	802.189
0.0119366	788.557	802.133
0.0238732	788.279	801.989
0.0358099	787.994	801.793
0.0477465	787.708	801.569
0.0596831	787.421	801.327
0.0716197	787.133	801.076
0.0835563	786.845	800.82
0.095493	786.556	800.56
0.10743	786.267	800.297
0.119366	785.977	800.033
0.131303	785.686	799.769
0.143239	785.395	799.503
0.155176	785.104	799.237
0.167113	784.812	798.97
0.179049	784.52	798.702
0.190986	784.227	798.434
0.202923	783.934	798.166
0.214859	783.64	797.897
0.226796	783.346	797.627
0.238732	783.051	797.357
0.250669	782.756	797.086
0.262606	782.461	796.815
0.274542	782.165	796.543
0.286479	781.868	796.271
0.298416	781.571	795.999
0.310352	781.274	795.725
0.322289	780.976	795.452
0.334225	780.678	795.178
0.346162	780.379	794.903
0.358099	780.08	794.628
0.370035	779.78	794.352
0.381972	779.48	794.076
0.393908	779.179	793.799
0.405845	778.878	793.522
0.417782	778.577	793.244
0.429718	778.275	792.966
0.441655	777.973	792.687
0.453592	777.67	792.408
0.465528	777.366	792.128
0.477465	777.063	791.848
0.489401	776.759	791.567
0.501338	776.454	791.286
0.513275	776.149	791.005
0.525211	775.843	790.722
0.537148	775.538	790.44
0.549085	775.231	790.157
0.561021	774.924	789.873
0.572958	774.617	789.589
0.584894	774.31	789.304
0.596831	774.002	789.019
0.608768	773.693	788.733
0.620704	773.384	788.447
0.632641	773.075	788.161
0.644578	772.765	787.874
0.656514	772.455	787.586
0.668451	772.144	787.298
0.680387	771.833	787.01
0.692324	771.522	786.721
0.704261	771.21	786.431
0.716197	770.897	786.141
0.728134	770.585	785.851
0.74007	770.271	785.56
0.752007	769.958	785.269
0.763944	769.644	784.977
0.77588	769.329	784.685
0.787817	769.015	784.392
0.799754	768.699	784.099
0.81169	768.384	783.805
0.823627	768.068	783.511
0.835563	767.751	783.216
0.8475	767.434	782.921
0.859437	767.117	782.625
0.871373	766.799	782.329
0.88331	766.481	782.033
0.895247	766.163	781.736
0.907183	765.844	781.439
0.91912	765.525	781.141
0.931056	765.205	780.842
0.942993	764.885	780.544
0.95493	764.565	780.244
0.966866	764.244	779.945
0.978803	763.922	779.644
0.99074	763.601	779.344
1.00268	763.279	779.043
1.01461	762.956	778.741
1.02655	762.634	778.439
1.03849	762.31	778.137
1.05042	761.987	777.834
1.06236	761.663	777.531
1.0743	761.338	777.227
1.08623	761.014	776.923
1.09817	760.689	776.618
1.11011	760.363	776.313
1.12204	760.037	776.008
1.13398	759.711	775.702
1.14592	759.384	775.395
1.15785	759.057	775.089
1.16979	758.73	774.781
1.18173	758.402	774.474
1.19366	758.074	774.166
1.2056	757.746	773.857
1.21754	757.417	773.548
1.22947	757.088	773.239
1.24141	756.758	772.929
1.25335	756.428	772.618
1.26528	756.098	772.308
1.27722	755.767	771.997
1.28916	755.436	771.685
1.30109	755.105	771.373
1.31303	754.773	771.061
1.32496	754.441	770.748
1.3369	754.108	770.435
1.34884	753.776	770.121
1.36077	753.442	769.807
1.37271	753.109	769.493
1.38465	752.775	769.178
1.39658	752.441	768.862
1.40852	752.106	768.547
1.42046	751.771	768.231
1.43239	751.436	767.914
1.44433	751.101	767.597
1.45627	750.765	767.28
1.4682	750.428	766.962
1.48014	750.092	766.644
1.49208	749.755	766.325
1.50401	749.417	766.006
1.51595	749.08	765.687
1.52789	748.742	765.367
1.53982	748.404	765.047
1.55176	748.065	764.726
1.5637	747.726	764.406
1.57563	747.387	764.084
1.58757	747.047	763.762
1.59951	746.707	763.44
1.61144	746.367	763.118
1.62338	746.026	762.795
1.63532	745.685	762.472
1.64725	745.344	762.148
1.65919	745.003	761.824
1.67113	744.661	761.499
1.68306	744.319	761.175
1.695	743.976	760.849
1.70694	743.633	760.524
1.71887	743.29	760.198
1.73081	742.947	759.871
1.74275	742.603	759.545
1.75468	742.259	759.218
1.76662	741.915	758.89
1.77856	741.57	758.562
1.79049	741.225	758.234
1.80243	740.88	757.905
1.81437	740.534	757.576
1.8263	740.188	757.247
1.83824	739.842	756.917
1.85018	739.496	756.587
1.86211	739.149	756.257
1.87405	738.802	755.926
1.88599	738.454	755.595
1.89792	738.107	755.264
1.90986	737.759	754.932
1.9218	737.41	754.599
1.93373	737.062	754.267
1.94567	736.713	753.934
1.95761	736.364	753.601
1.96954	736.015	753.267
1.98148	735.665	752.933
1.99342	735.315	752.599
2.00535	734.965	752.264
2.01729	734.614	751.929
2.02923	734.263	751.594
2.04116	733.912	751.258
2.0531	733.561	750.922
2.06504	733.209	750.585
2.07697	732.857	750.249
2.08891	732.505	749.911
2.10085	732.153	749.574
2.11278	731.8	749.236
2.12472	731.447	748.898
2.13666	731.094	748.56
2.14859	730.74	748.221
2.16053	730.386	747.882
2.17246	730.032	747.542
2.1844	729.678	747.203
2.19634	729.323	746.863
2.20827	728.968	746.522
2.22021	728.613	746.181
2.23215	728.258	745.84
2.24408	727.902	745.499
2.25602	727.546	745.157
2.26796	727.19	744.815
2.27989	726.834	744.473
2.29183	726.477	744.13
2.30377	726.12	743.787
2.3157	725.763	743.444
2.32764	725.406	743.1
2.33958	725.048	742.757
2.35151	724.69	742.412
2.36345	724.332	742.068
2.37539	723.974	741.723
2.38732	723.615	741.378
2.39926	723.256	741.032
2.4112	722.897	740.687
2.42313	722.538	740.341
2.43507	722.178	739.994
2.44701	721.819	739.648
2.45894	721.459	739.301
2.47088	721.098	738.953
2.48282	720.738	738.606
2.49475	720.377	738.258
2.50669	720.016	737.91
2.51863	719.655	737.561
2.53056	719.294	737.213
2.5425	718.932	736.864
2.55444	718.57	736.514
2.56637	718.208	736.165
2.57831	717.846	735.815
2.59025	717.483	735.465
2.60218	717.12	735.114
2.61412	716.757	734.764
2.62606	716.394	734.413
2.63799	716.031	734.061
2.64993	715.667	733.71
2.66187	715.303	733.358
2.6738	714.939	733.006
2.68574	714.575	732.653
2.69768	714.211	732.301
2.70961	713.846	731.948
2.72155	713.481	731.595
2.73349	713.116	731.241
2.74542	712.751	730.888
2.75736	712.385	730.534
2.7693	712.02	730.179
2.78123	711.654	729.825
2.79317	711.288	729.47
2.80511	710.921	729.115
2.81704	710.555	728.76
2.82898	710.188	728.404
2.84092	709.821	728.048
2.85285	709.454	727.692
2.86479	709.087	727.336
2.87673	708.72	726.979
2.88866	708.352	726.622
2.9006	707.984	726.265
2.91254	707.616	725.908
2.92447	707.248	725.55
2.93641	706.88	725.193
2.94835	706.511	724.834
2.96028	706.142	724.476
2.97222	705.773	724.118
2.98416	705.404	723.759
2.99609	705.035	723.4
3.00803	704.665	723.04
3.01997	704.296	722.681
3.0319	703.926	722.321
3.04384	703.556	721.961
3.05577	703.186	721.601
3.06771	702.815	721.24
3.07965	702.445	720.88
3.09158	702.074	720.519
3.10352	701.703	720.158
3.11546	701.332	719.796
3.12739	700.961	719.435
3.13933	700.589	719.073
3.15127	700.218	718.711
3.1632	699.846	718.348
3.17514	699.474	717.986
3.18708	699.102	717.623
3.19901	698.73	717.26
3.21095	698.358	716.897
3.22289	697.985	716.534
3.23482	697.612	716.17
3.24676	697.24	715.806
3.2587	696.867	715.442
3.27063	696.494	715.078
3.28257	696.12	714.714
3.29451	695.747	714.349
3.30644	695.373	713.984
3.31838	694.999	713.619
3.33032	694.625	713.254
3.34225	694.251	712.888
3.35419	693.877	712.523
3.36613	693.503	712.157
3.37806	693.128	711.791
3.39	692.754	711.424
3.40194	692.379	711.058
3.41387	692.004	710.691
3.42581	691.629	710.324
3.43775	691.254	709.957
3.44968	690.878	709.59
3.46162	690.503	709.222
3.47356	690.127	708.855
3.48549	689.752	708.487
3.49743	689.376	708.119
3.50937	689	707.751
3.5213	688.623	707.382
3.53324	688.247	707.013
3.54518	687.871	706.645
3.55711	687.494	706.276
3.56905	687.117	705.907
3.58099	686.741	705.537
3.59292	686.364	705.168
3.60486	685.987	704.798
3.6168	685.609	704.428
3.62873	685.232	704.058
3.64067	684.855	703.688
3.65261	684.477	703.317
3.66454	684.099	702.947
3.67648	683.722	702.576
3.68842	683.344	702.205
3.70035	682.966	701.834
3.71229	682.587	701.463
3.72423	682.209	701.091
3.73616	681.831	700.72
3.7481	681.452	700.348
3.76004	681.074	699.976
3.77197	680.695	699.604
3.78391	680.316	699.232
3.79585	679.937	698.859
3.80778	679.558	698.487
3.81972	679.179	698.114
3.83166	678.799	697.741
3.84359	678.42	697.368
3.85553	678.041	696.995
3.86747	677.661	696.621
3.8794	677.281	696.248
3.89134	676.901	695.874
3.90327	676.521	695.5
3.91521	676.141	695.126
3.92715	675.761	694.752
3.93908	675.381	694.378
3.95102	675.001	694.004
3.96296	674.62	693.629
3.97489	674.24	693.254
3.98683	673.859	692.88
3.99877	673.478	692.505
4.0107	673.098	692.129
4.02264	672.717	691.754
4.03458	672.336	691.379
4.04651	671.955	691.003
4.05845	671.573	690.627
4.07039	671.192	690.252
4.08232	670.811	689.876
4.09426	670.429	689.5
4.1062	670.048	689.123
4.11813	669.666	688.747
4.13007	669.284	688.37
4.14201	668.903	687.994
4.15394	668.521	687.617
4.16588	668.139	687.24
4.17782	667.757	686.863
4.18975	667.374	686.486
4.20169	666.992	686.109
4.21363	666.61	685.731
4.22556	666.227	685.354
4.2375	665.845	684.976
4.24944	665.462	684.598
4.26137	665.08	684.22
4.27331	664.697	683.842
4.28525	664.314	683.464
4.29718	663.931	683.086
4.30912	663.548	682.708
4.32106	663.165	682.329
4.33299	662.782	681.95
4.34493	662.399	681.572
4.35687	662.016	681.193
4.3688	661.633	680.814
4.38074	661.249	680.435
4.39268	660.866	680.056
4.40461	660.482	679.676
4.41655	660.099	679.297
4.42849	659.715	678.918
4.44042	659.331	678.538
4.45236	658.948	678.158
4.4643	658.564	677.778
4.47623	658.18	677.398
4.48817	657.796	677.018
4.50011	657.412	676.638
4.51204	657.028	676.258
4.52398	656.643	675.878
4.53592	656.259	675.497
4.54785	655.875	675.117
4.55979	655.491	674.736
4.57173	655.106	674.355
4.58366	654.722	673.975
4.5956	654.337	673.594
4.60754	653.952	673.213
4.61947	653.568	672.832
4.63141	653.183	672.45
4.64335	652.798	672.069
4.65528	652.414	671.688
4.66722	652.029	671.306
4.67916	651.644	670.925
4.69109	651.259	670.543
4.70303	650.874	670.161
4.71497	650.489	669.779
4.7269	650.103	669.397
4.73884	649.718	669.015
4.75078	649.333	668.633
4.76271	648.948	668.251
4.77465	648.562	667.869
4.78658	648.177	667.487
4.79852	647.792	667.104
4.81046	647.406	666.722
4.82239	647.02	666.339
4.83433	646.635	665.956
4.84627	646.249	665.574
4.8582	645.864	665.191
4.87014	645.478	664.808
4.88208	645.092	664.425
4.89401	644.706	664.042
4.90595	644.32	663.659
4.91789	643.935	663.275
4.92982	643.549	662.892
4.94176	643.163	662.509
4.9537	642.777	662.125
4.96563	642.391	661.742
4.97757	642.005	661.358
4.98951	641.618	660.975
5.00144	641.232	660.591
5.01338	640.846	660.207
5.02532	640.46	659.823
5.03725	640.073	659.439
5.04919	639.687	659.055
5.06113	639.301	658.671
5.07306	638.914	658.287
5.085	638.528	657.903
5.09694	638.141	657.519
5.10887	637.755	657.135
5.12081	637.368	656.75
5.13275	636.982	656.366
5.14468	636.595	655.981
5.15662	636.209	655.597
5.16856	635.822	655.212
5.18049	635.435	654.828
5.19243	635.049	654.443
5.20437	634.662	654.058
5.2163	634.275	653.673
5.22824	633.888	653.288
5.24018	633.501	652.903
5.25211	633.115	652.518
5.26405	632.728	652.133
5.27599	632.341	651.748
5.28792	631.954	651.363
5.29986	631.567	650.978
5.3118	631.18	650.593
5.32373	630.793	650.207
5.33567	630.406	649.822
5.34761	630.019	649.436
5.35954	629.631	649.051
5.37148	629.244	648.666
5.38342	628.857	648.28
5.39535	628.47	647.894
5.40729	628.083	647.509
5.41923	627.696	647.123
5.43116	627.308	646.737
5.4431	626.921	646.351
5.45504	626.534	645.966
5.46697	626.146	645.58
5.47891	625.759	645.194
5.49085	625.372	644.808
5.50278	624.984	644.422
5.51472	624.597	644.036
5.52666	624.21	643.65
5.53859	623.822	643.264
5.55053	623.435	642.877
5.56247	623.047	642.491
5.5744	622.66	642.105
5.58634	622.272	641.719
5.59828	621.885	641.332
5.61021	621.497	640.946
5.62215	621.109	640.559
5.63408	620.722	640.173
5.64602	620.334	639.787
5.65796	619.947	639.4
5.66989	619.559	639.013
5.68183	619.171	638.627
5.69377	618.784	638.24
5.7057	618.396	637.854
5.71764	618.008	637.467
5.72958	617.621	637.08
5.74151	617.233	636.693
5.75345	616.845	636.307
5.76539	616.457	635.92
5.77732	616.07	635.533
5.78926	615.682	635.146
5.8012	615.294	634.759
5.81313	614.906	634.372
5.82507	614.519	633.985
5.83701	614.131	633.598
5.84894	613.743	633.211
5.86088	613.355	632.824
5.87282	612.967	632.437
5.88475	612.579	632.05
5.89669	612.191	631.663
5.90863	611.804	631.276
5.92056	611.416	630.889
5.9325	611.028	630.501
5.94444	610.64	630.114
5.95637	610.252	629.727
5.96831	609.864	629.34
5.98025	609.476	628.952
5.99218	609.088	628.565
6.00412	608.7	628.178
6.01606	608.312	627.79
6.02799	607.924	627.403
6.03993	607.536	627.016
6.05187	607.148	626.628
6.0638	606.76	626.241
6.07574	606.372	625.853
6.08768	605.984	625.466
6.09961	605.596	625.078
6.11155	605.208	624.691
6.12349	604.82	624.303
6.13542	604.432	623.916
6.14736	604.044	623.528
6.1593	603.656	623.14
6.17123	603.268	622.753
6.18317	602.879	622.365
6.19511	602.491	621.977
6.20704	602.103	621.59
6.21898	601.715	621.202
6.23092	601.327	620.814
6.24285	600.939	620.427
6.25479	600.551	620.039
6.26673	600.163	619.651
6.27866	599.775	619.263
6.2906	599.386	618.876
6.30254	598.998	618.488
6.31447	598.61	618.1
6.32641	598.222	617.712
6.33835	597.834	617.324
6.35028	597.446	616.936
6.36222	597.057	616.549
6.37416	596.669	616.161
6.38609	596.281	615.773
6.39803	595.893	615.385
6.40997	595.505	614.997
6.4219	595.116	614.609
6.43384	594.728	614.221
6.44578	594.34	613.833
6.45771	593.952	613.445
6.46965	593.564	613.057
6.48159	593.175	612.669
6.49352	592.787	612.281
6.50546	592.399	611.893
6.51739	592.011	611.505
6.52933	591.622	611.117
6.54127	591.234	610.729
6.5532	590.846	610.341
6.56514	590.458	609.953
6.57708	590.069	609.565
6.58901	589.681	609.177
6.60095	589.293	608.789
6.61289	588.905	608.401
6.62482	588.516	608.013
6.63676	588.128	607.625
6.6487	587.74	607.236
6.66063	587.351	606.848
6.67257	586.963	606.46
6.68451	586.575	606.072
6.69644	586.186	605.684
6.70838	585.798	605.296
6.72032	585.41	604.908
6.73225	585.021	604.519
6.74419	584.633	604.131
6.75613	584.245	603.743
6.76806	583.856	603.355
6.78	583.468	602.967
6.79194	583.08	602.579
6.80387	582.691	602.19
6.81581	582.303	601.802
6.82775	581.915	601.414
6.83968	581.526	601.026
6.85162	581.138	600.637
6.86356	580.75	600.249
6.87549	580.361	599.861
6.88743	579.973	599.473
6.89937	579.584	599.085
6.9113	579.196	598.696
6.92324	578.808	598.308
6.93518	578.419	597.92
6.94711	578.031	597.532
6.95905	577.642	597.143
6.97099	577.254	596.755
6.98292	576.865	596.367
6.99486	576.477	595.978
7.0068	576.089	595.59
7.01873	575.7	595.202
7.03067	575.312	594.814
7.04261	574.923	594.425
7.05454	574.535	594.037
7.06648	574.146	593.649
7.07842	573.758	593.26
7.09035	573.369	592.872
7.10229	572.981	592.484
7.11423	572.592	592.095
7.12616	572.204	591.707
7.1381	571.815	591.319
7.15004	571.426	590.93
7.16197	571.038	590.542
7.17391	570.649	590.154
7.18585	570.261	589.765
7.19778	569.872	589.377
7.20972	569.484	588.989
7.22166	569.095	588.6
7.23359	568.706	588.212
7.24553	568.318	587.824
7.25747	567.929	587.435
7.2694	567.541	587.047
7.28134	567.152	586.659
7.29328	566.763	586.27
7.30521	566.375	585.882
7.31715	565.986	585.493
7.32909	565.597	585.105
7.34102	565.209	584.717
7.35296	564.82	584.328
7.36489	564.431	583.94
7.37683	564.042	583.551
7.38877	563.654	583.163
7.4007	563.265	582.775
7.41264	562.876	582.386
7.42458	562.487	581.998
7.43651	562.099	581.609
7.44845	561.71	581.221
7.46039	561.321	580.832
7.47232	560.932	580.444
7.48426	560.543	580.056
7.4962	560.154	579.667
7.50813	559.766	579.279
7.52007	559.377	578.89
7.53201	558.988	578.502
7.54394	558.599	578.113
7.55588	558.21	577.725
7.56782	557.821	577.336
7.57975	557.432	576.948
7.59169	557.043	576.559
7.60363	556.654	576.171
7.61556	556.265	575.782
7.6275	555.876	575.394
7.63944	555.487	575.005
7.65137	555.098	574.617
7.66331	554.709	574.228
7.67525	554.32	573.84
7.68718	553.931	573.451
7.69912	553.542	573.063
7.71106	553.153	572.674
7.72299	552.763	572.286
7.73493	552.374	571.897
7.74687	551.985	571.508
7.7588	551.596	571.12
7.77074	551.207	570.731
7.78268	550.817	570.343
7.79461	550.428	569.954
7.80655	550.039	569.565
7.81849	549.65	569.177
7.83042	549.26	568.788
7.84236	548.871	568.4
7.8543	548.481	568.011
7.86623	548.092	567.622
7.87817	547.703	567.234
7.89011	547.313	566.845
7.90204	546.924	566.456
7.91398	546.534	566.068
7.92592	546.145	565.679
7.93785	545.755	565.29
7.94979	545.366	564.901
7.96173	544.976	564.513
7.97366	544.587	564.124
7.9856	544.197	563.735
7.99754	543.807	563.346
8.00947	543.418	562.958
8.02141	543.028	562.569
8.03335	542.638	562.18
8.04528	542.249	561.791
8.05722	541.859	561.402
8.06916	541.469	561.014
8.08109	541.079	560.625
8.09303	540.689	560.236
8.10497	540.3	559.847
8.1169	539.91	559.458
8.12884	539.52	559.069
8.14078	539.13	558.68
8.15271	538.74	558.291
8.16465	538.35	557.902
8.17659	537.96	557.514
8.18852	537.57	557.125
8.20046	537.18	556.736
8.2124	536.79	556.347
8.22433	536.399	555.958
8.23627	536.009	555.569
8.2482	535.619	555.18
8.26014	535.229	554.79
8.27208	534.839	554.401
8.28401	534.448	554.012
8.29595	534.058	553.623
8.30789	533.668	553.234
8.31982	533.277	552.845
8.33176	532.887	552.456
8.3437	532.496	552.067
8.35563	532.106	551.677
8.36757	531.715	551.288
8.37951	531.325	550.899
8.39144	530.934	550.51
8.40338	530.544	550.121
8.41532	530.153	549.731
8.42725	529.762	549.342
8.43919	529.372	548.953
8.45113	528.981	548.563
8.46306	528.59	548.174
8.475	528.199	547.785
8.48694	527.808	547.395
8.49887	527.417	547.006
8.51081	527.027	546.616
8.52275	526.636	546.227
8.53468	526.245	545.837
8.54662	525.854	545.448
8.55856	525.462	545.058
8.57049	525.071	544.669
8.58243	524.68	544.279
8.59437	524.289	543.89
8.6063	523.898	543.5
8.61824	523.507	543.11
8.63018	523.115	542.721
8.64211	522.724	542.331
8.65405	522.333	541.941
8.66599	521.941	541.552
8.67792	521.55	541.162
8.68986	521.158	540.772
8.7018	520.767	540.382
8.71373	520.375	539.992
8.72567	519.984	539.603
8.73761	519.592	539.213
8.74954	519.2	538.823
8.76148	518.809	538.433
8.77342	518.417	538.043
8.78535	518.025	537.653
8.79729	517.633	537.263
8.80923	517.241	536.873
8.82116	516.849	536.483
8.8331	516.457	536.093
8.84504	516.065	535.702
8.85697	515.673	535.312
8.86891	515.281	534.922
8.88085	514.889	534.532
8.89278	514.497	534.142
8.90472	514.105	533.751
8.91666	513.712	533.361
8.92859	513.32	532.971
8.94053	512.928	532.58
8.95247	512.535	532.19
8.9644	512.143	531.799
8.97634	511.75	531.409
8.98828	511.358	531.018
9.00021	510.965	530.628
9.01215	510.573	530.237
9.02409	510.18	529.847
9.03602	509.787	529.456
9.04796	509.395	529.066
9.0599	509.002	528.675
9.07183	508.609	528.284
9.08377	508.216	527.893
9.0957	507.823	527.503
9.10764	507.43	527.112
9.11958	507.037	526.721
9.13151	506.644	526.33
9.14345	506.251	525.939
9.15539	505.858	525.548
9.16732	505.465	525.157
9.17926	505.072	524.766
9.1912	504.678	524.375
9.20313	504.285	523.984
9.21507	503.892	523.593
9.22701	503.498	523.201
9.23894	503.105	522.81
9.25088	502.711	522.419
9.26282	502.318	522.028
9.27475	501.924	521.636
9.28669	501.531	521.245
9.29863	501.137	520.854
9.31056	500.743	520.462
9.3225	500.349	520.071
9.33444	499.956	519.679
9.34637	499.562	519.288
9.35831	499.168	518.896
9.37025	498.774	518.504
9.38218	498.38	518.113
9.39412	497.986	517.721
9.40606	497.592	517.329
9.41799	497.198	516.937
9.42993	496.803	516.545
9.44187	496.409	516.154
9.4538	496.015	515.762
9.46574	495.621	515.37
9.47768	495.226	514.978
9.48961	494.832	514.586
9.50155	494.438	514.194
9.51349	494.043	513.801
9.52542	493.649	513.409
9.53736	493.254	513.017
9.5493	492.859	512.625
9.56123	492.465	512.232
9.57317	492.07	511.84
9.58511	491.675	511.448
9.59704	491.281	511.055
9.60898	490.886	510.663
9.62092	490.491	510.27
9.63285	490.096	509.878
9.64479	489.701	509.485
9.65673	489.306	509.093
9.66866	488.911	508.7
9.6806	488.516	508.307
9.69254	488.121	507.914
9.70447	487.726	507.522
9.71641	487.33	507.129
9.72835	486.935	506.736
9.74028	486.54	506.343
9.75222	486.145	505.95
9.76416	485.749	505.557
9.77609	485.354	505.164
9.78803	484.958	504.771
9.79997	484.563	504.377
9.8119	484.167	503.984
9.82384	483.772	503.591
9.83578	483.376	503.198
9.84771	482.981	502.804
9.85965	482.585	502.411
9.87159	482.189	502.018
9.88352	481.794	501.624
9.89546	481.398	501.231
9.9074	481.002	500.837
9.91933	480.606	500.443
9.93127	480.21	500.05
9.94321	479.815	499.656
9.95514	479.419	499.262
9.96708	479.023	498.869
9.97901	478.627	498.475
9.99095	478.231	498.081
10.0029	477.835	497.687
10.0148	477.439	497.293
10.0268	477.042	496.899
10.0387	476.646	496.505
10.0506	476.25	496.111
10.0626	475.854	495.717
10.0745	475.458	495.322
10.0864	475.061	494.928
10.0984	474.665	494.534
10.1103	474.269	494.14
10.1223	473.873	493.745
10.1342	473.476	493.351
10.1461	473.08	492.956
10.1581	472.683	492.562
10.17	472.287	492.167
10.1819	471.891	491.773
10.1939	471.494	491.378
10.2058	471.098	490.984
10.2177	470.701	490.589
10.2297	470.305	490.194
10.2416	469.908	489.799
10.2536	469.512	489.405
10.2655	469.115	489.01
10.2774	468.718	488.615
10.2894	468.322	488.22
10.3013	467.925	487.825
10.3132	467.528	487.43
10.3252	467.132	487.035
10.3371	466.735	486.64
10.3491	466.339	486.245
10.361	465.942	485.849
10.3729	465.545	485.454
10.3849	465.148	485.059
10.3968	464.752	484.664
10.4087	464.355	484.268
10.4207	463.958	483.873
10.4326	463.562	483.478
10.4445	463.165	483.082
10.4565	462.768	482.687
10.4684	462.371	482.291
10.4804	461.975	481.896
10.4923	461.578	481.5
10.5042	461.181	481.104
10.5162	460.784	480.709
10.5281	460.388	480.313
10.54	459.991	479.917
10.552	459.594	479.522
10.5639	459.198	479.126
10.5758	458.801	478.73
10.5878	458.404	478.334
10.5997	458.007	477.938
10.6117	457.611	477.542
10.6236	457.214	477.146
10.6355	456.817	476.751
10.6475	456.421	476.355
10.6594	456.024	475.959
10.6713	455.628	475.562
10.6833	455.231	475.166
10.6952	454.834	474.77
10.7071	454.438	474.374
10.7191	454.041	473.978
10.731	453.645	473.582
10.743	453.248	473.186
10.7549	452.852	472.789
10.7668	452.455	472.393
10.7788	452.059	471.997
10.7907	451.663	471.6
10.8026	451.266	471.204
10.8146	450.87	470.808
10.8265	450.474	470.411
10.8385	450.077	470.015
10.8504	449.681	469.619
10.8623	449.285	469.222
10.8743	448.889	468.826
10.8862	448.493	468.429
10.8981	448.097	468.033
10.9101	447.701	467.636
10.922	447.305	467.24
10.9339	446.909	466.843
10.9459	446.513	466.447
10.9578	446.117	466.05
10.9698	445.721	465.654
10.9817	445.326	465.257
10.9936	444.93	464.861
11.0056	444.534	464.464
11.0175	444.139	464.068
11.0294	443.743	463.671
11.0414	443.348	463.274
11.0533	442.952	462.878
11.0652	442.557	462.481
11.0772	442.162	462.085
11.0891	441.767	461.688
11.1011	441.372	461.291
11.113	440.976	460.895
11.1249	440.581	460.498
11.1369	440.187	460.102
11.1488	439.792	459.705
11.1607	439.397	459.308
11.1727	439.002	458.912
11.1846	438.608	458.515
11.1966	438.213	458.119
11.2085	437.819	457.722
11.2204	437.424	457.326
11.2324	437.03	456.929
11.2443	436.636	456.532
11.2562	436.242	456.136
11.2682	435.848	455.739
11.2801	435.454	455.343
11.292	435.06	454.947
11.304	434.667	454.55
11.3159	434.273	454.154
11.3279	433.88	453.757
11.3398	433.486	453.361
11.3517	433.093	452.964
11.3637	432.7	452.568
11.3756	432.307	452.172
11.3875	431.914	451.776
11.3995	431.521	451.379
11.4114	431.128	450.983
11.4233	430.736	450.587
11.4353	430.343	450.191
11.4472	429.951	449.795
11.4592	429.559	449.398
11.4711	429.167	449.002
11.483	428.775	448.606
11.495	428.383	448.21
11.5069	427.991	447.814
11.5188	427.6	447.418
11.5308	427.208	447.023
11.5427	426.817	446.627
11.5546	426.426	446.231
11.5666	426.035	445.835
11.5785	425.644	445.44
11.5905	425.253	445.044
11.6024	424.863	444.648
11.6143	424.472	444.253
11.6263	424.082	443.857
11.6382	423.692	443.462
11.6501	423.302	443.067
11.6621	422.912	442.671
11.674	422.523	442.276
11.686	422.133	441.881
11.6979	421.744	441.486
11.7098	421.355	441.091
11.7218	420.966	440.696
11.7337	420.577	440.301
11.7456	420.189	439.906
11.7576	419.801	439.512
11.7695	419.412	439.117
11.7814	419.024	438.722
11.7934	418.637	438.328
11.8053	418.249	437.933
11.8173	417.862	437.539
11.8292	417.474	437.145
11.8411	417.087	436.751
11.8531	416.701	436.356
11.865	416.314	435.962
11.8769	415.928	435.569
11.8889	415.541	435.175
11.9008	415.155	434.781
11.9127	414.77	434.387
11.9247	414.384	433.994
11.9366	413.999	433.6
11.9486	413.614	433.207
11.9605	413.229	432.814
11.9724	412.844	432.421
11.9844	412.46	432.028
11.9963	412.076	431.635
12.0082	411.692	431.242
12.0202	411.308	430.85
12.0321	410.924	430.457
12.0441	410.541	430.065
12.056	410.158	429.672
12.0679	409.775	429.28
12.0799	409.393	428.888
12.0918	409.011	428.496
12.1037	408.629	428.104
12.1157	408.247	427.713
12.1276	407.866	427.321
12.1395	407.485	426.93
12.1515	407.104	426.539
12.1634	406.723	426.148
12.1754	406.343	425.757
12.1873	405.963	425.366
12.1992	405.583	424.975
12.2112	405.203	424.585
12.2231	404.824	424.194
12.235	404.445	423.804
12.247	404.066	423.414
12.2589	403.688	423.024
12.2708	403.31	422.634
12.2828	402.932	422.245
12.2947	402.555	421.855
12.3067	402.178	421.466
12.3186	401.801	421.077
12.3305	401.424	420.688
12.3425	401.048	420.299
12.3544	400.672	419.911
12.3663	400.297	419.523
12.3783	399.921	419.134
12.3902	399.546	418.746
12.4021	399.172	418.359
12.4141	398.798	417.971
12.426	398.424	417.584
12.438	398.05	417.196
12.4499	397.677	416.809
12.4618	397.304	416.423
12.4738	396.931	416.036
12.4857	396.559	415.649
12.4976	396.187	415.263
12.5096	395.816	414.877
12.5215	395.445	414.492
12.5335	395.074	414.106
12.5454	394.704	413.721
12.5573	394.333	413.335
12.5693	393.964	412.951
12.5812	393.595	412.566
12.5931	393.226	412.181
12.6051	392.857	411.797
12.617	392.489	411.413
12.6289	392.121	411.029
12.6409	391.754	410.646
12.6528	391.387	410.263
12.6648	391.02	409.88
12.6767	390.654	409.497
12.6886	390.288	409.114
12.7006	389.923	408.732
12.7125	389.558	408.35
12.7244	389.193	407.968
12.7364	388.829	407.587
12.7483	388.465	407.206
12.7602	388.102	406.825
12.7722	387.739	406.444
12.7841	387.377	406.063
12.7961	387.015	405.683
12.808	386.653	405.303
12.8199	386.292	404.924
12.8319	385.931	404.545
12.8438	385.571	404.166
12.8557	385.211	403.787
12.8677	384.852	403.408
12.8796	384.493	403.03
12.8916	384.134	402.652
12.9035	383.776	402.275
12.9154	383.419	401.898
12.9274	383.062	401.521
12.9393	382.705	401.144
12.9512	382.349	400.768
12.9632	381.993	400.392
12.9751	381.638	400.016
12.987	381.283	399.641
12.999	380.929	399.266
13.0109	380.575	398.891
13.0229	380.222	398.517
13.0348	379.869	398.143
13.0467	379.517	397.769
13.0587	379.165	397.395
13.0706	378.814	397.022
13.0825	378.463	396.65
13.0945	378.113	396.277
13.1064	377.763	395.905
13.1183	377.414	395.534
13.1303	377.065	395.163
13.1422	376.717	394.792
13.1542	376.369	394.421
13.1661	376.022	394.051
13.178	375.676	393.681
13.19	375.33	393.312
13.2019	374.984	392.943
13.2138	374.639	392.574
13.2258	374.294	392.206
13.2377	373.951	391.838
13.2496	373.607	391.47
13.2616	373.264	391.103
13.2735	372.922	390.736
13.2855	372.58	390.37
13.2974	372.239	390.004
13.3093	371.899	389.639
13.3213	371.559	389.273
13.3332	371.219	388.909
13.3451	370.88	388.544
13.3571	370.542	388.18
13.369	370.204	387.817
13.381	369.867	387.454
13.3929	369.531	387.091
13.4048	369.195	386.729
13.4168	368.859	386.367
13.4287	368.524	386.006
13.4406	368.19	385.645
13.4526	367.857	385.285
13.4645	367.524	384.925
13.4764	367.191	384.565
13.4884	366.859	384.206
13.5003	366.528	383.847
13.5123	366.198	383.489
13.5242	365.868	383.131
13.5361	365.538	382.774
13.5481	365.21	382.417
13.56	364.882	382.061
13.5719	364.554	381.705
13.5839	364.227	381.35
13.5958	363.901	380.995
13.6077	363.576	380.64
13.6197	363.251	380.286
13.6316	362.927	379.933
13.6436	362.603	379.58
13.6555	362.28	379.227
13.6674	361.958	378.875
13.6794	361.636	378.524
13.6913	361.315	378.173
13.7032	360.995	377.822
13.7152	360.675	377.473
13.7271	360.356	377.123
13.7391	360.038	376.774
13.751	359.72	376.426
13.7629	359.403	376.078
13.7749	359.087	375.73
13.7868	358.771	375.384
13.7987	358.456	375.037
13.8107	358.142	374.692
13.8226	357.828	374.346
13.8345	357.515	374.002
13.8465	357.203	373.657
13.8584	356.892	373.314
13.8704	356.581	372.971
13.8823	356.271	372.628
13.8942	355.961	372.286
13.9062	355.653	371.945
13.9181	355.345	371.604
13.93	355.037	371.264
13.942	354.731	370.924
13.9539	354.425	370.585
13.9658	354.12	370.247
13.9778	353.815	369.909
13.9897	353.512	369.571
14.0017	353.209	369.234
14.0136	352.907	368.898
14.0255	352.605	368.563
14.0375	352.304	368.228
14.0494	352.004	367.893
14.0613	351.705	367.559
14.0733	351.406	367.226
14.0852	351.109	366.893
14.0971	350.811	366.561
14.1091	350.515	366.23
14.121	350.22	365.899
14.133	349.925	365.569
14.1449	349.631	365.24
14.1568	349.337	364.911
14.1688	349.045	364.582
14.1807	348.753	364.255
14.1926	348.462	363.928
14.2046	348.172	363.601
14.2165	347.882	363.275
14.2285	347.593	362.95
14.2404	347.305	362.626
14.2523	347.018	362.302
14.2643	346.732	361.979
14.2762	346.446	361.656
14.2881	346.161	361.334
14.3001	345.877	361.013
14.312	345.594	360.692
14.3239	345.312	360.373
14.3359	345.03	360.053
14.3478	344.749	359.735
14.3598	344.469	359.417
14.3717	344.189	359.1
14.3836	343.911	358.783
14.3956	343.633	358.467
14.4075	343.356	358.152
14.4194	343.08	357.837
14.4314	342.805	357.524
14.4433	342.53	357.211
14.4552	342.256	356.898
14.4672	341.983	356.586
14.4791	341.711	356.275
14.4911	341.44	355.965
14.503	341.17	355.655
14.5149	340.9	355.346
14.5269	340.631	355.038
14.5388	340.363	354.731
14.5507	340.096	354.424
14.5627	339.829	354.118
14.5746	339.564	353.812
14.5866	339.299	353.508
14.5985	339.035	353.204
14.6104	338.772	352.901
14.6224	338.51	352.598
14.6343	338.248	352.297
14.6462	337.988	351.996
14.6582	337.728	351.695
14.6701	337.469	351.396
14.682	337.211	351.097
14.694	336.954	350.799
14.7059	336.697	350.502
14.7179	336.442	350.205
14.7298	336.187	349.909
14.7417	335.933	349.614
14.7537	335.68	349.32
14.7656	335.428	349.027
14.7775	335.176	348.734
14.7895	334.926	348.442
14.8014	334.676	348.151
14.8133	334.427	347.86
14.8253	334.179	347.57
14.8372	333.932	347.281
14.8492	333.686	346.993
14.8611	333.441	346.706
14.873	333.196	346.419
14.885	332.953	346.134
14.8969	332.71	345.849
14.9088	332.468	345.564
14.9208	332.227	345.281
14.9327	331.986	344.998
14.9446	331.747	344.716
14.9566	331.508	344.435
14.9685	331.271	344.155
14.9805	331.034	343.875
14.9924	330.798	343.597
15.0043	330.563	343.319
15.0163	330.329	343.042
15.0282	330.096	342.765
15.0401	329.863	342.49
15.0521	329.631	342.215
15.064	329.401	341.941
15.076	329.171	341.668
15.0879	328.942	341.396
15.0998	328.714	341.124
15.1118	328.487	340.854
15.1237	328.26	340.584
15.1356	328.035	340.315
15.1476	327.81	340.047
15.1595	327.586	339.779
15.1714	327.363	339.513
15.1834	327.141	339.247
15.1953	326.92	338.982
15.2073	326.7	338.718
15.2192	326.481	338.455
15.2311	326.262	338.193
15.2431	326.045	337.931
15.255	325.828	337.671
15.2669	325.612	337.411
15.2789	325.397	337.152
15.2908	325.183	336.893
15.3027	324.97	336.636
15.3147	324.757	336.38
15.3266	324.546	336.124
15.3386	324.335	335.869
15.3505	324.126	335.615
15.3624	323.917	335.362
15.3744	323.709	335.11
15.3863	323.502	334.858
15.3982	323.295	334.608
15.4102	323.09	334.358
15.4221	322.886	334.109
15.4341	322.682	333.861
15.446	322.479	333.614
15.4579	322.278	333.368
15.4699	322.077	333.122
15.4818	321.877	332.878
15.4937	321.677	332.634
15.5057	321.479	332.391
15.5176	321.282	332.149
15.5295	321.085	331.908
15.5415	320.889	331.668
15.5534	320.695	331.428
15.5654	320.501	331.19
15.5773	320.308	330.952
15.5892	320.116	330.716
15.6012	319.924	330.48
15.6131	319.734	330.245
15.625	319.544	330.01
15.637	319.356	329.777
15.6489	319.168	329.545
15.6608	318.981	329.313
15.6728	318.795	329.082
15.6847	318.61	328.853
15.6967	318.425	328.624
15.7086	318.242	328.396
15.7205	318.059	328.168
15.7325	317.877	327.942
15.7444	317.697	327.717
15.7563	317.517	327.492
15.7683	317.338	327.268
15.7802	317.159	327.046
15.7921	316.982	326.824
15.8041	316.805	326.603
15.816	316.63	326.383
15.828	316.455	326.163
15.8399	316.281	325.945
15.8518	316.108	325.727
15.8638	315.936	325.511
15.8757	315.764	325.295
15.8876	315.594	325.08
15.8996	315.424	324.866
15.9115	315.255	324.653
15.9235	315.087	324.441
15.9354	314.92	324.229
15.9473	314.754	324.019
15.9593	314.589	323.809
15.9712	314.424	323.601
15.9831	314.261	323.393
15.9951	314.098	323.186
16.007	313.936	322.98
16.0189	313.775	322.775
16.0309	313.614	322.57
16.0428	313.455	322.367
16.0548	313.296	322.165
16.0667	313.138	321.963
16.0786	312.982	321.762
16.0906	312.825	321.562
16.1025	312.67	321.363
16.1144	312.516	321.165
16.1264	312.362	320.968
16.1383	312.209	320.772
16.1502	312.057	320.576
16.1622	311.906	320.382
16.1741	311.756	320.188
16.1861	311.607	319.995
16.198	311.458	319.803
16.2099	311.31	319.612
16.2219	311.163	319.422
16.2338	311.017	319.233
16.2457	310.872	319.044
16.2577	310.727	318.857
16.2696	310.584	318.67
16.2816	310.441	318.484
16.2935	310.299	318.299
16.3054	310.157	318.115
16.3174	310.017	317.932
16.3293	309.877	317.75
16.3412	309.738	317.569
16.3532	309.6	317.388
16.3651	309.463	317.208
16.377	309.327	317.03
16.389	309.191	316.852
16.4009	309.056	316.675
16.4129	308.922	316.498
16.4248	308.789	316.323
16.4367	308.656	316.149
16.4487	308.525	315.975
16.4606	308.394	315.802
16.4725	308.264	315.631
16.4845	308.134	315.46
16.4964	308.006	315.289
16.5083	307.878	315.12
16.5203	307.751	314.952
16.5322	307.625	314.784
16.5442	307.5	314.618
16.5561	307.375	314.452
16.568	307.251	314.287
16.58	307.128	314.123
16.5919	307.006	313.959
16.6038	306.884	313.797
16.6158	306.763	313.635
16.6277	306.643	313.475
16.6396	306.524	313.315
16.6516	306.405	313.156
16.6635	306.287	312.998
16.6755	306.17	312.84
16.6874	306.054	312.684
16.6993	305.938	312.528
16.7113	305.824	312.373
16.7232	305.709	312.22
16.7351	305.596	312.066
16.7471	305.483	311.914
16.759	305.372	311.763
16.771	305.26	311.612
16.7829	305.15	311.462
16.7948	305.04	311.313
16.8068	304.931	311.165
16.8187	304.823	311.018
16.8306	304.716	310.872
16.8426	304.609	310.726
16.8545	304.503	310.581
16.8664	304.397	310.437
16.8784	304.293	310.294
16.8903	304.189	310.152
16.9023	304.085	310.01
16.9142	303.983	309.87
16.9261	303.881	309.73
16.9381	303.78	309.591
16.95	303.679	309.452
16.9619	303.58	309.315
16.9739	303.481	309.178
16.9858	303.382	309.042
16.9977	303.285	308.907
17.0097	303.188	308.773
17.0216	303.091	308.64
17.0336	302.996	308.507
17.0455	302.901	308.375
17.0574	302.806	308.244
17.0694	302.713	308.114
17.0813	302.62	307.984
17.0932	302.527	307.856
17.1052	302.436	307.728
17.1171	302.345	307.601
17.1291	302.255	307.474
17.141	302.165	307.349
17.1529	302.076	307.224
17.1649	301.988	307.1
17.1768	301.9	306.977
17.1887	301.813	306.854
17.2007	301.726	306.733
17.2126	301.641	306.612
17.2245	301.555	306.492
17.2365	301.471	306.372
17.2484	301.387	306.254
17.2604	301.304	306.136
17.2723	301.221	306.019
17.2842	301.139	305.902
17.2962	301.058	305.787
17.3081	300.977	305.672
17.32	300.897	305.558
17.332	300.817	305.444
17.3439	300.739	305.332
17.3558	300.66	305.22
17.3678	300.582	305.109
17.3797	300.505	304.998
17.3917	300.429	304.889
17.4036	300.353	304.78
17.4155	300.278	304.671
17.4275	300.203	304.564
17.4394	300.129	304.457
17.4513	300.055	304.351
17.4633	299.982	304.246
17.4752	299.91	304.141
17.4871	299.838	304.037
17.4991	299.767	303.934
17.511	299.696	303.832
17.523	299.626	303.73
17.5349	299.556	303.629
17.5468	299.487	303.528
17.5588	299.419	303.429
17.5707	299.351	303.33
17.5826	299.284	303.232
17.5946	299.217	303.134
17.6065	299.151	303.037
17.6185	299.085	302.941
17.6304	299.02	302.845
17.6423	298.956	302.751
17.6543	298.892	302.657
17.6662	298.828	302.563
17.6781	298.765	302.47
17.6901	298.703	302.378
17.702	298.641	302.287
17.7139	298.579	302.196
17.7259	298.518	302.106
17.7378	298.458	302.016
17.7498	298.398	301.928
17.7617	298.339	301.839
17.7736	298.28	301.752
17.7856	298.222	301.665
17.7975	298.164	301.579
17.8094	298.107	301.493
17.8214	298.05	301.408
17.8333	297.994	301.324
17.8452	297.938	301.24
17.8572	297.882	301.157
17.8691	297.828	301.075
17.8811	297.773	300.993
17.893	297.719	300.912
17.9049	297.666	300.832
17.9169	297.613	300.752
17.9288	297.561	300.673
17.9407	297.509	300.594
17.9527	297.457	300.516
17.9646	297.406	300.439
17.9766	297.355	300.362
17.9885	297.305	300.286
18.0004	297.256	300.21
18.0124	297.206	300.135
18.0243	297.158	300.061
18.0362	297.109	299.987
18.0482	297.061	299.913
18.0601	297.014	299.841
18.072	296.967	299.769
18.084	296.92	299.697
18.0959	296.874	299.626
18.1079	296.829	299.556
18.1198	296.783	299.486
18.1317	296.738	299.417
18.1437	296.694	299.348
18.1556	296.65	299.28
18.1675	296.606	299.213
18.1795	296.563	299.146
18.1914	296.521	299.08
18.2033	296.478	299.014
18.2153	296.436	298.949
18.2272	296.395	298.884
18.2392	296.354	298.82
18.2511	296.313	298.756
18.263	296.273	298.693
18.275	296.233	298.63
18.2869	296.193	298.568
18.2988	296.154	298.507
18.3108	296.115	298.446
18.3227	296.077	298.385
18.3346	296.039	298.325
18.3466	296.001	298.266
18.3585	295.964	298.207
18.3705	295.927	298.149
18.3824	295.89	298.091
18.3943	295.854	298.034
18.4063	295.819	297.977
18.4182	295.783	297.92
18.4301	295.748	297.864
18.4421	295.713	297.809
18.454	295.679	297.754
18.466	295.645	297.7
18.4779	295.611	297.646
18.4898	295.578	297.593
18.5018	295.545	297.54
18.5137	295.512	297.487
18.5256	295.48	297.435
18.5376	295.448	297.384
18.5495	295.417	297.333
18.5614	295.385	297.282
18.5734	295.354	297.232
18.5853	295.324	297.182
18.5973	295.293	297.133
18.6092	295.263	297.084
18.6211	295.234	297.036
18.6331	295.204	296.988
18.645	295.175	296.941
18.6569	295.147	296.894
18.6689	295.118	296.848
18.6808	295.09	296.802
18.6927	295.062	296.756
18.7047	295.035	296.711
18.7166	295.008	296.666
18.7286	294.981	296.622
18.7405	294.954	296.578
18.7524	294.928	296.534
18.7644	294.902	296.491
18.7763	294.876	296.449
18.7882	294.851	296.406
18.8002	294.825	296.365
18.8121	294.8	296.323
18.8241	294.776	296.282
18.836	294.751	296.242
18.8479	294.727	296.201
18.8599	294.704	296.162
18.8718	294.68	296.122
18.8837	294.657	296.083
18.8957	294.634	296.045
18.9076	294.611	296.006
18.9195	294.589	295.969
18.9315	294.566	295.931
18.9434	294.544	295.894
18.9554	294.523	295.857
18.9673	294.501	295.821
18.9792	294.48	295.785
18.9912	294.459	295.749
19.0031	294.438	295.714
19.015	294.418	295.679
19.027	294.398	295.645
19.0389	294.378	295.611
19.0508	294.358	295.577
19.0628	294.338	295.543
19.0747	294.319	295.51
19.0867	294.3	295.478
19.0986	294.281	295.445
19.1105	294.263	295.413
19.1225	294.244	295.381
19.1344	294.226	295.35
19.1463	294.208	295.319
19.1583	294.19	295.288
19.1702	294.173	295.258
19.1821	294.156	295.228
19.1941	294.139	295.198
19.206	294.122	295.169
19.218	294.105	295.139
19.2299	294.089	295.111
19.2418	294.072	295.082
19.2538	294.056	295.054
19.2657	294.04	295.026
19.2776	294.025	294.999
19.2896	294.009	294.971
19.3015	293.994	294.945
19.3135	293.979	294.918
19.3254	293.964	294.892
19.3373	293.949	294.866
19.3493	293.935	294.84
19.3612	293.921	294.814
19.3731	293.906	294.789
19.3851	293.892	294.764
19.397	293.879	294.74
19.4089	293.865	294.715
19.4209	293.852	294.691
19.4328	293.838	294.667
19.4448	293.825	294.644
19.4567	293.812	294.621
19.4686	293.8	294.598
19.4806	293.787	294.575
19.4925	293.775	294.553
19.5044	293.762	294.53
19.5164	293.75	294.509
19.5283	293.738	294.487
19.5402	293.727	294.465
19.5522	293.715	294.444
19.5641	293.704	294.423
19.5761	293.692	294.403
19.588	293.681	294.382
19.5999	293.67	294.362
19.6119	293.659	294.342
19.6238	293.649	294.323
19.6357	293.638	294.303
19.6477	293.628	294.284
19.6596	293.617	294.265
19.6716	293.607	294.246
19.6835	293.597	294.228
19.6954	293.587	294.209
19.7074	293.578	294.191
19.7193	293.568	294.174
19.7312	293.559	294.156
19.7432	293.549	294.139
19.7551	293.54	294.121
19.767	293.531	294.104
19.779	293.522	294.088
19.7909	293.514	294.071
19.8029	293.505	294.055
19.8148	293.496	294.039
19.8267	293.488	294.023
19.8387	293.48	294.007
19.8506	293.471	293.991
19.8625	293.463	293.976
19.8745	293.455	293.961
19.8864	293.448	293.946
19.8983	293.44	293.931
19.9103	293.432	293.917
19.9222	293.425	293.902
19.9342	293.417	293.888
19.9461	293.41	293.874
19.958	293.403	293.86
19.97	293.396	293.847
19.9819	293.389	293.833
19.9938	293.382	293.82
20.0058	293.375	293.807
20.0177	293.369	293.794
20.0296	293.362	293.781
20.0416	293.356	293.769
20.0535	293.349	293.756
20.0655	293.343	293.744
20.0774	293.337	293.732
20.0893	293.331	293.72
20.1013	293.325	293.708
20.1132	293.319	293.697
20.1251	293.313	293.685
20.1371	293.307	293.674
20.149	293.302	293.663
20.161	293.296	293.652
20.1729	293.291	293.641
20.1848	293.286	293.63
20.1968	293.28	293.62
20.2087	293.275	293.61
20.2206	293.27	293.599
20.2326	293.265	293.589
20.2445	293.26	293.579
20.2564	293.255	293.569
20.2684	293.25	293.56
20.2803	293.246	293.55
20.2923	293.241	293.541
20.3042	293.236	293.532
20.3161	293.232	293.523
20.3281	293.227	293.514
20.34	293.223	293.505
20.3519	293.219	293.496
20.3639	293.215	293.487
20.3758	293.211	293.479
20.3877	293.206	293.47
20.3997	293.202	293.462
20.4116	293.199	293.454
20.4236	293.195	293.446
20.4355	293.191	293.438
20.4474	293.187	293.431
20.4594	293.183	293.423
20.4713	293.18	293.415
20.4832	293.176	293.408
20.4952	293.173	293.401
20.5071	293.169	293.393
20.5191	293.166	293.386
20.531	293.163	293.379
20.5429	293.159	293.373
20.5549	293.156	293.366
20.5668	293.153	293.359
20.5787	293.15	293.353
20.5907	293.147	293.346
20.6026	293.144	293.34
20.6145	293.141	293.333
20.6265	293.138	293.327
20.6384	293.135	293.321
20.6504	293.132	293.315
20.6623	293.13	293.309
20.6742	293.127	293.304
20.6862	293.124	293.298
20.6981	293.122	293.292
20.71	293.119	293.287
20.722	293.117	293.281
20.7339	293.114	293.276
20.7458	293.112	293.271
20.7578	293.11	293.266
20.7697	293.107	293.26
20.7817	293.105	293.255
20.7936	293.103	293.251
20.8055	293.1	293.246
20.8175	293.098	293.241
20.8294	293.096	293.236
20.8413	293.094	293.232
20.8533	293.092	293.227
20.8652	293.09	293.223
20.8771	293.088	293.218
20.8891	293.086	293.214
20.901	293.084	293.21
20.913	293.082	293.206
20.9249	293.081	293.201
20.9368	293.079	293.197
20.9488	293.077	293.193
20.9607	293.075	293.19
20.9726	293.074	293.186
20.9846	293.072	293.182
20.9965	293.07	293.178
21.0085	293.069	293.175
21.0204	293.067	293.171
21.0323	293.066	293.168
21.0443	293.064	293.164
21.0562	293.063	293.161
21.0681	293.061	293.157
21.0801	293.06	293.154
21.092	293.059	293.151
21.1039	293.057	293.148
21.1159	293.056	293.145
21.1278	293.055	293.142
21.1398	293.053	293.139
21.1517	293.052	293.136
21.1636	293.051	293.133
21.1756	293.05	293.13
21.1875	293.048	293.127
21.1994	293.047	293.125
21.2114	293.046	293.122
21.2233	293.045	293.119
21.2352	293.044	293.117
21.2472	293.043	293.114
21.2591	293.042	293.112
21.2711	293.041	293.109
21.283	293.04	293.107
21.2949	293.039	293.105
21.3069	293.038	293.102
21.3188	293.037	293.1
21.3307	293.036	293.098
21.3427	293.035	293.096
21.3546	293.034	293.093
21.3666	293.033	293.091
21.3785	293.033	293.089
21.3904	293.032	293.087
21.4024	293.031	293.085
21.4143	293.03	293.083
21.4262	293.029	293.081
21.4382	293.029	293.08
21.4501	293.028	293.078
21.462	293.027	293.076
21.474	293.027	293.074
21.4859	293.026	293.072
21.4979	293.025	293.071
21.5098	293.025	293.069
21.5217	293.024	293.068
21.5337	293.023	293.066
21.5456	293.023	293.064
21.5575	293.022	293.063
21.5695	293.021	293.061
21.5814	293.021	293.06
21.5933	293.02	293.058
21.6053	293.02	293.057
21.6172	293.019	293.056
21.6292	293.019	293.054
21.6411	293.018	293.053
21.653	293.018	293.052
21.665	293.017	293.05
21.6769	293.017	293.049
21.6888	293.016	293.048
21.7008	293.016	293.047
21.7127	293.015	293.046
21.7246	293.015	293.045
21.7366	293.015	293.043
21.7485	293.014	293.042
21.7605	293.014	293.041
21.7724	293.013	293.04
21.7843	293.013	293.039
21.7963	293.013	293.038
21.8082	293.012	293.037
21.8201	293.012	293.036
21.8321	293.012	293.035
21.844	293.011	293.034
21.856	293.011	293.034
21.8679	293.011	293.033
21.8798	293.01	293.032
21.8918	293.01	293.031
21.9037	293.01	293.03
21.9156	293.009	293.029
21.9276	293.009	293.029
21.9395	293.009	293.028
21.9514	293.009	293.027
21.9634	293.008	293.026
21.9753	293.008	293.026
21.9873	293.008	293.025
21.9992	293.008	293.024
22.0111	293.007	293.024
22.0231	293.007	293.023
22.035	293.007	293.022
22.0469	293.007	293.022
22.0589	293.006	293.021
22.0708	293.006	293.021
22.0827	293.006	293.02
22.0947	293.006	293.019
22.1066	293.006	293.019
22.1186	293.006	293.018
22.1305	293.005	293.018
22.1424	293.005	293.017
22.1544	293.005	293.017
22.1663	293.005	293.016
22.1782	293.005	293.016
22.1902	293.005	293.015
22.2021	293.004	293.015
22.2141	293.004	293.014
22.226	293.004	293.014
22.2379	293.004	293.014
22.2499	293.004	293.013
22.2618	293.004	293.013
22.2737	293.004	293.012
22.2857	293.003	293.012
22.2976	293.003	293.012
22.3095	293.003	293.011
22.3215	293.003	293.011
22.3334	293.003	293.011
22.3454	293.003	293.01
22.3573	293.003	293.01
22.3692	293.003	293.01
22.3812	293.003	293.009
22.3931	293.003	293.009
22.405	293.002	293.009
22.417	293.002	293.009
22.4289	293.002	293.008
22.4408	293.002	293.008
22.4528	293.002	293.008
22.4647	293.002	293.008
22.4767	293.002	293.007
22.4886	293.002	293.007
22.5005	293.002	293.007
22.5125	293.002	293.007
22.5244	293.002	293.006
22.5363	293.002	293.006
22.5483	293.002	293.006
22.5602	293.001	293.006
22.5721	293.001	293.006
22.5841	293.001	293.005
22.596	293.001	293.005
22.608	293.001	293.005
22.6199	293.001	293.005
22.6318	293.001	293.005
22.6438	293.001	293.004
22.6557	293.001	293.004
22.6676	293.001	293.004
22.6796	293.001	293.004
22.6915	293.001	293.004
22.7035	293.001	293.004
22.7154	293.001	293.004
22.7273	293.001	293.003
22.7393	293.001	293.003
22.7512	293.001	293.003
22.7631	293.001	293.003
22.7751	293.001	293.003
22.787	293.001	293.003
22.7989	293.001	293.003
22.8109	293.001	293.003
22.8228	293.001	293.003
22.8348	293.001	293.002
22.8467	293.001	293.002
22.8586	293.001	293.002
22.8706	293	293.002
22.8825	293	293.002
22.8944	293	293.002
22.9064	293	293.002
22.9183	293	293.002
22.9302	293	293.002
22.9422	293	293.002
22.9541	293	293.002
22.9661	293	293.002
22.978	293	293.002
22.9899	293	293.001
23.0019	293	293.001
23.0138	293	293.001
23.0257	293	293.001
23.0377	293	293.001
23.0496	293	293.001
23.0616	293	293.001
23.0735	293	293.001
23.0854	293	293.001
23.0974	293	293.001
23.1093	293	293.001
23.1212	293	293.001
23.1332	293	293.001
23.1451	293	293.001
23.157	293	293.001
23.169	293	293.001
23.1809	293	293.001
23.1929	293	293.001
23.2048	293	293.001
23.2167	293	293.001
23.2287	293	293.001
23.2406	293	293.001
23.2525	293	293.001
23.2645	293	293.001
23.2764	293	293
23.2883	293	293
23.3003	293	293
23.3122	293	293
23.3242	293	293
23.3361	293	293
23.348	293	293
23.36	293	293
23.3719	293	293
23.3838	293	293
23.3958	293	293
23.4077	293	293
23.4196	293	293
23.4316	293	293
23.4435	293	293
23.4555	293	293
23.4674	293	293
23.4793	293	293
23.4913	293	293
23.5032	293	293
23.5151	293	293
23.5271	293	293
23.539	293	293
23.551	293	293
23.5629	293	293
23.5748	293	293
23.5868	293	293
23.5987	293	293
23.6106	293	293
23.6226	293	293
23.6345	293	293
23.6464	293	293
23.6584	293	293
23.6703	293	293
23.6823	293	293
23.6942	293	293
23.7061	293	293
23.7181	293	293
23.73	293	293
23.7419	293	293
23.7539	293	293
23.7658	293	293
23.7777	293	293
23.7897	293	293
23.8016	293	293
23.8136	293	293
23.8255	293	293
23.8374	293	293
23.8494	293	293
23.8613	293	293
23.8732	293	293
