0	785.741	785.751
0.0119366	785.727	785.737
0.0238732	785.687	785.697
0.0358099	785.62	785.63
0.0477465	785.528	785.538
0.0596831	785.412	785.421
0.0716197	785.273	785.281
0.0835563	785.113	785.121
0.095493	784.934	784.94
0.10743	784.737	784.743
0.119366	784.524	784.529
0.131303	784.297	784.302
0.143239	784.058	784.062
0.155176	783.809	783.813
0.167113	783.551	783.554
0.179049	783.286	783.288
0.190986	783.014	783.016
0.202923	782.737	782.739
0.214859	782.456	782.458
0.226796	782.172	782.173
0.238732	781.885	781.886
0.250669	781.596	781.596
0.262606	781.304	781.305
0.274542	781.012	781.012
0.286479	780.718	780.718
0.298416	780.423	780.424
0.310352	780.128	780.128
0.322289	779.831	779.831
0.334225	779.534	779.534
0.346162	779.236	779.237
0.358099	778.938	778.938
0.370035	778.639	778.64
0.381972	778.34	778.34
0.393908	778.041	778.041
0.405845	777.74	777.741
0.417782	777.44	777.44
0.429718	777.139	777.139
0.441655	776.837	776.837
0.453592	776.535	776.536
0.465528	776.233	776.233
0.477465	775.93	775.93
0.489401	775.627	775.627
0.501338	775.323	775.323
0.513275	775.019	775.019
0.525211	774.715	774.715
0.537148	774.41	774.41
0.549085	774.104	774.104
0.561021	773.798	773.799
0.572958	773.492	773.492
0.584894	773.186	773.186
0.596831	772.878	772.879
0.608768	772.571	772.571
0.620704	772.263	772.263
0.632641	771.955	771.955
0.644578	771.646	771.646
0.656514	771.337	771.337
0.668451	771.027	771.027
0.680387	770.717	770.717
0.692324	770.407	770.407
0.704261	770.096	770.096
0.716197	769.784	769.785
0.728134	769.473	769.473
0.74007	769.161	769.161
0.752007	768.848	768.848
0.763944	768.535	768.535
0.77588	768.222	768.222
0.787817	767.908	767.908
0.799754	767.594	767.594
0.81169	767.279	767.28
0.823627	766.964	766.965
0.835563	766.649	766.649
0.8475	766.333	766.333
0.859437	766.017	766.017
0.871373	765.701	765.701
0.88331	765.384	765.384
0.895247	765.066	765.067
0.907183	764.749	764.749
0.91912	764.431	764.431
0.931056	764.112	764.112
0.942993	763.793	763.793
0.95493	763.474	763.474
0.966866	763.154	763.154
0.978803	762.834	762.834
0.99074	762.514	762.514
1.00268	762.193	762.193
1.01461	761.871	761.872
1.02655	761.55	761.55
1.03849	761.228	761.228
1.05042	760.905	760.906
1.06236	760.583	760.583
1.0743	760.26	760.26
1.08623	759.936	759.936
1.09817	759.612	759.612
1.11011	759.288	759.288
1.12204	758.963	758.963
1.13398	758.638	758.638
1.14592	758.313	758.313
1.15785	757.987	757.987
1.16979	757.661	757.661
1.18173	757.335	757.335
1.19366	757.008	757.008
1.2056	756.681	756.681
1.21754	756.353	756.353
1.22947	756.025	756.025
1.24141	755.697	755.697
1.25335	755.368	755.368
1.26528	755.039	755.039
1.27722	754.71	754.71
1.28916	754.38	754.38
1.30109	754.05	754.05
1.31303	753.72	753.72
1.32496	753.389	753.389
1.3369	753.058	753.058
1.34884	752.726	752.726
1.36077	752.394	752.394
1.37271	752.062	752.062
1.38465	751.73	751.73
1.39658	751.397	751.397
1.40852	751.064	751.064
1.42046	750.73	750.73
1.43239	750.396	750.396
1.44433	750.062	750.062
1.45627	749.727	749.727
1.4682	749.392	749.393
1.48014	749.057	749.057
1.49208	748.722	748.722
1.50401	748.386	748.386
1.51595	748.05	748.05
1.52789	747.713	747.713
1.53982	747.376	747.376
1.55176	747.039	747.039
1.5637	746.701	746.701
1.57563	746.363	746.364
1.58757	746.025	746.025
1.59951	745.687	745.687
1.61144	745.348	745.348
1.62338	745.009	745.009
1.63532	744.669	744.669
1.64725	744.329	744.329
1.65919	743.989	743.989
1.67113	743.649	743.649
1.68306	743.308	743.308
1.695	742.967	742.967
1.70694	742.626	742.626
1.71887	742.284	742.284
1.73081	741.942	741.942
1.74275	741.6	741.6
1.75468	741.257	741.257
1.76662	740.914	740.914
1.77856	740.571	740.571
1.79049	740.227	740.227
1.80243	739.884	739.884
1.81437	739.539	739.54
1.8263	739.195	739.195
1.83824	738.85	738.85
1.85018	738.505	738.505
1.86211	738.16	738.16
1.87405	737.814	737.814
1.88599	737.468	737.469
1.89792	737.122	737.122
1.90986	736.776	736.776
1.9218	736.429	736.429
1.93373	736.082	736.082
1.94567	735.735	735.735
1.95761	735.387	735.387
1.96954	735.039	735.039
1.98148	734.691	734.691
1.99342	734.342	734.342
2.00535	733.994	733.994
2.01729	733.645	733.645
2.02923	733.295	733.295
2.04116	732.946	732.946
2.0531	732.596	732.596
2.06504	732.246	732.246
2.07697	731.895	731.895
2.08891	731.544	731.545
2.10085	731.194	731.194
2.11278	730.842	730.842
2.12472	730.491	730.491
2.13666	730.139	730.139
2.14859	729.787	729.787
2.16053	729.435	729.435
2.17246	729.082	729.082
2.1844	728.729	728.729
2.19634	728.376	728.376
2.20827	728.023	728.023
2.22021	727.669	727.669
2.23215	727.315	727.316
2.24408	726.961	726.961
2.25602	726.607	726.607
2.26796	726.252	726.252
2.27989	725.898	725.898
2.29183	725.542	725.543
2.30377	725.187	725.187
2.3157	724.831	724.832
2.32764	724.476	724.476
2.33958	724.119	724.12
2.35151	723.763	723.763
2.36345	723.407	723.407
2.37539	723.05	723.05
2.38732	722.693	722.693
2.39926	722.335	722.335
2.4112	721.978	721.978
2.42313	721.62	721.62
2.43507	721.262	721.262
2.44701	720.904	720.904
2.45894	720.545	720.545
2.47088	720.186	720.186
2.48282	719.827	719.827
2.49475	719.468	719.468
2.50669	719.109	719.109
2.51863	718.749	718.749
2.53056	718.389	718.389
2.5425	718.029	718.029
2.55444	717.669	717.669
2.56637	717.308	717.308
2.57831	716.947	716.948
2.59025	716.587	716.587
2.60218	716.225	716.225
2.61412	715.864	715.864
2.62606	715.502	715.502
2.63799	715.14	715.14
2.64993	714.778	714.778
2.66187	714.416	714.416
2.6738	714.053	714.054
2.68574	713.691	713.691
2.69768	713.328	713.328
2.70961	712.965	712.965
2.72155	712.601	712.601
2.73349	712.238	712.238
2.74542	711.874	711.874
2.75736	711.51	711.51
2.7693	711.146	711.146
2.78123	710.782	710.782
2.79317	710.417	710.417
2.80511	710.052	710.052
2.81704	709.687	709.687
2.82898	709.322	709.322
2.84092	708.957	708.957
2.85285	708.591	708.591
2.86479	708.225	708.225
2.87673	707.859	707.86
2.88866	707.493	707.493
2.9006	707.127	707.127
2.91254	706.76	706.761
2.92447	706.394	706.394
2.93641	706.027	706.027
2.94835	705.66	705.66
2.96028	705.293	705.293
2.97222	704.925	704.925
2.98416	704.557	704.558
2.99609	704.19	704.19
3.00803	703.822	703.822
3.01997	703.453	703.454
3.0319	703.085	703.085
3.04384	702.717	702.717
3.05577	702.348	702.348
3.06771	701.979	701.979
3.07965	701.61	701.61
3.09158	701.241	701.241
3.10352	700.871	700.871
3.11546	700.502	700.502
3.12739	700.132	700.132
3.13933	699.762	699.762
3.15127	699.392	699.392
3.1632	699.022	699.022
3.17514	698.651	698.651
3.18708	698.281	698.281
3.19901	697.91	697.91
3.21095	697.539	697.539
3.22289	697.168	697.168
3.23482	696.797	696.797
3.24676	696.426	696.426
3.2587	696.054	696.054
3.27063	695.682	695.682
3.28257	695.31	695.31
3.29451	694.938	694.938
3.30644	694.566	694.566
3.31838	694.194	694.194
3.33032	693.821	693.822
3.34225	693.449	693.449
3.35419	693.076	693.076
3.36613	692.703	692.703
3.37806	692.33	692.33
3.39	691.957	691.957
3.40194	691.583	691.584
3.41387	691.21	691.21
3.42581	690.836	690.836
3.43775	690.463	690.463
3.44968	690.089	690.089
3.46162	689.715	689.715
3.47356	689.34	689.34
3.48549	688.966	688.966
3.49743	688.591	688.591
3.50937	688.217	688.217
3.5213	687.842	687.842
3.53324	687.467	687.467
3.54518	687.092	687.092
3.55711	686.717	686.717
3.56905	686.342	686.342
3.58099	685.966	685.966
3.59292	685.591	685.591
3.60486	685.215	685.215
3.6168	684.839	684.839
3.62873	684.463	684.463
3.64067	684.087	684.087
3.65261	683.711	683.711
3.66454	683.335	683.335
3.67648	682.958	682.958
3.68842	682.581	682.582
3.70035	682.205	682.205
3.71229	681.828	681.828
3.72423	681.451	681.451
3.73616	681.074	681.074
3.7481	680.697	680.697
3.76004	680.319	680.32
3.77197	679.942	679.942
3.78391	679.565	679.565
3.79585	679.187	679.187
3.80778	678.809	678.809
3.81972	678.431	678.431
3.83166	678.053	678.053
3.84359	677.675	677.675
3.85553	677.297	677.297
3.86747	676.919	676.919
3.8794	676.54	676.54
3.89134	676.162	676.162
3.90327	675.783	675.783
3.91521	675.404	675.404
3.92715	675.025	675.025
3.93908	674.646	674.647
3.95102	674.267	674.267
3.96296	673.888	673.888
3.97489	673.509	673.509
3.98683	673.13	673.13
3.99877	672.75	672.75
4.0107	672.371	672.371
4.02264	671.991	671.991
4.03458	671.611	671.611
4.04651	671.231	671.231
4.05845	670.851	670.851
4.07039	670.471	670.471
4.08232	670.091	670.091
4.09426	669.711	669.711
4.1062	669.331	669.331
4.11813	668.95	668.95
4.13007	668.57	668.57
4.14201	668.189	668.189
4.15394	667.808	667.808
4.16588	667.427	667.428
4.17782	667.047	667.047
4.18975	666.666	666.666
4.20169	666.285	666.285
4.21363	665.903	665.903
4.22556	665.522	665.522
4.2375	665.141	665.141
4.24944	664.76	664.76
4.26137	664.378	664.378
4.27331	663.996	663.997
4.28525	663.615	663.615
4.29718	663.233	663.233
4.30912	662.851	662.851
4.32106	662.469	662.469
4.33299	662.087	662.088
4.34493	661.705	661.705
4.35687	661.323	661.323
4.3688	660.941	660.941
4.38074	660.559	660.559
4.39268	660.177	660.177
4.40461	659.794	659.794
4.41655	659.412	659.412
4.42849	659.029	659.029
4.44042	658.646	658.646
4.45236	658.264	658.264
4.4643	657.881	657.881
4.47623	657.498	657.498
4.48817	657.115	657.115
4.50011	656.732	656.732
4.51204	656.349	656.349
4.52398	655.966	655.966
4.53592	655.583	655.583
4.54785	655.2	655.2
4.55979	654.816	654.816
4.57173	654.433	654.433
4.58366	654.049	654.049
4.5956	653.666	653.666
4.60754	653.282	653.282
4.61947	652.899	652.899
4.63141	652.515	652.515
4.64335	652.131	652.131
4.65528	651.747	651.747
4.66722	651.363	651.364
4.67916	650.98	650.98
4.69109	650.596	650.596
4.70303	650.211	650.212
4.71497	649.827	649.827
4.7269	649.443	649.443
4.73884	649.059	649.059
4.75078	648.675	648.675
4.76271	648.29	648.29
4.77465	647.906	647.906
4.78658	647.521	647.521
4.79852	647.137	647.137
4.81046	646.752	646.752
4.82239	646.368	646.368
4.83433	645.983	645.983
4.84627	645.598	645.598
4.8582	645.214	645.214
4.87014	644.829	644.829
4.88208	644.444	644.444
4.89401	644.059	644.059
4.90595	643.674	643.674
4.91789	643.289	643.289
4.92982	642.904	642.904
4.94176	642.519	642.519
4.9537	642.134	642.134
4.96563	641.749	641.749
4.97757	641.363	641.363
4.98951	640.978	640.978
5.00144	640.593	640.593
5.01338	640.207	640.207
5.02532	639.822	639.822
5.03725	639.436	639.436
5.04919	639.051	639.051
5.06113	638.665	638.665
5.07306	638.28	638.28
5.085	637.894	637.894
5.09694	637.508	637.508
5.10887	637.123	637.123
5.12081	636.737	636.737
5.13275	636.351	636.351
5.14468	635.965	635.965
5.15662	635.58	635.58
5.16856	635.194	635.194
5.18049	634.808	634.808
5.19243	634.422	634.422
5.20437	634.036	634.036
5.2163	633.65	633.65
5.22824	633.264	633.264
5.24018	632.877	632.877
5.25211	632.491	632.491
5.26405	632.105	632.105
5.27599	631.719	631.719
5.28792	631.333	631.333
5.29986	630.946	630.946
5.3118	630.56	630.56
5.32373	630.174	630.174
5.33567	629.787	629.787
5.34761	629.401	629.401
5.35954	629.014	629.014
5.37148	628.628	628.628
5.38342	628.241	628.241
5.39535	627.855	627.855
5.40729	627.468	627.468
5.41923	627.082	627.082
5.43116	626.695	626.695
5.4431	626.308	626.308
5.45504	625.922	625.922
5.46697	625.535	625.535
5.47891	625.148	625.148
5.49085	624.761	624.761
5.50278	624.375	624.375
5.51472	623.988	623.988
5.52666	623.601	623.601
5.53859	623.214	623.214
5.55053	622.827	622.827
5.56247	622.44	622.44
5.5744	622.053	622.053
5.58634	621.666	621.666
5.59828	621.279	621.279
5.61021	620.892	620.892
5.62215	620.505	620.505
5.63408	620.118	620.118
5.64602	619.731	619.731
5.65796	619.344	619.344
5.66989	618.957	618.957
5.68183	618.57	618.57
5.69377	618.183	618.183
5.7057	617.795	617.795
5.71764	617.408	617.408
5.72958	617.021	617.021
5.74151	616.634	616.634
5.75345	616.246	616.246
5.76539	615.859	615.859
5.77732	615.472	615.472
5.78926	615.084	615.084
5.8012	614.697	614.697
5.81313	614.31	614.31
5.82507	613.922	613.922
5.83701	613.535	613.535
5.84894	613.147	613.147
5.86088	612.76	612.76
5.87282	612.372	612.372
5.88475	611.985	611.985
5.89669	611.597	611.597
5.90863	611.21	611.21
5.92056	610.822	610.822
5.9325	610.435	610.435
5.94444	610.047	610.047
5.95637	609.66	609.66
5.96831	609.272	609.272
5.98025	608.884	608.884
5.99218	608.497	608.497
6.00412	608.109	608.109
6.01606	607.721	607.721
6.02799	607.334	607.334
6.03993	606.946	606.946
6.05187	606.558	606.558
6.0638	606.17	606.17
6.07574	605.783	605.783
6.08768	605.395	605.395
6.09961	605.007	605.007
6.11155	604.619	604.619
6.12349	604.231	604.231
6.13542	603.844	603.844
6.14736	603.456	603.456
6.1593	603.068	603.068
6.17123	602.68	602.68
6.18317	602.292	602.292
6.19511	601.904	601.904
6.20704	601.516	601.516
6.21898	601.128	601.128
6.23092	600.74	600.74
6.24285	600.353	600.353
6.25479	599.965	599.965
6.26673	599.577	599.577
6.27866	599.189	599.189
6.2906	598.801	598.801
6.30254	598.413	598.413
6.31447	598.024	598.025
6.32641	597.636	597.636
6.33835	597.248	597.248
6.35028	596.86	596.86
6.36222	596.472	596.472
6.37416	596.084	596.084
6.38609	595.696	595.696
6.39803	595.308	595.308
6.40997	594.92	594.92
6.4219	594.532	594.532
6.43384	594.143	594.143
6.44578	593.755	593.755
6.45771	593.367	593.367
6.46965	592.979	592.979
6.48159	592.591	592.591
6.49352	592.203	592.203
6.50546	591.814	591.814
6.51739	591.426	591.426
6.52933	591.038	591.038
6.54127	590.65	590.65
6.5532	590.261	590.261
6.56514	589.873	589.873
6.57708	589.485	589.485
6.58901	589.096	589.096
6.60095	588.708	588.708
6.61289	588.32	588.32
6.62482	587.931	587.931
6.63676	587.543	587.543
6.6487	587.155	587.155
6.66063	586.766	586.766
6.67257	586.378	586.378
6.68451	585.99	585.99
6.69644	585.601	585.601
6.70838	585.213	585.213
6.72032	584.824	584.824
6.73225	584.436	584.436
6.74419	584.047	584.047
6.75613	583.659	583.659
6.76806	583.27	583.27
6.78	582.882	582.882
6.79194	582.493	582.493
6.80387	582.105	582.105
6.81581	581.716	581.716
6.82775	581.328	581.328
6.83968	580.939	580.939
6.85162	580.551	580.551
6.86356	580.162	580.162
6.87549	579.773	579.773
6.88743	579.385	579.385
6.89937	578.996	578.996
6.9113	578.608	578.608
6.92324	578.219	578.219
6.93518	577.83	577.83
6.94711	577.442	577.442
6.95905	577.053	577.053
6.97099	576.664	576.664
6.98292	576.276	576.276
6.99486	575.887	575.887
7.0068	575.498	575.498
7.01873	575.109	575.109
7.03067	574.721	574.721
7.04261	574.332	574.332
7.05454	573.943	573.943
7.06648	573.554	573.554
7.07842	573.165	573.165
7.09035	572.777	572.777
7.10229	572.388	572.388
7.11423	571.999	571.999
7.12616	571.61	571.61
7.1381	571.221	571.221
7.15004	570.832	570.832
7.16197	570.443	570.443
7.17391	570.054	570.054
7.18585	569.665	569.665
7.19778	569.276	569.276
7.20972	568.888	568.888
7.22166	568.499	568.499
7.23359	568.11	568.11
7.24553	567.72	567.72
7.25747	567.331	567.331
7.2694	566.942	566.942
7.28134	566.553	566.553
7.29328	566.164	566.164
7.30521	565.775	565.775
7.31715	565.386	565.386
7.32909	564.997	564.997
7.34102	564.608	564.608
7.35296	564.219	564.219
7.36489	563.829	563.829
7.37683	563.44	563.44
7.38877	563.051	563.051
7.4007	562.662	562.662
7.41264	562.272	562.272
7.42458	561.883	561.883
7.43651	561.494	561.494
7.44845	561.105	561.105
7.46039	560.715	560.715
7.47232	560.326	560.326
7.48426	559.936	559.937
7.4962	559.547	559.547
7.50813	559.158	559.158
7.52007	558.768	558.768
7.53201	558.379	558.379
7.54394	557.989	557.989
7.55588	557.6	557.6
7.56782	557.21	557.21
7.57975	556.821	556.821
7.59169	556.431	556.431
7.60363	556.042	556.042
7.61556	555.652	555.652
7.6275	555.263	555.263
7.63944	554.873	554.873
7.65137	554.483	554.483
7.66331	554.094	554.094
7.67525	553.704	553.704
7.68718	553.314	553.314
7.69912	552.924	552.924
7.71106	552.535	552.535
7.72299	552.145	552.145
7.73493	551.755	551.755
7.74687	551.365	551.365
7.7588	550.975	550.975
7.77074	550.585	550.585
7.78268	550.196	550.196
7.79461	549.806	549.806
7.80655	549.416	549.416
7.81849	549.026	549.026
7.83042	548.636	548.636
7.84236	548.246	548.246
7.8543	547.856	547.856
7.86623	547.465	547.466
7.87817	547.075	547.075
7.89011	546.685	546.685
7.90204	546.295	546.295
7.91398	545.905	545.905
7.92592	545.515	545.515
7.93785	545.124	545.124
7.94979	544.734	544.734
7.96173	544.344	544.344
7.97366	543.954	543.954
7.9856	543.563	543.563
7.99754	543.173	543.173
8.00947	542.782	542.783
8.02141	542.392	542.392
8.03335	542.002	542.002
8.04528	541.611	541.611
8.05722	541.221	541.221
8.06916	540.83	540.83
8.08109	540.439	540.44
8.09303	540.049	540.049
8.10497	539.658	539.658
8.1169	539.268	539.268
8.12884	538.877	538.877
8.14078	538.486	538.486
8.15271	538.095	538.095
8.16465	537.705	537.705
8.17659	537.314	537.314
8.18852	536.923	536.923
8.20046	536.532	536.532
8.2124	536.141	536.141
8.22433	535.75	535.75
8.23627	535.359	535.359
8.2482	534.968	534.968
8.26014	534.577	534.577
8.27208	534.186	534.186
8.28401	533.795	533.795
8.29595	533.404	533.404
8.30789	533.013	533.013
8.31982	532.622	532.622
8.33176	532.23	532.23
8.3437	531.839	531.839
8.35563	531.448	531.448
8.36757	531.056	531.056
8.37951	530.665	530.665
8.39144	530.274	530.274
8.40338	529.882	529.882
8.41532	529.491	529.491
8.42725	529.099	529.099
8.43919	528.708	528.708
8.45113	528.316	528.316
8.46306	527.925	527.925
8.475	527.533	527.533
8.48694	527.141	527.141
8.49887	526.749	526.75
8.51081	526.358	526.358
8.52275	525.966	525.966
8.53468	525.574	525.574
8.54662	525.182	525.182
8.55856	524.79	524.79
8.57049	524.398	524.398
8.58243	524.006	524.006
8.59437	523.614	523.614
8.6063	523.222	523.222
8.61824	522.83	522.83
8.63018	522.438	522.438
8.64211	522.046	522.046
8.65405	521.654	521.654
8.66599	521.262	521.262
8.67792	520.869	520.869
8.68986	520.477	520.477
8.7018	520.085	520.085
8.71373	519.692	519.692
8.72567	519.3	519.3
8.73761	518.907	518.907
8.74954	518.515	518.515
8.76148	518.122	518.122
8.77342	517.73	517.73
8.78535	517.337	517.337
8.79729	516.944	516.944
8.80923	516.552	516.552
8.82116	516.159	516.159
8.8331	515.766	515.766
8.84504	515.373	515.373
8.85697	514.98	514.98
8.86891	514.588	514.588
8.88085	514.195	514.195
8.89278	513.802	513.802
8.90472	513.409	513.409
8.91666	513.016	513.016
8.92859	512.622	512.622
8.94053	512.229	512.229
8.95247	511.836	511.836
8.9644	511.443	511.443
8.97634	511.05	511.05
8.98828	510.656	510.656
9.00021	510.263	510.263
9.01215	509.87	509.87
9.02409	509.476	509.476
9.03602	509.083	509.083
9.04796	508.689	508.689
9.0599	508.296	508.296
9.07183	507.902	507.902
9.08377	507.508	507.508
9.0957	507.115	507.115
9.10764	506.721	506.721
9.11958	506.327	506.327
9.13151	505.933	505.934
9.14345	505.54	505.54
9.15539	505.146	505.146
9.16732	504.752	504.752
9.17926	504.358	504.358
9.1912	503.964	503.964
9.20313	503.57	503.57
9.21507	503.176	503.176
9.22701	502.782	502.782
9.23894	502.388	502.388
9.25088	501.993	501.993
9.26282	501.599	501.599
9.27475	501.205	501.205
9.28669	500.811	500.811
9.29863	500.416	500.416
9.31056	500.022	500.022
9.3225	499.627	499.628
9.33444	499.233	499.233
9.34637	498.839	498.839
9.35831	498.444	498.444
9.37025	498.049	498.049
9.38218	497.655	497.655
9.39412	497.26	497.26
9.40606	496.865	496.866
9.41799	496.471	496.471
9.42993	496.076	496.076
9.44187	495.681	495.681
9.4538	495.286	495.286
9.46574	494.892	494.892
9.47768	494.497	494.497
9.48961	494.102	494.102
9.50155	493.707	493.707
9.51349	493.312	493.312
9.52542	492.917	492.917
9.53736	492.522	492.522
9.5493	492.126	492.126
9.56123	491.731	491.731
9.57317	491.336	491.336
9.58511	490.941	490.941
9.59704	490.546	490.546
9.60898	490.15	490.15
9.62092	489.755	489.755
9.63285	489.36	489.36
9.64479	488.964	488.964
9.65673	488.569	488.569
9.66866	488.173	488.173
9.6806	487.778	487.778
9.69254	487.382	487.382
9.70447	486.987	486.987
9.71641	486.591	486.591
9.72835	486.196	486.196
9.74028	485.8	485.8
9.75222	485.404	485.404
9.76416	485.009	485.009
9.77609	484.613	484.613
9.78803	484.217	484.217
9.79997	483.821	483.821
9.8119	483.426	483.426
9.82384	483.03	483.03
9.83578	482.634	482.634
9.84771	482.238	482.238
9.85965	481.842	481.842
9.87159	481.446	481.446
9.88352	481.05	481.05
9.89546	480.654	480.654
9.9074	480.258	480.258
9.91933	479.862	479.862
9.93127	479.466	479.466
9.94321	479.07	479.07
9.95514	478.674	478.674
9.96708	478.278	478.278
9.97901	477.882	477.882
9.99095	477.486	477.486
10.0029	477.09	477.09
10.0148	476.693	476.693
10.0268	476.297	476.297
10.0387	475.901	475.901
10.0506	475.505	475.505
10.0626	475.109	475.109
10.0745	474.712	474.712
10.0864	474.316	474.316
10.0984	473.92	473.92
10.1103	473.523	473.523
10.1223	473.127	473.127
10.1342	472.731	472.731
10.1461	472.335	472.335
10.1581	471.938	471.938
10.17	471.542	471.542
10.1819	471.145	471.145
10.1939	470.749	470.749
10.2058	470.353	470.353
10.2177	469.956	469.956
10.2297	469.56	469.56
10.2416	469.164	469.164
10.2536	468.767	468.767
10.2655	468.371	468.371
10.2774	467.975	467.975
10.2894	467.578	467.578
10.3013	467.182	467.182
10.3132	466.785	466.785
10.3252	466.389	466.389
10.3371	465.993	465.993
10.3491	465.596	465.596
10.361	465.2	465.2
10.3729	464.804	464.804
10.3849	464.407	464.407
10.3968	464.011	464.011
10.4087	463.615	463.615
10.4207	463.218	463.218
10.4326	462.822	462.822
10.4445	462.426	462.426
10.4565	462.029	462.029
10.4684	461.633	461.633
10.4804	461.237	461.237
10.4923	460.841	460.841
10.5042	460.444	460.444
10.5162	460.048	460.048
10.5281	459.652	459.652
10.54	459.256	459.256
10.552	458.86	458.86
10.5639	458.464	458.464
10.5758	458.068	458.068
10.5878	457.671	457.671
10.5997	457.275	457.275
10.6117	456.879	456.879
10.6236	456.483	456.483
10.6355	456.088	456.088
10.6475	455.692	455.692
10.6594	455.296	455.296
10.6713	454.9	454.9
10.6833	454.504	454.504
10.6952	454.108	454.108
10.7071	453.713	453.713
10.7191	453.317	453.317
10.731	452.921	452.921
10.743	452.526	452.526
10.7549	452.13	452.13
10.7668	451.735	451.735
10.7788	451.339	451.339
10.7907	450.944	450.944
10.8026	450.548	450.548
10.8146	450.153	450.153
10.8265	449.758	449.758
10.8385	449.362	449.362
10.8504	448.967	448.967
10.8623	448.572	448.572
10.8743	448.177	448.177
10.8862	447.782	447.782
10.8981	447.387	447.387
10.9101	446.992	446.992
10.922	446.597	446.597
10.9339	446.203	446.203
10.9459	445.808	445.808
10.9578	445.413	445.413
10.9698	445.019	445.019
10.9817	444.624	444.624
10.9936	444.23	444.23
11.0056	443.836	443.836
11.0175	443.441	443.441
11.0294	443.047	443.047
11.0414	442.653	442.653
11.0533	442.259	442.259
11.0652	441.865	441.865
11.0772	441.471	441.471
11.0891	441.078	441.078
11.1011	440.684	440.684
11.113	440.29	440.29
11.1249	439.897	439.897
11.1369	439.504	439.504
11.1488	439.11	439.11
11.1607	438.717	438.717
11.1727	438.324	438.324
11.1846	437.931	437.931
11.1966	437.538	437.538
11.2085	437.145	437.145
11.2204	436.753	436.753
11.2324	436.36	436.36
11.2443	435.968	435.968
11.2562	435.575	435.575
11.2682	435.183	435.183
11.2801	434.791	434.791
11.292	434.399	434.399
11.304	434.007	434.007
11.3159	433.615	433.615
11.3279	433.224	433.223
11.3398	432.832	432.832
11.3517	432.441	432.441
11.3637	432.049	432.049
11.3756	431.658	431.658
11.3875	431.267	431.267
11.3995	430.876	430.876
11.4114	430.486	430.486
11.4233	430.095	430.095
11.4353	429.705	429.705
11.4472	429.314	429.314
11.4592	428.924	428.924
11.4711	428.534	428.534
11.483	428.144	428.144
11.495	427.755	427.755
11.5069	427.365	427.365
11.5188	426.976	426.976
11.5308	426.586	426.586
11.5427	426.197	426.197
11.5546	425.808	425.808
11.5666	425.42	425.42
11.5785	425.031	425.031
11.5905	424.643	424.643
11.6024	424.254	424.254
11.6143	423.866	423.866
11.6263	423.478	423.478
11.6382	423.091	423.091
11.6501	422.703	422.703
11.6621	422.316	422.316
11.674	421.929	421.929
11.686	421.542	421.542
11.6979	421.155	421.155
11.7098	420.768	420.768
11.7218	420.382	420.382
11.7337	419.996	419.996
11.7456	419.61	419.61
11.7576	419.224	419.224
11.7695	418.838	418.838
11.7814	418.453	418.453
11.7934	418.068	418.068
11.8053	417.683	417.683
11.8173	417.298	417.298
11.8292	416.914	416.913
11.8411	416.529	416.529
11.8531	416.145	416.145
11.865	415.761	415.761
11.8769	415.378	415.377
11.8889	414.994	414.994
11.9008	414.611	414.611
11.9127	414.228	414.228
11.9247	413.845	413.845
11.9366	413.463	413.463
11.9486	413.081	413.08
11.9605	412.699	412.698
11.9724	412.317	412.317
11.9844	411.935	411.935
11.9963	411.554	411.554
12.0082	411.173	411.173
12.0202	410.792	410.792
12.0321	410.412	410.412
12.0441	410.032	410.032
12.056	409.652	409.652
12.0679	409.272	409.272
12.0799	408.893	408.892
12.0918	408.513	408.513
12.1037	408.135	408.134
12.1157	407.756	407.756
12.1276	407.378	407.378
12.1395	407	406.999
12.1515	406.622	406.622
12.1634	406.244	406.244
12.1754	405.867	405.867
12.1873	405.49	405.49
12.1992	405.114	405.114
12.2112	404.738	404.737
12.2231	404.362	404.361
12.235	403.986	403.986
12.247	403.611	403.61
12.2589	403.235	403.235
12.2708	402.861	402.861
12.2828	402.486	402.486
12.2947	402.112	402.112
12.3067	401.738	401.738
12.3186	401.365	401.365
12.3305	400.992	400.992
12.3425	400.619	400.619
12.3544	400.247	400.246
12.3663	399.874	399.874
12.3783	399.503	399.502
12.3902	399.131	399.131
12.4021	398.76	398.76
12.4141	398.389	398.389
12.426	398.019	398.019
12.438	397.649	397.649
12.4499	397.279	397.279
12.4618	396.91	396.91
12.4738	396.541	396.541
12.4857	396.172	396.172
12.4976	395.804	395.804
12.5096	395.436	395.436
12.5215	395.068	395.068
12.5335	394.701	394.701
12.5454	394.335	394.334
12.5573	393.968	393.968
12.5693	393.602	393.602
12.5812	393.237	393.236
12.5931	392.871	392.871
12.6051	392.506	392.506
12.617	392.142	392.142
12.6289	391.778	391.778
12.6409	391.414	391.414
12.6528	391.051	391.051
12.6648	390.688	390.688
12.6767	390.326	390.326
12.6886	389.964	389.964
12.7006	389.602	389.602
12.7125	389.241	389.241
12.7244	388.88	388.88
12.7364	388.52	388.52
12.7483	388.16	388.16
12.7602	387.801	387.801
12.7722	387.442	387.442
12.7841	387.083	387.083
12.7961	386.725	386.725
12.808	386.367	386.367
12.8199	386.01	386.01
12.8319	385.653	385.653
12.8438	385.297	385.297
12.8557	384.941	384.941
12.8677	384.585	384.585
12.8796	384.23	384.23
12.8916	383.876	383.876
12.9035	383.522	383.522
12.9154	383.168	383.168
12.9274	382.815	382.815
12.9393	382.462	382.462
12.9512	382.11	382.11
12.9632	381.759	381.758
12.9751	381.407	381.407
12.987	381.057	381.056
12.999	380.706	380.706
13.0109	380.357	380.356
13.0229	380.007	380.007
13.0348	379.659	379.658
13.0467	379.31	379.31
13.0587	378.963	378.962
13.0706	378.615	378.615
13.0825	378.269	378.268
13.0945	377.922	377.922
13.1064	377.577	377.576
13.1183	377.231	377.231
13.1303	376.887	376.887
13.1422	376.543	376.542
13.1542	376.199	376.199
13.1661	375.856	375.856
13.178	375.513	375.513
13.19	375.171	375.171
13.2019	374.83	374.83
13.2138	374.489	374.489
13.2258	374.149	374.148
13.2377	373.809	373.809
13.2496	373.469	373.469
13.2616	373.131	373.13
13.2735	372.793	372.792
13.2855	372.455	372.455
13.2974	372.118	372.118
13.3093	371.781	371.781
13.3213	371.445	371.445
13.3332	371.11	371.11
13.3451	370.775	370.775
13.3571	370.441	370.441
13.369	370.107	370.107
13.381	369.774	369.774
13.3929	369.442	369.442
13.4048	369.11	369.11
13.4168	368.779	368.778
13.4287	368.448	368.448
13.4406	368.118	368.118
13.4526	367.788	367.788
13.4645	367.459	367.459
13.4764	367.131	367.131
13.4884	366.803	366.803
13.5003	366.476	366.476
13.5123	366.15	366.15
13.5242	365.824	365.824
13.5361	365.499	365.499
13.5481	365.174	365.174
13.56	364.85	364.85
13.5719	364.527	364.527
13.5839	364.204	364.204
13.5958	363.882	363.882
13.6077	363.56	363.56
13.6197	363.24	363.239
13.6316	362.919	362.919
13.6436	362.6	362.6
13.6555	362.281	362.281
13.6674	361.963	361.962
13.6794	361.645	361.645
13.6913	361.328	361.328
13.7032	361.012	361.011
13.7152	360.696	360.696
13.7271	360.381	360.381
13.7391	360.067	360.066
13.751	359.753	359.753
13.7629	359.44	359.44
13.7749	359.128	359.127
13.7868	358.816	358.816
13.7987	358.505	358.505
13.8107	358.195	358.194
13.8226	357.885	357.885
13.8345	357.576	357.576
13.8465	357.268	357.267
13.8584	356.96	356.96
13.8704	356.653	356.653
13.8823	356.347	356.347
13.8942	356.041	356.041
13.9062	355.737	355.736
13.9181	355.432	355.432
13.93	355.129	355.129
13.942	354.826	354.826
13.9539	354.524	354.524
13.9658	354.223	354.223
13.9778	353.922	353.922
13.9897	353.623	353.622
14.0017	353.323	353.323
14.0136	353.025	353.025
14.0255	352.727	352.727
14.0375	352.43	352.43
14.0494	352.134	352.134
14.0613	351.838	351.838
14.0733	351.544	351.543
14.0852	351.249	351.249
14.0971	350.956	350.956
14.1091	350.663	350.663
14.121	350.372	350.371
14.133	350.08	350.08
14.1449	349.79	349.79
14.1568	349.5	349.5
14.1688	349.211	349.211
14.1807	348.923	348.923
14.1926	348.636	348.635
14.2046	348.349	348.349
14.2165	348.063	348.063
14.2285	347.778	347.778
14.2404	347.494	347.493
14.2523	347.21	347.21
14.2643	346.927	346.927
14.2762	346.645	346.645
14.2881	346.363	346.363
14.3001	346.083	346.083
14.312	345.803	345.803
14.3239	345.524	345.524
14.3359	345.246	345.245
14.3478	344.968	344.968
14.3598	344.691	344.691
14.3717	344.415	344.415
14.3836	344.14	344.14
14.3956	343.866	343.866
14.4075	343.592	343.592
14.4194	343.319	343.319
14.4314	343.047	343.047
14.4433	342.776	342.776
14.4552	342.506	342.505
14.4672	342.236	342.236
14.4791	341.967	341.967
14.4911	341.699	341.699
14.503	341.432	341.431
14.5149	341.165	341.165
14.5269	340.899	340.899
14.5388	340.634	340.634
14.5507	340.37	340.37
14.5627	340.107	340.107
14.5746	339.845	339.844
14.5866	339.583	339.583
14.5985	339.322	339.322
14.6104	339.062	339.062
14.6224	338.803	338.802
14.6343	338.544	338.544
14.6462	338.287	338.286
14.6582	338.03	338.029
14.6701	337.774	337.773
14.682	337.519	337.518
14.694	337.264	337.264
14.7059	337.011	337.01
14.7179	336.758	336.758
14.7298	336.506	336.506
14.7417	336.255	336.255
14.7537	336.005	336.004
14.7656	335.755	335.755
14.7775	335.507	335.506
14.7895	335.259	335.258
14.8014	335.012	335.011
14.8133	334.766	334.765
14.8253	334.52	334.52
14.8372	334.276	334.276
14.8492	334.032	334.032
14.8611	333.789	333.789
14.873	333.547	333.547
14.885	333.306	333.306
14.8969	333.066	333.066
14.9088	332.827	332.826
14.9208	332.588	332.588
14.9327	332.35	332.35
14.9446	332.113	332.113
14.9566	331.877	331.877
14.9685	331.642	331.641
14.9805	331.407	331.407
14.9924	331.174	331.173
15.0043	330.941	330.941
15.0163	330.709	330.709
15.0282	330.478	330.478
15.0401	330.248	330.248
15.0521	330.019	330.018
15.064	329.79	329.79
15.076	329.562	329.562
15.0879	329.336	329.335
15.0998	329.11	329.109
15.1118	328.884	328.884
15.1237	328.66	328.66
15.1356	328.437	328.436
15.1476	328.214	328.214
15.1595	327.993	327.992
15.1714	327.772	327.771
15.1834	327.552	327.551
15.1953	327.332	327.332
15.2073	327.114	327.114
15.2192	326.897	326.896
15.2311	326.68	326.68
15.2431	326.464	326.464
15.255	326.249	326.249
15.2669	326.035	326.035
15.2789	325.822	325.822
15.2908	325.61	325.609
15.3027	325.398	325.398
15.3147	325.188	325.187
15.3266	324.978	324.978
15.3386	324.769	324.769
15.3505	324.561	324.561
15.3624	324.354	324.353
15.3744	324.147	324.147
15.3863	323.942	323.941
15.3982	323.737	323.737
15.4102	323.533	323.533
15.4221	323.33	323.33
15.4341	323.128	323.128
15.446	322.927	322.927
15.4579	322.727	322.726
15.4699	322.527	322.527
15.4818	322.328	322.328
15.4937	322.13	322.13
15.5057	321.934	321.933
15.5176	321.737	321.737
15.5295	321.542	321.542
15.5415	321.348	321.347
15.5534	321.154	321.154
15.5654	320.961	320.961
15.5773	320.77	320.769
15.5892	320.578	320.578
15.6012	320.388	320.388
15.6131	320.199	320.199
15.625	320.011	320.01
15.637	319.823	319.823
15.6489	319.636	319.636
15.6608	319.45	319.45
15.6728	319.265	319.265
15.6847	319.081	319.081
15.6967	318.897	318.897
15.7086	318.715	318.715
15.7205	318.533	318.533
15.7325	318.352	318.352
15.7444	318.172	318.172
15.7563	317.993	317.993
15.7683	317.815	317.815
15.7802	317.637	317.637
15.7921	317.461	317.46
15.8041	317.285	317.285
15.816	317.11	317.11
15.828	316.936	316.936
15.8399	316.763	316.762
15.8518	316.59	316.59
15.8638	316.418	316.418
15.8757	316.248	316.247
15.8876	316.078	316.077
15.8996	315.909	315.908
15.9115	315.74	315.74
15.9235	315.573	315.573
15.9354	315.406	315.406
15.9473	315.24	315.24
15.9593	315.075	315.075
15.9712	314.911	314.911
15.9831	314.748	314.748
15.9951	314.586	314.585
16.007	314.424	314.424
16.0189	314.263	314.263
16.0309	314.103	314.103
16.0428	313.944	313.943
16.0548	313.785	313.785
16.0667	313.628	313.628
16.0786	313.471	313.471
16.0906	313.315	313.315
16.1025	313.16	313.16
16.1144	313.006	313.005
16.1264	312.852	312.852
16.1383	312.7	312.699
16.1502	312.548	312.547
16.1622	312.397	312.396
16.1741	312.246	312.246
16.1861	312.097	312.097
16.198	311.948	311.948
16.2099	311.8	311.8
16.2219	311.653	311.653
16.2338	311.507	311.507
16.2457	311.362	311.361
16.2577	311.217	311.217
16.2696	311.073	311.073
16.2816	310.93	310.93
16.2935	310.788	310.787
16.3054	310.646	310.646
16.3174	310.506	310.505
16.3293	310.366	310.365
16.3412	310.227	310.226
16.3532	310.088	310.088
16.3651	309.951	309.95
16.377	309.814	309.814
16.389	309.678	309.678
16.4009	309.543	309.542
16.4129	309.408	309.408
16.4248	309.274	309.274
16.4367	309.142	309.141
16.4487	309.009	309.009
16.4606	308.878	308.878
16.4725	308.747	308.747
16.4845	308.618	308.617
16.4964	308.488	308.488
16.5083	308.36	308.36
16.5203	308.233	308.232
16.5322	308.106	308.105
16.5442	307.98	307.979
16.5561	307.854	307.854
16.568	307.73	307.73
16.58	307.606	307.606
16.5919	307.483	307.483
16.6038	307.361	307.36
16.6158	307.239	307.239
16.6277	307.118	307.118
16.6396	306.998	306.998
16.6516	306.879	306.879
16.6635	306.76	306.76
16.6755	306.642	306.642
16.6874	306.525	306.525
16.6993	306.409	306.409
16.7113	306.293	306.293
16.7232	306.178	306.178
16.7351	306.064	306.064
16.7471	305.95	305.95
16.759	305.838	305.837
16.771	305.725	305.725
16.7829	305.614	305.614
16.7948	305.503	305.503
16.8068	305.393	305.393
16.8187	305.284	305.284
16.8306	305.176	305.175
16.8426	305.068	305.068
16.8545	304.961	304.96
16.8664	304.854	304.854
16.8784	304.748	304.748
16.8903	304.643	304.643
16.9023	304.539	304.539
16.9142	304.435	304.435
16.9261	304.332	304.332
16.9381	304.23	304.23
16.95	304.128	304.128
16.9619	304.028	304.027
16.9739	303.927	303.927
16.9858	303.828	303.827
16.9977	303.729	303.729
17.0097	303.631	303.63
17.0216	303.533	303.533
17.0336	303.436	303.436
17.0455	303.34	303.34
17.0574	303.244	303.244
17.0694	303.149	303.149
17.0813	303.055	303.055
17.0932	302.961	302.961
17.1052	302.868	302.868
17.1171	302.776	302.776
17.1291	302.684	302.684
17.141	302.593	302.593
17.1529	302.503	302.503
17.1649	302.413	302.413
17.1768	302.324	302.324
17.1887	302.236	302.236
17.2007	302.148	302.148
17.2126	302.061	302.06
17.2245	301.974	301.974
17.2365	301.888	301.888
17.2484	301.803	301.803
17.2604	301.718	301.718
17.2723	301.634	301.634
17.2842	301.551	301.55
17.2962	301.468	301.467
17.3081	301.385	301.385
17.32	301.304	301.303
17.332	301.223	301.222
17.3439	301.142	301.142
17.3558	301.062	301.062
17.3678	300.983	300.983
17.3797	300.904	300.904
17.3917	300.826	300.826
17.4036	300.749	300.749
17.4155	300.672	300.672
17.4275	300.596	300.595
17.4394	300.52	300.52
17.4513	300.445	300.444
17.4633	300.37	300.37
17.4752	300.296	300.296
17.4871	300.223	300.222
17.4991	300.15	300.149
17.511	300.077	300.077
17.523	300.006	300.005
17.5349	299.934	299.934
17.5468	299.864	299.864
17.5588	299.794	299.793
17.5707	299.724	299.724
17.5826	299.655	299.655
17.5946	299.587	299.587
17.6065	299.519	299.519
17.6185	299.451	299.451
17.6304	299.385	299.384
17.6423	299.318	299.318
17.6543	299.253	299.252
17.6662	299.187	299.187
17.6781	299.123	299.122
17.6901	299.059	299.058
17.702	298.995	298.995
17.7139	298.932	298.932
17.7259	298.869	298.869
17.7378	298.807	298.807
17.7498	298.745	298.745
17.7617	298.684	298.684
17.7736	298.624	298.624
17.7856	298.564	298.564
17.7975	298.504	298.504
17.8094	298.445	298.445
17.8214	298.387	298.386
17.8333	298.328	298.328
17.8452	298.271	298.271
17.8572	298.214	298.214
17.8691	298.157	298.157
17.8811	298.101	298.101
17.893	298.045	298.045
17.9049	297.99	297.99
17.9169	297.935	297.935
17.9288	297.881	297.881
17.9407	297.827	297.827
17.9527	297.774	297.774
17.9646	297.721	297.721
17.9766	297.669	297.669
17.9885	297.617	297.617
18.0004	297.566	297.565
18.0124	297.514	297.514
18.0243	297.464	297.464
18.0362	297.414	297.414
18.0482	297.364	297.364
18.0601	297.315	297.315
18.072	297.266	297.266
18.084	297.218	297.218
18.0959	297.17	297.17
18.1079	297.122	297.122
18.1198	297.075	297.075
18.1317	297.029	297.029
18.1437	296.982	296.982
18.1556	296.937	296.937
18.1675	296.891	296.891
18.1795	296.846	296.846
18.1914	296.802	296.802
18.2033	296.758	296.758
18.2153	296.714	296.714
18.2272	296.671	296.671
18.2392	296.628	296.628
18.2511	296.585	296.585
18.263	296.543	296.543
18.275	296.501	296.501
18.2869	296.46	296.46
18.2988	296.419	296.419
18.3108	296.379	296.378
18.3227	296.338	296.338
18.3346	296.299	296.299
18.3466	296.259	296.259
18.3585	296.22	296.22
18.3705	296.182	296.181
18.3824	296.143	296.143
18.3943	296.105	296.105
18.4063	296.068	296.068
18.4182	296.031	296.031
18.4301	295.994	295.994
18.4421	295.957	295.957
18.454	295.921	295.921
18.466	295.886	295.885
18.4779	295.85	295.85
18.4898	295.815	295.815
18.5018	295.781	295.78
18.5137	295.746	295.746
18.5256	295.712	295.712
18.5376	295.679	295.678
18.5495	295.645	295.645
18.5614	295.612	295.612
18.5734	295.58	295.579
18.5853	295.547	295.547
18.5973	295.515	295.515
18.6092	295.484	295.483
18.6211	295.452	295.452
18.6331	295.421	295.421
18.645	295.39	295.39
18.6569	295.36	295.36
18.6689	295.33	295.33
18.6808	295.3	295.3
18.6927	295.271	295.271
18.7047	295.242	295.242
18.7166	295.213	295.213
18.7286	295.184	295.184
18.7405	295.156	295.156
18.7524	295.128	295.128
18.7644	295.1	295.1
18.7763	295.073	295.073
18.7882	295.046	295.046
18.8002	295.019	295.019
18.8121	294.993	294.993
18.8241	294.967	294.966
18.836	294.941	294.941
18.8479	294.915	294.915
18.8599	294.89	294.89
18.8718	294.865	294.864
18.8837	294.84	294.84
18.8957	294.815	294.815
18.9076	294.791	294.791
18.9195	294.767	294.767
18.9315	294.743	294.743
18.9434	294.72	294.72
18.9554	294.696	294.696
18.9673	294.673	294.673
18.9792	294.651	294.651
18.9912	294.628	294.628
19.0031	294.606	294.606
19.015	294.584	294.584
19.027	294.562	294.562
19.0389	294.541	294.541
19.0508	294.52	294.52
19.0628	294.499	294.499
19.0747	294.478	294.478
19.0867	294.457	294.457
19.0986	294.437	294.437
19.1105	294.417	294.417
19.1225	294.397	294.397
19.1344	294.378	294.378
19.1463	294.358	294.358
19.1583	294.339	294.339
19.1702	294.32	294.32
19.1821	294.302	294.302
19.1941	294.283	294.283
19.206	294.265	294.265
19.218	294.247	294.247
19.2299	294.229	294.229
19.2418	294.211	294.211
19.2538	294.194	294.194
19.2657	294.177	294.177
19.2776	294.16	294.16
19.2896	294.143	294.143
19.3015	294.127	294.126
19.3135	294.11	294.11
19.3254	294.094	294.094
19.3373	294.078	294.078
19.3493	294.062	294.062
19.3612	294.047	294.047
19.3731	294.031	294.031
19.3851	294.016	294.016
19.397	294.001	294.001
19.4089	293.986	293.986
19.4209	293.971	293.971
19.4328	293.957	293.957
19.4448	293.943	293.943
19.4567	293.929	293.928
19.4686	293.915	293.914
19.4806	293.901	293.901
19.4925	293.887	293.887
19.5044	293.874	293.874
19.5164	293.861	293.86
19.5283	293.847	293.847
19.5402	293.834	293.834
19.5522	293.822	293.822
19.5641	293.809	293.809
19.5761	293.797	293.797
19.588	293.784	293.784
19.5999	293.772	293.772
19.6119	293.76	293.76
19.6238	293.749	293.748
19.6357	293.737	293.737
19.6477	293.725	293.725
19.6596	293.714	293.714
19.6716	293.703	293.703
19.6835	293.692	293.692
19.6954	293.681	293.681
19.7074	293.67	293.67
19.7193	293.66	293.659
19.7312	293.649	293.649
19.7432	293.639	293.639
19.7551	293.629	293.628
19.767	293.618	293.618
19.779	293.609	293.608
19.7909	293.599	293.599
19.8029	293.589	293.589
19.8148	293.58	293.58
19.8267	293.57	293.57
19.8387	293.561	293.561
19.8506	293.552	293.552
19.8625	293.543	293.543
19.8745	293.534	293.534
19.8864	293.525	293.525
19.8983	293.516	293.516
19.9103	293.508	293.508
19.9222	293.499	293.499
19.9342	293.491	293.491
19.9461	293.483	293.483
19.958	293.475	293.475
19.97	293.467	293.467
19.9819	293.459	293.459
19.9938	293.451	293.451
20.0058	293.444	293.444
20.0177	293.436	293.436
20.0296	293.429	293.429
20.0416	293.422	293.422
20.0535	293.414	293.414
20.0655	293.407	293.407
20.0774	293.4	293.4
20.0893	293.394	293.394
20.1013	293.387	293.387
20.1132	293.38	293.38
20.1251	293.374	293.373
20.1371	293.367	293.367
20.149	293.361	293.361
20.161	293.354	293.354
20.1729	293.348	293.348
20.1848	293.342	293.342
20.1968	293.336	293.336
20.2087	293.33	293.33
20.2206	293.324	293.324
20.2326	293.319	293.318
20.2445	293.313	293.313
20.2564	293.307	293.307
20.2684	293.302	293.302
20.2803	293.296	293.296
20.2923	293.291	293.291
20.3042	293.286	293.286
20.3161	293.281	293.281
20.3281	293.276	293.276
20.34	293.271	293.271
20.3519	293.266	293.266
20.3639	293.261	293.261
20.3758	293.256	293.256
20.3877	293.251	293.251
20.3997	293.247	293.247
20.4116	293.242	293.242
20.4236	293.238	293.238
20.4355	293.233	293.233
20.4474	293.229	293.229
20.4594	293.225	293.225
20.4713	293.22	293.22
20.4832	293.216	293.216
20.4952	293.212	293.212
20.5071	293.208	293.208
20.5191	293.204	293.204
20.531	293.2	293.2
20.5429	293.197	293.196
20.5549	293.193	293.193
20.5668	293.189	293.189
20.5787	293.185	293.185
20.5907	293.182	293.182
20.6026	293.178	293.178
20.6145	293.175	293.175
20.6265	293.171	293.171
20.6384	293.168	293.168
20.6504	293.165	293.165
20.6623	293.162	293.162
20.6742	293.158	293.158
20.6862	293.155	293.155
20.6981	293.152	293.152
20.71	293.149	293.149
20.722	293.146	293.146
20.7339	293.143	293.143
20.7458	293.141	293.14
20.7578	293.138	293.138
20.7697	293.135	293.135
20.7817	293.132	293.132
20.7936	293.13	293.13
20.8055	293.127	293.127
20.8175	293.124	293.124
20.8294	293.122	293.122
20.8413	293.119	293.119
20.8533	293.117	293.117
20.8652	293.114	293.114
20.8771	293.112	293.112
20.8891	293.11	293.11
20.901	293.107	293.107
20.913	293.105	293.105
20.9249	293.103	293.103
20.9368	293.101	293.101
20.9488	293.099	293.099
20.9607	293.097	293.097
20.9726	293.095	293.095
20.9846	293.093	293.093
20.9965	293.091	293.091
21.0085	293.089	293.089
21.0204	293.087	293.087
21.0323	293.085	293.085
21.0443	293.083	293.083
21.0562	293.081	293.081
21.0681	293.08	293.08
21.0801	293.078	293.078
21.092	293.076	293.076
21.1039	293.074	293.074
21.1159	293.073	293.073
21.1278	293.071	293.071
21.1398	293.07	293.07
21.1517	293.068	293.068
21.1636	293.067	293.067
21.1756	293.065	293.065
21.1875	293.064	293.064
21.1994	293.062	293.062
21.2114	293.061	293.061
21.2233	293.059	293.059
21.2352	293.058	293.058
21.2472	293.057	293.057
21.2591	293.056	293.056
21.2711	293.054	293.054
21.283	293.053	293.053
21.2949	293.052	293.052
21.3069	293.051	293.051
21.3188	293.049	293.049
21.3307	293.048	293.048
21.3427	293.047	293.047
21.3546	293.046	293.046
21.3666	293.045	293.045
21.3785	293.044	293.044
21.3904	293.043	293.043
21.4024	293.042	293.042
21.4143	293.041	293.041
21.4262	293.04	293.04
21.4382	293.039	293.039
21.4501	293.038	293.038
21.462	293.037	293.037
21.474	293.036	293.036
21.4859	293.035	293.035
21.4979	293.034	293.034
21.5098	293.034	293.034
21.5217	293.033	293.033
21.5337	293.032	293.032
21.5456	293.031	293.031
21.5575	293.03	293.03
21.5695	293.03	293.03
21.5814	293.029	293.029
21.5933	293.028	293.028
21.6053	293.028	293.028
21.6172	293.027	293.027
21.6292	293.026	293.026
21.6411	293.025	293.025
21.653	293.025	293.025
21.665	293.024	293.024
21.6769	293.024	293.024
21.6888	293.023	293.023
21.7008	293.022	293.022
21.7127	293.022	293.022
21.7246	293.021	293.021
21.7366	293.021	293.021
21.7485	293.02	293.02
21.7605	293.02	293.02
21.7724	293.019	293.019
21.7843	293.019	293.019
21.7963	293.018	293.018
21.8082	293.018	293.018
21.8201	293.017	293.017
21.8321	293.017	293.017
21.844	293.016	293.016
21.856	293.016	293.016
21.8679	293.015	293.015
21.8798	293.015	293.015
21.8918	293.015	293.015
21.9037	293.014	293.014
21.9156	293.014	293.014
21.9276	293.013	293.013
21.9395	293.013	293.013
21.9514	293.013	293.013
21.9634	293.012	293.012
21.9753	293.012	293.012
21.9873	293.012	293.012
21.9992	293.011	293.011
22.0111	293.011	293.011
22.0231	293.011	293.011
22.035	293.01	293.01
22.0469	293.01	293.01
22.0589	293.01	293.01
22.0708	293.009	293.009
22.0827	293.009	293.009
22.0947	293.009	293.009
22.1066	293.009	293.009
22.1186	293.008	293.008
22.1305	293.008	293.008
22.1424	293.008	293.008
22.1544	293.008	293.008
22.1663	293.007	293.007
22.1782	293.007	293.007
22.1902	293.007	293.007
22.2021	293.007	293.007
22.2141	293.007	293.007
22.226	293.006	293.006
22.2379	293.006	293.006
22.2499	293.006	293.006
22.2618	293.006	293.006
22.2737	293.006	293.006
22.2857	293.005	293.005
22.2976	293.005	293.005
22.3095	293.005	293.005
22.3215	293.005	293.005
22.3334	293.005	293.005
22.3454	293.005	293.005
22.3573	293.005	293.005
22.3692	293.004	293.004
22.3812	293.004	293.004
22.3931	293.004	293.004
22.405	293.004	293.004
22.417	293.004	293.004
22.4289	293.004	293.004
22.4408	293.004	293.004
22.4528	293.003	293.003
22.4647	293.003	293.003
22.4767	293.003	293.003
22.4886	293.003	293.003
22.5005	293.003	293.003
22.5125	293.003	293.003
22.5244	293.003	293.003
22.5363	293.003	293.003
22.5483	293.003	293.003
22.5602	293.003	293.003
22.5721	293.002	293.002
22.5841	293.002	293.002
22.596	293.002	293.002
22.608	293.002	293.002
22.6199	293.002	293.002
22.6318	293.002	293.002
22.6438	293.002	293.002
22.6557	293.002	293.002
22.6676	293.002	293.002
22.6796	293.002	293.002
22.6915	293.002	293.002
22.7035	293.002	293.002
22.7154	293.002	293.002
22.7273	293.002	293.002
22.7393	293.001	293.001
22.7512	293.001	293.001
22.7631	293.001	293.001
22.7751	293.001	293.001
22.787	293.001	293.001
22.7989	293.001	293.001
22.8109	293.001	293.001
22.8228	293.001	293.001
22.8348	293.001	293.001
22.8467	293.001	293.001
22.8586	293.001	293.001
22.8706	293.001	293.001
22.8825	293.001	293.001
22.8944	293.001	293.001
22.9064	293.001	293.001
22.9183	293.001	293.001
22.9302	293.001	293.001
22.9422	293.001	293.001
22.9541	293.001	293.001
22.9661	293.001	293.001
22.978	293.001	293.001
22.9899	293.001	293.001
23.0019	293.001	293.001
23.0138	293.001	293.001
23.0257	293.001	293.001
23.0377	293.001	293.001
23.0496	293	293
23.0616	293	293
23.0735	293	293
23.0854	293	293
23.0974	293	293
23.1093	293	293
23.1212	293	293
23.1332	293	293
23.1451	293	293
23.157	293	293
23.169	293	293
23.1809	293	293
23.1929	293	293
23.2048	293	293
23.2167	293	293
23.2287	293	293
23.2406	293	293
23.2525	293	293
23.2645	293	293
23.2764	293	293
23.2883	293	293
23.3003	293	293
23.3122	293	293
23.3242	293	293
23.3361	293	293
23.348	293	293
23.36	293	293
23.3719	293	293
23.3838	293	293
23.3958	293	293
23.4077	293	293
23.4196	293	293
23.4316	293	293
23.4435	293	293
23.4555	293	293
23.4674	293	293
23.4793	293	293
23.4913	293	293
23.5032	293	293
23.5151	293	293
23.5271	293	293
23.539	293	293
23.551	293	293
23.5629	293	293
23.5748	293	293
23.5868	293	293
23.5987	293	293
23.6106	293	293
23.6226	293	293
23.6345	293	293
23.6464	293	293
23.6584	293	293
23.6703	293	293
23.6823	293	293
23.6942	293	293
23.7061	293	293
23.7181	293	293
23.73	293	293
23.7419	293	293
23.7539	293	293
23.7658	293	293
23.7777	293	293
23.7897	293	293
23.8016	293	293
23.8136	293	293
23.8255	293	293
23.8374	293	293
23.8494	293	293
23.8613	293	293
23.8732	293	293
