0	873	873
0.0119366	873	873
0.0238732	873	873
0.0358099	873	873
0.0477465	873	873
0.0596831	873	873
0.0716197	873	873
0.0835563	873	873
0.095493	873	873
0.10743	873	873
0.119366	873	873
0.131303	873	873
0.143239	873	873
0.155176	873	873
0.167113	873	873
0.179049	873	873
0.190986	873	873
0.202923	873	873
0.214859	873	873
0.226796	873	873
0.238732	873	873
0.250669	873	873
0.262606	873	873
0.274542	873	873
0.286479	873	873
0.298416	873	873
0.310352	873	873
0.322289	873	873
0.334225	873	873
0.346162	873	873
0.358099	873	873
0.370035	873	873
0.381972	873	872.999
0.393908	873	872.999
0.405845	873	872.999
0.417782	873	872.999
0.429718	873	872.999
0.441655	873	872.999
0.453592	873	872.999
0.465528	873	872.999
0.477465	873	872.999
0.489401	873	872.999
0.501338	873	872.999
0.513275	873	872.999
0.525211	873	872.999
0.537148	873	872.999
0.549085	873	872.999
0.561021	873	872.999
0.572958	873	872.999
0.584894	873	872.999
0.596831	873	872.999
0.608768	873	872.999
0.620704	873	872.998
0.632641	873	872.998
0.644578	873	872.998
0.656514	873	872.998
0.668451	873	872.998
0.680387	873	872.998
0.692324	873	872.998
0.704261	873	872.998
0.716197	873	872.998
0.728134	873	872.998
0.74007	873	872.998
0.752007	872.999	872.997
0.763944	872.999	872.997
0.77588	872.999	872.997
0.787817	872.999	872.997
0.799754	872.999	872.997
0.81169	872.999	872.997
0.823627	872.999	872.997
0.835563	872.999	872.997
0.8475	872.999	872.996
0.859437	872.999	872.996
0.871373	872.999	872.996
0.88331	872.999	872.996
0.895247	872.999	872.996
0.907183	872.999	872.996
0.91912	872.999	872.995
0.931056	872.999	872.995
0.942993	872.999	872.995
0.95493	872.999	872.995
0.966866	872.999	872.995
0.978803	872.999	872.995
0.99074	872.999	872.994
1.00268	872.999	872.994
1.01461	872.999	872.994
1.02655	872.998	872.994
1.03849	872.998	872.993
1.05042	872.998	872.993
1.06236	872.998	872.993
1.0743	872.998	872.993
1.08623	872.998	872.992
1.09817	872.998	872.992
1.11011	872.998	872.992
1.12204	872.998	872.991
1.13398	872.998	872.991
1.14592	872.998	872.991
1.15785	872.998	872.99
1.16979	872.998	872.99
1.18173	872.997	872.99
1.19366	872.997	872.989
1.2056	872.997	872.989
1.21754	872.997	872.989
1.22947	872.997	872.988
1.24141	872.997	872.988
1.25335	872.997	872.987
1.26528	872.997	872.987
1.27722	872.996	872.987
1.28916	872.996	872.986
1.30109	872.996	872.986
1.31303	872.996	872.985
1.32496	872.996	872.985
1.3369	872.996	872.984
1.34884	872.996	872.984
1.36077	872.995	872.983
1.37271	872.995	872.983
1.38465	872.995	872.982
1.39658	872.995	872.981
1.40852	872.995	872.981
1.42046	872.994	872.98
1.43239	872.994	872.98
1.44433	872.994	872.979
1.45627	872.994	872.978
1.4682	872.994	872.978
1.48014	872.993	872.977
1.49208	872.993	872.976
1.50401	872.993	872.976
1.51595	872.993	872.975
1.52789	872.992	872.974
1.53982	872.992	872.973
1.55176	872.992	872.972
1.5637	872.992	872.972
1.57563	872.991	872.971
1.58757	872.991	872.97
1.59951	872.991	872.969
1.61144	872.99	872.968
1.62338	872.99	872.967
1.63532	872.99	872.966
1.64725	872.989	872.965
1.65919	872.989	872.964
1.67113	872.989	872.963
1.68306	872.988	872.962
1.695	872.988	872.961
1.70694	872.988	872.96
1.71887	872.987	872.959
1.73081	872.987	872.958
1.74275	872.986	872.957
1.75468	872.986	872.955
1.76662	872.986	872.954
1.77856	872.985	872.953
1.79049	872.985	872.952
1.80243	872.984	872.95
1.81437	872.984	872.949
1.8263	872.983	872.947
1.83824	872.983	872.946
1.85018	872.982	872.945
1.86211	872.982	872.943
1.87405	872.981	872.942
1.88599	872.98	872.94
1.89792	872.98	872.938
1.90986	872.979	872.937
1.9218	872.979	872.935
1.93373	872.978	872.934
1.94567	872.977	872.932
1.95761	872.977	872.93
1.96954	872.976	872.928
1.98148	872.975	872.926
1.99342	872.975	872.924
2.00535	872.974	872.923
2.01729	872.973	872.921
2.02923	872.972	872.919
2.04116	872.972	872.917
2.0531	872.971	872.914
2.06504	872.97	872.912
2.07697	872.969	872.91
2.08891	872.968	872.908
2.10085	872.967	872.906
2.11278	872.967	872.903
2.12472	872.966	872.901
2.13666	872.965	872.899
2.14859	872.964	872.896
2.16053	872.963	872.894
2.17246	872.962	872.891
2.1844	872.961	872.888
2.19634	872.96	872.886
2.20827	872.959	872.883
2.22021	872.957	872.88
2.23215	872.956	872.877
2.24408	872.955	872.874
2.25602	872.954	872.871
2.26796	872.953	872.868
2.27989	872.951	872.865
2.29183	872.95	872.862
2.30377	872.949	872.859
2.3157	872.948	872.856
2.32764	872.946	872.853
2.33958	872.945	872.849
2.35151	872.943	872.846
2.36345	872.942	872.842
2.37539	872.941	872.839
2.38732	872.939	872.835
2.39926	872.937	872.831
2.4112	872.936	872.828
2.42313	872.934	872.824
2.43507	872.933	872.82
2.44701	872.931	872.816
2.45894	872.929	872.812
2.47088	872.928	872.808
2.48282	872.926	872.803
2.49475	872.924	872.799
2.50669	872.922	872.795
2.51863	872.92	872.79
2.53056	872.918	872.786
2.5425	872.916	872.781
2.55444	872.914	872.776
2.56637	872.912	872.772
2.57831	872.91	872.767
2.59025	872.908	872.762
2.60218	872.906	872.757
2.61412	872.904	872.752
2.62606	872.901	872.746
2.63799	872.899	872.741
2.64993	872.897	872.736
2.66187	872.894	872.73
2.6738	872.892	872.725
2.68574	872.889	872.719
2.69768	872.887	872.713
2.70961	872.884	872.707
2.72155	872.881	872.701
2.73349	872.879	872.695
2.74542	872.876	872.689
2.75736	872.873	872.683
2.7693	872.87	872.676
2.78123	872.867	872.67
2.79317	872.864	872.663
2.80511	872.861	872.656
2.81704	872.858	872.65
2.82898	872.855	872.643
2.84092	872.852	872.636
2.85285	872.849	872.628
2.86479	872.845	872.621
2.87673	872.842	872.614
2.88866	872.838	872.606
2.9006	872.835	872.598
2.91254	872.831	872.591
2.92447	872.828	872.583
2.93641	872.824	872.575
2.94835	872.82	872.567
2.96028	872.816	872.558
2.97222	872.812	872.55
2.98416	872.808	872.541
2.99609	872.804	872.533
3.00803	872.8	872.524
3.01997	872.796	872.515
3.0319	872.792	872.506
3.04384	872.787	872.496
3.05577	872.783	872.487
3.06771	872.778	872.477
3.07965	872.774	872.468
3.09158	872.769	872.458
3.10352	872.764	872.448
3.11546	872.759	872.438
3.12739	872.754	872.427
3.13933	872.749	872.417
3.15127	872.744	872.406
3.1632	872.739	872.396
3.17514	872.734	872.385
3.18708	872.729	872.374
3.19901	872.723	872.362
3.21095	872.718	872.351
3.22289	872.712	872.339
3.23482	872.706	872.328
3.24676	872.7	872.316
3.2587	872.694	872.304
3.27063	872.688	872.291
3.28257	872.682	872.279
3.29451	872.676	872.266
3.30644	872.67	872.253
3.31838	872.663	872.24
3.33032	872.657	872.227
3.34225	872.65	872.214
3.35419	872.643	872.2
3.36613	872.636	872.186
3.37806	872.629	872.172
3.39	872.622	872.158
3.40194	872.615	872.144
3.41387	872.608	872.129
3.42581	872.6	872.115
3.43775	872.593	872.1
3.44968	872.585	872.084
3.46162	872.577	872.069
3.47356	872.57	872.053
3.48549	872.562	872.038
3.49743	872.553	872.022
3.50937	872.545	872.005
3.5213	872.537	871.989
3.53324	872.528	871.972
3.54518	872.519	871.955
3.55711	872.511	871.938
3.56905	872.502	871.921
3.58099	872.493	871.903
3.59292	872.483	871.885
3.60486	872.474	871.867
3.6168	872.465	871.849
3.62873	872.455	871.83
3.64067	872.445	871.812
3.65261	872.435	871.792
3.66454	872.425	871.773
3.67648	872.415	871.754
3.68842	872.405	871.734
3.70035	872.394	871.714
3.71229	872.383	871.693
3.72423	872.373	871.673
3.73616	872.362	871.652
3.7481	872.35	871.631
3.76004	872.339	871.61
3.77197	872.328	871.588
3.78391	872.316	871.566
3.79585	872.304	871.544
3.80778	872.292	871.521
3.81972	872.28	871.499
3.83166	872.268	871.476
3.84359	872.255	871.452
3.85553	872.242	871.429
3.86747	872.23	871.405
3.8794	872.217	871.381
3.89134	872.203	871.356
3.90327	872.19	871.331
3.91521	872.176	871.306
3.92715	872.162	871.281
3.93908	872.149	871.255
3.95102	872.134	871.229
3.96296	872.12	871.203
3.97489	872.105	871.176
3.98683	872.091	871.149
3.99877	872.076	871.122
4.0107	872.061	871.094
4.02264	872.045	871.067
4.03458	872.03	871.038
4.04651	872.014	871.01
4.05845	871.998	870.981
4.07039	871.982	870.952
4.08232	871.965	870.922
4.09426	871.949	870.892
4.1062	871.932	870.862
4.11813	871.915	870.831
4.13007	871.897	870.8
4.14201	871.88	870.769
4.15394	871.862	870.737
4.16588	871.844	870.705
4.17782	871.826	870.673
4.18975	871.807	870.64
4.20169	871.789	870.607
4.21363	871.77	870.573
4.22556	871.75	870.539
4.2375	871.731	870.505
4.24944	871.711	870.471
4.26137	871.691	870.436
4.27331	871.671	870.4
4.28525	871.651	870.364
4.29718	871.63	870.328
4.30912	871.609	870.292
4.32106	871.588	870.255
4.33299	871.566	870.217
4.34493	871.545	870.179
4.35687	871.523	870.141
4.3688	871.5	870.103
4.38074	871.478	870.064
4.39268	871.455	870.024
4.40461	871.432	869.984
4.41655	871.409	869.944
4.42849	871.385	869.903
4.44042	871.361	869.862
4.45236	871.337	869.821
4.4643	871.312	869.779
4.47623	871.287	869.736
4.48817	871.262	869.693
4.50011	871.237	869.65
4.51204	871.211	869.606
4.52398	871.185	869.562
4.53592	871.159	869.517
4.54785	871.132	869.472
4.55979	871.105	869.427
4.57173	871.078	869.381
4.58366	871.05	869.334
4.5956	871.022	869.287
4.60754	870.994	869.24
4.61947	870.965	869.192
4.63141	870.936	869.144
4.64335	870.907	869.095
4.65528	870.878	869.045
4.66722	870.848	868.995
4.67916	870.817	868.945
4.69109	870.787	868.894
4.70303	870.756	868.843
4.71497	870.725	868.791
4.7269	870.693	868.739
4.73884	870.661	868.686
4.75078	870.629	868.633
4.76271	870.596	868.579
4.77465	870.563	868.524
4.78658	870.53	868.47
4.79852	870.496	868.414
4.81046	870.462	868.358
4.82239	870.427	868.302
4.83433	870.392	868.245
4.84627	870.357	868.187
4.8582	870.321	868.129
4.87014	870.285	868.071
4.88208	870.249	868.011
4.89401	870.212	867.952
4.90595	870.175	867.892
4.91789	870.137	867.831
4.92982	870.099	867.769
4.94176	870.061	867.707
4.9537	870.022	867.645
4.96563	869.983	867.582
4.97757	869.943	867.518
4.98951	869.903	867.454
5.00144	869.862	867.389
5.01338	869.822	867.324
5.02532	869.78	867.258
5.03725	869.739	867.192
5.04919	869.696	867.125
5.06113	869.654	867.057
5.07306	869.611	866.989
5.085	869.567	866.92
5.09694	869.523	866.85
5.10887	869.479	866.78
5.12081	869.434	866.709
5.13275	869.389	866.638
5.14468	869.343	866.566
5.15662	869.297	866.494
5.16856	869.25	866.42
5.18049	869.203	866.347
5.19243	869.156	866.272
5.20437	869.108	866.197
5.2163	869.059	866.122
5.22824	869.01	866.045
5.24018	868.961	865.968
5.25211	868.911	865.891
5.26405	868.861	865.812
5.27599	868.81	865.734
5.28792	868.758	865.654
5.29986	868.706	865.574
5.3118	868.654	865.493
5.32373	868.601	865.411
5.33567	868.548	865.329
5.34761	868.494	865.246
5.35954	868.44	865.163
5.37148	868.385	865.079
5.38342	868.329	864.994
5.39535	868.273	864.908
5.40729	868.217	864.822
5.41923	868.16	864.735
5.43116	868.102	864.648
5.4431	868.044	864.559
5.45504	867.986	864.47
5.46697	867.927	864.381
5.47891	867.867	864.29
5.49085	867.807	864.199
5.50278	867.746	864.107
5.51472	867.685	864.015
5.52666	867.623	863.922
5.53859	867.561	863.828
5.55053	867.498	863.733
5.56247	867.434	863.638
5.5744	867.37	863.542
5.58634	867.305	863.445
5.59828	867.24	863.347
5.61021	867.174	863.249
5.62215	867.108	863.15
5.63408	867.041	863.05
5.64602	866.973	862.95
5.65796	866.905	862.849
5.66989	866.837	862.747
5.68183	866.767	862.644
5.69377	866.697	862.54
5.7057	866.627	862.436
5.71764	866.556	862.331
5.72958	866.484	862.225
5.74151	866.412	862.119
5.75345	866.339	862.012
5.76539	866.265	861.904
5.77732	866.191	861.795
5.78926	866.116	861.685
5.8012	866.041	861.575
5.81313	865.965	861.464
5.82507	865.888	861.352
5.83701	865.811	861.239
5.84894	865.733	861.125
5.86088	865.655	861.011
5.87282	865.575	860.896
5.88475	865.495	860.78
5.89669	865.415	860.664
5.90863	865.334	860.546
5.92056	865.252	860.428
5.9325	865.169	860.309
5.94444	865.086	860.189
5.95637	865.003	860.068
5.96831	864.918	859.947
5.98025	864.833	859.824
5.99218	864.747	859.701
6.00412	864.661	859.577
6.01606	864.573	859.452
6.02799	864.486	859.327
6.03993	864.397	859.2
6.05187	864.308	859.073
6.0638	864.218	858.945
6.07574	864.127	858.816
6.08768	864.036	858.686
6.09961	863.944	858.556
6.11155	863.851	858.424
6.12349	863.758	858.292
6.13542	863.664	858.159
6.14736	863.569	858.025
6.1593	863.474	857.89
6.17123	863.377	857.755
6.18317	863.28	857.618
6.19511	863.183	857.481
6.20704	863.084	857.343
6.21898	862.985	857.203
6.23092	862.885	857.064
6.24285	862.785	856.923
6.25479	862.683	856.781
6.26673	862.581	856.639
6.27866	862.478	856.495
6.2906	862.375	856.351
6.30254	862.27	856.206
6.31447	862.165	856.06
6.32641	862.06	855.913
6.33835	861.953	855.765
6.35028	861.846	855.616
6.36222	861.738	855.467
6.37416	861.629	855.317
6.38609	861.519	855.165
6.39803	861.409	855.013
6.40997	861.297	854.86
6.4219	861.186	854.706
6.43384	861.073	854.551
6.44578	860.959	854.395
6.45771	860.845	854.239
6.46965	860.73	854.081
6.48159	860.614	853.923
6.49352	860.497	853.764
6.50546	860.38	853.603
6.51739	860.262	853.442
6.52933	860.143	853.28
6.54127	860.023	853.117
6.5532	859.902	852.953
6.56514	859.781	852.789
6.57708	859.659	852.623
6.58901	859.536	852.457
6.60095	859.412	852.289
6.61289	859.287	852.121
6.62482	859.162	851.951
6.63676	859.035	851.781
6.6487	858.908	851.61
6.66063	858.78	851.438
6.67257	858.652	851.265
6.68451	858.522	851.091
6.69644	858.392	850.916
6.70838	858.26	850.741
6.72032	858.128	850.564
6.73225	857.995	850.386
6.74419	857.862	850.208
6.75613	857.727	850.029
6.76806	857.592	849.848
6.78	857.455	849.667
6.79194	857.318	849.485
6.80387	857.18	849.302
6.81581	857.041	849.118
6.82775	856.902	848.933
6.83968	856.761	848.747
6.85162	856.62	848.56
6.86356	856.478	848.372
6.87549	856.334	848.184
6.88743	856.19	847.994
6.89937	856.046	847.803
6.9113	855.9	847.612
6.92324	855.753	847.419
6.93518	855.606	847.226
6.94711	855.458	847.032
6.95905	855.308	846.836
6.97099	855.158	846.64
6.98292	855.008	846.443
6.99486	854.856	846.245
7.0068	854.703	846.046
7.01873	854.549	845.846
7.03067	854.395	845.645
7.04261	854.24	845.444
7.05454	854.083	845.241
7.06648	853.926	845.037
7.07842	853.768	844.833
7.09035	853.609	844.627
7.10229	853.45	844.42
7.11423	853.289	844.213
7.12616	853.127	844.005
7.1381	852.965	843.795
7.15004	852.802	843.585
7.16197	852.637	843.374
7.17391	852.472	843.162
7.18585	852.306	842.949
7.19778	852.139	842.735
7.20972	851.971	842.52
7.22166	851.803	842.304
7.23359	851.633	842.087
7.24553	851.462	841.869
7.25747	851.291	841.651
7.2694	851.118	841.431
7.28134	850.945	841.21
7.29328	850.771	840.989
7.30521	850.596	840.766
7.31715	850.42	840.543
7.32909	850.243	840.319
7.34102	850.065	840.093
7.35296	849.886	839.867
7.36489	849.706	839.64
7.37683	849.526	839.412
7.38877	849.344	839.183
7.4007	849.162	838.953
7.41264	848.978	838.722
7.42458	848.794	838.49
7.43651	848.609	838.258
7.44845	848.423	838.024
7.46039	848.235	837.789
7.47232	848.047	837.554
7.48426	847.858	837.317
7.4962	847.669	837.08
7.50813	847.478	836.842
7.52007	847.286	836.602
7.53201	847.093	836.362
7.54394	846.9	836.121
7.55588	846.705	835.879
7.56782	846.51	835.636
7.57975	846.314	835.392
7.59169	846.116	835.148
7.60363	845.918	834.902
7.61556	845.719	834.655
7.6275	845.519	834.408
7.63944	845.318	834.16
7.65137	845.116	833.91
7.66331	844.913	833.66
7.67525	844.709	833.409
7.68718	844.504	833.157
7.69912	844.299	832.904
7.71106	844.092	832.65
7.72299	843.884	832.395
7.73493	843.676	832.139
7.74687	843.466	831.883
7.7588	843.256	831.625
7.77074	843.045	831.367
7.78268	842.833	831.107
7.79461	842.619	830.847
7.80655	842.405	830.586
7.81849	842.19	830.324
7.83042	841.974	830.061
7.84236	841.757	829.797
7.8543	841.54	829.533
7.86623	841.321	829.267
7.87817	841.101	829.001
7.89011	840.88	828.733
7.90204	840.659	828.465
7.91398	840.436	828.196
7.92592	840.213	827.926
7.93785	839.989	827.655
7.94979	839.763	827.384
7.96173	839.537	827.111
7.97366	839.31	826.837
7.9856	839.082	826.563
7.99754	838.853	826.288
8.00947	838.623	826.012
8.02141	838.392	825.735
8.03335	838.16	825.457
8.04528	837.928	825.178
8.05722	837.694	824.899
8.06916	837.459	824.618
8.08109	837.224	824.337
8.09303	836.988	824.055
8.10497	836.75	823.772
8.1169	836.512	823.488
8.12884	836.273	823.204
8.14078	836.033	822.918
8.15271	835.792	822.632
8.16465	835.55	822.345
8.17659	835.307	822.057
8.18852	835.063	821.768
8.20046	834.819	821.478
8.2124	834.573	821.188
8.22433	834.326	820.896
8.23627	834.079	820.604
8.2482	833.831	820.311
8.26014	833.581	820.018
8.27208	833.331	819.723
8.28401	833.08	819.427
8.29595	832.828	819.131
8.30789	832.575	818.834
8.31982	832.322	818.536
8.33176	832.067	818.238
8.3437	831.812	817.938
8.35563	831.555	817.638
8.36757	831.298	817.337
8.37951	831.039	817.035
8.39144	830.78	816.732
8.40338	830.52	816.429
8.41532	830.259	816.125
8.42725	829.997	815.82
8.43919	829.735	815.514
8.45113	829.471	815.207
8.46306	829.207	814.9
8.475	828.941	814.592
8.48694	828.675	814.283
8.49887	828.408	813.973
8.51081	828.14	813.663
8.52275	827.871	813.352
8.53468	827.601	813.04
8.54662	827.33	812.727
8.55856	827.059	812.414
8.57049	826.787	812.1
8.58243	826.513	811.785
8.59437	826.239	811.469
8.6063	825.964	811.153
8.61824	825.688	810.835
8.63018	825.412	810.517
8.64211	825.134	810.199
8.65405	824.856	809.879
8.66599	824.576	809.559
8.67792	824.296	809.239
8.68986	824.015	808.917
8.7018	823.733	808.595
8.71373	823.451	808.272
8.72567	823.167	807.948
8.73761	822.883	807.624
8.74954	822.597	807.299
8.76148	822.311	806.973
8.77342	822.024	806.646
8.78535	821.737	806.319
8.79729	821.448	805.991
8.80923	821.159	805.663
8.82116	820.869	805.334
8.8331	820.578	805.004
8.84504	820.286	804.673
8.85697	819.993	804.342
8.86891	819.699	804.01
8.88085	819.405	803.677
8.89278	819.11	803.344
8.90472	818.814	803.01
8.91666	818.517	802.675
8.92859	818.22	802.34
8.94053	817.921	802.004
8.95247	817.622	801.667
8.9644	817.322	801.33
8.97634	817.021	800.992
8.98828	816.72	800.654
9.00021	816.418	800.315
9.01215	816.114	799.975
9.02409	815.811	799.635
9.03602	815.506	799.294
9.04796	815.2	798.952
9.0599	814.894	798.61
9.07183	814.587	798.267
9.08377	814.279	797.923
9.0957	813.971	797.579
9.10764	813.661	797.234
9.11958	813.351	796.889
9.13151	813.04	796.543
9.14345	812.729	796.197
9.15539	812.416	795.85
9.16732	812.103	795.502
9.17926	811.789	795.154
9.1912	811.475	794.805
9.20313	811.159	794.455
9.21507	810.843	794.105
9.22701	810.526	793.755
9.23894	810.209	793.404
9.25088	809.891	793.052
9.26282	809.571	792.7
9.27475	809.252	792.347
9.28669	808.931	791.993
9.29863	808.61	791.639
9.31056	808.288	791.285
9.3225	807.965	790.93
9.33444	807.642	790.574
9.34637	807.318	790.218
9.35831	806.993	789.862
9.37025	806.668	789.505
9.38218	806.342	789.147
9.39412	806.015	788.789
9.40606	805.687	788.43
9.41799	805.359	788.071
9.42993	805.03	787.711
9.44187	804.7	787.351
9.4538	804.37	786.99
9.46574	804.039	786.629
9.47768	803.708	786.267
9.48961	803.375	785.905
9.50155	803.042	785.542
9.51349	802.709	785.179
9.52542	802.374	784.815
9.53736	802.039	784.451
9.5493	801.704	784.086
9.56123	801.368	783.721
9.57317	801.031	783.355
9.58511	800.693	782.989
9.59704	800.355	782.623
9.60898	800.016	782.256
9.62092	799.677	781.888
9.63285	799.337	781.521
9.64479	798.996	781.152
9.65673	798.654	780.783
9.66866	798.313	780.414
9.6806	797.97	780.045
9.69254	797.627	779.674
9.70447	797.283	779.304
9.71641	796.939	778.933
9.72835	796.594	778.562
9.74028	796.248	778.19
9.75222	795.902	777.818
9.76416	795.555	777.445
9.77609	795.208	777.072
9.78803	794.86	776.699
9.79997	794.511	776.325
9.8119	794.162	775.951
9.82384	793.812	775.576
9.83578	793.462	775.201
9.84771	793.111	774.825
9.85965	792.76	774.45
9.87159	792.408	774.074
9.88352	792.055	773.697
9.89546	791.702	773.32
9.9074	791.348	772.943
9.91933	790.994	772.565
9.93127	790.639	772.187
9.94321	790.284	771.809
9.95514	789.928	771.43
9.96708	789.572	771.051
9.97901	789.215	770.671
9.99095	788.858	770.292
10.0029	788.5	769.912
10.0148	788.141	769.531
10.0268	787.782	769.15
10.0387	787.423	768.769
10.0506	787.063	768.388
10.0626	786.702	768.006
10.0745	786.341	767.624
10.0864	785.98	767.241
10.0984	785.618	766.859
10.1103	785.255	766.475
10.1223	784.892	766.092
10.1342	784.529	765.708
10.1461	784.165	765.324
10.1581	783.801	764.94
10.17	783.436	764.555
10.1819	783.07	764.171
10.1939	782.705	763.785
10.2058	782.338	763.4
10.2177	781.972	763.014
10.2297	781.604	762.628
10.2416	781.237	762.242
10.2536	780.869	761.855
10.2655	780.5	761.468
10.2774	780.131	761.081
10.2894	779.762	760.694
10.3013	779.392	760.306
10.3132	779.021	759.918
10.3252	778.651	759.53
10.3371	778.28	759.142
10.3491	777.908	758.753
10.361	777.536	758.364
10.3729	777.164	757.975
10.3849	776.791	757.586
10.3968	776.417	757.196
10.4087	776.044	756.806
10.4207	775.67	756.416
10.4326	775.295	756.026
10.4445	774.921	755.635
10.4565	774.545	755.244
10.4684	774.17	754.853
10.4804	773.794	754.462
10.4923	773.417	754.071
10.5042	773.041	753.679
10.5162	772.664	753.287
10.5281	772.286	752.895
10.54	771.908	752.503
10.552	771.53	752.111
10.5639	771.151	751.718
10.5758	770.772	751.325
10.5878	770.393	750.932
10.5997	770.014	750.539
10.6117	769.634	750.145
10.6236	769.253	749.752
10.6355	768.873	749.358
10.6475	768.492	748.964
10.6594	768.11	748.57
10.6713	767.729	748.176
10.6833	767.347	747.781
10.6952	766.964	747.387
10.7071	766.582	746.992
10.7191	766.199	746.597
10.731	765.815	746.202
10.743	765.432	745.806
10.7549	765.048	745.411
10.7668	764.664	745.015
10.7788	764.279	744.62
10.7907	763.895	744.224
10.8026	763.509	743.828
10.8146	763.124	743.432
10.8265	762.738	743.035
10.8385	762.353	742.639
10.8504	761.966	742.242
10.8623	761.58	741.846
10.8743	761.193	741.449
10.8862	760.806	741.052
10.8981	760.419	740.655
10.9101	760.031	740.258
10.922	759.643	739.861
10.9339	759.255	739.463
10.9459	758.867	739.066
10.9578	758.478	738.668
10.9698	758.089	738.27
10.9817	757.7	737.872
10.9936	757.311	737.474
11.0056	756.921	737.076
11.0175	756.532	736.678
11.0294	756.142	736.28
11.0414	755.751	735.882
11.0533	755.361	735.483
11.0652	754.97	735.085
11.0772	754.579	734.686
11.0891	754.188	734.287
11.1011	753.797	733.889
11.113	753.405	733.49
11.1249	753.013	733.091
11.1369	752.621	732.692
11.1488	752.229	732.293
11.1607	751.836	731.893
11.1727	751.444	731.494
11.1846	751.051	731.095
11.1966	750.658	730.695
11.2085	750.265	730.296
11.2204	749.871	729.896
11.2324	749.478	729.497
11.2443	749.084	729.097
11.2562	748.69	728.698
11.2682	748.296	728.298
11.2801	747.902	727.898
11.292	747.507	727.498
11.304	747.113	727.098
11.3159	746.718	726.698
11.3279	746.323	726.298
11.3398	745.928	725.898
11.3517	745.532	725.498
11.3637	745.137	725.098
11.3756	744.741	724.698
11.3875	744.346	724.298
11.3995	743.95	723.897
11.4114	743.554	723.497
11.4233	743.158	723.097
11.4353	742.761	722.696
11.4472	742.365	722.296
11.4592	741.968	721.896
11.4711	741.571	721.495
11.483	741.175	721.095
11.495	740.778	720.694
11.5069	740.381	720.294
11.5188	739.983	719.893
11.5308	739.586	719.493
11.5427	739.188	719.092
11.5546	738.791	718.692
11.5666	738.393	718.291
11.5785	737.995	717.891
11.5905	737.597	717.49
11.6024	737.199	717.089
11.6143	736.801	716.689
11.6263	736.403	716.288
11.6382	736.005	715.887
11.6501	735.606	715.487
11.6621	735.208	715.086
11.674	734.809	714.686
11.686	734.411	714.285
11.6979	734.012	713.884
11.7098	733.613	713.484
11.7218	733.214	713.083
11.7337	732.815	712.682
11.7456	732.416	712.282
11.7576	732.017	711.881
11.7695	731.617	711.481
11.7814	731.218	711.08
11.7934	730.819	710.68
11.8053	730.419	710.279
11.8173	730.02	709.878
11.8292	729.62	709.478
11.8411	729.22	709.077
11.8531	728.82	708.677
11.865	728.421	708.276
11.8769	728.021	707.876
11.8889	727.621	707.476
11.9008	727.221	707.075
11.9127	726.821	706.675
11.9247	726.421	706.274
11.9366	726.021	705.874
11.9486	725.621	705.474
11.9605	725.22	705.074
11.9724	724.82	704.673
11.9844	724.42	704.273
11.9963	724.019	703.873
12.0082	723.619	703.473
12.0202	723.219	703.073
12.0321	722.818	702.672
12.0441	722.418	702.272
12.056	722.017	701.872
12.0679	721.617	701.472
12.0799	721.216	701.072
12.0918	720.816	700.672
12.1037	720.415	700.273
12.1157	720.014	699.873
12.1276	719.614	699.473
12.1395	719.213	699.073
12.1515	718.812	698.673
12.1634	718.412	698.274
12.1754	718.011	697.874
12.1873	717.61	697.475
12.1992	717.21	697.075
12.2112	716.809	696.675
12.2231	716.408	696.276
12.235	716.007	695.877
12.247	715.606	695.477
12.2589	715.206	695.078
12.2708	714.805	694.679
12.2828	714.404	694.279
12.2947	714.003	693.88
12.3067	713.603	693.481
12.3186	713.202	693.082
12.3305	712.801	692.683
12.3425	712.4	692.284
12.3544	711.999	691.885
12.3663	711.599	691.486
12.3783	711.198	691.087
12.3902	710.797	690.688
12.4021	710.397	690.29
12.4141	709.996	689.891
12.426	709.595	689.492
12.438	709.194	689.094
12.4499	708.794	688.695
12.4618	708.393	688.297
12.4738	707.992	687.899
12.4857	707.592	687.5
12.4976	707.191	687.102
12.5096	706.791	686.704
12.5215	706.39	686.306
12.5335	705.99	685.907
12.5454	705.589	685.509
12.5573	705.189	685.111
12.5693	704.788	684.713
12.5812	704.388	684.316
12.5931	703.987	683.918
12.6051	703.587	683.52
12.617	703.187	683.122
12.6289	702.786	682.725
12.6409	702.386	682.327
12.6528	701.986	681.93
12.6648	701.586	681.532
12.6767	701.186	681.135
12.6886	700.785	680.737
12.7006	700.385	680.34
12.7125	699.985	679.943
12.7244	699.585	679.546
12.7364	699.185	679.149
12.7483	698.785	678.752
12.7602	698.385	678.355
12.7722	697.986	677.958
12.7841	697.586	677.561
12.7961	697.186	677.164
12.808	696.786	676.768
12.8199	696.387	676.371
12.8319	695.987	675.974
12.8438	695.587	675.578
12.8557	695.188	675.181
12.8677	694.788	674.785
12.8796	694.389	674.389
12.8916	693.989	673.992
12.9035	693.59	673.596
12.9154	693.191	673.2
12.9274	692.792	672.804
12.9393	692.392	672.408
12.9512	691.993	672.012
12.9632	691.594	671.616
12.9751	691.195	671.22
12.987	690.796	670.825
12.999	690.397	670.429
13.0109	689.998	670.033
13.0229	689.599	669.638
13.0348	689.201	669.242
13.0467	688.802	668.847
13.0587	688.403	668.451
13.0706	688.005	668.056
13.0825	687.606	667.661
13.0945	687.207	667.266
13.1064	686.809	666.87
13.1183	686.411	666.475
13.1303	686.012	666.08
13.1422	685.614	665.685
13.1542	685.216	665.291
13.1661	684.818	664.896
13.178	684.42	664.501
13.19	684.022	664.106
13.2019	683.624	663.712
13.2138	683.226	663.317
13.2258	682.828	662.923
13.2377	682.43	662.528
13.2496	682.032	662.134
13.2616	681.635	661.739
13.2735	681.237	661.345
13.2855	680.839	660.951
13.2974	680.442	660.557
13.3093	680.045	660.163
13.3213	679.647	659.769
13.3332	679.25	659.375
13.3451	678.853	658.981
13.3571	678.455	658.587
13.369	678.058	658.193
13.381	677.661	657.8
13.3929	677.264	657.406
13.4048	676.867	657.012
13.4168	676.471	656.619
13.4287	676.074	656.225
13.4406	675.677	655.832
13.4526	675.28	655.439
13.4645	674.884	655.045
13.4764	674.487	654.652
13.4884	674.091	654.259
13.5003	673.694	653.866
13.5123	673.298	653.473
13.5242	672.902	653.08
13.5361	672.505	652.687
13.5481	672.109	652.294
13.56	671.713	651.901
13.5719	671.317	651.508
13.5839	670.921	651.115
13.5958	670.525	650.723
13.6077	670.13	650.33
13.6197	669.734	649.937
13.6316	669.338	649.545
13.6436	668.942	649.153
13.6555	668.547	648.76
13.6674	668.151	648.368
13.6794	667.756	647.975
13.6913	667.36	647.583
13.7032	666.965	647.191
13.7152	666.57	646.799
13.7271	666.175	646.407
13.7391	665.78	646.015
13.751	665.385	645.623
13.7629	664.99	645.231
13.7749	664.595	644.839
13.7868	664.2	644.447
13.7987	663.805	644.055
13.8107	663.41	643.663
13.8226	663.015	643.272
13.8345	662.621	642.88
13.8465	662.226	642.488
13.8584	661.832	642.097
13.8704	661.437	641.705
13.8823	661.043	641.314
13.8942	660.649	640.922
13.9062	660.254	640.531
13.9181	659.86	640.14
13.93	659.466	639.748
13.942	659.072	639.357
13.9539	658.678	638.966
13.9658	658.284	638.575
13.9778	657.89	638.184
13.9897	657.496	637.793
14.0017	657.103	637.402
14.0136	656.709	637.011
14.0255	656.315	636.62
14.0375	655.922	636.229
14.0494	655.528	635.838
14.0613	655.135	635.447
14.0733	654.741	635.056
14.0852	654.348	634.666
14.0971	653.955	634.275
14.1091	653.562	633.884
14.121	653.168	633.494
14.133	652.775	633.103
14.1449	652.382	632.712
14.1568	651.989	632.322
14.1688	651.596	631.932
14.1807	651.203	631.541
14.1926	650.811	631.151
14.2046	650.418	630.76
14.2165	650.025	630.37
14.2285	649.632	629.98
14.2404	649.24	629.59
14.2523	648.847	629.199
14.2643	648.455	628.809
14.2762	648.062	628.419
14.2881	647.67	628.029
14.3001	647.278	627.639
14.312	646.885	627.249
14.3239	646.493	626.859
14.3359	646.101	626.469
14.3478	645.709	626.079
14.3598	645.317	625.689
14.3717	644.925	625.299
14.3836	644.533	624.909
14.3956	644.141	624.52
14.4075	643.749	624.13
14.4194	643.357	623.74
14.4314	642.965	623.35
14.4433	642.573	622.961
14.4552	642.182	622.571
14.4672	641.79	622.181
14.4791	641.399	621.792
14.4911	641.007	621.402
14.503	640.616	621.013
14.5149	640.224	620.623
14.5269	639.833	620.234
14.5388	639.441	619.844
14.5507	639.05	619.455
14.5627	638.659	619.065
14.5746	638.268	618.676
14.5866	637.876	618.287
14.5985	637.485	617.897
14.6104	637.094	617.508
14.6224	636.703	617.119
14.6343	636.312	616.729
14.6462	635.921	616.34
14.6582	635.53	615.951
14.6701	635.14	615.562
14.682	634.749	615.172
14.694	634.358	614.783
14.7059	633.967	614.394
14.7179	633.576	614.005
14.7298	633.186	613.616
14.7417	632.795	613.227
14.7537	632.405	612.838
14.7656	632.014	612.449
14.7775	631.624	612.06
14.7895	631.233	611.671
14.8014	630.843	611.282
14.8133	630.452	610.893
14.8253	630.062	610.504
14.8372	629.672	610.115
14.8492	629.281	609.726
14.8611	628.891	609.337
14.873	628.501	608.949
14.885	628.111	608.56
14.8969	627.721	608.171
14.9088	627.331	607.782
14.9208	626.941	607.393
14.9327	626.551	607.005
14.9446	626.161	606.616
14.9566	625.771	606.227
14.9685	625.381	605.838
14.9805	624.991	605.45
14.9924	624.601	605.061
15.0043	624.211	604.672
15.0163	623.821	604.284
15.0282	623.432	603.895
15.0401	623.042	603.506
15.0521	622.652	603.118
15.064	622.262	602.729
15.076	621.873	602.34
15.0879	621.483	601.952
15.0998	621.094	601.563
15.1118	620.704	601.175
15.1237	620.315	600.786
15.1356	619.925	600.398
15.1476	619.536	600.009
15.1595	619.146	599.62
15.1714	618.757	599.232
15.1834	618.367	598.843
15.1953	617.978	598.455
15.2073	617.589	598.066
15.2192	617.199	597.678
15.2311	616.81	597.29
15.2431	616.421	596.901
15.255	616.031	596.513
15.2669	615.642	596.124
15.2789	615.253	595.736
15.2908	614.864	595.347
15.3027	614.475	594.959
15.3147	614.086	594.571
15.3266	613.697	594.182
15.3386	613.307	593.794
15.3505	612.918	593.405
15.3624	612.529	593.017
15.3744	612.14	592.629
15.3863	611.751	592.24
15.3982	611.362	591.852
15.4102	610.973	591.464
15.4221	610.584	591.075
15.4341	610.196	590.687
15.446	609.807	590.299
15.4579	609.418	589.91
15.4699	609.029	589.522
15.4818	608.64	589.134
15.4937	608.251	588.745
15.5057	607.862	588.357
15.5176	607.474	587.969
15.5295	607.085	587.581
15.5415	606.696	587.192
15.5534	606.307	586.804
15.5654	605.919	586.416
15.5773	605.53	586.028
15.5892	605.141	585.639
15.6012	604.753	585.251
15.6131	604.364	584.863
15.625	603.975	584.475
15.637	603.587	584.086
15.6489	603.198	583.698
15.6608	602.809	583.31
15.6728	602.421	582.922
15.6847	602.032	582.533
15.6967	601.644	582.145
15.7086	601.255	581.757
15.7205	600.867	581.369
15.7325	600.478	580.981
15.7444	600.09	580.592
15.7563	599.701	580.204
15.7683	599.313	579.816
15.7802	598.924	579.428
15.7921	598.536	579.04
15.8041	598.147	578.651
15.816	597.759	578.263
15.828	597.37	577.875
15.8399	596.982	577.487
15.8518	596.594	577.099
15.8638	596.205	576.711
15.8757	595.817	576.322
15.8876	595.428	575.934
15.8996	595.04	575.546
15.9115	594.652	575.158
15.9235	594.263	574.77
15.9354	593.875	574.382
15.9473	593.487	573.993
15.9593	593.098	573.605
15.9712	592.71	573.217
15.9831	592.322	572.829
15.9951	591.933	572.441
16.007	591.545	572.053
16.0189	591.157	571.665
16.0309	590.768	571.276
16.0428	590.38	570.888
16.0548	589.992	570.5
16.0667	589.604	570.112
16.0786	589.215	569.724
16.0906	588.827	569.336
16.1025	588.439	568.948
16.1144	588.051	568.56
16.1264	587.662	568.171
16.1383	587.274	567.783
16.1502	586.886	567.395
16.1622	586.498	567.007
16.1741	586.11	566.619
16.1861	585.721	566.231
16.198	585.333	565.843
16.2099	584.945	565.455
16.2219	584.557	565.067
16.2338	584.169	564.679
16.2457	583.78	564.29
16.2577	583.392	563.902
16.2696	583.004	563.514
16.2816	582.616	563.126
16.2935	582.228	562.738
16.3054	581.84	562.35
16.3174	581.452	561.962
16.3293	581.063	561.574
16.3412	580.675	561.186
16.3532	580.287	560.798
16.3651	579.899	560.41
16.377	579.511	560.022
16.389	579.123	559.634
16.4009	578.735	559.246
16.4129	578.347	558.858
16.4248	577.958	558.47
16.4367	577.57	558.082
16.4487	577.182	557.694
16.4606	576.794	557.306
16.4725	576.406	556.918
16.4845	576.018	556.53
16.4964	575.63	556.142
16.5083	575.242	555.754
16.5203	574.854	555.366
16.5322	574.466	554.978
16.5442	574.077	554.59
16.5561	573.689	554.202
16.568	573.301	553.814
16.58	572.913	553.426
16.5919	572.525	553.038
16.6038	572.137	552.65
16.6158	571.749	552.263
16.6277	571.361	551.875
16.6396	570.973	551.487
16.6516	570.585	551.099
16.6635	570.197	550.711
16.6755	569.809	550.323
16.6874	569.421	549.935
16.6993	569.033	549.548
16.7113	568.645	549.16
16.7232	568.257	548.772
16.7351	567.869	548.384
16.7471	567.481	547.996
16.759	567.093	547.609
16.771	566.705	547.221
16.7829	566.317	546.833
16.7948	565.929	546.445
16.8068	565.541	546.057
16.8187	565.153	545.67
16.8306	564.765	545.282
16.8426	564.377	544.894
16.8545	563.989	544.507
16.8664	563.601	544.119
16.8784	563.213	543.731
16.8903	562.825	543.344
16.9023	562.437	542.956
16.9142	562.049	542.568
16.9261	561.661	542.181
16.9381	561.273	541.793
16.95	560.885	541.406
16.9619	560.497	541.018
16.9739	560.109	540.631
16.9858	559.721	540.243
16.9977	559.333	539.856
17.0097	558.945	539.468
17.0216	558.558	539.081
17.0336	558.17	538.693
17.0455	557.782	538.306
17.0574	557.394	537.918
17.0694	557.006	537.531
17.0813	556.618	537.144
17.0932	556.23	536.756
17.1052	555.842	536.369
17.1171	555.455	535.982
17.1291	555.067	535.594
17.141	554.679	535.207
17.1529	554.291	534.82
17.1649	553.903	534.433
17.1768	553.515	534.045
17.1887	553.128	533.658
17.2007	552.74	533.271
17.2126	552.352	532.884
17.2245	551.964	532.497
17.2365	551.576	532.11
17.2484	551.189	531.723
17.2604	550.801	531.335
17.2723	550.413	530.948
17.2842	550.025	530.561
17.2962	549.638	530.175
17.3081	549.25	529.788
17.32	548.862	529.401
17.332	548.475	529.014
17.3439	548.087	528.627
17.3558	547.699	528.24
17.3678	547.312	527.853
17.3797	546.924	527.467
17.3917	546.536	527.08
17.4036	546.149	526.693
17.4155	545.761	526.306
17.4275	545.374	525.92
17.4394	544.986	525.533
17.4513	544.598	525.147
17.4633	544.211	524.76
17.4752	543.823	524.374
17.4871	543.436	523.987
17.4991	543.048	523.601
17.511	542.661	523.214
17.523	542.273	522.828
17.5349	541.886	522.442
17.5468	541.498	522.055
17.5588	541.111	521.669
17.5707	540.724	521.283
17.5826	540.336	520.897
17.5946	539.949	520.51
17.6065	539.562	520.124
17.6185	539.174	519.738
17.6304	538.787	519.352
17.6423	538.4	518.966
17.6543	538.012	518.58
17.6662	537.625	518.194
17.6781	537.238	517.809
17.6901	536.851	517.423
17.702	536.463	517.037
17.7139	536.076	516.651
17.7259	535.689	516.265
17.7378	535.302	515.88
17.7498	534.915	515.494
17.7617	534.528	515.109
17.7736	534.141	514.723
17.7856	533.754	514.338
17.7975	533.367	513.952
17.8094	532.98	513.567
17.8214	532.593	513.182
17.8333	532.206	512.796
17.8452	531.819	512.411
17.8572	531.432	512.026
17.8691	531.045	511.641
17.8811	530.658	511.256
17.893	530.271	510.871
17.9049	529.885	510.486
17.9169	529.498	510.101
17.9288	529.111	509.716
17.9407	528.724	509.331
17.9527	528.338	508.947
17.9646	527.951	508.562
17.9766	527.564	508.177
17.9885	527.178	507.793
18.0004	526.791	507.408
18.0124	526.405	507.024
18.0243	526.018	506.64
18.0362	525.632	506.255
18.0482	525.245	505.871
18.0601	524.859	505.487
18.072	524.473	505.103
18.084	524.086	504.719
18.0959	523.7	504.335
18.1079	523.314	503.951
18.1198	522.928	503.567
18.1317	522.541	503.183
18.1437	522.155	502.799
18.1556	521.769	502.416
18.1675	521.383	502.032
18.1795	520.997	501.649
18.1914	520.611	501.265
18.2033	520.225	500.882
18.2153	519.839	500.498
18.2272	519.453	500.115
18.2392	519.068	499.732
18.2511	518.682	499.349
18.263	518.296	498.966
18.275	517.91	498.583
18.2869	517.525	498.2
18.2988	517.139	497.817
18.3108	516.753	497.435
18.3227	516.368	497.052
18.3346	515.982	496.669
18.3466	515.597	496.287
18.3585	515.212	495.905
18.3705	514.826	495.522
18.3824	514.441	495.14
18.3943	514.056	494.758
18.4063	513.671	494.376
18.4182	513.285	493.994
18.4301	512.9	493.612
18.4421	512.515	493.23
18.454	512.13	492.848
18.466	511.745	492.467
18.4779	511.361	492.085
18.4898	510.976	491.704
18.5018	510.591	491.322
18.5137	510.206	490.941
18.5256	509.822	490.56
18.5376	509.437	490.179
18.5495	509.052	489.798
18.5614	508.668	489.417
18.5734	508.283	489.036
18.5853	507.899	488.656
18.5973	507.515	488.275
18.6092	507.131	487.894
18.6211	506.746	487.514
18.6331	506.362	487.134
18.645	505.978	486.754
18.6569	505.594	486.373
18.6689	505.21	485.993
18.6808	504.826	485.614
18.6927	504.443	485.234
18.7047	504.059	484.854
18.7166	503.675	484.475
18.7286	503.291	484.095
18.7405	502.908	483.716
18.7524	502.524	483.336
18.7644	502.141	482.957
18.7763	501.758	482.578
18.7882	501.374	482.199
18.8002	500.991	481.821
18.8121	500.608	481.442
18.8241	500.225	481.063
18.836	499.842	480.685
18.8479	499.459	480.306
18.8599	499.076	479.928
18.8718	498.694	479.55
18.8837	498.311	479.172
18.8957	497.928	478.794
18.9076	497.546	478.417
18.9195	497.163	478.039
18.9315	496.781	477.661
18.9434	496.399	477.284
18.9554	496.017	476.907
18.9673	495.634	476.53
18.9792	495.252	476.153
18.9912	494.871	475.776
19.0031	494.489	475.399
19.015	494.107	475.023
19.027	493.725	474.646
19.0389	493.344	474.27
19.0508	492.962	473.893
19.0628	492.581	473.517
19.0747	492.199	473.141
19.0867	491.818	472.766
19.0986	491.437	472.39
19.1105	491.056	472.015
19.1225	490.675	471.639
19.1344	490.294	471.264
19.1463	489.913	470.889
19.1583	489.533	470.514
19.1702	489.152	470.139
19.1821	488.771	469.764
19.1941	488.391	469.39
19.206	488.011	469.015
19.218	487.631	468.641
19.2299	487.25	468.267
19.2418	486.87	467.893
19.2538	486.491	467.519
19.2657	486.111	467.146
19.2776	485.731	466.772
19.2896	485.352	466.399
19.3015	484.972	466.026
19.3135	484.593	465.653
19.3254	484.213	465.28
19.3373	483.834	464.907
19.3493	483.455	464.535
19.3612	483.076	464.162
19.3731	482.697	463.79
19.3851	482.319	463.418
19.397	481.94	463.046
19.4089	481.562	462.675
19.4209	481.183	462.303
19.4328	480.805	461.932
19.4448	480.427	461.56
19.4567	480.049	461.189
19.4686	479.671	460.819
19.4806	479.293	460.448
19.4925	478.916	460.077
19.5044	478.538	459.707
19.5164	478.161	459.337
19.5283	477.783	458.967
19.5402	477.406	458.597
19.5522	477.029	458.227
19.5641	476.652	457.858
19.5761	476.276	457.489
19.588	475.899	457.12
19.5999	475.522	456.751
19.6119	475.146	456.382
19.6238	474.77	456.013
19.6357	474.394	455.645
19.6477	474.018	455.277
19.6596	473.642	454.909
19.6716	473.266	454.541
19.6835	472.891	454.174
19.6954	472.515	453.806
19.7074	472.14	453.439
19.7193	471.765	453.072
19.7312	471.39	452.705
19.7432	471.015	452.339
19.7551	470.64	451.972
19.767	470.265	451.606
19.779	469.891	451.24
19.7909	469.517	450.874
19.8029	469.142	450.509
19.8148	468.768	450.143
19.8267	468.395	449.778
19.8387	468.021	449.413
19.8506	467.647	449.048
19.8625	467.274	448.684
19.8745	466.901	448.319
19.8864	466.528	447.955
19.8983	466.155	447.591
19.9103	465.782	447.228
19.9222	465.409	446.864
19.9342	465.037	446.501
19.9461	464.664	446.138
19.958	464.292	445.775
19.97	463.92	445.412
19.9819	463.549	445.05
19.9938	463.177	444.688
20.0058	462.805	444.326
20.0177	462.434	443.964
20.0296	462.063	443.603
20.0416	461.692	443.242
20.0535	461.321	442.881
20.0655	460.95	442.52
20.0774	460.58	442.159
20.0893	460.21	441.799
20.1013	459.84	441.439
20.1132	459.47	441.079
20.1251	459.1	440.719
20.1371	458.73	440.36
20.149	458.361	440.001
20.161	457.992	439.642
20.1729	457.623	439.283
20.1848	457.254	438.925
20.1968	456.885	438.567
20.2087	456.517	438.209
20.2206	456.148	437.851
20.2326	455.78	437.494
20.2445	455.412	437.137
20.2564	455.044	436.78
20.2684	454.677	436.423
20.2803	454.31	436.067
20.2923	453.942	435.711
20.3042	453.575	435.355
20.3161	453.209	434.999
20.3281	452.842	434.644
20.34	452.476	434.289
20.3519	452.109	433.934
20.3639	451.743	433.579
20.3758	451.378	433.225
20.3877	451.012	432.871
20.3997	450.647	432.517
20.4116	450.282	432.164
20.4236	449.917	431.81
20.4355	449.552	431.457
20.4474	449.187	431.105
20.4594	448.823	430.752
20.4713	448.459	430.4
20.4832	448.095	430.048
20.4952	447.731	429.697
20.5071	447.368	429.346
20.5191	447.005	428.994
20.531	446.641	428.644
20.5429	446.279	428.293
20.5549	445.916	427.943
20.5668	445.554	427.593
20.5787	445.191	427.244
20.5907	444.83	426.894
20.6026	444.468	426.545
20.6145	444.106	426.197
20.6265	443.745	425.848
20.6384	443.384	425.5
20.6504	443.023	425.152
20.6623	442.663	424.805
20.6742	442.302	424.458
20.6862	441.942	424.111
20.6981	441.582	423.764
20.71	441.223	423.418
20.722	440.863	423.072
20.7339	440.504	422.726
20.7458	440.145	422.381
20.7578	439.787	422.035
20.7697	439.428	421.691
20.7817	439.07	421.346
20.7936	438.712	421.002
20.8055	438.354	420.658
20.8175	437.997	420.315
20.8294	437.64	419.971
20.8413	437.283	419.628
20.8533	436.926	419.286
20.8652	436.57	418.944
20.8771	436.213	418.602
20.8891	435.858	418.26
20.901	435.502	417.919
20.913	435.146	417.578
20.9249	434.791	417.237
20.9368	434.436	416.897
20.9488	434.082	416.557
20.9607	433.727	416.217
20.9726	433.373	415.878
20.9846	433.019	415.539
20.9965	432.666	415.2
21.0085	432.313	414.862
21.0204	431.96	414.524
21.0323	431.607	414.186
21.0443	431.254	413.849
21.0562	430.902	413.512
21.0681	430.55	413.175
21.0801	430.198	412.839
21.092	429.847	412.503
21.1039	429.496	412.168
21.1159	429.145	411.832
21.1278	428.795	411.498
21.1398	428.444	411.163
21.1517	428.094	410.829
21.1636	427.745	410.495
21.1756	427.395	410.162
21.1875	427.046	409.829
21.1994	426.697	409.496
21.2114	426.349	409.163
21.2233	426.001	408.831
21.2352	425.653	408.5
21.2472	425.305	408.168
21.2591	424.958	407.838
21.2711	424.611	407.507
21.283	424.264	407.177
21.2949	423.917	406.847
21.3069	423.571	406.518
21.3188	423.225	406.188
21.3307	422.88	405.86
21.3427	422.535	405.531
21.3546	422.19	405.203
21.3666	421.845	404.876
21.3785	421.501	404.549
21.3904	421.157	404.222
21.4024	420.813	403.895
21.4143	420.47	403.569
21.4262	420.127	403.244
21.4382	419.784	402.918
21.4501	419.442	402.593
21.462	419.1	402.269
21.474	418.758	401.945
21.4859	418.416	401.621
21.4979	418.075	401.298
21.5098	417.734	400.975
21.5217	417.394	400.652
21.5337	417.054	400.33
21.5456	416.714	400.008
21.5575	416.374	399.687
21.5695	416.035	399.366
21.5814	415.696	399.045
21.5933	415.358	398.725
21.6053	415.02	398.405
21.6172	414.682	398.086
21.6292	414.344	397.767
21.6411	414.007	397.449
21.653	413.671	397.13
21.665	413.334	396.813
21.6769	412.998	396.495
21.6888	412.662	396.179
21.7008	412.327	395.862
21.7127	411.992	395.546
21.7246	411.657	395.23
21.7366	411.323	394.915
21.7485	410.989	394.6
21.7605	410.655	394.286
21.7724	410.322	393.972
21.7843	409.989	393.658
21.7963	409.656	393.345
21.8082	409.324	393.032
21.8201	408.992	392.72
21.8321	408.66	392.408
21.844	408.329	392.097
21.856	407.998	391.786
21.8679	407.668	391.475
21.8798	407.338	391.165
21.8918	407.008	390.856
21.9037	406.679	390.546
21.9156	406.35	390.237
21.9276	406.021	389.929
21.9395	405.693	389.621
21.9514	405.365	389.314
21.9634	405.038	389.006
21.9753	404.711	388.7
21.9873	404.384	388.394
21.9992	404.058	388.088
22.0111	403.732	387.783
22.0231	403.406	387.478
22.035	403.081	387.173
22.0469	402.756	386.869
22.0589	402.432	386.566
22.0708	402.108	386.263
22.0827	401.784	385.96
22.0947	401.461	385.658
22.1066	401.138	385.356
22.1186	400.816	385.055
22.1305	400.494	384.754
22.1424	400.172	384.454
22.1544	399.851	384.154
22.1663	399.53	383.855
22.1782	399.209	383.556
22.1902	398.889	383.257
22.2021	398.57	382.959
22.2141	398.25	382.662
22.226	397.932	382.365
22.2379	397.613	382.068
22.2499	397.295	381.772
22.2618	396.977	381.476
22.2737	396.66	381.181
22.2857	396.343	380.887
22.2976	396.027	380.592
22.3095	395.711	380.299
22.3215	395.395	380.005
22.3334	395.08	379.712
22.3454	394.765	379.42
22.3573	394.451	379.128
22.3692	394.137	378.837
22.3812	393.824	378.546
22.3931	393.511	378.255
22.405	393.198	377.966
22.417	392.886	377.676
22.4289	392.574	377.387
22.4408	392.263	377.099
22.4528	391.952	376.811
22.4647	391.641	376.523
22.4767	391.331	376.236
22.4886	391.021	375.95
22.5005	390.712	375.664
22.5125	390.403	375.378
22.5244	390.095	375.093
22.5363	389.787	374.808
22.5483	389.48	374.524
22.5602	389.173	374.241
22.5721	388.866	373.958
22.5841	388.56	373.675
22.596	388.254	373.393
22.608	387.949	373.111
22.6199	387.644	372.83
22.6318	387.34	372.55
22.6438	387.036	372.27
22.6557	386.732	371.99
22.6676	386.429	371.711
22.6796	386.127	371.433
22.6915	385.825	371.155
22.7035	385.523	370.877
22.7154	385.222	370.6
22.7273	384.921	370.323
22.7393	384.621	370.047
22.7512	384.321	369.772
22.7631	384.022	369.497
22.7751	383.723	369.223
22.787	383.424	368.949
22.7989	383.126	368.675
22.8109	382.829	368.402
22.8228	382.532	368.13
22.8348	382.235	367.858
22.8467	381.939	367.587
22.8586	381.643	367.316
22.8706	381.348	367.045
22.8825	381.053	366.776
22.8944	380.759	366.506
22.9064	380.465	366.238
22.9183	380.172	365.969
22.9302	379.879	365.702
22.9422	379.587	365.434
22.9541	379.295	365.168
22.9661	379.004	364.902
22.978	378.713	364.636
22.9899	378.422	364.371
23.0019	378.132	364.106
23.0138	377.843	363.842
23.0257	377.554	363.579
23.0377	377.265	363.316
23.0496	376.977	363.054
23.0616	376.69	362.792
23.0735	376.403	362.53
23.0854	376.116	362.27
23.0974	375.83	362.009
23.1093	375.544	361.75
23.1212	375.259	361.49
23.1332	374.975	361.232
23.1451	374.691	360.974
23.157	374.407	360.716
23.169	374.124	360.459
23.1809	373.841	360.202
23.1929	373.559	359.946
23.2048	373.278	359.691
23.2167	372.997	359.436
23.2287	372.716	359.182
23.2406	372.436	358.928
23.2525	372.156	358.675
23.2645	371.877	358.422
23.2764	371.598	358.17
23.2883	371.32	357.918
23.3003	371.043	357.667
23.3122	370.766	357.417
23.3242	370.489	357.167
23.3361	370.213	356.917
23.348	369.937	356.668
23.36	369.662	356.42
23.3719	369.388	356.172
23.3838	369.114	355.925
23.3958	368.84	355.679
23.4077	368.567	355.432
23.4196	368.295	355.187
23.4316	368.023	354.942
23.4435	367.751	354.697
23.4555	367.481	354.454
23.4674	367.21	354.21
23.4793	366.94	353.967
23.4913	366.671	353.725
23.5032	366.402	353.484
23.5151	366.134	353.242
23.5271	365.866	353.002
23.539	365.599	352.762
23.551	365.332	352.522
23.5629	365.066	352.284
23.5748	364.8	352.045
23.5868	364.535	351.807
23.5987	364.27	351.57
23.6106	364.006	351.334
23.6226	363.742	351.098
23.6345	363.479	350.862
23.6464	363.217	350.627
23.6584	362.955	350.393
23.6703	362.693	350.159
23.6823	362.432	349.926
23.6942	362.172	349.693
23.7061	361.912	349.461
23.7181	361.653	349.23
23.73	361.394	348.999
23.7419	361.136	348.769
23.7539	360.878	348.539
23.7658	360.621	348.311
23.7777	360.364	348.084
23.7897	360.108	347.859
23.8016	359.853	347.636
23.8136	359.598	347.419
23.8255	359.344	347.21
23.8374	359.091	347.016
23.8494	358.839	346.846
23.8613	358.593	346.721
23.8732	358.473	346.672
