0	873	873
0.0119366	873	873
0.0238732	873	873
0.0358099	873	873
0.0477465	873	873
0.0596831	873	873
0.0716197	873	873
0.0835563	873	873
0.095493	873	873
0.10743	873	873
0.119366	873	873
0.131303	873	873
0.143239	873	873
0.155176	873	873
0.167113	873	873
0.179049	873	873
0.190986	873	873
0.202923	873	873
0.214859	873	873
0.226796	873	873
0.238732	873	873
0.250669	873	873
0.262606	873	873
0.274542	873	873
0.286479	873	873
0.298416	873	873
0.310352	873	873
0.322289	873	873
0.334225	873	873
0.346162	873	873
0.358099	873	873
0.370035	873	873
0.381972	873	873
0.393908	873	873
0.405845	873	873
0.417782	873	873
0.429718	873	873
0.441655	873	873
0.453592	873	873
0.465528	873	873
0.477465	873	873
0.489401	873	873
0.501338	873	873
0.513275	873	873
0.525211	873	873
0.537148	873	873
0.549085	873	873
0.561021	873	873
0.572958	873	873
0.584894	873	873
0.596831	873	873
0.608768	873	873
0.620704	873	873
0.632641	873	873
0.644578	873	873
0.656514	873	873
0.668451	873	873
0.680387	873	873
0.692324	873	873
0.704261	873	873
0.716197	873	873
0.728134	873	873
0.74007	873	873
0.752007	873	873
0.763944	873	873
0.77588	873	873
0.787817	873	873
0.799754	873	873
0.81169	873	873
0.823627	872.999	872.999
0.835563	872.999	872.999
0.8475	872.999	872.999
0.859437	872.999	872.999
0.871373	872.999	872.999
0.88331	872.999	872.999
0.895247	872.999	872.999
0.907183	872.999	872.999
0.91912	872.999	872.999
0.931056	872.999	872.999
0.942993	872.999	872.999
0.95493	872.999	872.999
0.966866	872.999	872.999
0.978803	872.999	872.999
0.99074	872.999	872.999
1.00268	872.999	872.999
1.01461	872.999	872.999
1.02655	872.999	872.999
1.03849	872.999	872.999
1.05042	872.999	872.999
1.06236	872.999	872.999
1.0743	872.999	872.999
1.08623	872.999	872.999
1.09817	872.999	872.999
1.11011	872.999	872.999
1.12204	872.999	872.999
1.13398	872.999	872.999
1.14592	872.998	872.998
1.15785	872.998	872.998
1.16979	872.998	872.998
1.18173	872.998	872.998
1.19366	872.998	872.998
1.2056	872.998	872.998
1.21754	872.998	872.998
1.22947	872.998	872.998
1.24141	872.998	872.998
1.25335	872.998	872.998
1.26528	872.998	872.998
1.27722	872.998	872.998
1.28916	872.998	872.998
1.30109	872.998	872.998
1.31303	872.997	872.997
1.32496	872.997	872.997
1.3369	872.997	872.997
1.34884	872.997	872.997
1.36077	872.997	872.997
1.37271	872.997	872.997
1.38465	872.997	872.997
1.39658	872.997	872.997
1.40852	872.997	872.997
1.42046	872.996	872.996
1.43239	872.996	872.996
1.44433	872.996	872.996
1.45627	872.996	872.996
1.4682	872.996	872.996
1.48014	872.996	872.996
1.49208	872.996	872.996
1.50401	872.996	872.996
1.51595	872.995	872.995
1.52789	872.995	872.995
1.53982	872.995	872.995
1.55176	872.995	872.995
1.5637	872.995	872.995
1.57563	872.995	872.995
1.58757	872.994	872.994
1.59951	872.994	872.994
1.61144	872.994	872.994
1.62338	872.994	872.994
1.63532	872.994	872.994
1.64725	872.994	872.994
1.65919	872.993	872.993
1.67113	872.993	872.993
1.68306	872.993	872.993
1.695	872.993	872.993
1.70694	872.992	872.992
1.71887	872.992	872.992
1.73081	872.992	872.992
1.74275	872.992	872.992
1.75468	872.991	872.991
1.76662	872.991	872.991
1.77856	872.991	872.991
1.79049	872.991	872.991
1.80243	872.99	872.99
1.81437	872.99	872.99
1.8263	872.99	872.99
1.83824	872.99	872.99
1.85018	872.989	872.989
1.86211	872.989	872.989
1.87405	872.989	872.989
1.88599	872.988	872.988
1.89792	872.988	872.988
1.90986	872.988	872.988
1.9218	872.987	872.987
1.93373	872.987	872.987
1.94567	872.986	872.986
1.95761	872.986	872.986
1.96954	872.986	872.986
1.98148	872.985	872.985
1.99342	872.985	872.985
2.00535	872.984	872.984
2.01729	872.984	872.984
2.02923	872.984	872.984
2.04116	872.983	872.983
2.0531	872.983	872.983
2.06504	872.982	872.982
2.07697	872.982	872.982
2.08891	872.981	872.981
2.10085	872.981	872.981
2.11278	872.98	872.98
2.12472	872.98	872.98
2.13666	872.979	872.979
2.14859	872.979	872.979
2.16053	872.978	872.978
2.17246	872.977	872.977
2.1844	872.977	872.977
2.19634	872.976	872.976
2.20827	872.976	872.976
2.22021	872.975	872.975
2.23215	872.974	872.974
2.24408	872.974	872.974
2.25602	872.973	872.973
2.26796	872.972	872.972
2.27989	872.972	872.972
2.29183	872.971	872.971
2.30377	872.97	872.97
2.3157	872.969	872.969
2.32764	872.969	872.969
2.33958	872.968	872.968
2.35151	872.967	872.967
2.36345	872.966	872.966
2.37539	872.965	872.965
2.38732	872.964	872.964
2.39926	872.963	872.963
2.4112	872.963	872.963
2.42313	872.962	872.962
2.43507	872.961	872.961
2.44701	872.96	872.96
2.45894	872.959	872.959
2.47088	872.958	872.958
2.48282	872.957	872.957
2.49475	872.956	872.956
2.50669	872.955	872.955
2.51863	872.954	872.954
2.53056	872.952	872.952
2.5425	872.951	872.951
2.55444	872.95	872.95
2.56637	872.949	872.949
2.57831	872.948	872.948
2.59025	872.947	872.947
2.60218	872.945	872.945
2.61412	872.944	872.944
2.62606	872.943	872.943
2.63799	872.941	872.941
2.64993	872.94	872.94
2.66187	872.939	872.939
2.6738	872.937	872.937
2.68574	872.936	872.936
2.69768	872.934	872.934
2.70961	872.933	872.933
2.72155	872.931	872.931
2.73349	872.93	872.93
2.74542	872.928	872.928
2.75736	872.927	872.927
2.7693	872.925	872.925
2.78123	872.923	872.923
2.79317	872.922	872.922
2.80511	872.92	872.92
2.81704	872.918	872.918
2.82898	872.916	872.916
2.84092	872.914	872.914
2.85285	872.913	872.913
2.86479	872.911	872.911
2.87673	872.909	872.909
2.88866	872.907	872.907
2.9006	872.905	872.905
2.91254	872.903	872.903
2.92447	872.901	872.901
2.93641	872.898	872.898
2.94835	872.896	872.896
2.96028	872.894	872.894
2.97222	872.892	872.892
2.98416	872.89	872.89
2.99609	872.887	872.887
3.00803	872.885	872.885
3.01997	872.882	872.882
3.0319	872.88	872.88
3.04384	872.877	872.878
3.05577	872.875	872.875
3.06771	872.872	872.872
3.07965	872.87	872.87
3.09158	872.867	872.867
3.10352	872.864	872.864
3.11546	872.862	872.862
3.12739	872.859	872.859
3.13933	872.856	872.856
3.15127	872.853	872.853
3.1632	872.85	872.85
3.17514	872.847	872.847
3.18708	872.844	872.844
3.19901	872.841	872.841
3.21095	872.837	872.837
3.22289	872.834	872.834
3.23482	872.831	872.831
3.24676	872.828	872.828
3.2587	872.824	872.824
3.27063	872.821	872.821
3.28257	872.817	872.817
3.29451	872.814	872.814
3.30644	872.81	872.81
3.31838	872.806	872.806
3.33032	872.802	872.802
3.34225	872.799	872.799
3.35419	872.795	872.795
3.36613	872.791	872.791
3.37806	872.787	872.787
3.39	872.783	872.783
3.40194	872.779	872.779
3.41387	872.774	872.774
3.42581	872.77	872.77
3.43775	872.766	872.766
3.44968	872.761	872.761
3.46162	872.757	872.757
3.47356	872.752	872.752
3.48549	872.747	872.748
3.49743	872.743	872.743
3.50937	872.738	872.738
3.5213	872.733	872.733
3.53324	872.728	872.728
3.54518	872.723	872.723
3.55711	872.718	872.718
3.56905	872.713	872.713
3.58099	872.708	872.708
3.59292	872.702	872.702
3.60486	872.697	872.697
3.6168	872.691	872.691
3.62873	872.686	872.686
3.64067	872.68	872.68
3.65261	872.674	872.674
3.66454	872.668	872.668
3.67648	872.662	872.662
3.68842	872.656	872.656
3.70035	872.65	872.65
3.71229	872.644	872.644
3.72423	872.638	872.638
3.73616	872.631	872.631
3.7481	872.625	872.625
3.76004	872.618	872.618
3.77197	872.612	872.612
3.78391	872.605	872.605
3.79585	872.598	872.598
3.80778	872.591	872.591
3.81972	872.584	872.584
3.83166	872.576	872.577
3.84359	872.569	872.569
3.85553	872.562	872.562
3.86747	872.554	872.554
3.8794	872.547	872.547
3.89134	872.539	872.539
3.90327	872.531	872.531
3.91521	872.523	872.523
3.92715	872.515	872.515
3.93908	872.507	872.507
3.95102	872.498	872.498
3.96296	872.49	872.49
3.97489	872.481	872.481
3.98683	872.473	872.473
3.99877	872.464	872.464
4.0107	872.455	872.455
4.02264	872.446	872.446
4.03458	872.437	872.437
4.04651	872.428	872.428
4.05845	872.418	872.418
4.07039	872.409	872.409
4.08232	872.399	872.399
4.09426	872.389	872.389
4.1062	872.379	872.379
4.11813	872.369	872.369
4.13007	872.359	872.359
4.14201	872.348	872.348
4.15394	872.338	872.338
4.16588	872.327	872.327
4.17782	872.316	872.317
4.18975	872.306	872.306
4.20169	872.294	872.295
4.21363	872.283	872.283
4.22556	872.272	872.272
4.2375	872.26	872.26
4.24944	872.249	872.249
4.26137	872.237	872.237
4.27331	872.225	872.225
4.28525	872.213	872.213
4.29718	872.2	872.2
4.30912	872.188	872.188
4.32106	872.175	872.175
4.33299	872.162	872.163
4.34493	872.15	872.15
4.35687	872.136	872.136
4.3688	872.123	872.123
4.38074	872.11	872.11
4.39268	872.096	872.096
4.40461	872.082	872.082
4.41655	872.068	872.068
4.42849	872.054	872.054
4.44042	872.04	872.04
4.45236	872.025	872.025
4.4643	872.01	872.011
4.47623	871.996	871.996
4.48817	871.981	871.981
4.50011	871.965	871.965
4.51204	871.95	871.95
4.52398	871.934	871.934
4.53592	871.918	871.918
4.54785	871.902	871.902
4.55979	871.886	871.886
4.57173	871.87	871.87
4.58366	871.853	871.853
4.5956	871.836	871.836
4.60754	871.819	871.819
4.61947	871.802	871.802
4.63141	871.785	871.785
4.64335	871.767	871.767
4.65528	871.749	871.749
4.66722	871.731	871.731
4.67916	871.713	871.713
4.69109	871.694	871.694
4.70303	871.675	871.675
4.71497	871.656	871.657
4.7269	871.637	871.637
4.73884	871.618	871.618
4.75078	871.598	871.598
4.76271	871.578	871.578
4.77465	871.558	871.558
4.78658	871.538	871.538
4.79852	871.517	871.518
4.81046	871.497	871.497
4.82239	871.476	871.476
4.83433	871.454	871.454
4.84627	871.433	871.433
4.8582	871.411	871.411
4.87014	871.389	871.389
4.88208	871.367	871.367
4.89401	871.344	871.344
4.90595	871.322	871.322
4.91789	871.299	871.299
4.92982	871.275	871.275
4.94176	871.252	871.252
4.9537	871.228	871.228
4.96563	871.204	871.204
4.97757	871.18	871.18
4.98951	871.155	871.155
5.00144	871.13	871.13
5.01338	871.105	871.105
5.02532	871.079	871.08
5.03725	871.054	871.054
5.04919	871.028	871.028
5.06113	871.002	871.002
5.07306	870.975	870.975
5.085	870.948	870.948
5.09694	870.921	870.921
5.10887	870.894	870.894
5.12081	870.866	870.866
5.13275	870.838	870.838
5.14468	870.81	870.81
5.15662	870.781	870.781
5.16856	870.752	870.752
5.18049	870.723	870.723
5.19243	870.693	870.694
5.20437	870.664	870.664
5.2163	870.633	870.634
5.22824	870.603	870.603
5.24018	870.572	870.572
5.25211	870.541	870.541
5.26405	870.51	870.51
5.27599	870.478	870.478
5.28792	870.446	870.446
5.29986	870.414	870.414
5.3118	870.381	870.381
5.32373	870.348	870.348
5.33567	870.314	870.315
5.34761	870.281	870.281
5.35954	870.247	870.247
5.37148	870.212	870.212
5.38342	870.178	870.178
5.39535	870.142	870.143
5.40729	870.107	870.107
5.41923	870.071	870.071
5.43116	870.035	870.035
5.4431	869.998	869.999
5.45504	869.962	869.962
5.46697	869.924	869.925
5.47891	869.887	869.887
5.49085	869.849	869.849
5.50278	869.81	869.811
5.51472	869.772	869.772
5.52666	869.733	869.733
5.53859	869.693	869.693
5.55053	869.653	869.653
5.56247	869.613	869.613
5.5744	869.572	869.573
5.58634	869.531	869.532
5.59828	869.49	869.49
5.61021	869.448	869.448
5.62215	869.406	869.406
5.63408	869.364	869.364
5.64602	869.321	869.321
5.65796	869.277	869.277
5.66989	869.233	869.234
5.68183	869.189	869.189
5.69377	869.145	869.145
5.7057	869.1	869.1
5.71764	869.054	869.054
5.72958	869.008	869.008
5.74151	868.962	868.962
5.75345	868.915	868.915
5.76539	868.868	868.868
5.77732	868.821	868.821
5.78926	868.773	868.773
5.8012	868.724	868.724
5.81313	868.675	868.675
5.82507	868.626	868.626
5.83701	868.576	868.576
5.84894	868.526	868.526
5.86088	868.475	868.476
5.87282	868.424	868.424
5.88475	868.373	868.373
5.89669	868.321	868.321
5.90863	868.268	868.268
5.92056	868.215	868.215
5.9325	868.162	868.162
5.94444	868.108	868.108
5.95637	868.054	868.054
5.96831	867.999	867.999
5.98025	867.944	867.944
5.99218	867.888	867.888
6.00412	867.832	867.832
6.01606	867.775	867.775
6.02799	867.718	867.718
6.03993	867.66	867.66
6.05187	867.602	867.602
6.0638	867.543	867.544
6.07574	867.484	867.484
6.08768	867.425	867.425
6.09961	867.364	867.365
6.11155	867.304	867.304
6.12349	867.243	867.243
6.13542	867.181	867.181
6.14736	867.119	867.119
6.1593	867.056	867.056
6.17123	866.993	866.993
6.18317	866.929	866.929
6.19511	866.865	866.865
6.20704	866.8	866.8
6.21898	866.735	866.735
6.23092	866.669	866.669
6.24285	866.602	866.603
6.25479	866.535	866.536
6.26673	866.468	866.468
6.27866	866.4	866.4
6.2906	866.332	866.332
6.30254	866.262	866.263
6.31447	866.193	866.193
6.32641	866.123	866.123
6.33835	866.052	866.052
6.35028	865.981	865.981
6.36222	865.909	865.909
6.37416	865.836	865.837
6.38609	865.763	865.764
6.39803	865.69	865.69
6.40997	865.616	865.616
6.4219	865.541	865.541
6.43384	865.466	865.466
6.44578	865.39	865.39
6.45771	865.313	865.314
6.46965	865.236	865.237
6.48159	865.159	865.159
6.49352	865.081	865.081
6.50546	865.002	865.002
6.51739	864.922	864.923
6.52933	864.843	864.843
6.54127	864.762	864.762
6.5532	864.681	864.681
6.56514	864.599	864.599
6.57708	864.517	864.517
6.58901	864.434	864.434
6.60095	864.35	864.35
6.61289	864.266	864.266
6.62482	864.181	864.181
6.63676	864.096	864.096
6.6487	864.01	864.01
6.66063	863.923	863.923
6.67257	863.835	863.836
6.68451	863.748	863.748
6.69644	863.659	863.659
6.70838	863.57	863.57
6.72032	863.48	863.48
6.73225	863.389	863.39
6.74419	863.298	863.299
6.75613	863.206	863.207
6.76806	863.114	863.114
6.78	863.021	863.021
6.79194	862.927	862.928
6.80387	862.833	862.833
6.81581	862.738	862.738
6.82775	862.642	862.642
6.83968	862.546	862.546
6.85162	862.449	862.449
6.86356	862.351	862.351
6.87549	862.253	862.253
6.88743	862.154	862.154
6.89937	862.054	862.054
6.9113	861.954	861.954
6.92324	861.853	861.853
6.93518	861.751	861.751
6.94711	861.648	861.649
6.95905	861.545	861.546
6.97099	861.441	861.442
6.98292	861.337	861.337
6.99486	861.232	861.232
7.0068	861.126	861.126
7.01873	861.019	861.02
7.03067	860.912	860.912
7.04261	860.804	860.804
7.05454	860.696	860.696
7.06648	860.586	860.586
7.07842	860.476	860.476
7.09035	860.365	860.366
7.10229	860.254	860.254
7.11423	860.142	860.142
7.12616	860.029	860.029
7.1381	859.915	859.915
7.15004	859.801	859.801
7.16197	859.686	859.686
7.17391	859.57	859.57
7.18585	859.453	859.453
7.19778	859.336	859.336
7.20972	859.218	859.218
7.22166	859.099	859.099
7.23359	858.98	858.98
7.24553	858.859	858.86
7.25747	858.738	858.739
7.2694	858.617	858.617
7.28134	858.494	858.495
7.29328	858.371	858.371
7.30521	858.247	858.248
7.31715	858.123	858.123
7.32909	857.997	857.997
7.34102	857.871	857.871
7.35296	857.744	857.744
7.36489	857.616	857.617
7.37683	857.488	857.488
7.38877	857.359	857.359
7.4007	857.229	857.229
7.41264	857.098	857.098
7.42458	856.966	856.967
7.43651	856.834	856.834
7.44845	856.701	856.701
7.46039	856.567	856.568
7.47232	856.433	856.433
7.48426	856.297	856.298
7.4962	856.161	856.161
7.50813	856.024	856.024
7.52007	855.886	855.887
7.53201	855.748	855.748
7.54394	855.609	855.609
7.55588	855.469	855.469
7.56782	855.328	855.328
7.57975	855.186	855.187
7.59169	855.044	855.044
7.60363	854.901	854.901
7.61556	854.757	854.757
7.6275	854.612	854.612
7.63944	854.466	854.466
7.65137	854.32	854.32
7.66331	854.173	854.173
7.67525	854.025	854.025
7.68718	853.876	853.876
7.69912	853.726	853.726
7.71106	853.576	853.576
7.72299	853.425	853.425
7.73493	853.273	853.273
7.74687	853.12	853.12
7.7588	852.966	852.966
7.77074	852.812	852.812
7.78268	852.656	852.657
7.79461	852.5	852.501
7.80655	852.343	852.344
7.81849	852.186	852.186
7.83042	852.027	852.027
7.84236	851.868	851.868
7.8543	851.708	851.708
7.86623	851.547	851.547
7.87817	851.385	851.385
7.89011	851.222	851.223
7.90204	851.059	851.059
7.91398	850.894	850.895
7.92592	850.729	850.73
7.93785	850.563	850.564
7.94979	850.397	850.397
7.96173	850.229	850.229
7.97366	850.061	850.061
7.9856	849.891	849.892
7.99754	849.721	849.722
8.00947	849.55	849.551
8.02141	849.378	849.379
8.03335	849.206	849.206
8.04528	849.032	849.033
8.05722	848.858	848.858
8.06916	848.683	848.683
8.08109	848.507	848.507
8.09303	848.33	848.331
8.10497	848.153	848.153
8.1169	847.974	847.974
8.12884	847.795	847.795
8.14078	847.615	847.615
8.15271	847.434	847.434
8.16465	847.252	847.252
8.17659	847.069	847.069
8.18852	846.886	846.886
8.20046	846.701	846.701
8.2124	846.516	846.516
8.22433	846.33	846.33
8.23627	846.143	846.143
8.2482	845.955	845.955
8.26014	845.766	845.767
8.27208	845.577	845.577
8.28401	845.387	845.387
8.29595	845.195	845.196
8.30789	845.003	845.004
8.31982	844.811	844.811
8.33176	844.617	844.617
8.3437	844.422	844.423
8.35563	844.227	844.227
8.36757	844.03	844.031
8.37951	843.833	843.834
8.39144	843.635	843.636
8.40338	843.436	843.437
8.41532	843.237	843.237
8.42725	843.036	843.037
8.43919	842.835	842.835
8.45113	842.633	842.633
8.46306	842.429	842.43
8.475	842.225	842.226
8.48694	842.021	842.021
8.49887	841.815	841.815
8.51081	841.608	841.609
8.52275	841.401	841.401
8.53468	841.193	841.193
8.54662	840.984	840.984
8.55856	840.774	840.774
8.57049	840.563	840.563
8.58243	840.351	840.352
8.59437	840.139	840.139
8.6063	839.925	839.926
8.61824	839.711	839.711
8.63018	839.496	839.496
8.64211	839.28	839.28
8.65405	839.063	839.064
8.66599	838.846	838.846
8.67792	838.627	838.628
8.68986	838.408	838.408
8.7018	838.188	838.188
8.71373	837.967	837.967
8.72567	837.745	837.745
8.73761	837.522	837.522
8.74954	837.298	837.299
8.76148	837.074	837.074
8.77342	836.849	836.849
8.78535	836.623	836.623
8.79729	836.396	836.396
8.80923	836.168	836.168
8.82116	835.939	835.939
8.8331	835.709	835.71
8.84504	835.479	835.479
8.85697	835.248	835.248
8.86891	835.016	835.016
8.88085	834.783	834.783
8.89278	834.549	834.549
8.90472	834.315	834.315
8.91666	834.079	834.079
8.92859	833.843	833.843
8.94053	833.606	833.606
8.95247	833.368	833.368
8.9644	833.129	833.129
8.97634	832.889	832.89
8.98828	832.649	832.649
9.00021	832.407	832.408
9.01215	832.165	832.166
9.02409	831.922	831.923
9.03602	831.679	831.679
9.04796	831.434	831.434
9.0599	831.188	831.189
9.07183	830.942	830.942
9.08377	830.695	830.695
9.0957	830.447	830.447
9.10764	830.198	830.199
9.11958	829.949	829.949
9.13151	829.698	829.698
9.14345	829.447	829.447
9.15539	829.195	829.195
9.16732	828.942	828.942
9.17926	828.688	828.688
9.1912	828.434	828.434
9.20313	828.178	828.178
9.21507	827.922	827.922
9.22701	827.665	827.665
9.23894	827.407	827.407
9.25088	827.148	827.149
9.26282	826.889	826.889
9.27475	826.629	826.629
9.28669	826.368	826.368
9.29863	826.106	826.106
9.31056	825.843	825.843
9.3225	825.58	825.58
9.33444	825.315	825.316
9.34637	825.05	825.051
9.35831	824.784	824.785
9.37025	824.518	824.518
9.38218	824.25	824.251
9.39412	823.982	823.982
9.40606	823.713	823.713
9.41799	823.443	823.443
9.42993	823.172	823.173
9.44187	822.901	822.901
9.4538	822.629	822.629
9.46574	822.356	822.356
9.47768	822.082	822.082
9.48961	821.807	821.807
9.50155	821.532	821.532
9.51349	821.256	821.256
9.52542	820.979	820.979
9.53736	820.701	820.701
9.5493	820.423	820.423
9.56123	820.143	820.144
9.57317	819.863	819.864
9.58511	819.582	819.583
9.59704	819.301	819.301
9.60898	819.019	819.019
9.62092	818.735	818.736
9.63285	818.452	818.452
9.64479	818.167	818.167
9.65673	817.882	817.882
9.66866	817.596	817.596
9.6806	817.309	817.309
9.69254	817.021	817.021
9.70447	816.733	816.733
9.71641	816.444	816.444
9.72835	816.154	816.154
9.74028	815.863	815.863
9.75222	815.572	815.572
9.76416	815.28	815.28
9.77609	814.987	814.987
9.78803	814.693	814.693
9.79997	814.399	814.399
9.8119	814.104	814.104
9.82384	813.808	813.808
9.83578	813.512	813.512
9.84771	813.214	813.215
9.85965	812.917	812.917
9.87159	812.618	812.618
9.88352	812.319	812.319
9.89546	812.018	812.019
9.9074	811.718	811.718
9.91933	811.416	811.416
9.93127	811.114	811.114
9.94321	810.811	810.811
9.95514	810.507	810.508
9.96708	810.203	810.203
9.97901	809.898	809.898
9.99095	809.592	809.593
10.0029	809.286	809.286
10.0148	808.979	808.979
10.0268	808.671	808.671
10.0387	808.363	808.363
10.0506	808.053	808.054
10.0626	807.744	807.744
10.0745	807.433	807.433
10.0864	807.122	807.122
10.0984	806.81	806.81
10.1103	806.497	806.498
10.1223	806.184	806.184
10.1342	805.87	805.871
10.1461	805.556	805.556
10.1581	805.241	805.241
10.17	804.925	804.925
10.1819	804.608	804.608
10.1939	804.291	804.291
10.2058	803.973	803.973
10.2177	803.655	803.655
10.2297	803.336	803.336
10.2416	803.016	803.016
10.2536	802.695	802.696
10.2655	802.374	802.375
10.2774	802.053	802.053
10.2894	801.73	801.731
10.3013	801.407	801.408
10.3132	801.084	801.084
10.3252	800.76	800.76
10.3371	800.435	800.435
10.3491	800.109	800.11
10.361	799.783	799.783
10.3729	799.457	799.457
10.3849	799.129	799.129
10.3968	798.801	798.802
10.4087	798.473	798.473
10.4207	798.144	798.144
10.4326	797.814	797.814
10.4445	797.484	797.484
10.4565	797.153	797.153
10.4684	796.821	796.822
10.4804	796.489	796.489
10.4923	796.157	796.157
10.5042	795.823	795.824
10.5162	795.489	795.49
10.5281	795.155	795.155
10.54	794.82	794.82
10.552	794.484	794.485
10.5639	794.148	794.149
10.5758	793.812	793.812
10.5878	793.474	793.475
10.5997	793.137	793.137
10.6117	792.798	792.798
10.6236	792.459	792.459
10.6355	792.12	792.12
10.6475	791.78	791.78
10.6594	791.439	791.439
10.6713	791.098	791.098
10.6833	790.756	790.756
10.6952	790.414	790.414
10.7071	790.071	790.071
10.7191	789.728	789.728
10.731	789.384	789.384
10.743	789.04	789.04
10.7549	788.695	788.695
10.7668	788.349	788.35
10.7788	788.004	788.004
10.7907	787.657	787.657
10.8026	787.31	787.31
10.8146	786.963	786.963
10.8265	786.615	786.615
10.8385	786.266	786.267
10.8504	785.917	785.918
10.8623	785.568	785.568
10.8743	785.218	785.218
10.8862	784.868	784.868
10.8981	784.517	784.517
10.9101	784.165	784.165
10.922	783.813	783.813
10.9339	783.461	783.461
10.9459	783.108	783.108
10.9578	782.755	782.755
10.9698	782.401	782.401
10.9817	782.047	782.047
10.9936	781.692	781.692
11.0056	781.337	781.337
11.0175	780.981	780.981
11.0294	780.625	780.625
11.0414	780.268	780.268
11.0533	779.911	779.911
11.0652	779.554	779.554
11.0772	779.196	779.196
11.0891	778.837	778.838
11.1011	778.479	778.479
11.113	778.119	778.12
11.1249	777.76	777.76
11.1369	777.4	777.4
11.1488	777.039	777.039
11.1607	776.678	776.678
11.1727	776.317	776.317
11.1846	775.955	775.955
11.1966	775.593	775.593
11.2085	775.23	775.23
11.2204	774.867	774.867
11.2324	774.504	774.504
11.2443	774.14	774.14
11.2562	773.776	773.776
11.2682	773.411	773.411
11.2801	773.046	773.046
11.292	772.68	772.681
11.304	772.315	772.315
11.3159	771.948	771.949
11.3279	771.582	771.582
11.3398	771.215	771.215
11.3517	770.847	770.848
11.3637	770.48	770.48
11.3756	770.112	770.112
11.3875	769.743	769.743
11.3995	769.374	769.374
11.4114	769.005	769.005
11.4233	768.636	768.636
11.4353	768.266	768.266
11.4472	767.895	767.896
11.4592	767.525	767.525
11.4711	767.154	767.154
11.483	766.782	766.783
11.495	766.411	766.411
11.5069	766.039	766.039
11.5188	765.666	765.667
11.5308	765.294	765.294
11.5427	764.921	764.921
11.5546	764.547	764.548
11.5666	764.174	764.174
11.5785	763.8	763.8
11.5905	763.425	763.426
11.6024	763.051	763.051
11.6143	762.676	762.676
11.6263	762.301	762.301
11.6382	761.925	761.925
11.6501	761.549	761.549
11.6621	761.173	761.173
11.674	760.797	760.797
11.686	760.42	760.42
11.6979	760.043	760.043
11.7098	759.665	759.665
11.7218	759.288	759.288
11.7337	758.91	758.91
11.7456	758.531	758.532
11.7576	758.153	758.153
11.7695	757.774	757.774
11.7814	757.395	757.395
11.7934	757.016	757.016
11.8053	756.636	756.636
11.8173	756.256	756.256
11.8292	755.876	755.876
11.8411	755.496	755.496
11.8531	755.115	755.115
11.865	754.734	754.734
11.8769	754.353	754.353
11.8889	753.971	753.971
11.9008	753.59	753.59
11.9127	753.208	753.208
11.9247	752.825	752.825
11.9366	752.443	752.443
11.9486	752.06	752.06
11.9605	751.677	751.677
11.9724	751.294	751.294
11.9844	750.911	750.911
11.9963	750.527	750.527
12.0082	750.143	750.143
12.0202	749.759	749.759
12.0321	749.375	749.375
12.0441	748.99	748.99
12.056	748.606	748.606
12.0679	748.221	748.221
12.0799	747.835	747.836
12.0918	747.45	747.45
12.1037	747.064	747.065
12.1157	746.679	746.679
12.1276	746.293	746.293
12.1395	745.906	745.907
12.1515	745.52	745.52
12.1634	745.133	745.134
12.1754	744.747	744.747
12.1873	744.36	744.36
12.1992	743.972	743.973
12.2112	743.585	743.585
12.2231	743.198	743.198
12.235	742.81	742.81
12.247	742.422	742.422
12.2589	742.034	742.034
12.2708	741.646	741.646
12.2828	741.257	741.257
12.2947	740.868	740.869
12.3067	740.48	740.48
12.3186	740.091	740.091
12.3305	739.702	739.702
12.3425	739.312	739.312
12.3544	738.923	738.923
12.3663	738.533	738.533
12.3783	738.144	738.144
12.3902	737.754	737.754
12.4021	737.364	737.364
12.4141	736.973	736.973
12.426	736.583	736.583
12.438	736.192	736.193
12.4499	735.802	735.802
12.4618	735.411	735.411
12.4738	735.02	735.02
12.4857	734.629	734.629
12.4976	734.238	734.238
12.5096	733.847	733.847
12.5215	733.455	733.455
12.5335	733.063	733.063
12.5454	732.672	732.672
12.5573	732.28	732.28
12.5693	731.888	731.888
12.5812	731.496	731.496
12.5931	731.104	731.104
12.6051	730.711	730.711
12.617	730.319	730.319
12.6289	729.926	729.926
12.6409	729.534	729.534
12.6528	729.141	729.141
12.6648	728.748	728.748
12.6767	728.355	728.355
12.6886	727.962	727.962
12.7006	727.569	727.569
12.7125	727.175	727.175
12.7244	726.782	726.782
12.7364	726.389	726.389
12.7483	725.995	725.995
12.7602	725.601	725.601
12.7722	725.207	725.208
12.7841	724.814	724.814
12.7961	724.42	724.42
12.808	724.026	724.026
12.8199	723.632	723.632
12.8319	723.237	723.237
12.8438	722.843	722.843
12.8557	722.449	722.449
12.8677	722.054	722.054
12.8796	721.66	721.66
12.8916	721.265	721.265
12.9035	720.87	720.87
12.9154	720.476	720.476
12.9274	720.081	720.081
12.9393	719.686	719.686
12.9512	719.291	719.291
12.9632	718.896	718.896
12.9751	718.501	718.501
12.987	718.106	718.106
12.999	717.711	717.711
13.0109	717.315	717.315
13.0229	716.92	716.92
13.0348	716.525	716.525
13.0467	716.129	716.129
13.0587	715.734	715.734
13.0706	715.338	715.338
13.0825	714.943	714.943
13.0945	714.547	714.547
13.1064	714.152	714.152
13.1183	713.756	713.756
13.1303	713.36	713.36
13.1422	712.964	712.964
13.1542	712.568	712.568
13.1661	712.173	712.173
13.178	711.777	711.777
13.19	711.381	711.381
13.2019	710.985	710.985
13.2138	710.589	710.589
13.2258	710.193	710.193
13.2377	709.796	709.796
13.2496	709.4	709.4
13.2616	709.004	709.004
13.2735	708.608	708.608
13.2855	708.212	708.212
13.2974	707.815	707.815
13.3093	707.419	707.419
13.3213	707.023	707.023
13.3332	706.627	706.627
13.3451	706.23	706.23
13.3571	705.834	705.834
13.369	705.438	705.438
13.381	705.041	705.041
13.3929	704.645	704.645
13.4048	704.248	704.248
13.4168	703.852	703.852
13.4287	703.455	703.455
13.4406	703.059	703.059
13.4526	702.662	702.662
13.4645	702.266	702.266
13.4764	701.869	701.869
13.4884	701.473	701.473
13.5003	701.076	701.076
13.5123	700.68	700.68
13.5242	700.283	700.283
13.5361	699.887	699.887
13.5481	699.49	699.49
13.56	699.094	699.094
13.5719	698.697	698.697
13.5839	698.301	698.301
13.5958	697.904	697.904
13.6077	697.507	697.507
13.6197	697.111	697.111
13.6316	696.714	696.714
13.6436	696.318	696.318
13.6555	695.921	695.921
13.6674	695.525	695.525
13.6794	695.128	695.128
13.6913	694.732	694.732
13.7032	694.335	694.335
13.7152	693.939	693.939
13.7271	693.542	693.542
13.7391	693.146	693.146
13.751	692.749	692.749
13.7629	692.353	692.353
13.7749	691.956	691.956
13.7868	691.56	691.56
13.7987	691.163	691.163
13.8107	690.767	690.767
13.8226	690.37	690.37
13.8345	689.974	689.974
13.8465	689.578	689.578
13.8584	689.181	689.181
13.8704	688.785	688.785
13.8823	688.389	688.389
13.8942	687.992	687.992
13.9062	687.596	687.596
13.9181	687.2	687.2
13.93	686.804	686.804
13.942	686.407	686.407
13.9539	686.011	686.011
13.9658	685.615	685.615
13.9778	685.219	685.219
13.9897	684.823	684.823
14.0017	684.427	684.427
14.0136	684.03	684.03
14.0255	683.634	683.634
14.0375	683.238	683.238
14.0494	682.842	682.842
14.0613	682.446	682.446
14.0733	682.05	682.05
14.0852	681.654	681.654
14.0971	681.259	681.259
14.1091	680.863	680.863
14.121	680.467	680.467
14.133	680.071	680.071
14.1449	679.675	679.675
14.1568	679.279	679.279
14.1688	678.884	678.884
14.1807	678.488	678.488
14.1926	678.092	678.092
14.2046	677.697	677.697
14.2165	677.301	677.301
14.2285	676.906	676.906
14.2404	676.51	676.51
14.2523	676.114	676.114
14.2643	675.719	675.719
14.2762	675.324	675.324
14.2881	674.928	674.928
14.3001	674.533	674.533
14.312	674.137	674.137
14.3239	673.742	673.742
14.3359	673.347	673.347
14.3478	672.952	672.952
14.3598	672.556	672.556
14.3717	672.161	672.161
14.3836	671.766	671.766
14.3956	671.371	671.371
14.4075	670.976	670.976
14.4194	670.581	670.581
14.4314	670.186	670.186
14.4433	669.791	669.791
14.4552	669.396	669.396
14.4672	669.001	669.001
14.4791	668.606	668.606
14.4911	668.212	668.212
14.503	667.817	667.817
14.5149	667.422	667.422
14.5269	667.028	667.028
14.5388	666.633	666.633
14.5507	666.238	666.238
14.5627	665.844	665.844
14.5746	665.449	665.449
14.5866	665.055	665.055
14.5985	664.66	664.66
14.6104	664.266	664.266
14.6224	663.872	663.872
14.6343	663.477	663.477
14.6462	663.083	663.083
14.6582	662.689	662.689
14.6701	662.295	662.295
14.682	661.9	661.9
14.694	661.506	661.506
14.7059	661.112	661.112
14.7179	660.718	660.718
14.7298	660.324	660.324
14.7417	659.93	659.93
14.7537	659.536	659.536
14.7656	659.142	659.142
14.7775	658.749	658.749
14.7895	658.355	658.355
14.8014	657.961	657.961
14.8133	657.567	657.567
14.8253	657.174	657.174
14.8372	656.78	656.78
14.8492	656.386	656.386
14.8611	655.993	655.993
14.873	655.599	655.599
14.885	655.206	655.206
14.8969	654.812	654.812
14.9088	654.419	654.419
14.9208	654.026	654.026
14.9327	653.632	653.632
14.9446	653.239	653.239
14.9566	652.846	652.846
14.9685	652.453	652.453
14.9805	652.06	652.06
14.9924	651.666	651.666
15.0043	651.273	651.273
15.0163	650.88	650.88
15.0282	650.487	650.487
15.0401	650.094	650.094
15.0521	649.702	649.702
15.064	649.309	649.309
15.076	648.916	648.916
15.0879	648.523	648.523
15.0998	648.13	648.13
15.1118	647.738	647.738
15.1237	647.345	647.345
15.1356	646.952	646.952
15.1476	646.56	646.56
15.1595	646.167	646.167
15.1714	645.775	645.775
15.1834	645.382	645.382
15.1953	644.99	644.99
15.2073	644.598	644.597
15.2192	644.205	644.205
15.2311	643.813	643.813
15.2431	643.421	643.421
15.255	643.028	643.028
15.2669	642.636	642.636
15.2789	642.244	642.244
15.2908	641.852	641.852
15.3027	641.46	641.46
15.3147	641.068	641.068
15.3266	640.676	640.676
15.3386	640.284	640.284
15.3505	639.892	639.892
15.3624	639.5	639.5
15.3744	639.108	639.108
15.3863	638.716	638.716
15.3982	638.325	638.325
15.4102	637.933	637.933
15.4221	637.541	637.541
15.4341	637.149	637.149
15.446	636.758	636.758
15.4579	636.366	636.366
15.4699	635.975	635.975
15.4818	635.583	635.583
15.4937	635.192	635.192
15.5057	634.8	634.8
15.5176	634.409	634.409
15.5295	634.017	634.017
15.5415	633.626	633.626
15.5534	633.235	633.235
15.5654	632.843	632.843
15.5773	632.452	632.452
15.5892	632.061	632.061
15.6012	631.67	631.67
15.6131	631.279	631.279
15.625	630.887	630.887
15.637	630.496	630.496
15.6489	630.105	630.105
15.6608	629.714	629.714
15.6728	629.323	629.323
15.6847	628.932	628.932
15.6967	628.541	628.541
15.7086	628.15	628.15
15.7205	627.76	627.76
15.7325	627.369	627.369
15.7444	626.978	626.978
15.7563	626.587	626.587
15.7683	626.196	626.196
15.7802	625.806	625.806
15.7921	625.415	625.415
15.8041	625.024	625.024
15.816	624.634	624.634
15.828	624.243	624.243
15.8399	623.853	623.853
15.8518	623.462	623.462
15.8638	623.072	623.072
15.8757	622.681	622.681
15.8876	622.291	622.291
15.8996	621.9	621.9
15.9115	621.51	621.51
15.9235	621.12	621.12
15.9354	620.729	620.729
15.9473	620.339	620.339
15.9593	619.949	619.949
15.9712	619.558	619.558
15.9831	619.168	619.168
15.9951	618.778	618.778
16.007	618.388	618.388
16.0189	617.998	617.998
16.0309	617.608	617.608
16.0428	617.217	617.217
16.0548	616.827	616.827
16.0667	616.437	616.437
16.0786	616.047	616.047
16.0906	615.657	615.657
16.1025	615.267	615.267
16.1144	614.877	614.877
16.1264	614.488	614.488
16.1383	614.098	614.098
16.1502	613.708	613.708
16.1622	613.318	613.318
16.1741	612.928	612.928
16.1861	612.538	612.538
16.198	612.149	612.149
16.2099	611.759	611.759
16.2219	611.369	611.369
16.2338	610.979	610.979
16.2457	610.59	610.59
16.2577	610.2	610.2
16.2696	609.81	609.81
16.2816	609.421	609.421
16.2935	609.031	609.031
16.3054	608.642	608.642
16.3174	608.252	608.252
16.3293	607.863	607.863
16.3412	607.473	607.473
16.3532	607.084	607.084
16.3651	606.694	606.694
16.377	606.305	606.305
16.389	605.915	605.915
16.4009	605.526	605.526
16.4129	605.136	605.136
16.4248	604.747	604.747
16.4367	604.358	604.358
16.4487	603.968	603.968
16.4606	603.579	603.579
16.4725	603.19	603.19
16.4845	602.8	602.8
16.4964	602.411	602.411
16.5083	602.022	602.022
16.5203	601.633	601.633
16.5322	601.244	601.243
16.5442	600.854	600.854
16.5561	600.465	600.465
16.568	600.076	600.076
16.58	599.687	599.687
16.5919	599.298	599.298
16.6038	598.909	598.909
16.6158	598.52	598.52
16.6277	598.13	598.13
16.6396	597.741	597.741
16.6516	597.352	597.352
16.6635	596.963	596.963
16.6755	596.574	596.574
16.6874	596.185	596.185
16.6993	595.796	595.796
16.7113	595.407	595.407
16.7232	595.019	595.019
16.7351	594.63	594.63
16.7471	594.241	594.241
16.759	593.852	593.852
16.771	593.463	593.463
16.7829	593.074	593.074
16.7948	592.685	592.685
16.8068	592.296	592.296
16.8187	591.908	591.908
16.8306	591.519	591.519
16.8426	591.13	591.13
16.8545	590.741	590.741
16.8664	590.352	590.352
16.8784	589.964	589.964
16.8903	589.575	589.575
16.9023	589.186	589.186
16.9142	588.798	588.798
16.9261	588.409	588.409
16.9381	588.02	588.02
16.95	587.632	587.632
16.9619	587.243	587.243
16.9739	586.854	586.854
16.9858	586.466	586.466
16.9977	586.077	586.077
17.0097	585.688	585.688
17.0216	585.3	585.3
17.0336	584.911	584.911
17.0455	584.523	584.523
17.0574	584.134	584.134
17.0694	583.746	583.746
17.0813	583.357	583.357
17.0932	582.969	582.969
17.1052	582.58	582.58
17.1171	582.192	582.192
17.1291	581.803	581.803
17.141	581.415	581.415
17.1529	581.026	581.026
17.1649	580.638	580.638
17.1768	580.249	580.249
17.1887	579.861	579.861
17.2007	579.473	579.473
17.2126	579.084	579.084
17.2245	578.696	578.696
17.2365	578.307	578.307
17.2484	577.919	577.919
17.2604	577.531	577.531
17.2723	577.142	577.142
17.2842	576.754	576.754
17.2962	576.366	576.366
17.3081	575.978	575.978
17.32	575.589	575.589
17.332	575.201	575.201
17.3439	574.813	574.813
17.3558	574.425	574.425
17.3678	574.036	574.036
17.3797	573.648	573.648
17.3917	573.26	573.26
17.4036	572.872	572.872
17.4155	572.484	572.484
17.4275	572.095	572.095
17.4394	571.707	571.707
17.4513	571.319	571.319
17.4633	570.931	570.931
17.4752	570.543	570.543
17.4871	570.155	570.155
17.4991	569.767	569.767
17.511	569.379	569.379
17.523	568.991	568.991
17.5349	568.603	568.603
17.5468	568.215	568.215
17.5588	567.827	567.826
17.5707	567.438	567.438
17.5826	567.051	567.05
17.5946	566.663	566.663
17.6065	566.275	566.275
17.6185	565.887	565.887
17.6304	565.499	565.499
17.6423	565.111	565.111
17.6543	564.723	564.723
17.6662	564.335	564.335
17.6781	563.947	563.947
17.6901	563.559	563.559
17.702	563.171	563.171
17.7139	562.784	562.784
17.7259	562.396	562.396
17.7378	562.008	562.008
17.7498	561.62	561.62
17.7617	561.232	561.232
17.7736	560.845	560.845
17.7856	560.457	560.457
17.7975	560.069	560.069
17.8094	559.681	559.681
17.8214	559.294	559.294
17.8333	558.906	558.906
17.8452	558.518	558.518
17.8572	558.131	558.131
17.8691	557.743	557.743
17.8811	557.355	557.355
17.893	556.968	556.968
17.9049	556.58	556.58
17.9169	556.193	556.193
17.9288	555.805	555.805
17.9407	555.418	555.418
17.9527	555.03	555.03
17.9646	554.643	554.643
17.9766	554.255	554.255
17.9885	553.868	553.868
18.0004	553.48	553.48
18.0124	553.093	553.093
18.0243	552.705	552.705
18.0362	552.318	552.318
18.0482	551.931	551.931
18.0601	551.543	551.543
18.072	551.156	551.156
18.084	550.769	550.769
18.0959	550.381	550.381
18.1079	549.994	549.994
18.1198	549.607	549.607
18.1317	549.22	549.22
18.1437	548.832	548.832
18.1556	548.445	548.445
18.1675	548.058	548.058
18.1795	547.671	547.671
18.1914	547.284	547.284
18.2033	546.897	546.897
18.2153	546.51	546.51
18.2272	546.122	546.122
18.2392	545.735	545.735
18.2511	545.348	545.348
18.263	544.961	544.961
18.275	544.575	544.575
18.2869	544.188	544.188
18.2988	543.801	543.801
18.3108	543.414	543.414
18.3227	543.027	543.027
18.3346	542.64	542.64
18.3466	542.253	542.253
18.3585	541.867	541.867
18.3705	541.48	541.48
18.3824	541.093	541.093
18.3943	540.706	540.706
18.4063	540.32	540.32
18.4182	539.933	539.933
18.4301	539.546	539.546
18.4421	539.16	539.16
18.454	538.773	538.773
18.466	538.387	538.387
18.4779	538	538
18.4898	537.614	537.614
18.5018	537.227	537.227
18.5137	536.841	536.841
18.5256	536.455	536.455
18.5376	536.068	536.068
18.5495	535.682	535.682
18.5614	535.296	535.296
18.5734	534.91	534.91
18.5853	534.523	534.523
18.5973	534.137	534.137
18.6092	533.751	533.751
18.6211	533.365	533.365
18.6331	532.979	532.979
18.645	532.593	532.593
18.6569	532.207	532.207
18.6689	531.821	531.821
18.6808	531.435	531.435
18.6927	531.049	531.049
18.7047	530.663	530.663
18.7166	530.277	530.277
18.7286	529.892	529.892
18.7405	529.506	529.506
18.7524	529.12	529.12
18.7644	528.735	528.734
18.7763	528.349	528.349
18.7882	527.963	527.963
18.8002	527.578	527.578
18.8121	527.192	527.192
18.8241	526.807	526.807
18.836	526.421	526.421
18.8479	526.036	526.036
18.8599	525.651	525.651
18.8718	525.265	525.265
18.8837	524.88	524.88
18.8957	524.495	524.495
18.9076	524.11	524.11
18.9195	523.725	523.725
18.9315	523.34	523.34
18.9434	522.955	522.955
18.9554	522.57	522.57
18.9673	522.185	522.185
18.9792	521.8	521.8
18.9912	521.415	521.415
19.0031	521.03	521.03
19.015	520.646	520.646
19.027	520.261	520.261
19.0389	519.877	519.877
19.0508	519.492	519.492
19.0628	519.107	519.107
19.0747	518.723	518.723
19.0867	518.339	518.339
19.0986	517.954	517.954
19.1105	517.57	517.57
19.1225	517.186	517.186
19.1344	516.802	516.802
19.1463	516.417	516.417
19.1583	516.033	516.033
19.1702	515.649	515.649
19.1821	515.265	515.265
19.1941	514.882	514.882
19.206	514.498	514.498
19.218	514.114	514.114
19.2299	513.73	513.73
19.2418	513.347	513.347
19.2538	512.963	512.963
19.2657	512.58	512.58
19.2776	512.196	512.196
19.2896	511.813	511.813
19.3015	511.429	511.429
19.3135	511.046	511.046
19.3254	510.663	510.663
19.3373	510.28	510.28
19.3493	509.897	509.897
19.3612	509.514	509.514
19.3731	509.131	509.131
19.3851	508.748	508.748
19.397	508.365	508.365
19.4089	507.982	507.982
19.4209	507.6	507.6
19.4328	507.217	507.217
19.4448	506.835	506.835
19.4567	506.452	506.452
19.4686	506.07	506.07
19.4806	505.688	505.688
19.4925	505.305	505.305
19.5044	504.923	504.923
19.5164	504.541	504.541
19.5283	504.159	504.159
19.5402	503.777	503.777
19.5522	503.396	503.395
19.5641	503.014	503.014
19.5761	502.632	502.632
19.588	502.251	502.25
19.5999	501.869	501.869
19.6119	501.488	501.488
19.6238	501.106	501.106
19.6357	500.725	500.725
19.6477	500.344	500.344
19.6596	499.963	499.963
19.6716	499.582	499.582
19.6835	499.201	499.201
19.6954	498.82	498.82
19.7074	498.439	498.439
19.7193	498.059	498.059
19.7312	497.678	497.678
19.7432	497.298	497.298
19.7551	496.917	496.917
19.767	496.537	496.537
19.779	496.157	496.157
19.7909	495.777	495.777
19.8029	495.397	495.397
19.8148	495.017	495.017
19.8267	494.637	494.637
19.8387	494.257	494.257
19.8506	493.878	493.878
19.8625	493.498	493.498
19.8745	493.119	493.119
19.8864	492.739	492.739
19.8983	492.36	492.36
19.9103	491.981	491.981
19.9222	491.602	491.602
19.9342	491.223	491.223
19.9461	490.844	490.844
19.958	490.466	490.466
19.97	490.087	490.087
19.9819	489.709	489.709
19.9938	489.33	489.33
20.0058	488.952	488.952
20.0177	488.574	488.574
20.0296	488.196	488.196
20.0416	487.818	487.818
20.0535	487.44	487.44
20.0655	487.062	487.062
20.0774	486.685	486.685
20.0893	486.307	486.307
20.1013	485.93	485.93
20.1132	485.553	485.552
20.1251	485.175	485.175
20.1371	484.798	484.798
20.149	484.421	484.421
20.161	484.045	484.045
20.1729	483.668	483.668
20.1848	483.291	483.291
20.1968	482.915	482.915
20.2087	482.539	482.539
20.2206	482.163	482.163
20.2326	481.787	481.787
20.2445	481.411	481.411
20.2564	481.035	481.035
20.2684	480.659	480.659
20.2803	480.284	480.284
20.2923	479.908	479.908
20.3042	479.533	479.533
20.3161	479.158	479.158
20.3281	478.783	478.783
20.34	478.408	478.408
20.3519	478.033	478.033
20.3639	477.659	477.659
20.3758	477.284	477.284
20.3877	476.91	476.91
20.3997	476.536	476.536
20.4116	476.162	476.162
20.4236	475.788	475.788
20.4355	475.414	475.414
20.4474	475.04	475.04
20.4594	474.667	474.667
20.4713	474.294	474.294
20.4832	473.92	473.92
20.4952	473.547	473.547
20.5071	473.174	473.174
20.5191	472.802	472.802
20.531	472.429	472.429
20.5429	472.057	472.057
20.5549	471.684	471.684
20.5668	471.312	471.312
20.5787	470.94	470.94
20.5907	470.568	470.568
20.6026	470.197	470.197
20.6145	469.825	469.825
20.6265	469.454	469.454
20.6384	469.083	469.083
20.6504	468.712	468.712
20.6623	468.341	468.341
20.6742	467.97	467.97
20.6862	467.599	467.599
20.6981	467.229	467.229
20.71	466.859	466.859
20.722	466.489	466.489
20.7339	466.119	466.119
20.7458	465.749	465.749
20.7578	465.38	465.38
20.7697	465.01	465.01
20.7817	464.641	464.641
20.7936	464.272	464.272
20.8055	463.903	463.903
20.8175	463.534	463.534
20.8294	463.166	463.166
20.8413	462.798	462.798
20.8533	462.429	462.429
20.8652	462.061	462.061
20.8771	461.694	461.694
20.8891	461.326	461.326
20.901	460.959	460.959
20.913	460.591	460.591
20.9249	460.224	460.224
20.9368	459.857	459.857
20.9488	459.491	459.491
20.9607	459.124	459.124
20.9726	458.758	458.758
20.9846	458.392	458.392
20.9965	458.026	458.026
21.0085	457.66	457.66
21.0204	457.294	457.294
21.0323	456.929	456.929
21.0443	456.564	456.564
21.0562	456.199	456.199
21.0681	455.834	455.834
21.0801	455.47	455.47
21.092	455.105	455.105
21.1039	454.741	454.741
21.1159	454.377	454.377
21.1278	454.013	454.013
21.1398	453.65	453.65
21.1517	453.286	453.286
21.1636	452.923	452.923
21.1756	452.56	452.56
21.1875	452.198	452.198
21.1994	451.835	451.835
21.2114	451.473	451.473
21.2233	451.111	451.111
21.2352	450.749	450.749
21.2472	450.387	450.387
21.2591	450.026	450.026
21.2711	449.665	449.664
21.283	449.303	449.303
21.2949	448.943	448.943
21.3069	448.582	448.582
21.3188	448.222	448.222
21.3307	447.862	447.862
21.3427	447.502	447.502
21.3546	447.142	447.142
21.3666	446.783	446.783
21.3785	446.423	446.423
21.3904	446.064	446.064
21.4024	445.706	445.706
21.4143	445.347	445.347
21.4262	444.989	444.989
21.4382	444.631	444.631
21.4501	444.273	444.273
21.462	443.915	443.915
21.474	443.558	443.558
21.4859	443.201	443.201
21.4979	442.844	442.844
21.5098	442.487	442.487
21.5217	442.131	442.131
21.5337	441.775	441.775
21.5456	441.419	441.419
21.5575	441.063	441.063
21.5695	440.708	440.708
21.5814	440.353	440.353
21.5933	439.998	439.998
21.6053	439.643	439.643
21.6172	439.289	439.289
21.6292	438.935	438.935
21.6411	438.581	438.581
21.653	438.227	438.227
21.665	437.874	437.874
21.6769	437.521	437.52
21.6888	437.168	437.168
21.7008	436.815	436.815
21.7127	436.463	436.463
21.7246	436.111	436.111
21.7366	435.759	435.759
21.7485	435.407	435.407
21.7605	435.056	435.056
21.7724	434.705	434.705
21.7843	434.354	434.354
21.7963	434.004	434.004
21.8082	433.654	433.653
21.8201	433.304	433.304
21.8321	432.954	432.954
21.844	432.605	432.605
21.856	432.256	432.255
21.8679	431.907	431.907
21.8798	431.558	431.558
21.8918	431.21	431.21
21.9037	430.862	430.862
21.9156	430.514	430.514
21.9276	430.167	430.167
21.9395	429.82	429.82
21.9514	429.473	429.473
21.9634	429.126	429.126
21.9753	428.78	428.78
21.9873	428.434	428.434
21.9992	428.088	428.088
22.0111	427.743	427.743
22.0231	427.398	427.398
22.035	427.053	427.053
22.0469	426.709	426.708
22.0589	426.364	426.364
22.0708	426.02	426.02
22.0827	425.677	425.677
22.0947	425.334	425.333
22.1066	424.991	424.99
22.1186	424.648	424.648
22.1305	424.305	424.305
22.1424	423.963	423.963
22.1544	423.622	423.621
22.1663	423.28	423.28
22.1782	422.939	422.939
22.1902	422.598	422.598
22.2021	422.258	422.257
22.2141	421.917	421.917
22.226	421.577	421.577
22.2379	421.238	421.238
22.2499	420.899	420.899
22.2618	420.56	420.56
22.2737	420.221	420.221
22.2857	419.883	419.883
22.2976	419.545	419.545
22.3095	419.207	419.207
22.3215	418.87	418.87
22.3334	418.533	418.533
22.3454	418.196	418.196
22.3573	417.86	417.86
22.3692	417.524	417.524
22.3812	417.188	417.188
22.3931	416.853	416.853
22.405	416.518	416.518
22.417	416.183	416.183
22.4289	415.849	415.849
22.4408	415.515	415.515
22.4528	415.181	415.181
22.4647	414.848	414.848
22.4767	414.515	414.515
22.4886	414.182	414.182
22.5005	413.85	413.85
22.5125	413.518	413.518
22.5244	413.186	413.186
22.5363	412.855	412.855
22.5483	412.524	412.524
22.5602	412.194	412.193
22.5721	411.863	411.863
22.5841	411.533	411.533
22.596	411.204	411.204
22.608	410.875	410.875
22.6199	410.546	410.546
22.6318	410.218	410.217
22.6438	409.89	409.889
22.6557	409.562	409.562
22.6676	409.235	409.234
22.6796	408.908	408.907
22.6915	408.581	408.581
22.7035	408.255	408.255
22.7154	407.929	407.929
22.7273	407.603	407.603
22.7393	407.278	407.278
22.7512	406.953	406.953
22.7631	406.629	406.629
22.7751	406.305	406.305
22.787	405.981	405.981
22.7989	405.658	405.658
22.8109	405.335	405.335
22.8228	405.013	405.012
22.8348	404.69	404.69
22.8467	404.369	404.368
22.8586	404.047	404.047
22.8706	403.726	403.726
22.8825	403.406	403.405
22.8944	403.085	403.085
22.9064	402.765	402.765
22.9183	402.446	402.446
22.9302	402.127	402.127
22.9422	401.808	401.808
22.9541	401.49	401.49
22.9661	401.172	401.172
22.978	400.855	400.854
22.9899	400.537	400.537
23.0019	400.221	400.221
23.0138	399.904	399.904
23.0257	399.588	399.588
23.0377	399.273	399.273
23.0496	398.958	398.958
23.0616	398.643	398.643
23.0735	398.329	398.329
23.0854	398.015	398.015
23.0974	397.701	397.701
23.1093	397.388	397.388
23.1212	397.076	397.075
23.1332	396.763	396.763
23.1451	396.451	396.451
23.157	396.14	396.14
23.169	395.829	395.829
23.1809	395.518	395.518
23.1929	395.208	395.208
23.2048	394.898	394.898
23.2167	394.589	394.589
23.2287	394.28	394.28
23.2406	393.971	393.971
23.2525	393.663	393.663
23.2645	393.355	393.355
23.2764	393.048	393.048
23.2883	392.741	392.741
23.3003	392.435	392.435
23.3122	392.129	392.129
23.3242	391.823	391.823
23.3361	391.518	391.518
23.348	391.213	391.213
23.36	390.909	390.909
23.3719	390.605	390.605
23.3838	390.302	390.301
23.3958	389.999	389.998
23.4077	389.696	389.696
23.4196	389.394	389.394
23.4316	389.092	389.092
23.4435	388.791	388.791
23.4555	388.49	388.49
23.4674	388.19	388.19
23.4793	387.891	387.89
23.4913	387.591	387.591
23.5032	387.293	387.293
23.5151	386.995	386.995
23.5271	386.698	386.698
23.539	386.402	386.401
23.551	386.106	386.106
23.5629	385.812	385.811
23.5748	385.519	385.518
23.5868	385.227	385.227
23.5987	384.937	384.937
23.6106	384.65	384.649
23.6226	384.365	384.364
23.6345	384.083	384.081
23.6464	383.804	383.803
23.6584	383.53	383.528
23.6703	383.261	383.259
23.6823	382.998	382.995
23.6942	382.741	382.738
23.7061	382.493	382.489
23.7181	382.253	382.249
23.73	382.024	382.019
23.7419	381.806	381.801
23.7539	381.601	381.596
23.7658	381.41	381.405
23.7777	381.235	381.229
23.7897	381.077	381.07
23.8016	380.937	380.93
23.8136	380.816	380.809
23.8255	380.716	380.708
23.8374	380.637	380.629
23.8494	380.58	380.572
23.8613	380.546	380.537
23.8732	380.534	380.525
