0	872.997	872.999
0.0119366	872.997	872.999
0.0238732	872.997	872.999
0.0358099	872.996	872.999
0.0477465	872.996	872.999
0.0596831	872.996	872.999
0.0716197	872.996	872.999
0.0835563	872.996	872.999
0.095493	872.996	872.999
0.10743	872.996	872.999
0.119366	872.996	872.999
0.131303	872.995	872.999
0.143239	872.995	872.999
0.155176	872.995	872.999
0.167113	872.995	872.999
0.179049	872.995	872.999
0.190986	872.995	872.999
0.202923	872.995	872.999
0.214859	872.994	872.999
0.226796	872.994	872.998
0.238732	872.994	872.998
0.250669	872.994	872.998
0.262606	872.994	872.998
0.274542	872.994	872.998
0.286479	872.993	872.998
0.298416	872.993	872.998
0.310352	872.993	872.998
0.322289	872.993	872.998
0.334225	872.993	872.998
0.346162	872.992	872.998
0.358099	872.992	872.998
0.370035	872.992	872.998
0.381972	872.992	872.998
0.393908	872.991	872.998
0.405845	872.991	872.998
0.417782	872.991	872.997
0.429718	872.991	872.997
0.441655	872.99	872.997
0.453592	872.99	872.997
0.465528	872.99	872.997
0.477465	872.99	872.997
0.489401	872.989	872.997
0.501338	872.989	872.997
0.513275	872.989	872.997
0.525211	872.988	872.997
0.537148	872.988	872.997
0.549085	872.988	872.996
0.561021	872.988	872.996
0.572958	872.987	872.996
0.584894	872.987	872.996
0.596831	872.987	872.996
0.608768	872.986	872.996
0.620704	872.986	872.996
0.632641	872.985	872.996
0.644578	872.985	872.996
0.656514	872.985	872.995
0.668451	872.984	872.995
0.680387	872.984	872.995
0.692324	872.983	872.995
0.704261	872.983	872.995
0.716197	872.983	872.995
0.728134	872.982	872.995
0.74007	872.982	872.994
0.752007	872.981	872.994
0.763944	872.981	872.994
0.77588	872.98	872.994
0.787817	872.98	872.994
0.799754	872.979	872.994
0.81169	872.979	872.993
0.823627	872.978	872.993
0.835563	872.978	872.993
0.8475	872.977	872.993
0.859437	872.976	872.993
0.871373	872.976	872.992
0.88331	872.975	872.992
0.895247	872.975	872.992
0.907183	872.974	872.992
0.91912	872.973	872.991
0.931056	872.973	872.991
0.942993	872.972	872.991
0.95493	872.971	872.991
0.966866	872.971	872.991
0.978803	872.97	872.99
0.99074	872.969	872.99
1.00268	872.969	872.99
1.01461	872.968	872.989
1.02655	872.967	872.989
1.03849	872.966	872.989
1.05042	872.965	872.989
1.06236	872.965	872.988
1.0743	872.964	872.988
1.08623	872.963	872.988
1.09817	872.962	872.987
1.11011	872.961	872.987
1.12204	872.96	872.987
1.13398	872.959	872.986
1.14592	872.958	872.986
1.15785	872.957	872.986
1.16979	872.957	872.985
1.18173	872.956	872.985
1.19366	872.955	872.984
1.2056	872.953	872.984
1.21754	872.952	872.984
1.22947	872.951	872.983
1.24141	872.95	872.983
1.25335	872.949	872.982
1.26528	872.948	872.982
1.27722	872.947	872.982
1.28916	872.946	872.981
1.30109	872.944	872.981
1.31303	872.943	872.98
1.32496	872.942	872.98
1.3369	872.941	872.979
1.34884	872.939	872.979
1.36077	872.938	872.978
1.37271	872.937	872.978
1.38465	872.935	872.977
1.39658	872.934	872.976
1.40852	872.933	872.976
1.42046	872.931	872.975
1.43239	872.93	872.975
1.44433	872.928	872.974
1.45627	872.927	872.973
1.4682	872.925	872.973
1.48014	872.923	872.972
1.49208	872.922	872.972
1.50401	872.92	872.971
1.51595	872.918	872.97
1.52789	872.917	872.969
1.53982	872.915	872.969
1.55176	872.913	872.968
1.5637	872.911	872.967
1.57563	872.909	872.967
1.58757	872.908	872.966
1.59951	872.906	872.965
1.61144	872.904	872.964
1.62338	872.902	872.963
1.63532	872.9	872.962
1.64725	872.898	872.962
1.65919	872.896	872.961
1.67113	872.894	872.96
1.68306	872.891	872.959
1.695	872.889	872.958
1.70694	872.887	872.957
1.71887	872.885	872.956
1.73081	872.882	872.955
1.74275	872.88	872.954
1.75468	872.878	872.953
1.76662	872.875	872.952
1.77856	872.873	872.951
1.79049	872.87	872.95
1.80243	872.868	872.949
1.81437	872.865	872.948
1.8263	872.862	872.947
1.83824	872.86	872.945
1.85018	872.857	872.944
1.86211	872.854	872.943
1.87405	872.851	872.942
1.88599	872.848	872.94
1.89792	872.845	872.939
1.90986	872.842	872.938
1.9218	872.839	872.937
1.93373	872.836	872.935
1.94567	872.833	872.934
1.95761	872.83	872.932
1.96954	872.827	872.931
1.98148	872.824	872.929
1.99342	872.82	872.928
2.00535	872.817	872.926
2.01729	872.813	872.925
2.02923	872.81	872.923
2.04116	872.806	872.922
2.0531	872.803	872.92
2.06504	872.799	872.918
2.07697	872.795	872.917
2.08891	872.792	872.915
2.10085	872.788	872.913
2.11278	872.784	872.912
2.12472	872.78	872.91
2.13666	872.776	872.908
2.14859	872.772	872.906
2.16053	872.768	872.904
2.17246	872.763	872.902
2.1844	872.759	872.9
2.19634	872.755	872.898
2.20827	872.75	872.896
2.22021	872.746	872.894
2.23215	872.741	872.892
2.24408	872.737	872.89
2.25602	872.732	872.888
2.26796	872.727	872.885
2.27989	872.722	872.883
2.29183	872.717	872.881
2.30377	872.712	872.878
2.3157	872.707	872.876
2.32764	872.702	872.874
2.33958	872.697	872.871
2.35151	872.691	872.869
2.36345	872.686	872.866
2.37539	872.681	872.863
2.38732	872.675	872.861
2.39926	872.669	872.858
2.4112	872.664	872.855
2.42313	872.658	872.853
2.43507	872.652	872.85
2.44701	872.646	872.847
2.45894	872.64	872.844
2.47088	872.634	872.841
2.48282	872.628	872.838
2.49475	872.621	872.835
2.50669	872.615	872.832
2.51863	872.608	872.829
2.53056	872.602	872.825
2.5425	872.595	872.822
2.55444	872.588	872.819
2.56637	872.582	872.815
2.57831	872.575	872.812
2.59025	872.567	872.809
2.60218	872.56	872.805
2.61412	872.553	872.801
2.62606	872.546	872.798
2.63799	872.538	872.794
2.64993	872.531	872.79
2.66187	872.523	872.786
2.6738	872.515	872.783
2.68574	872.507	872.779
2.69768	872.499	872.775
2.70961	872.491	872.77
2.72155	872.483	872.766
2.73349	872.474	872.762
2.74542	872.466	872.758
2.75736	872.457	872.754
2.7693	872.449	872.749
2.78123	872.44	872.745
2.79317	872.431	872.74
2.80511	872.422	872.736
2.81704	872.413	872.731
2.82898	872.403	872.726
2.84092	872.394	872.721
2.85285	872.384	872.716
2.86479	872.375	872.711
2.87673	872.365	872.706
2.88866	872.355	872.701
2.9006	872.345	872.696
2.91254	872.335	872.691
2.92447	872.324	872.685
2.93641	872.314	872.68
2.94835	872.303	872.675
2.96028	872.292	872.669
2.97222	872.282	872.663
2.98416	872.271	872.658
2.99609	872.259	872.652
3.00803	872.248	872.646
3.01997	872.237	872.64
3.0319	872.225	872.634
3.04384	872.213	872.628
3.05577	872.201	872.621
3.06771	872.189	872.615
3.07965	872.177	872.608
3.09158	872.165	872.602
3.10352	872.152	872.595
3.11546	872.14	872.589
3.12739	872.127	872.582
3.13933	872.114	872.575
3.15127	872.101	872.568
3.1632	872.087	872.561
3.17514	872.074	872.553
3.18708	872.06	872.546
3.19901	872.046	872.539
3.21095	872.032	872.531
3.22289	872.018	872.524
3.23482	872.004	872.516
3.24676	871.989	872.508
3.2587	871.975	872.5
3.27063	871.96	872.492
3.28257	871.945	872.484
3.29451	871.93	872.475
3.30644	871.914	872.467
3.31838	871.899	872.459
3.33032	871.883	872.45
3.34225	871.867	872.441
3.35419	871.851	872.432
3.36613	871.834	872.423
3.37806	871.818	872.414
3.39	871.801	872.405
3.40194	871.784	872.396
3.41387	871.767	872.386
3.42581	871.75	872.377
3.43775	871.732	872.367
3.44968	871.715	872.357
3.46162	871.697	872.347
3.47356	871.679	872.337
3.48549	871.66	872.327
3.49743	871.642	872.316
3.50937	871.623	872.306
3.5213	871.604	872.295
3.53324	871.585	872.285
3.54518	871.565	872.274
3.55711	871.546	872.263
3.56905	871.526	872.251
3.58099	871.506	872.24
3.59292	871.485	872.229
3.60486	871.465	872.217
3.6168	871.444	872.205
3.62873	871.423	872.193
3.64067	871.402	872.181
3.65261	871.38	872.169
3.66454	871.359	872.156
3.67648	871.337	872.144
3.68842	871.315	872.131
3.70035	871.292	872.118
3.71229	871.269	872.105
3.72423	871.247	872.092
3.73616	871.223	872.079
3.7481	871.2	872.065
3.76004	871.176	872.052
3.77197	871.152	872.038
3.78391	871.128	872.024
3.79585	871.104	872.01
3.80778	871.079	871.995
3.81972	871.054	871.981
3.83166	871.029	871.966
3.84359	871.003	871.951
3.85553	870.977	871.936
3.86747	870.951	871.921
3.8794	870.925	871.905
3.89134	870.899	871.89
3.90327	870.872	871.874
3.91521	870.844	871.858
3.92715	870.817	871.842
3.93908	870.789	871.826
3.95102	870.761	871.809
3.96296	870.733	871.792
3.97489	870.704	871.775
3.98683	870.676	871.758
3.99877	870.646	871.741
4.0107	870.617	871.723
4.02264	870.587	871.706
4.03458	870.557	871.688
4.04651	870.527	871.67
4.05845	870.496	871.651
4.07039	870.465	871.633
4.08232	870.434	871.614
4.09426	870.402	871.595
4.1062	870.37	871.576
4.11813	870.338	871.556
4.13007	870.305	871.536
4.14201	870.272	871.517
4.15394	870.239	871.497
4.16588	870.205	871.476
4.17782	870.172	871.456
4.18975	870.137	871.435
4.20169	870.103	871.414
4.21363	870.068	871.393
4.22556	870.033	871.371
4.2375	869.997	871.349
4.24944	869.961	871.327
4.26137	869.925	871.305
4.27331	869.888	871.283
4.28525	869.851	871.26
4.29718	869.814	871.237
4.30912	869.776	871.214
4.32106	869.738	871.191
4.33299	869.7	871.167
4.34493	869.661	871.143
4.35687	869.622	871.119
4.3688	869.583	871.094
4.38074	869.543	871.07
4.39268	869.503	871.045
4.40461	869.462	871.019
4.41655	869.421	870.994
4.42849	869.38	870.968
4.44042	869.338	870.942
4.45236	869.296	870.916
4.4643	869.253	870.889
4.47623	869.211	870.862
4.48817	869.167	870.835
4.50011	869.124	870.808
4.51204	869.079	870.78
4.52398	869.035	870.752
4.53592	868.99	870.724
4.54785	868.945	870.695
4.55979	868.899	870.666
4.57173	868.853	870.637
4.58366	868.807	870.608
4.5956	868.76	870.578
4.60754	868.712	870.548
4.61947	868.665	870.517
4.63141	868.616	870.487
4.64335	868.568	870.456
4.65528	868.519	870.424
4.66722	868.469	870.393
4.67916	868.42	870.361
4.69109	868.369	870.329
4.70303	868.319	870.296
4.71497	868.267	870.263
4.7269	868.216	870.23
4.73884	868.164	870.196
4.75078	868.111	870.162
4.76271	868.058	870.128
4.77465	868.005	870.094
4.78658	867.951	870.059
4.79852	867.897	870.024
4.81046	867.842	869.988
4.82239	867.787	869.952
4.83433	867.731	869.916
4.84627	867.675	869.879
4.8582	867.618	869.842
4.87014	867.561	869.805
4.88208	867.503	869.767
4.89401	867.445	869.729
4.90595	867.387	869.691
4.91789	867.328	869.652
4.92982	867.268	869.613
4.94176	867.208	869.574
4.9537	867.148	869.534
4.96563	867.087	869.494
4.97757	867.025	869.453
4.98951	866.963	869.412
5.00144	866.901	869.371
5.01338	866.838	869.329
5.02532	866.774	869.287
5.03725	866.71	869.245
5.04919	866.646	869.202
5.06113	866.581	869.159
5.07306	866.516	869.115
5.085	866.449	869.071
5.09694	866.383	869.026
5.10887	866.316	868.982
5.12081	866.248	868.936
5.13275	866.18	868.891
5.14468	866.112	868.845
5.15662	866.042	868.798
5.16856	865.973	868.751
5.18049	865.902	868.704
5.19243	865.832	868.656
5.20437	865.76	868.608
5.2163	865.688	868.56
5.22824	865.616	868.511
5.24018	865.543	868.461
5.25211	865.469	868.411
5.26405	865.395	868.361
5.27599	865.321	868.31
5.28792	865.246	868.259
5.29986	865.17	868.208
5.3118	865.093	868.156
5.32373	865.017	868.103
5.33567	864.939	868.05
5.34761	864.861	867.997
5.35954	864.783	867.943
5.37148	864.703	867.889
5.38342	864.624	867.834
5.39535	864.543	867.779
5.40729	864.462	867.723
5.41923	864.381	867.667
5.43116	864.299	867.61
5.4431	864.216	867.553
5.45504	864.133	867.496
5.46697	864.049	867.438
5.47891	863.964	867.379
5.49085	863.879	867.32
5.50278	863.794	867.261
5.51472	863.707	867.201
5.52666	863.62	867.14
5.53859	863.533	867.08
5.55053	863.445	867.018
5.56247	863.356	866.956
5.5744	863.267	866.894
5.58634	863.177	866.831
5.59828	863.086	866.767
5.61021	862.995	866.704
5.62215	862.903	866.639
5.63408	862.81	866.574
5.64602	862.717	866.509
5.65796	862.624	866.443
5.66989	862.529	866.376
5.68183	862.434	866.309
5.69377	862.338	866.242
5.7057	862.242	866.174
5.71764	862.145	866.105
5.72958	862.048	866.036
5.74151	861.949	865.966
5.75345	861.85	865.896
5.76539	861.751	865.825
5.77732	861.651	865.754
5.78926	861.55	865.682
5.8012	861.448	865.61
5.81313	861.346	865.537
5.82507	861.243	865.463
5.83701	861.14	865.389
5.84894	861.035	865.315
5.86088	860.93	865.24
5.87282	860.825	865.164
5.88475	860.719	865.088
5.89669	860.612	865.011
5.90863	860.504	864.933
5.92056	860.396	864.855
5.9325	860.287	864.777
5.94444	860.177	864.698
5.95637	860.067	864.618
5.96831	859.956	864.538
5.98025	859.844	864.457
5.99218	859.732	864.375
6.00412	859.619	864.293
6.01606	859.505	864.211
6.02799	859.39	864.127
6.03993	859.275	864.043
6.05187	859.159	863.959
6.0638	859.042	863.874
6.07574	858.925	863.788
6.08768	858.807	863.702
6.09961	858.688	863.615
6.11155	858.569	863.528
6.12349	858.448	863.44
6.13542	858.327	863.351
6.14736	858.206	863.262
6.1593	858.083	863.172
6.17123	857.96	863.081
6.18317	857.836	862.99
6.19511	857.712	862.898
6.20704	857.587	862.806
6.21898	857.461	862.713
6.23092	857.334	862.619
6.24285	857.206	862.525
6.25479	857.078	862.43
6.26673	856.949	862.334
6.27866	856.819	862.238
6.2906	856.689	862.141
6.30254	856.558	862.043
6.31447	856.426	861.945
6.32641	856.293	861.846
6.33835	856.16	861.746
6.35028	856.025	861.646
6.36222	855.89	861.545
6.37416	855.755	861.444
6.38609	855.618	861.342
6.39803	855.481	861.239
6.40997	855.343	861.135
6.4219	855.204	861.031
6.43384	855.065	860.926
6.44578	854.924	860.821
6.45771	854.783	860.715
6.46965	854.641	860.608
6.48159	854.499	860.5
6.49352	854.356	860.392
6.50546	854.211	860.283
6.51739	854.066	860.173
6.52933	853.921	860.063
6.54127	853.774	859.952
6.5532	853.627	859.84
6.56514	853.479	859.728
6.57708	853.33	859.615
6.58901	853.181	859.501
6.60095	853.03	859.386
6.61289	852.879	859.271
6.62482	852.727	859.155
6.63676	852.574	859.039
6.6487	852.421	858.921
6.66063	852.267	858.803
6.67257	852.112	858.685
6.68451	851.956	858.565
6.69644	851.799	858.445
6.70838	851.641	858.324
6.72032	851.483	858.202
6.73225	851.324	858.08
6.74419	851.164	857.957
6.75613	851.004	857.833
6.76806	850.842	857.708
6.78	850.68	857.583
6.79194	850.517	857.457
6.80387	850.353	857.33
6.81581	850.188	857.203
6.82775	850.023	857.075
6.83968	849.856	856.946
6.85162	849.689	856.816
6.86356	849.521	856.685
6.87549	849.353	856.554
6.88743	849.183	856.422
6.89937	849.013	856.289
6.9113	848.842	856.156
6.92324	848.67	856.022
6.93518	848.497	855.887
6.94711	848.323	855.751
6.95905	848.149	855.615
6.97099	847.974	855.477
6.98292	847.798	855.339
6.99486	847.621	855.201
7.0068	847.443	855.061
7.01873	847.265	854.921
7.03067	847.085	854.78
7.04261	846.905	854.638
7.05454	846.724	854.495
7.06648	846.542	854.352
7.07842	846.36	854.208
7.09035	846.176	854.063
7.10229	845.992	853.917
7.11423	845.807	853.77
7.12616	845.621	853.623
7.1381	845.434	853.475
7.15004	845.247	853.326
7.16197	845.058	853.177
7.17391	844.869	853.026
7.18585	844.679	852.875
7.19778	844.488	852.723
7.20972	844.297	852.57
7.22166	844.104	852.417
7.23359	843.911	852.262
7.24553	843.716	852.107
7.25747	843.521	851.951
7.2694	843.326	851.795
7.28134	843.129	851.637
7.29328	842.931	851.479
7.30521	842.733	851.32
7.31715	842.534	851.16
7.32909	842.334	850.999
7.34102	842.133	850.837
7.35296	841.932	850.675
7.36489	841.729	850.512
7.37683	841.526	850.348
7.38877	841.322	850.183
7.4007	841.117	850.018
7.41264	840.911	849.851
7.42458	840.704	849.684
7.43651	840.497	849.516
7.44845	840.288	849.347
7.46039	840.079	849.178
7.47232	839.869	849.007
7.48426	839.659	848.836
7.4962	839.447	848.664
7.50813	839.234	848.491
7.52007	839.021	848.317
7.53201	838.807	848.143
7.54394	838.592	847.968
7.55588	838.376	847.791
7.56782	838.16	847.614
7.57975	837.942	847.437
7.59169	837.724	847.258
7.60363	837.505	847.079
7.61556	837.285	846.898
7.6275	837.064	846.717
7.63944	836.843	846.535
7.65137	836.62	846.353
7.66331	836.397	846.169
7.67525	836.173	845.985
7.68718	835.948	845.8
7.69912	835.722	845.614
7.71106	835.496	845.427
7.72299	835.269	845.239
7.73493	835.04	845.05
7.74687	834.811	844.861
7.7588	834.582	844.671
7.77074	834.351	844.48
7.78268	834.119	844.288
7.79461	833.887	844.095
7.80655	833.654	843.902
7.81849	833.42	843.708
7.83042	833.185	843.513
7.84236	832.95	843.317
7.8543	832.713	843.12
7.86623	832.476	842.922
7.87817	832.238	842.724
7.89011	831.999	842.524
7.90204	831.76	842.324
7.91398	831.519	842.123
7.92592	831.278	841.921
7.93785	831.036	841.719
7.94979	830.793	841.515
7.96173	830.549	841.311
7.97366	830.305	841.106
7.9856	830.059	840.9
7.99754	829.813	840.693
8.00947	829.566	840.485
8.02141	829.319	840.277
8.03335	829.07	840.067
8.04528	828.821	839.857
8.05722	828.571	839.646
8.06916	828.32	839.435
8.08109	828.068	839.222
8.09303	827.815	839.008
8.10497	827.562	838.794
8.1169	827.308	838.579
8.12884	827.053	838.363
8.14078	826.797	838.146
8.15271	826.541	837.929
8.16465	826.283	837.71
8.17659	826.025	837.491
8.18852	825.766	837.271
8.20046	825.507	837.05
8.2124	825.246	836.828
8.22433	824.985	836.605
8.23627	824.723	836.382
8.2482	824.46	836.157
8.26014	824.196	835.932
8.27208	823.932	835.706
8.28401	823.667	835.48
8.29595	823.401	835.252
8.30789	823.134	835.024
8.31982	822.867	834.794
8.33176	822.598	834.564
8.3437	822.329	834.333
8.35563	822.059	834.102
8.36757	821.789	833.869
8.37951	821.518	833.636
8.39144	821.245	833.402
8.40338	820.973	833.167
8.41532	820.699	832.931
8.42725	820.425	832.694
8.43919	820.149	832.457
8.45113	819.873	832.218
8.46306	819.597	831.979
8.475	819.319	831.739
8.48694	819.041	831.498
8.49887	818.762	831.257
8.51081	818.483	831.015
8.52275	818.202	830.771
8.53468	817.921	830.527
8.54662	817.639	830.283
8.55856	817.357	830.037
8.57049	817.073	829.79
8.58243	816.789	829.543
8.59437	816.504	829.295
8.6063	816.219	829.046
8.61824	815.932	828.797
8.63018	815.645	828.546
8.64211	815.358	828.295
8.65405	815.069	828.043
8.66599	814.78	827.79
8.67792	814.49	827.536
8.68986	814.199	827.282
8.7018	813.908	827.027
8.71373	813.616	826.77
8.72567	813.323	826.514
8.73761	813.029	826.256
8.74954	812.735	825.997
8.76148	812.44	825.738
8.77342	812.145	825.478
8.78535	811.848	825.217
8.79729	811.551	824.956
8.80923	811.253	824.693
8.82116	810.955	824.43
8.8331	810.656	824.166
8.84504	810.356	823.901
8.85697	810.055	823.636
8.86891	809.754	823.37
8.88085	809.452	823.102
8.89278	809.15	822.835
8.90472	808.846	822.566
8.91666	808.543	822.297
8.92859	808.238	822.026
8.94053	807.933	821.755
8.95247	807.627	821.484
8.9644	807.32	821.211
8.97634	807.013	820.938
8.98828	806.705	820.664
9.00021	806.396	820.389
9.01215	806.087	820.114
9.02409	805.777	819.837
9.03602	805.466	819.56
9.04796	805.155	819.282
9.0599	804.843	819.004
9.07183	804.53	818.725
9.08377	804.217	818.444
9.0957	803.903	818.164
9.10764	803.589	817.882
9.11958	803.274	817.6
9.13151	802.958	817.317
9.14345	802.642	817.033
9.15539	802.324	816.748
9.16732	802.007	816.463
9.17926	801.688	816.177
9.1912	801.37	815.89
9.20313	801.05	815.603
9.21507	800.73	815.315
9.22701	800.409	815.026
9.23894	800.088	814.736
9.25088	799.766	814.446
9.26282	799.443	814.155
9.27475	799.12	813.863
9.28669	798.796	813.57
9.29863	798.471	813.277
9.31056	798.146	812.983
9.3225	797.821	812.688
9.33444	797.494	812.393
9.34637	797.168	812.097
9.35831	796.84	811.8
9.37025	796.512	811.502
9.38218	796.184	811.204
9.39412	795.854	810.905
9.40606	795.525	810.606
9.41799	795.194	810.305
9.42993	794.864	810.004
9.44187	794.532	809.703
9.4538	794.2	809.4
9.46574	793.867	809.097
9.47768	793.534	808.793
9.48961	793.2	808.489
9.50155	792.866	808.184
9.51349	792.531	807.878
9.52542	792.196	807.572
9.53736	791.86	807.265
9.5493	791.524	806.957
9.56123	791.187	806.648
9.57317	790.849	806.339
9.58511	790.511	806.029
9.59704	790.172	805.719
9.60898	789.833	805.408
9.62092	789.493	805.096
9.63285	789.153	804.784
9.64479	788.812	804.47
9.65673	788.471	804.157
9.66866	788.129	803.842
9.6806	787.787	803.527
9.69254	787.444	803.212
9.70447	787.101	802.895
9.71641	786.757	802.578
9.72835	786.412	802.261
9.74028	786.068	801.943
9.75222	785.722	801.624
9.76416	785.376	801.304
9.77609	785.03	800.984
9.78803	784.683	800.664
9.79997	784.336	800.342
9.8119	783.988	800.02
9.82384	783.64	799.698
9.83578	783.291	799.375
9.84771	782.942	799.051
9.85965	782.592	798.726
9.87159	782.242	798.401
9.88352	781.891	798.076
9.89546	781.54	797.75
9.9074	781.188	797.423
9.91933	780.836	797.096
9.93127	780.483	796.768
9.94321	780.13	796.439
9.95514	779.777	796.11
9.96708	779.423	795.78
9.97901	779.069	795.45
9.99095	778.714	795.119
10.0029	778.359	794.788
10.0148	778.003	794.456
10.0268	777.647	794.123
10.0387	777.29	793.79
10.0506	776.933	793.456
10.0626	776.576	793.122
10.0745	776.218	792.787
10.0864	775.86	792.452
10.0984	775.501	792.116
10.1103	775.142	791.779
10.1223	774.783	791.442
10.1342	774.423	791.104
10.1461	774.062	790.766
10.1581	773.702	790.428
10.17	773.341	790.088
10.1819	772.979	789.749
10.1939	772.617	789.408
10.2058	772.255	789.068
10.2177	771.892	788.726
10.2297	771.529	788.384
10.2416	771.165	788.042
10.2536	770.802	787.699
10.2655	770.437	787.356
10.2774	770.073	787.012
10.2894	769.708	786.667
10.3013	769.342	786.322
10.3132	768.977	785.977
10.3252	768.61	785.631
10.3371	768.244	785.285
10.3491	767.877	784.938
10.361	767.51	784.59
10.3729	767.142	784.242
10.3849	766.774	783.894
10.3968	766.406	783.545
10.4087	766.037	783.196
10.4207	765.669	782.846
10.4326	765.299	782.495
10.4445	764.93	782.145
10.4565	764.56	781.793
10.4684	764.189	781.442
10.4804	763.819	781.089
10.4923	763.448	780.737
10.5042	763.076	780.384
10.5162	762.705	780.03
10.5281	762.333	779.676
10.54	761.96	779.321
10.552	761.588	778.967
10.5639	761.215	778.611
10.5758	760.842	778.255
10.5878	760.468	777.899
10.5997	760.094	777.542
10.6117	759.72	777.185
10.6236	759.346	776.828
10.6355	758.971	776.47
10.6475	758.596	776.111
10.6594	758.221	775.752
10.6713	757.845	775.393
10.6833	757.469	775.034
10.6952	757.093	774.673
10.7071	756.717	774.313
10.7191	756.34	773.952
10.731	755.963	773.591
10.743	755.586	773.229
10.7549	755.208	772.867
10.7668	754.83	772.504
10.7788	754.452	772.141
10.7907	754.074	771.778
10.8026	753.695	771.414
10.8146	753.316	771.05
10.8265	752.937	770.686
10.8385	752.558	770.321
10.8504	752.178	769.956
10.8623	751.798	769.59
10.8743	751.418	769.224
10.8862	751.037	768.858
10.8981	750.657	768.491
10.9101	750.276	768.124
10.922	749.895	767.757
10.9339	749.513	767.389
10.9459	749.132	767.021
10.9578	748.75	766.652
10.9698	748.368	766.284
10.9817	747.986	765.914
10.9936	747.603	765.545
11.0056	747.221	765.175
11.0175	746.838	764.805
11.0294	746.454	764.434
11.0414	746.071	764.063
11.0533	745.687	763.692
11.0652	745.304	763.321
11.0772	744.92	762.949
11.0891	744.535	762.576
11.1011	744.151	762.204
11.113	743.766	761.831
11.1249	743.382	761.458
11.1369	742.997	761.084
11.1488	742.611	760.711
11.1607	742.226	760.337
11.1727	741.84	759.962
11.1846	741.455	759.588
11.1966	741.069	759.213
11.2085	740.683	758.837
11.2204	740.296	758.462
11.2324	739.91	758.086
11.2443	739.523	757.71
11.2562	739.136	757.333
11.2682	738.749	756.956
11.2801	738.362	756.579
11.292	737.975	756.202
11.304	737.587	755.825
11.3159	737.2	755.447
11.3279	736.812	755.069
11.3398	736.424	754.69
11.3517	736.036	754.312
11.3637	735.647	753.933
11.3756	735.259	753.553
11.3875	734.87	753.174
11.3995	734.481	752.794
11.4114	734.092	752.414
11.4233	733.703	752.034
11.4353	733.314	751.654
11.4472	732.925	751.273
11.4592	732.535	750.892
11.4711	732.146	750.511
11.483	731.756	750.13
11.495	731.366	749.748
11.5069	730.976	749.366
11.5188	730.586	748.984
11.5308	730.196	748.602
11.5427	729.805	748.219
11.5546	729.415	747.836
11.5666	729.024	747.453
11.5785	728.633	747.07
11.5905	728.242	746.686
11.6024	727.851	746.303
11.6143	727.46	745.919
11.6263	727.069	745.535
11.6382	726.678	745.15
11.6501	726.286	744.766
11.6621	725.895	744.381
11.674	725.503	743.996
11.686	725.111	743.611
11.6979	724.719	743.226
11.7098	724.327	742.84
11.7218	723.935	742.455
11.7337	723.543	742.069
11.7456	723.151	741.683
11.7576	722.758	741.297
11.7695	722.366	740.91
11.7814	721.973	740.523
11.7934	721.581	740.137
11.8053	721.188	739.75
11.8173	720.795	739.363
11.8292	720.402	738.975
11.8411	720.009	738.588
11.8531	719.616	738.2
11.865	719.223	737.812
11.8769	718.83	737.424
11.8889	718.437	737.036
11.9008	718.043	736.648
11.9127	717.65	736.259
11.9247	717.256	735.871
11.9366	716.863	735.482
11.9486	716.469	735.093
11.9605	716.075	734.704
11.9724	715.681	734.315
11.9844	715.288	733.925
11.9963	714.894	733.536
12.0082	714.5	733.146
12.0202	714.106	732.756
12.0321	713.712	732.366
12.0441	713.317	731.976
12.056	712.923	731.586
12.0679	712.529	731.196
12.0799	712.135	730.805
12.0918	711.74	730.415
12.1037	711.346	730.024
12.1157	710.951	729.633
12.1276	710.557	729.242
12.1395	710.162	728.851
12.1515	709.768	728.46
12.1634	709.373	728.069
12.1754	708.978	727.677
12.1873	708.583	727.286
12.1992	708.189	726.894
12.2112	707.794	726.502
12.2231	707.399	726.11
12.235	707.004	725.718
12.247	706.609	725.326
12.2589	706.214	724.934
12.2708	705.819	724.542
12.2828	705.424	724.149
12.2947	705.029	723.757
12.3067	704.634	723.364
12.3186	704.239	722.972
12.3305	703.844	722.579
12.3425	703.448	722.186
12.3544	703.053	721.793
12.3663	702.658	721.4
12.3783	702.263	721.007
12.3902	701.867	720.614
12.4021	701.472	720.22
12.4141	701.077	719.827
12.426	700.681	719.434
12.438	700.286	719.04
12.4499	699.891	718.646
12.4618	699.495	718.253
12.4738	699.1	717.859
12.4857	698.704	717.465
12.4976	698.309	717.071
12.5096	697.914	716.677
12.5215	697.518	716.283
12.5335	697.123	715.889
12.5454	696.727	715.495
12.5573	696.332	715.101
12.5693	695.936	714.707
12.5812	695.541	714.312
12.5931	695.145	713.918
12.6051	694.75	713.524
12.617	694.354	713.129
12.6289	693.958	712.734
12.6409	693.563	712.34
12.6528	693.167	711.945
12.6648	692.772	711.551
12.6767	692.376	711.156
12.6886	691.981	710.761
12.7006	691.585	710.366
12.7125	691.19	709.971
12.7244	690.794	709.576
12.7364	690.399	709.181
12.7483	690.003	708.786
12.7602	689.608	708.391
12.7722	689.212	707.996
12.7841	688.817	707.601
12.7961	688.421	707.206
12.808	688.026	706.811
12.8199	687.63	706.415
12.8319	687.235	706.02
12.8438	686.839	705.625
12.8557	686.444	705.229
12.8677	686.048	704.834
12.8796	685.653	704.439
12.8916	685.257	704.043
12.9035	684.862	703.648
12.9154	684.467	703.252
12.9274	684.071	702.857
12.9393	683.676	702.461
12.9512	683.28	702.066
12.9632	682.885	701.67
12.9751	682.49	701.275
12.987	682.094	700.879
12.999	681.699	700.483
13.0109	681.304	700.088
13.0229	680.909	699.692
13.0348	680.513	699.297
13.0467	680.118	698.901
13.0587	679.723	698.505
13.0706	679.328	698.11
13.0825	678.933	697.714
13.0945	678.537	697.318
13.1064	678.142	696.922
13.1183	677.747	696.527
13.1303	677.352	696.131
13.1422	676.957	695.735
13.1542	676.562	695.339
13.1661	676.167	694.944
13.178	675.772	694.548
13.19	675.377	694.152
13.2019	674.982	693.756
13.2138	674.587	693.361
13.2258	674.192	692.965
13.2377	673.798	692.569
13.2496	673.403	692.173
13.2616	673.008	691.778
13.2735	672.613	691.382
13.2855	672.218	690.986
13.2974	671.824	690.59
13.3093	671.429	690.195
13.3213	671.034	689.799
13.3332	670.64	689.403
13.3451	670.245	689.007
13.3571	669.85	688.612
13.369	669.456	688.216
13.381	669.061	687.82
13.3929	668.667	687.425
13.4048	668.272	687.029
13.4168	667.878	686.633
13.4287	667.484	686.238
13.4406	667.089	685.842
13.4526	666.695	685.447
13.4645	666.301	685.051
13.4764	665.906	684.655
13.4884	665.512	684.26
13.5003	665.118	683.864
13.5123	664.724	683.469
13.5242	664.33	683.073
13.5361	663.935	682.678
13.5481	663.541	682.282
13.56	663.147	681.887
13.5719	662.753	681.491
13.5839	662.359	681.096
13.5958	661.965	680.7
13.6077	661.571	680.305
13.6197	661.178	679.91
13.6316	660.784	679.514
13.6436	660.39	679.119
13.6555	659.996	678.724
13.6674	659.602	678.328
13.6794	659.209	677.933
13.6913	658.815	677.538
13.7032	658.421	677.143
13.7152	658.028	676.747
13.7271	657.634	676.352
13.7391	657.241	675.957
13.751	656.847	675.562
13.7629	656.454	675.167
13.7749	656.06	674.772
13.7868	655.667	674.377
13.7987	655.273	673.982
13.8107	654.88	673.587
13.8226	654.487	673.192
13.8345	654.093	672.797
13.8465	653.7	672.402
13.8584	653.307	672.007
13.8704	652.914	671.612
13.8823	652.521	671.218
13.8942	652.128	670.823
13.9062	651.735	670.428
13.9181	651.342	670.033
13.93	650.949	669.639
13.942	650.556	669.244
13.9539	650.163	668.849
13.9658	649.77	668.455
13.9778	649.377	668.06
13.9897	648.984	667.666
14.0017	648.592	667.271
14.0136	648.199	666.877
14.0255	647.806	666.482
14.0375	647.413	666.088
14.0494	647.021	665.694
14.0613	646.628	665.299
14.0733	646.236	664.905
14.0852	645.843	664.511
14.0971	645.451	664.117
14.1091	645.058	663.722
14.121	644.666	663.328
14.133	644.273	662.934
14.1449	643.881	662.54
14.1568	643.489	662.146
14.1688	643.096	661.752
14.1807	642.704	661.358
14.1926	642.312	660.964
14.2046	641.92	660.57
14.2165	641.528	660.176
14.2285	641.136	659.782
14.2404	640.744	659.389
14.2523	640.351	658.995
14.2643	639.959	658.601
14.2762	639.568	658.207
14.2881	639.176	657.814
14.3001	638.784	657.42
14.312	638.392	657.027
14.3239	638	656.633
14.3359	637.608	656.239
14.3478	637.216	655.846
14.3598	636.825	655.453
14.3717	636.433	655.059
14.3836	636.041	654.666
14.3956	635.65	654.272
14.4075	635.258	653.879
14.4194	634.866	653.486
14.4314	634.475	653.093
14.4433	634.083	652.699
14.4552	633.692	652.306
14.4672	633.301	651.913
14.4791	632.909	651.52
14.4911	632.518	651.127
14.503	632.126	650.734
14.5149	631.735	650.341
14.5269	631.344	649.948
14.5388	630.953	649.555
14.5507	630.561	649.162
14.5627	630.17	648.77
14.5746	629.779	648.377
14.5866	629.388	647.984
14.5985	628.997	647.591
14.6104	628.606	647.199
14.6224	628.215	646.806
14.6343	627.824	646.413
14.6462	627.433	646.021
14.6582	627.042	645.628
14.6701	626.651	645.236
14.682	626.26	644.843
14.694	625.869	644.451
14.7059	625.478	644.059
14.7179	625.087	643.666
14.7298	624.697	643.274
14.7417	624.306	642.882
14.7537	623.915	642.489
14.7656	623.524	642.097
14.7775	623.134	641.705
14.7895	622.743	641.313
14.8014	622.352	640.921
14.8133	621.962	640.529
14.8253	621.571	640.137
14.8372	621.181	639.745
14.8492	620.79	639.353
14.8611	620.4	638.961
14.873	620.009	638.569
14.885	619.619	638.177
14.8969	619.229	637.785
14.9088	618.838	637.393
14.9208	618.448	637.002
14.9327	618.058	636.61
14.9446	617.667	636.218
14.9566	617.277	635.826
14.9685	616.887	635.435
14.9805	616.497	635.043
14.9924	616.106	634.652
15.0043	615.716	634.26
15.0163	615.326	633.869
15.0282	614.936	633.477
15.0401	614.546	633.086
15.0521	614.156	632.694
15.064	613.766	632.303
15.076	613.376	631.912
15.0879	612.986	631.52
15.0998	612.596	631.129
15.1118	612.206	630.738
15.1237	611.816	630.347
15.1356	611.426	629.956
15.1476	611.036	629.564
15.1595	610.646	629.173
15.1714	610.256	628.782
15.1834	609.867	628.391
15.1953	609.477	628
15.2073	609.087	627.609
15.2192	608.697	627.218
15.2311	608.308	626.827
15.2431	607.918	626.436
15.255	607.528	626.046
15.2669	607.139	625.655
15.2789	606.749	625.264
15.2908	606.359	624.873
15.3027	605.97	624.482
15.3147	605.58	624.092
15.3266	605.191	623.701
15.3386	604.801	623.31
15.3505	604.412	622.92
15.3624	604.022	622.529
15.3744	603.633	622.139
15.3863	603.243	621.748
15.3982	602.854	621.358
15.4102	602.464	620.967
15.4221	602.075	620.577
15.4341	601.686	620.186
15.446	601.296	619.796
15.4579	600.907	619.405
15.4699	600.518	619.015
15.4818	600.128	618.625
15.4937	599.739	618.234
15.5057	599.35	617.844
15.5176	598.961	617.454
15.5295	598.571	617.064
15.5415	598.182	616.673
15.5534	597.793	616.283
15.5654	597.404	615.893
15.5773	597.015	615.503
15.5892	596.626	615.113
15.6012	596.236	614.723
15.6131	595.847	614.333
15.625	595.458	613.943
15.637	595.069	613.553
15.6489	594.68	613.163
15.6608	594.291	612.773
15.6728	593.902	612.383
15.6847	593.513	611.993
15.6967	593.124	611.603
15.7086	592.735	611.213
15.7205	592.346	610.823
15.7325	591.957	610.434
15.7444	591.568	610.044
15.7563	591.18	609.654
15.7683	590.791	609.264
15.7802	590.402	608.875
15.7921	590.013	608.485
15.8041	589.624	608.095
15.816	589.235	607.706
15.828	588.847	607.316
15.8399	588.458	606.926
15.8518	588.069	606.537
15.8638	587.68	606.147
15.8757	587.292	605.758
15.8876	586.903	605.368
15.8996	586.514	604.979
15.9115	586.125	604.589
15.9235	585.737	604.2
15.9354	585.348	603.81
15.9473	584.959	603.421
15.9593	584.571	603.032
15.9712	584.182	602.642
15.9831	583.794	602.253
15.9951	583.405	601.863
16.007	583.017	601.474
16.0189	582.628	601.085
16.0309	582.239	600.696
16.0428	581.851	600.306
16.0548	581.462	599.917
16.0667	581.074	599.528
16.0786	580.685	599.139
16.0906	580.297	598.749
16.1025	579.909	598.36
16.1144	579.52	597.971
16.1264	579.132	597.582
16.1383	578.743	597.193
16.1502	578.355	596.804
16.1622	577.967	596.415
16.1741	577.578	596.026
16.1861	577.19	595.637
16.198	576.802	595.248
16.2099	576.413	594.859
16.2219	576.025	594.47
16.2338	575.637	594.081
16.2457	575.249	593.692
16.2577	574.86	593.303
16.2696	574.472	592.914
16.2816	574.084	592.525
16.2935	573.696	592.136
16.3054	573.307	591.747
16.3174	572.919	591.358
16.3293	572.531	590.969
16.3412	572.143	590.581
16.3532	571.755	590.192
16.3651	571.367	589.803
16.377	570.979	589.414
16.389	570.591	589.025
16.4009	570.203	588.637
16.4129	569.815	588.248
16.4248	569.427	587.859
16.4367	569.039	587.471
16.4487	568.651	587.082
16.4606	568.263	586.693
16.4725	567.875	586.305
16.4845	567.487	585.916
16.4964	567.099	585.527
16.5083	566.711	585.139
16.5203	566.323	584.75
16.5322	565.935	584.362
16.5442	565.547	583.973
16.5561	565.159	583.584
16.568	564.772	583.196
16.58	564.384	582.807
16.5919	563.996	582.419
16.6038	563.608	582.03
16.6158	563.22	581.642
16.6277	562.833	581.253
16.6396	562.445	580.865
16.6516	562.057	580.477
16.6635	561.67	580.088
16.6755	561.282	579.7
16.6874	560.894	579.311
16.6993	560.507	578.923
16.7113	560.119	578.535
16.7232	559.731	578.146
16.7351	559.344	577.758
16.7471	558.956	577.37
16.759	558.569	576.982
16.771	558.181	576.593
16.7829	557.794	576.205
16.7948	557.406	575.817
16.8068	557.019	575.429
16.8187	556.631	575.04
16.8306	556.244	574.652
16.8426	555.857	574.264
16.8545	555.469	573.876
16.8664	555.082	573.488
16.8784	554.695	573.099
16.8903	554.307	572.711
16.9023	553.92	572.323
16.9142	553.533	571.935
16.9261	553.146	571.547
16.9381	552.758	571.159
16.95	552.371	570.771
16.9619	551.984	570.383
16.9739	551.597	569.995
16.9858	551.21	569.607
16.9977	550.823	569.219
17.0097	550.436	568.831
17.0216	550.049	568.443
17.0336	549.662	568.055
17.0455	549.275	567.667
17.0574	548.888	567.279
17.0694	548.501	566.891
17.0813	548.114	566.504
17.0932	547.727	566.116
17.1052	547.34	565.728
17.1171	546.953	565.34
17.1291	546.566	564.952
17.141	546.179	564.564
17.1529	545.793	564.177
17.1649	545.406	563.789
17.1768	545.019	563.401
17.1887	544.633	563.014
17.2007	544.246	562.626
17.2126	543.859	562.238
17.2245	543.473	561.85
17.2365	543.086	561.463
17.2484	542.7	561.075
17.2604	542.313	560.688
17.2723	541.927	560.3
17.2842	541.54	559.912
17.2962	541.154	559.525
17.3081	540.767	559.137
17.32	540.381	558.75
17.332	539.995	558.362
17.3439	539.608	557.975
17.3558	539.222	557.587
17.3678	538.836	557.2
17.3797	538.45	556.813
17.3917	538.063	556.425
17.4036	537.677	556.038
17.4155	537.291	555.65
17.4275	536.905	555.263
17.4394	536.519	554.876
17.4513	536.133	554.489
17.4633	535.747	554.101
17.4752	535.361	553.714
17.4871	534.975	553.327
17.4991	534.59	552.94
17.511	534.204	552.552
17.523	533.818	552.165
17.5349	533.432	551.778
17.5468	533.047	551.391
17.5588	532.661	551.004
17.5707	532.275	550.617
17.5826	531.89	550.23
17.5946	531.504	549.843
17.6065	531.119	549.456
17.6185	530.733	549.069
17.6304	530.348	548.682
17.6423	529.963	548.295
17.6543	529.577	547.908
17.6662	529.192	547.521
17.6781	528.807	547.134
17.6901	528.422	546.748
17.702	528.037	546.361
17.7139	527.651	545.974
17.7259	527.266	545.587
17.7378	526.881	545.201
17.7498	526.496	544.814
17.7617	526.111	544.427
17.7736	525.727	544.041
17.7856	525.342	543.654
17.7975	524.957	543.267
17.8094	524.572	542.881
17.8214	524.188	542.494
17.8333	523.803	542.108
17.8452	523.418	541.721
17.8572	523.034	541.335
17.8691	522.649	540.949
17.8811	522.265	540.562
17.893	521.881	540.176
17.9049	521.496	539.79
17.9169	521.112	539.403
17.9288	520.728	539.017
17.9407	520.344	538.631
17.9527	519.96	538.245
17.9646	519.576	537.859
17.9766	519.192	537.472
17.9885	518.808	537.086
18.0004	518.424	536.7
18.0124	518.04	536.314
18.0243	517.656	535.928
18.0362	517.273	535.542
18.0482	516.889	535.157
18.0601	516.505	534.771
18.072	516.122	534.385
18.084	515.739	533.999
18.0959	515.355	533.613
18.1079	514.972	533.228
18.1198	514.589	532.842
18.1317	514.205	532.456
18.1437	513.822	532.071
18.1556	513.439	531.685
18.1675	513.056	531.3
18.1795	512.673	530.914
18.1914	512.29	530.529
18.2033	511.908	530.144
18.2153	511.525	529.758
18.2272	511.142	529.373
18.2392	510.76	528.988
18.2511	510.377	528.602
18.263	509.995	528.217
18.275	509.612	527.832
18.2869	509.23	527.447
18.2988	508.848	527.062
18.3108	508.466	526.677
18.3227	508.083	526.292
18.3346	507.701	525.907
18.3466	507.32	525.522
18.3585	506.938	525.138
18.3705	506.556	524.753
18.3824	506.174	524.368
18.3943	505.793	523.983
18.4063	505.411	523.599
18.4182	505.03	523.214
18.4301	504.648	522.83
18.4421	504.267	522.445
18.454	503.886	522.061
18.466	503.505	521.677
18.4779	503.123	521.292
18.4898	502.742	520.908
18.5018	502.362	520.524
18.5137	501.981	520.14
18.5256	501.6	519.756
18.5376	501.219	519.372
18.5495	500.839	518.988
18.5614	500.458	518.604
18.5734	500.078	518.22
18.5853	499.698	517.836
18.5973	499.318	517.452
18.6092	498.937	517.069
18.6211	498.557	516.685
18.6331	498.178	516.302
18.645	497.798	515.918
18.6569	497.418	515.535
18.6689	497.038	515.151
18.6808	496.659	514.768
18.6927	496.279	514.385
18.7047	495.9	514.001
18.7166	495.521	513.618
18.7286	495.142	513.235
18.7405	494.763	512.852
18.7524	494.384	512.469
18.7644	494.005	512.087
18.7763	493.626	511.704
18.7882	493.248	511.321
18.8002	492.869	510.938
18.8121	492.491	510.556
18.8241	492.112	510.173
18.836	491.734	509.791
18.8479	491.356	509.408
18.8599	490.978	509.026
18.8718	490.6	508.644
18.8837	490.222	508.262
18.8957	489.845	507.88
18.9076	489.467	507.498
18.9195	489.09	507.116
18.9315	488.712	506.734
18.9434	488.335	506.352
18.9554	487.958	505.97
18.9673	487.581	505.589
18.9792	487.204	505.207
18.9912	486.827	504.826
19.0031	486.451	504.445
19.015	486.074	504.063
19.027	485.698	503.682
19.0389	485.321	503.301
19.0508	484.945	502.92
19.0628	484.569	502.539
19.0747	484.193	502.158
19.0867	483.818	501.777
19.0986	483.442	501.396
19.1105	483.066	501.016
19.1225	482.691	500.635
19.1344	482.316	500.255
19.1463	481.941	499.874
19.1583	481.566	499.494
19.1702	481.191	499.114
19.1821	480.816	498.734
19.1941	480.441	498.354
19.206	480.067	497.974
19.218	479.692	497.594
19.2299	479.318	497.214
19.2418	478.944	496.835
19.2538	478.57	496.455
19.2657	478.196	496.076
19.2776	477.823	495.697
19.2896	477.449	495.317
19.3015	477.076	494.938
19.3135	476.703	494.559
19.3254	476.329	494.18
19.3373	475.956	493.801
19.3493	475.584	493.423
19.3612	475.211	493.044
19.3731	474.838	492.665
19.3851	474.466	492.287
19.397	474.094	491.909
19.4089	473.722	491.531
19.4209	473.35	491.152
19.4328	472.978	490.774
19.4448	472.606	490.397
19.4567	472.235	490.019
19.4686	471.864	489.641
19.4806	471.493	489.264
19.4925	471.122	488.886
19.5044	470.751	488.509
19.5164	470.38	488.132
19.5283	470.009	487.754
19.5402	469.639	487.377
19.5522	469.269	487.001
19.5641	468.899	486.624
19.5761	468.529	486.247
19.588	468.159	485.871
19.5999	467.79	485.494
19.6119	467.42	485.118
19.6238	467.051	484.742
19.6357	466.682	484.366
19.6477	466.313	483.99
19.6596	465.945	483.614
19.6716	465.576	483.238
19.6835	465.208	482.863
19.6954	464.84	482.488
19.7074	464.472	482.112
19.7193	464.104	481.737
19.7312	463.736	481.362
19.7432	463.369	480.987
19.7551	463.001	480.612
19.767	462.634	480.238
19.779	462.267	479.863
19.7909	461.901	479.489
19.8029	461.534	479.115
19.8148	461.168	478.741
19.8267	460.801	478.367
19.8387	460.435	477.993
19.8506	460.07	477.619
19.8625	459.704	477.246
19.8745	459.339	476.872
19.8864	458.973	476.499
19.8983	458.608	476.126
19.9103	458.243	475.753
19.9222	457.879	475.38
19.9342	457.514	475.008
19.9461	457.15	474.635
19.958	456.786	474.263
19.97	456.422	473.89
19.9819	456.058	473.518
19.9938	455.695	473.146
20.0058	455.332	472.775
20.0177	454.969	472.403
20.0296	454.606	472.032
20.0416	454.243	471.66
20.0535	453.881	471.289
20.0655	453.519	470.918
20.0774	453.156	470.547
20.0893	452.795	470.177
20.1013	452.433	469.806
20.1132	452.072	469.436
20.1251	451.711	469.066
20.1371	451.35	468.696
20.149	450.989	468.326
20.161	450.628	467.956
20.1729	450.268	467.586
20.1848	449.908	467.217
20.1968	449.548	466.848
20.2087	449.188	466.479
20.2206	448.829	466.11
20.2326	448.47	465.741
20.2445	448.111	465.373
20.2564	447.752	465.004
20.2684	447.394	464.636
20.2803	447.035	464.268
20.2923	446.677	463.9
20.3042	446.319	463.533
20.3161	445.962	463.165
20.3281	445.604	462.798
20.34	445.247	462.431
20.3519	444.89	462.064
20.3639	444.534	461.697
20.3758	444.177	461.331
20.3877	443.821	460.964
20.3997	443.465	460.598
20.4116	443.11	460.232
20.4236	442.754	459.866
20.4355	442.399	459.501
20.4474	442.044	459.135
20.4594	441.689	458.77
20.4713	441.335	458.405
20.4832	440.981	458.04
20.4952	440.627	457.676
20.5071	440.273	457.311
20.5191	439.919	456.947
20.531	439.566	456.583
20.5429	439.213	456.219
20.5549	438.861	455.855
20.5668	438.508	455.492
20.5787	438.156	455.129
20.5907	437.804	454.765
20.6026	437.452	454.403
20.6145	437.101	454.04
20.6265	436.75	453.678
20.6384	436.399	453.315
20.6504	436.048	452.953
20.6623	435.698	452.591
20.6742	435.348	452.23
20.6862	434.998	451.868
20.6981	434.649	451.507
20.71	434.299	451.146
20.722	433.95	450.786
20.7339	433.602	450.425
20.7458	433.253	450.065
20.7578	432.905	449.705
20.7697	432.557	449.345
20.7817	432.21	448.985
20.7936	431.862	448.626
20.8055	431.515	448.267
20.8175	431.168	447.908
20.8294	430.822	447.549
20.8413	430.476	447.19
20.8533	430.13	446.832
20.8652	429.784	446.474
20.8771	429.439	446.116
20.8891	429.094	445.759
20.901	428.749	445.401
20.913	428.405	445.044
20.9249	428.06	444.687
20.9368	427.717	444.331
20.9488	427.373	443.974
20.9607	427.03	443.618
20.9726	426.687	443.262
20.9846	426.344	442.906
20.9965	426.002	442.551
21.0085	425.66	442.196
21.0204	425.318	441.841
21.0323	424.976	441.486
21.0443	424.635	441.132
21.0562	424.294	440.778
21.0681	423.954	440.424
21.0801	423.614	440.07
21.092	423.274	439.716
21.1039	422.934	439.363
21.1159	422.595	439.01
21.1278	422.256	438.658
21.1398	421.917	438.305
21.1517	421.579	437.953
21.1636	421.241	437.601
21.1756	420.903	437.249
21.1875	420.566	436.898
21.1994	420.229	436.547
21.2114	419.892	436.196
21.2233	419.556	435.845
21.2352	419.219	435.495
21.2472	418.884	435.145
21.2591	418.548	434.795
21.2711	418.213	434.446
21.283	417.878	434.097
21.2949	417.544	433.748
21.3069	417.21	433.399
21.3188	416.876	433.05
21.3307	416.543	432.702
21.3427	416.209	432.354
21.3546	415.877	432.007
21.3666	415.544	431.66
21.3785	415.212	431.312
21.3904	414.88	430.966
21.4024	414.549	430.619
21.4143	414.218	430.273
21.4262	413.887	429.927
21.4382	413.557	429.582
21.4501	413.227	429.236
21.462	412.897	428.891
21.474	412.568	428.547
21.4859	412.239	428.202
21.4979	411.91	427.858
21.5098	411.582	427.514
21.5217	411.254	427.171
21.5337	410.927	426.827
21.5456	410.6	426.484
21.5575	410.273	426.142
21.5695	409.947	425.799
21.5814	409.621	425.457
21.5933	409.295	425.116
21.6053	408.97	424.774
21.6172	408.645	424.433
21.6292	408.32	424.092
21.6411	407.996	423.752
21.653	407.673	423.412
21.665	407.349	423.072
21.6769	407.026	422.732
21.6888	406.703	422.393
21.7008	406.381	422.054
21.7127	406.058	421.715
21.7246	405.735	421.377
21.7366	405.412	421.039
21.7485	405.088	420.701
21.7605	404.763	420.364
21.7724	404.436	420.027
21.7843	404.107	419.69
21.7963	403.775	419.353
21.8082	403.439	419.017
21.8201	403.098	418.68
21.8321	402.75	418.344
21.844	402.394	418.008
21.856	402.028	417.672
21.8679	401.649	417.336
21.8798	401.256	416.999
21.8918	400.844	416.662
21.9037	400.412	416.324
21.9156	399.956	415.986
21.9276	399.472	415.647
21.9395	398.958	415.306
21.9514	398.41	414.964
21.9634	397.825	414.62
21.9753	397.199	414.274
21.9873	396.529	413.925
21.9992	395.814	413.574
22.0111	395.052	413.219
22.0231	394.242	412.86
22.035	393.383	412.497
22.0469	392.477	412.129
22.0589	391.524	411.757
22.0708	390.528	411.378
22.0827	389.49	410.994
22.0947	388.417	410.604
22.1066	387.312	410.207
22.1186	386.181	409.803
22.1305	385.029	409.393
22.1424	383.864	408.975
22.1544	382.692	408.549
22.1663	381.518	408.117
22.1782	380.349	407.677
22.1902	379.19	407.229
22.2021	378.046	406.775
22.2141	376.923	406.313
22.226	375.822	405.845
22.2379	374.748	405.369
22.2499	373.703	404.888
22.2618	372.686	404.4
22.2737	371.7	403.906
22.2857	370.744	403.406
22.2976	369.817	402.901
22.3095	368.917	402.391
22.3215	368.044	401.875
22.3334	367.194	401.356
22.3454	366.366	400.831
22.3573	365.558	400.302
22.3692	364.768	399.769
22.3812	363.992	399.232
22.3931	363.229	398.691
22.405	362.478	398.147
22.417	361.735	397.599
22.4289	361.001	397.047
22.4408	360.272	396.491
22.4528	359.548	395.933
22.4647	358.829	395.371
22.4767	358.113	394.805
22.4886	357.399	394.236
22.5005	356.687	393.664
22.5125	355.977	393.089
22.5244	355.268	392.511
22.5363	354.56	391.929
22.5483	353.852	391.344
22.5602	353.146	390.757
22.5721	352.44	390.166
22.5841	351.735	389.572
22.596	351.03	388.974
22.608	350.327	388.374
22.6199	349.623	387.771
22.6318	348.921	387.165
22.6438	348.219	386.556
22.6557	347.518	385.944
22.6676	346.818	385.329
22.6796	346.12	384.711
22.6915	345.422	384.09
22.7035	344.725	383.466
22.7154	344.029	382.84
22.7273	343.335	382.211
22.7393	342.642	381.579
22.7512	341.951	380.944
22.7631	341.261	380.307
22.7751	340.573	379.667
22.787	339.886	379.024
22.7989	339.201	378.379
22.8109	338.518	377.732
22.8228	337.836	377.082
22.8348	337.157	376.429
22.8467	336.48	375.774
22.8586	335.805	375.117
22.8706	335.132	374.457
22.8825	334.461	373.795
22.8944	333.793	373.131
22.9064	333.127	372.465
22.9183	332.463	371.797
22.9302	331.803	371.126
22.9422	331.144	370.453
22.9541	330.489	369.779
22.9661	329.836	369.102
22.978	329.186	368.424
22.9899	328.54	367.744
23.0019	327.896	367.062
23.0138	327.255	366.378
23.0257	326.617	365.693
23.0377	325.983	365.006
23.0496	325.352	364.317
23.0616	324.724	363.627
23.0735	324.1	362.935
23.0854	323.479	362.243
23.0974	322.862	361.548
23.1093	322.249	360.853
23.1212	321.639	360.156
23.1332	321.033	359.458
23.1451	320.431	358.759
23.157	319.833	358.059
23.169	319.239	357.358
23.1809	318.649	356.657
23.1929	318.063	355.954
23.2048	317.481	355.251
23.2167	316.904	354.547
23.2287	316.331	353.842
23.2406	315.762	353.137
23.2525	315.198	352.431
23.2645	314.638	351.725
23.2764	314.083	351.019
23.2883	313.532	350.312
23.3003	312.986	349.605
23.3122	312.445	348.898
23.3242	311.909	348.191
23.3361	311.377	347.484
23.348	310.851	346.777
23.36	310.329	346.07
23.3719	309.813	345.363
23.3838	309.302	344.657
23.3958	308.795	343.951
23.4077	308.294	343.246
23.4196	307.798	342.541
23.4316	307.308	341.837
23.4435	306.822	341.134
23.4555	306.343	340.431
23.4674	305.868	339.73
23.4793	305.399	339.029
23.4913	304.936	338.329
23.5032	304.478	337.631
23.5151	304.025	336.934
23.5271	303.579	336.238
23.539	303.138	335.544
23.551	302.702	334.852
23.5629	302.273	334.162
23.5748	301.849	333.473
23.5868	301.431	332.787
23.5987	301.019	332.103
23.6106	300.612	331.421
23.6226	300.212	330.742
23.6345	299.817	330.066
23.6464	299.428	329.393
23.6584	299.046	328.724
23.6703	298.669	328.058
23.6823	298.298	327.396
23.6942	297.933	326.739
23.7061	297.574	326.085
23.7181	297.221	325.437
23.73	296.874	324.794
23.7419	296.533	324.156
23.7539	296.197	323.523
23.7658	295.868	322.897
23.7777	295.545	322.278
23.7897	295.227	321.668
23.8016	294.915	321.069
23.8136	294.609	320.489
23.8255	294.308	319.939
23.8374	294.013	319.438
23.8494	293.723	319.017
23.8613	293.436	318.722
23.8732	293	318.612
