0	873	873
0.0119366	873	873
0.0238732	873	873
0.0358099	873	873
0.0477465	873	873
0.0596831	873	873
0.0716197	873	873
0.0835563	873	873
0.095493	873	873
0.10743	873	873
0.119366	873	873
0.131303	873	873
0.143239	873	873
0.155176	873	873
0.167113	873	873
0.179049	873	873
0.190986	873	873
0.202923	873	873
0.214859	873	873
0.226796	873	873
0.238732	873	873
0.250669	873	873
0.262606	873	873
0.274542	873	873
0.286479	873	873
0.298416	873	873
0.310352	873	873
0.322289	873	873
0.334225	873	873
0.346162	873	873
0.358099	873	873
0.370035	873	873
0.381972	873	873
0.393908	873	873
0.405845	873	873
0.417782	873	873
0.429718	873	873
0.441655	873	873
0.453592	873	873
0.465528	873	873
0.477465	873	873
0.489401	873	873
0.501338	873	873
0.513275	873	873
0.525211	873	873
0.537148	873	873
0.549085	873	873
0.561021	873	873
0.572958	873	873
0.584894	873	873
0.596831	873	873
0.608768	873	873
0.620704	873	873
0.632641	873	873
0.644578	873	873
0.656514	873	873
0.668451	873	873
0.680387	873	873
0.692324	873	873
0.704261	873	873
0.716197	873	873
0.728134	873	873
0.74007	873	873
0.752007	873	873
0.763944	873	873
0.77588	873	873
0.787817	873	873
0.799754	873	873
0.81169	873	873
0.823627	872.999	873
0.835563	872.999	872.999
0.8475	872.999	872.999
0.859437	872.999	872.999
0.871373	872.999	872.999
0.88331	872.999	872.999
0.895247	872.999	872.999
0.907183	872.999	872.999
0.91912	872.999	872.999
0.931056	872.999	872.999
0.942993	872.999	872.999
0.95493	872.999	872.999
0.966866	872.999	872.999
0.978803	872.999	872.999
0.99074	872.999	872.999
1.00268	872.999	872.999
1.01461	872.999	872.999
1.02655	872.999	872.999
1.03849	872.999	872.999
1.05042	872.999	872.999
1.06236	872.999	872.999
1.0743	872.999	872.999
1.08623	872.999	872.999
1.09817	872.999	872.999
1.11011	872.999	872.999
1.12204	872.999	872.999
1.13398	872.999	872.999
1.14592	872.998	872.998
1.15785	872.998	872.998
1.16979	872.998	872.998
1.18173	872.998	872.998
1.19366	872.998	872.998
1.2056	872.998	872.998
1.21754	872.998	872.998
1.22947	872.998	872.998
1.24141	872.998	872.998
1.25335	872.998	872.998
1.26528	872.998	872.998
1.27722	872.998	872.998
1.28916	872.998	872.998
1.30109	872.998	872.998
1.31303	872.997	872.997
1.32496	872.997	872.997
1.3369	872.997	872.997
1.34884	872.997	872.997
1.36077	872.997	872.997
1.37271	872.997	872.997
1.38465	872.997	872.997
1.39658	872.997	872.997
1.40852	872.997	872.997
1.42046	872.997	872.997
1.43239	872.996	872.996
1.44433	872.996	872.996
1.45627	872.996	872.996
1.4682	872.996	872.996
1.48014	872.996	872.996
1.49208	872.996	872.996
1.50401	872.996	872.996
1.51595	872.995	872.995
1.52789	872.995	872.995
1.53982	872.995	872.995
1.55176	872.995	872.995
1.5637	872.995	872.995
1.57563	872.995	872.995
1.58757	872.994	872.995
1.59951	872.994	872.994
1.61144	872.994	872.994
1.62338	872.994	872.994
1.63532	872.994	872.994
1.64725	872.994	872.994
1.65919	872.993	872.993
1.67113	872.993	872.993
1.68306	872.993	872.993
1.695	872.993	872.993
1.70694	872.992	872.992
1.71887	872.992	872.992
1.73081	872.992	872.992
1.74275	872.992	872.992
1.75468	872.992	872.992
1.76662	872.991	872.991
1.77856	872.991	872.991
1.79049	872.991	872.991
1.80243	872.99	872.99
1.81437	872.99	872.99
1.8263	872.99	872.99
1.83824	872.99	872.99
1.85018	872.989	872.989
1.86211	872.989	872.989
1.87405	872.989	872.989
1.88599	872.988	872.988
1.89792	872.988	872.988
1.90986	872.988	872.988
1.9218	872.987	872.987
1.93373	872.987	872.987
1.94567	872.987	872.987
1.95761	872.986	872.986
1.96954	872.986	872.986
1.98148	872.985	872.985
1.99342	872.985	872.985
2.00535	872.985	872.985
2.01729	872.984	872.984
2.02923	872.984	872.984
2.04116	872.983	872.983
2.0531	872.983	872.983
2.06504	872.982	872.982
2.07697	872.982	872.982
2.08891	872.981	872.981
2.10085	872.981	872.981
2.11278	872.98	872.98
2.12472	872.98	872.98
2.13666	872.979	872.979
2.14859	872.979	872.979
2.16053	872.978	872.978
2.17246	872.978	872.978
2.1844	872.977	872.977
2.19634	872.976	872.976
2.20827	872.976	872.976
2.22021	872.975	872.975
2.23215	872.974	872.974
2.24408	872.974	872.974
2.25602	872.973	872.973
2.26796	872.972	872.972
2.27989	872.972	872.972
2.29183	872.971	872.971
2.30377	872.97	872.97
2.3157	872.969	872.969
2.32764	872.969	872.969
2.33958	872.968	872.968
2.35151	872.967	872.967
2.36345	872.966	872.966
2.37539	872.965	872.965
2.38732	872.965	872.965
2.39926	872.964	872.964
2.4112	872.963	872.963
2.42313	872.962	872.962
2.43507	872.961	872.961
2.44701	872.96	872.96
2.45894	872.959	872.959
2.47088	872.958	872.958
2.48282	872.957	872.957
2.49475	872.956	872.956
2.50669	872.955	872.955
2.51863	872.954	872.954
2.53056	872.953	872.953
2.5425	872.952	872.952
2.55444	872.95	872.95
2.56637	872.949	872.949
2.57831	872.948	872.948
2.59025	872.947	872.947
2.60218	872.946	872.946
2.61412	872.944	872.944
2.62606	872.943	872.943
2.63799	872.942	872.942
2.64993	872.94	872.94
2.66187	872.939	872.939
2.6738	872.938	872.938
2.68574	872.936	872.936
2.69768	872.935	872.935
2.70961	872.933	872.933
2.72155	872.932	872.932
2.73349	872.93	872.93
2.74542	872.929	872.929
2.75736	872.927	872.927
2.7693	872.925	872.925
2.78123	872.924	872.924
2.79317	872.922	872.922
2.80511	872.92	872.92
2.81704	872.918	872.918
2.82898	872.917	872.917
2.84092	872.915	872.915
2.85285	872.913	872.913
2.86479	872.911	872.911
2.87673	872.909	872.909
2.88866	872.907	872.907
2.9006	872.905	872.905
2.91254	872.903	872.903
2.92447	872.901	872.901
2.93641	872.899	872.899
2.94835	872.897	872.897
2.96028	872.894	872.894
2.97222	872.892	872.892
2.98416	872.89	872.89
2.99609	872.888	872.888
3.00803	872.885	872.885
3.01997	872.883	872.883
3.0319	872.88	872.88
3.04384	872.878	872.878
3.05577	872.875	872.875
3.06771	872.873	872.873
3.07965	872.87	872.87
3.09158	872.867	872.867
3.10352	872.865	872.865
3.11546	872.862	872.862
3.12739	872.859	872.859
3.13933	872.856	872.856
3.15127	872.853	872.853
3.1632	872.85	872.85
3.17514	872.847	872.847
3.18708	872.844	872.844
3.19901	872.841	872.841
3.21095	872.838	872.838
3.22289	872.835	872.835
3.23482	872.831	872.831
3.24676	872.828	872.828
3.2587	872.825	872.825
3.27063	872.821	872.821
3.28257	872.818	872.818
3.29451	872.814	872.814
3.30644	872.81	872.81
3.31838	872.807	872.807
3.33032	872.803	872.803
3.34225	872.799	872.799
3.35419	872.795	872.795
3.36613	872.791	872.791
3.37806	872.787	872.787
3.39	872.783	872.783
3.40194	872.779	872.779
3.41387	872.775	872.775
3.42581	872.771	872.771
3.43775	872.766	872.766
3.44968	872.762	872.762
3.46162	872.757	872.757
3.47356	872.753	872.753
3.48549	872.748	872.748
3.49743	872.743	872.743
3.50937	872.739	872.739
3.5213	872.734	872.734
3.53324	872.729	872.729
3.54518	872.724	872.724
3.55711	872.719	872.719
3.56905	872.714	872.714
3.58099	872.708	872.708
3.59292	872.703	872.703
3.60486	872.698	872.698
3.6168	872.692	872.692
3.62873	872.686	872.686
3.64067	872.681	872.681
3.65261	872.675	872.675
3.66454	872.669	872.669
3.67648	872.663	872.663
3.68842	872.657	872.657
3.70035	872.651	872.651
3.71229	872.645	872.645
3.72423	872.639	872.639
3.73616	872.632	872.632
3.7481	872.626	872.626
3.76004	872.619	872.619
3.77197	872.612	872.612
3.78391	872.606	872.606
3.79585	872.599	872.599
3.80778	872.592	872.592
3.81972	872.585	872.585
3.83166	872.577	872.577
3.84359	872.57	872.57
3.85553	872.563	872.563
3.86747	872.555	872.555
3.8794	872.548	872.548
3.89134	872.54	872.54
3.90327	872.532	872.532
3.91521	872.524	872.524
3.92715	872.516	872.516
3.93908	872.508	872.508
3.95102	872.499	872.499
3.96296	872.491	872.491
3.97489	872.482	872.483
3.98683	872.474	872.474
3.99877	872.465	872.465
4.0107	872.456	872.456
4.02264	872.447	872.447
4.03458	872.438	872.438
4.04651	872.429	872.429
4.05845	872.419	872.419
4.07039	872.41	872.41
4.08232	872.4	872.4
4.09426	872.39	872.39
4.1062	872.38	872.38
4.11813	872.37	872.37
4.13007	872.36	872.36
4.14201	872.35	872.35
4.15394	872.339	872.339
4.16588	872.328	872.329
4.17782	872.318	872.318
4.18975	872.307	872.307
4.20169	872.296	872.296
4.21363	872.284	872.285
4.22556	872.273	872.273
4.2375	872.262	872.262
4.24944	872.25	872.25
4.26137	872.238	872.238
4.27331	872.226	872.226
4.28525	872.214	872.214
4.29718	872.202	872.202
4.30912	872.189	872.189
4.32106	872.177	872.177
4.33299	872.164	872.164
4.34493	872.151	872.151
4.35687	872.138	872.138
4.3688	872.125	872.125
4.38074	872.111	872.111
4.39268	872.097	872.098
4.40461	872.084	872.084
4.41655	872.07	872.07
4.42849	872.056	872.056
4.44042	872.041	872.041
4.45236	872.027	872.027
4.4643	872.012	872.012
4.47623	871.997	871.997
4.48817	871.982	871.982
4.50011	871.967	871.967
4.51204	871.951	871.951
4.52398	871.936	871.936
4.53592	871.92	871.92
4.54785	871.904	871.904
4.55979	871.888	871.888
4.57173	871.871	871.871
4.58366	871.855	871.855
4.5956	871.838	871.838
4.60754	871.821	871.821
4.61947	871.804	871.804
4.63141	871.786	871.786
4.64335	871.769	871.769
4.65528	871.751	871.751
4.66722	871.733	871.733
4.67916	871.714	871.714
4.69109	871.696	871.696
4.70303	871.677	871.677
4.71497	871.658	871.658
4.7269	871.639	871.639
4.73884	871.62	871.62
4.75078	871.6	871.6
4.76271	871.58	871.58
4.77465	871.56	871.56
4.78658	871.54	871.54
4.79852	871.519	871.519
4.81046	871.499	871.499
4.82239	871.478	871.478
4.83433	871.456	871.456
4.84627	871.435	871.435
4.8582	871.413	871.413
4.87014	871.391	871.391
4.88208	871.369	871.369
4.89401	871.346	871.346
4.90595	871.324	871.324
4.91789	871.301	871.301
4.92982	871.277	871.277
4.94176	871.254	871.254
4.9537	871.23	871.23
4.96563	871.206	871.206
4.97757	871.182	871.182
4.98951	871.157	871.157
5.00144	871.132	871.132
5.01338	871.107	871.107
5.02532	871.082	871.082
5.03725	871.056	871.056
5.04919	871.03	871.03
5.06113	871.004	871.004
5.07306	870.977	870.977
5.085	870.95	870.951
5.09694	870.923	870.923
5.10887	870.896	870.896
5.12081	870.868	870.868
5.13275	870.84	870.84
5.14468	870.812	870.812
5.15662	870.783	870.784
5.16856	870.755	870.755
5.18049	870.725	870.725
5.19243	870.696	870.696
5.20437	870.666	870.666
5.2163	870.636	870.636
5.22824	870.605	870.606
5.24018	870.575	870.575
5.25211	870.544	870.544
5.26405	870.512	870.512
5.27599	870.481	870.481
5.28792	870.449	870.449
5.29986	870.416	870.416
5.3118	870.383	870.384
5.32373	870.35	870.351
5.33567	870.317	870.317
5.34761	870.283	870.283
5.35954	870.249	870.249
5.37148	870.215	870.215
5.38342	870.18	870.18
5.39535	870.145	870.145
5.40729	870.11	870.11
5.41923	870.074	870.074
5.43116	870.038	870.038
5.4431	870.001	870.001
5.45504	869.964	869.965
5.46697	869.927	869.927
5.47891	869.89	869.89
5.49085	869.852	869.852
5.50278	869.813	869.813
5.51472	869.775	869.775
5.52666	869.735	869.736
5.53859	869.696	869.696
5.55053	869.656	869.656
5.56247	869.616	869.616
5.5744	869.575	869.576
5.58634	869.534	869.535
5.59828	869.493	869.493
5.61021	869.451	869.451
5.62215	869.409	869.409
5.63408	869.367	869.367
5.64602	869.324	869.324
5.65796	869.28	869.28
5.66989	869.236	869.237
5.68183	869.192	869.192
5.69377	869.148	869.148
5.7057	869.103	869.103
5.71764	869.057	869.057
5.72958	869.011	869.011
5.74151	868.965	868.965
5.75345	868.918	868.919
5.76539	868.871	868.871
5.77732	868.824	868.824
5.78926	868.776	868.776
5.8012	868.727	868.727
5.81313	868.678	868.679
5.82507	868.629	868.629
5.83701	868.579	868.58
5.84894	868.529	868.529
5.86088	868.479	868.479
5.87282	868.428	868.428
5.88475	868.376	868.376
5.89669	868.324	868.324
5.90863	868.272	868.272
5.92056	868.219	868.219
5.9325	868.165	868.165
5.94444	868.111	868.112
5.95637	868.057	868.057
5.96831	868.002	868.003
5.98025	867.947	867.947
5.99218	867.891	867.892
6.00412	867.835	867.835
6.01606	867.778	867.779
6.02799	867.721	867.721
6.03993	867.664	867.664
6.05187	867.605	867.606
6.0638	867.547	867.547
6.07574	867.488	867.488
6.08768	867.428	867.428
6.09961	867.368	867.368
6.11155	867.307	867.307
6.12349	867.246	867.246
6.13542	867.184	867.185
6.14736	867.122	867.122
6.1593	867.06	867.06
6.17123	866.996	866.997
6.18317	866.933	866.933
6.19511	866.868	866.869
6.20704	866.804	866.804
6.21898	866.738	866.738
6.23092	866.672	866.673
6.24285	866.606	866.606
6.25479	866.539	866.539
6.26673	866.472	866.472
6.27866	866.404	866.404
6.2906	866.335	866.335
6.30254	866.266	866.266
6.31447	866.197	866.197
6.32641	866.126	866.127
6.33835	866.056	866.056
6.35028	865.984	865.985
6.36222	865.913	865.913
6.37416	865.84	865.84
6.38609	865.767	865.767
6.39803	865.694	865.694
6.40997	865.619	865.62
6.4219	865.545	865.545
6.43384	865.47	865.47
6.44578	865.394	865.394
6.45771	865.317	865.318
6.46965	865.24	865.241
6.48159	865.163	865.163
6.49352	865.085	865.085
6.50546	865.006	865.006
6.51739	864.926	864.927
6.52933	864.846	864.847
6.54127	864.766	864.766
6.5532	864.685	864.685
6.56514	864.603	864.603
6.57708	864.521	864.521
6.58901	864.438	864.438
6.60095	864.354	864.354
6.61289	864.27	864.27
6.62482	864.185	864.185
6.63676	864.1	864.1
6.6487	864.013	864.014
6.66063	863.927	863.927
6.67257	863.839	863.84
6.68451	863.752	863.752
6.69644	863.663	863.663
6.70838	863.574	863.574
6.72032	863.484	863.484
6.73225	863.393	863.394
6.74419	863.302	863.303
6.75613	863.211	863.211
6.76806	863.118	863.118
6.78	863.025	863.025
6.79194	862.931	862.932
6.80387	862.837	862.837
6.81581	862.742	862.742
6.82775	862.646	862.646
6.83968	862.55	862.55
6.85162	862.453	862.453
6.86356	862.355	862.355
6.87549	862.257	862.257
6.88743	862.158	862.158
6.89937	862.058	862.058
6.9113	861.958	861.958
6.92324	861.857	861.857
6.93518	861.755	861.755
6.94711	861.652	861.653
6.95905	861.549	861.55
6.97099	861.446	861.446
6.98292	861.341	861.341
6.99486	861.236	861.236
7.0068	861.13	861.13
7.01873	861.023	861.024
7.03067	860.916	860.917
7.04261	860.808	860.809
7.05454	860.7	860.7
7.06648	860.59	860.59
7.07842	860.48	860.48
7.09035	860.369	860.37
7.10229	860.258	860.258
7.11423	860.146	860.146
7.12616	860.033	860.033
7.1381	859.919	859.919
7.15004	859.805	859.805
7.16197	859.69	859.69
7.17391	859.574	859.574
7.18585	859.457	859.457
7.19778	859.34	859.34
7.20972	859.222	859.222
7.22166	859.103	859.103
7.23359	858.984	858.984
7.24553	858.863	858.864
7.25747	858.742	858.743
7.2694	858.621	858.621
7.28134	858.498	858.499
7.29328	858.375	858.375
7.30521	858.251	858.252
7.31715	858.127	858.127
7.32909	858.001	858.001
7.34102	857.875	857.875
7.35296	857.748	857.748
7.36489	857.62	857.621
7.37683	857.492	857.492
7.38877	857.363	857.363
7.4007	857.233	857.233
7.41264	857.102	857.102
7.42458	856.97	856.971
7.43651	856.838	856.838
7.44845	856.705	856.705
7.46039	856.571	856.571
7.47232	856.437	856.437
7.48426	856.301	856.301
7.4962	856.165	856.165
7.50813	856.028	856.028
7.52007	855.89	855.891
7.53201	855.752	855.752
7.54394	855.613	855.613
7.55588	855.472	855.473
7.56782	855.332	855.332
7.57975	855.19	855.19
7.59169	855.048	855.048
7.60363	854.904	854.905
7.61556	854.76	854.761
7.6275	854.615	854.616
7.63944	854.47	854.47
7.65137	854.323	854.324
7.66331	854.176	854.177
7.67525	854.028	854.029
7.68718	853.879	853.88
7.69912	853.73	853.73
7.71106	853.579	853.58
7.72299	853.428	853.428
7.73493	853.276	853.276
7.74687	853.123	853.124
7.7588	852.97	852.97
7.77074	852.815	852.815
7.78268	852.66	852.66
7.79461	852.504	852.504
7.80655	852.347	852.347
7.81849	852.189	852.189
7.83042	852.031	852.031
7.84236	851.871	851.872
7.8543	851.711	851.711
7.86623	851.55	851.55
7.87817	851.388	851.389
7.89011	851.226	851.226
7.90204	851.062	851.062
7.91398	850.898	850.898
7.92592	850.733	850.733
7.93785	850.567	850.567
7.94979	850.4	850.4
7.96173	850.232	850.233
7.97366	850.064	850.064
7.9856	849.894	849.895
7.99754	849.724	849.725
8.00947	849.553	849.554
8.02141	849.382	849.382
8.03335	849.209	849.209
8.04528	849.035	849.036
8.05722	848.861	848.861
8.06916	848.686	848.686
8.08109	848.51	848.51
8.09303	848.333	848.334
8.10497	848.156	848.156
8.1169	847.977	847.977
8.12884	847.798	847.798
8.14078	847.617	847.618
8.15271	847.436	847.437
8.16465	847.255	847.255
8.17659	847.072	847.072
8.18852	846.888	846.889
8.20046	846.704	846.704
8.2124	846.519	846.519
8.22433	846.332	846.333
8.23627	846.145	846.146
8.2482	845.958	845.958
8.26014	845.769	845.769
8.27208	845.579	845.58
8.28401	845.389	845.389
8.29595	845.198	845.198
8.30789	845.006	845.006
8.31982	844.813	844.813
8.33176	844.619	844.619
8.3437	844.424	844.425
8.35563	844.229	844.229
8.36757	844.033	844.033
8.37951	843.836	843.836
8.39144	843.637	843.638
8.40338	843.439	843.439
8.41532	843.239	843.239
8.42725	843.038	843.039
8.43919	842.837	842.837
8.45113	842.634	842.635
8.46306	842.431	842.432
8.475	842.227	842.228
8.48694	842.022	842.023
8.49887	841.817	841.817
8.51081	841.61	841.61
8.52275	841.403	841.403
8.53468	841.194	841.195
8.54662	840.985	840.986
8.55856	840.775	840.776
8.57049	840.564	840.565
8.58243	840.353	840.353
8.59437	840.14	840.141
8.6063	839.927	839.927
8.61824	839.713	839.713
8.63018	839.497	839.498
8.64211	839.281	839.282
8.65405	839.065	839.065
8.66599	838.847	838.847
8.67792	838.628	838.629
8.68986	838.409	838.409
8.7018	838.189	838.189
8.71373	837.968	837.968
8.72567	837.746	837.746
8.73761	837.523	837.523
8.74954	837.299	837.3
8.76148	837.075	837.075
8.77342	836.849	836.85
8.78535	836.623	836.624
8.79729	836.396	836.397
8.80923	836.168	836.169
8.82116	835.94	835.94
8.8331	835.71	835.71
8.84504	835.48	835.48
8.85697	835.248	835.249
8.86891	835.016	835.017
8.88085	834.783	834.784
8.89278	834.549	834.55
8.90472	834.315	834.315
8.91666	834.079	834.08
8.92859	833.843	833.843
8.94053	833.606	833.606
8.95247	833.368	833.368
8.9644	833.129	833.129
8.97634	832.889	832.89
8.98828	832.649	832.649
9.00021	832.407	832.408
9.01215	832.165	832.165
9.02409	831.922	831.922
9.03602	831.678	831.679
9.04796	831.434	831.434
9.0599	831.188	831.188
9.07183	830.942	830.942
9.08377	830.694	830.695
9.0957	830.446	830.447
9.10764	830.198	830.198
9.11958	829.948	829.948
9.13151	829.697	829.698
9.14345	829.446	829.446
9.15539	829.194	829.194
9.16732	828.941	828.941
9.17926	828.687	828.687
9.1912	828.432	828.433
9.20313	828.177	828.177
9.21507	827.921	827.921
9.22701	827.664	827.664
9.23894	827.406	827.406
9.25088	827.147	827.147
9.26282	826.888	826.888
9.27475	826.627	826.628
9.28669	826.366	826.367
9.29863	826.104	826.105
9.31056	825.842	825.842
9.3225	825.578	825.578
9.33444	825.314	825.314
9.34637	825.048	825.049
9.35831	824.782	824.783
9.37025	824.516	824.516
9.38218	824.248	824.248
9.39412	823.98	823.98
9.40606	823.711	823.711
9.41799	823.441	823.441
9.42993	823.17	823.17
9.44187	822.899	822.899
9.4538	822.626	822.627
9.46574	822.353	822.353
9.47768	822.079	822.08
9.48961	821.805	821.805
9.50155	821.529	821.529
9.51349	821.253	821.253
9.52542	820.976	820.976
9.53736	820.698	820.698
9.5493	820.42	820.42
9.56123	820.14	820.141
9.57317	819.86	819.86
9.58511	819.579	819.58
9.59704	819.298	819.298
9.60898	819.015	819.016
9.62092	818.732	818.732
9.63285	818.448	818.448
9.64479	818.164	818.164
9.65673	817.878	817.878
9.66866	817.592	817.592
9.6806	817.305	817.305
9.69254	817.017	817.018
9.70447	816.729	816.729
9.71641	816.44	816.44
9.72835	816.15	816.15
9.74028	815.859	815.859
9.75222	815.568	815.568
9.76416	815.275	815.276
9.77609	814.982	814.983
9.78803	814.689	814.689
9.79997	814.394	814.395
9.8119	814.099	814.1
9.82384	813.804	813.804
9.83578	813.507	813.507
9.84771	813.21	813.21
9.85965	812.912	812.912
9.87159	812.613	812.613
9.88352	812.314	812.314
9.89546	812.013	812.014
9.9074	811.713	811.713
9.91933	811.411	811.411
9.93127	811.109	811.109
9.94321	810.806	810.806
9.95514	810.502	810.502
9.96708	810.198	810.198
9.97901	809.893	809.893
9.99095	809.587	809.587
10.0029	809.28	809.281
10.0148	808.973	808.973
10.0268	808.665	808.665
10.0387	808.357	808.357
10.0506	808.047	808.048
10.0626	807.737	807.738
10.0745	807.427	807.427
10.0864	807.116	807.116
10.0984	806.804	806.804
10.1103	806.491	806.491
10.1223	806.178	806.178
10.1342	805.864	805.864
10.1461	805.549	805.549
10.1581	805.234	805.234
10.17	804.918	804.918
10.1819	804.601	804.602
10.1939	804.284	804.284
10.2058	803.966	803.966
10.2177	803.648	803.648
10.2297	803.328	803.329
10.2416	803.009	803.009
10.2536	802.688	802.688
10.2655	802.367	802.367
10.2774	802.045	802.045
10.2894	801.723	801.723
10.3013	801.4	801.4
10.3132	801.076	801.076
10.3252	800.752	800.752
10.3371	800.427	800.427
10.3491	800.101	800.102
10.361	799.775	799.775
10.3729	799.448	799.449
10.3849	799.121	799.121
10.3968	798.793	798.793
10.4087	798.464	798.465
10.4207	798.135	798.135
10.4326	797.805	797.806
10.4445	797.475	797.475
10.4565	797.144	797.144
10.4684	796.812	796.813
10.4804	796.48	796.481
10.4923	796.148	796.148
10.5042	795.814	795.814
10.5162	795.48	795.481
10.5281	795.146	795.146
10.54	794.811	794.811
10.552	794.475	794.475
10.5639	794.139	794.139
10.5758	793.802	793.802
10.5878	793.465	793.465
10.5997	793.127	793.127
10.6117	792.788	792.789
10.6236	792.449	792.449
10.6355	792.11	792.11
10.6475	791.77	791.77
10.6594	791.429	791.429
10.6713	791.088	791.088
10.6833	790.746	790.746
10.6952	790.404	790.404
10.7071	790.061	790.061
10.7191	789.717	789.718
10.731	789.373	789.374
10.743	789.029	789.029
10.7549	788.684	788.684
10.7668	788.339	788.339
10.7788	787.993	787.993
10.7907	787.646	787.646
10.8026	787.299	787.299
10.8146	786.951	786.952
10.8265	786.603	786.604
10.8385	786.255	786.255
10.8504	785.906	785.906
10.8623	785.556	785.556
10.8743	785.206	785.206
10.8862	784.856	784.856
10.8981	784.505	784.505
10.9101	784.153	784.153
10.922	783.801	783.801
10.9339	783.449	783.449
10.9459	783.096	783.096
10.9578	782.742	782.743
10.9698	782.388	782.389
10.9817	782.034	782.034
10.9936	781.679	781.679
11.0056	781.324	781.324
11.0175	780.968	780.968
11.0294	780.612	780.612
11.0414	780.255	780.256
11.0533	779.898	779.898
11.0652	779.541	779.541
11.0772	779.183	779.183
11.0891	778.824	778.824
11.1011	778.465	778.465
11.113	778.106	778.106
11.1249	777.746	777.746
11.1369	777.386	777.386
11.1488	777.025	777.026
11.1607	776.664	776.665
11.1727	776.303	776.303
11.1846	775.941	775.941
11.1966	775.579	775.579
11.2085	775.216	775.216
11.2204	774.853	774.853
11.2324	774.489	774.49
11.2443	774.125	774.126
11.2562	773.761	773.761
11.2682	773.396	773.397
11.2801	773.031	773.031
11.292	772.666	772.666
11.304	772.3	772.3
11.3159	771.934	771.934
11.3279	771.567	771.567
11.3398	771.2	771.2
11.3517	770.832	770.832
11.3637	770.465	770.465
11.3756	770.096	770.096
11.3875	769.728	769.728
11.3995	769.359	769.359
11.4114	768.99	768.99
11.4233	768.62	768.62
11.4353	768.25	768.25
11.4472	767.88	767.88
11.4592	767.509	767.509
11.4711	767.138	767.138
11.483	766.766	766.767
11.495	766.395	766.395
11.5069	766.023	766.023
11.5188	765.65	765.65
11.5308	765.277	765.277
11.5427	764.904	764.904
11.5546	764.531	764.531
11.5666	764.157	764.157
11.5785	763.783	763.783
11.5905	763.409	763.409
11.6024	763.034	763.034
11.6143	762.659	762.659
11.6263	762.284	762.284
11.6382	761.908	761.908
11.6501	761.532	761.532
11.6621	761.156	761.156
11.674	760.779	760.779
11.686	760.402	760.402
11.6979	760.025	760.025
11.7098	759.648	759.648
11.7218	759.27	759.27
11.7337	758.892	758.892
11.7456	758.513	758.514
11.7576	758.135	758.135
11.7695	757.756	757.756
11.7814	757.377	757.377
11.7934	756.997	756.997
11.8053	756.618	756.618
11.8173	756.238	756.238
11.8292	755.857	755.858
11.8411	755.477	755.477
11.8531	755.096	755.096
11.865	754.715	754.715
11.8769	754.334	754.334
11.8889	753.952	753.952
11.9008	753.571	753.571
11.9127	753.188	753.189
11.9247	752.806	752.806
11.9366	752.424	752.424
11.9486	752.041	752.041
11.9605	751.658	751.658
11.9724	751.275	751.275
11.9844	750.891	750.891
11.9963	750.507	750.508
12.0082	750.124	750.124
12.0202	749.739	749.739
12.0321	749.355	749.355
12.0441	748.97	748.97
12.056	748.586	748.586
12.0679	748.2	748.201
12.0799	747.815	747.815
12.0918	747.43	747.43
12.1037	747.044	747.044
12.1157	746.658	746.658
12.1276	746.272	746.272
12.1395	745.886	745.886
12.1515	745.499	745.499
12.1634	745.113	745.113
12.1754	744.726	744.726
12.1873	744.339	744.339
12.1992	743.951	743.952
12.2112	743.564	743.564
12.2231	743.176	743.176
12.235	742.789	742.789
12.247	742.401	742.401
12.2589	742.012	742.012
12.2708	741.624	741.624
12.2828	741.236	741.236
12.2947	740.847	740.847
12.3067	740.458	740.458
12.3186	740.069	740.069
12.3305	739.68	739.68
12.3425	739.29	739.29
12.3544	738.901	738.901
12.3663	738.511	738.511
12.3783	738.121	738.121
12.3902	737.731	737.731
12.4021	737.341	737.341
12.4141	736.951	736.951
12.426	736.561	736.561
12.438	736.17	736.17
12.4499	735.779	735.779
12.4618	735.388	735.388
12.4738	734.997	734.997
12.4857	734.606	734.606
12.4976	734.215	734.215
12.5096	733.824	733.824
12.5215	733.432	733.432
12.5335	733.04	733.04
12.5454	732.649	732.649
12.5573	732.257	732.257
12.5693	731.865	731.865
12.5812	731.472	731.472
12.5931	731.08	731.08
12.6051	730.688	730.688
12.617	730.295	730.295
12.6289	729.903	729.903
12.6409	729.51	729.51
12.6528	729.117	729.117
12.6648	728.724	728.724
12.6767	728.331	728.331
12.6886	727.938	727.938
12.7006	727.545	727.545
12.7125	727.151	727.151
12.7244	726.758	726.758
12.7364	726.364	726.364
12.7483	725.971	725.971
12.7602	725.577	725.577
12.7722	725.183	725.183
12.7841	724.789	724.789
12.7961	724.395	724.395
12.808	724.001	724.001
12.8199	723.607	723.607
12.8319	723.212	723.212
12.8438	722.818	722.818
12.8557	722.424	722.424
12.8677	722.029	722.029
12.8796	721.635	721.635
12.8916	721.24	721.24
12.9035	720.845	720.845
12.9154	720.45	720.45
12.9274	720.055	720.056
12.9393	719.661	719.661
12.9512	719.266	719.266
12.9632	718.87	718.871
12.9751	718.475	718.475
12.987	718.08	718.08
12.999	717.685	717.685
13.0109	717.29	717.29
13.0229	716.894	716.894
13.0348	716.499	716.499
13.0467	716.103	716.103
13.0587	715.708	715.708
13.0706	715.312	715.312
13.0825	714.917	714.917
13.0945	714.521	714.521
13.1064	714.125	714.125
13.1183	713.729	713.729
13.1303	713.334	713.334
13.1422	712.938	712.938
13.1542	712.542	712.542
13.1661	712.146	712.146
13.178	711.75	711.75
13.19	711.354	711.354
13.2019	710.958	710.958
13.2138	710.562	710.562
13.2258	710.166	710.166
13.2377	709.769	709.769
13.2496	709.373	709.373
13.2616	708.977	708.977
13.2735	708.581	708.581
13.2855	708.184	708.184
13.2974	707.788	707.788
13.3093	707.392	707.392
13.3213	706.995	706.995
13.3332	706.599	706.599
13.3451	706.203	706.203
13.3571	705.806	705.806
13.369	705.41	705.41
13.381	705.013	705.013
13.3929	704.617	704.617
13.4048	704.22	704.22
13.4168	703.824	703.824
13.4287	703.427	703.427
13.4406	703.031	703.031
13.4526	702.634	702.634
13.4645	702.238	702.238
13.4764	701.841	701.841
13.4884	701.445	701.445
13.5003	701.048	701.048
13.5123	700.651	700.651
13.5242	700.255	700.255
13.5361	699.858	699.858
13.5481	699.462	699.462
13.56	699.065	699.065
13.5719	698.668	698.668
13.5839	698.272	698.272
13.5958	697.875	697.875
13.6077	697.479	697.479
13.6197	697.082	697.082
13.6316	696.685	696.685
13.6436	696.289	696.289
13.6555	695.892	695.892
13.6674	695.496	695.496
13.6794	695.099	695.099
13.6913	694.702	694.702
13.7032	694.306	694.306
13.7152	693.909	693.909
13.7271	693.513	693.513
13.7391	693.116	693.116
13.751	692.72	692.72
13.7629	692.323	692.323
13.7749	691.927	691.927
13.7868	691.53	691.53
13.7987	691.134	691.134
13.8107	690.737	690.737
13.8226	690.341	690.341
13.8345	689.944	689.944
13.8465	689.548	689.548
13.8584	689.152	689.151
13.8704	688.755	688.755
13.8823	688.359	688.359
13.8942	687.962	687.962
13.9062	687.566	687.566
13.9181	687.17	687.17
13.93	686.773	686.773
13.942	686.377	686.377
13.9539	685.981	685.981
13.9658	685.585	685.585
13.9778	685.188	685.188
13.9897	684.792	684.792
14.0017	684.396	684.396
14.0136	684	684
14.0255	683.604	683.604
14.0375	683.208	683.208
14.0494	682.812	682.812
14.0613	682.416	682.416
14.0733	682.02	682.02
14.0852	681.624	681.624
14.0971	681.228	681.228
14.1091	680.832	680.832
14.121	680.436	680.436
14.133	680.04	680.04
14.1449	679.644	679.644
14.1568	679.249	679.248
14.1688	678.853	678.853
14.1807	678.457	678.457
14.1926	678.061	678.061
14.2046	677.666	677.666
14.2165	677.27	677.27
14.2285	676.874	676.874
14.2404	676.479	676.479
14.2523	676.083	676.083
14.2643	675.688	675.688
14.2762	675.292	675.292
14.2881	674.897	674.897
14.3001	674.501	674.501
14.312	674.106	674.106
14.3239	673.711	673.711
14.3359	673.315	673.315
14.3478	672.92	672.92
14.3598	672.525	672.525
14.3717	672.13	672.13
14.3836	671.734	671.734
14.3956	671.339	671.339
14.4075	670.944	670.944
14.4194	670.549	670.549
14.4314	670.154	670.154
14.4433	669.759	669.759
14.4552	669.364	669.364
14.4672	668.969	668.969
14.4791	668.574	668.574
14.4911	668.18	668.18
14.503	667.785	667.785
14.5149	667.39	667.39
14.5269	666.995	666.995
14.5388	666.601	666.601
14.5507	666.206	666.206
14.5627	665.812	665.812
14.5746	665.417	665.417
14.5866	665.022	665.022
14.5985	664.628	664.628
14.6104	664.234	664.234
14.6224	663.839	663.839
14.6343	663.445	663.445
14.6462	663.05	663.05
14.6582	662.656	662.656
14.6701	662.262	662.262
14.682	661.868	661.868
14.694	661.474	661.474
14.7059	661.08	661.08
14.7179	660.685	660.685
14.7298	660.291	660.291
14.7417	659.897	659.897
14.7537	659.503	659.503
14.7656	659.11	659.11
14.7775	658.716	658.716
14.7895	658.322	658.322
14.8014	657.928	657.928
14.8133	657.534	657.534
14.8253	657.141	657.141
14.8372	656.747	656.747
14.8492	656.353	656.353
14.8611	655.96	655.96
14.873	655.566	655.566
14.885	655.173	655.173
14.8969	654.779	654.779
14.9088	654.386	654.386
14.9208	653.993	653.993
14.9327	653.599	653.599
14.9446	653.206	653.206
14.9566	652.813	652.813
14.9685	652.419	652.419
14.9805	652.026	652.026
14.9924	651.633	651.633
15.0043	651.24	651.24
15.0163	650.847	650.847
15.0282	650.454	650.454
15.0401	650.061	650.061
15.0521	649.668	649.668
15.064	649.275	649.275
15.076	648.882	648.882
15.0879	648.49	648.49
15.0998	648.097	648.097
15.1118	647.704	647.704
15.1237	647.311	647.311
15.1356	646.919	646.919
15.1476	646.526	646.526
15.1595	646.134	646.134
15.1714	645.741	645.741
15.1834	645.349	645.349
15.1953	644.956	644.956
15.2073	644.564	644.564
15.2192	644.171	644.171
15.2311	643.779	643.779
15.2431	643.387	643.387
15.255	642.994	642.994
15.2669	642.602	642.602
15.2789	642.21	642.21
15.2908	641.818	641.818
15.3027	641.426	641.426
15.3147	641.034	641.034
15.3266	640.642	640.642
15.3386	640.25	640.25
15.3505	639.858	639.858
15.3624	639.466	639.466
15.3744	639.074	639.074
15.3863	638.682	638.682
15.3982	638.29	638.29
15.4102	637.899	637.899
15.4221	637.507	637.507
15.4341	637.115	637.115
15.446	636.724	636.723
15.4579	636.332	636.332
15.4699	635.94	635.94
15.4818	635.549	635.549
15.4937	635.157	635.157
15.5057	634.766	634.766
15.5176	634.374	634.374
15.5295	633.983	633.983
15.5415	633.592	633.592
15.5534	633.2	633.2
15.5654	632.809	632.809
15.5773	632.418	632.418
15.5892	632.026	632.026
15.6012	631.635	631.635
15.6131	631.244	631.244
15.625	630.853	630.853
15.637	630.462	630.462
15.6489	630.071	630.071
15.6608	629.68	629.68
15.6728	629.289	629.289
15.6847	628.898	628.898
15.6967	628.507	628.507
15.7086	628.116	628.116
15.7205	627.725	627.725
15.7325	627.334	627.334
15.7444	626.943	626.943
15.7563	626.552	626.552
15.7683	626.162	626.162
15.7802	625.771	625.771
15.7921	625.38	625.38
15.8041	624.99	624.99
15.816	624.599	624.599
15.828	624.208	624.208
15.8399	623.818	623.818
15.8518	623.427	623.427
15.8638	623.037	623.037
15.8757	622.646	622.646
15.8876	622.256	622.256
15.8996	621.865	621.865
15.9115	621.475	621.475
15.9235	621.085	621.085
15.9354	620.694	620.694
15.9473	620.304	620.304
15.9593	619.914	619.914
15.9712	619.523	619.523
15.9831	619.133	619.133
15.9951	618.743	618.743
16.007	618.353	618.353
16.0189	617.963	617.963
16.0309	617.573	617.573
16.0428	617.182	617.182
16.0548	616.792	616.792
16.0667	616.402	616.402
16.0786	616.012	616.012
16.0906	615.622	615.622
16.1025	615.232	615.232
16.1144	614.842	614.842
16.1264	614.452	614.452
16.1383	614.063	614.063
16.1502	613.673	613.673
16.1622	613.283	613.283
16.1741	612.893	612.893
16.1861	612.503	612.503
16.198	612.113	612.113
16.2099	611.724	611.724
16.2219	611.334	611.334
16.2338	610.944	610.944
16.2457	610.554	610.554
16.2577	610.165	610.165
16.2696	609.775	609.775
16.2816	609.386	609.386
16.2935	608.996	608.996
16.3054	608.606	608.606
16.3174	608.217	608.217
16.3293	607.827	607.827
16.3412	607.438	607.438
16.3532	607.048	607.048
16.3651	606.659	606.659
16.377	606.269	606.269
16.389	605.88	605.88
16.4009	605.49	605.49
16.4129	605.101	605.101
16.4248	604.712	604.712
16.4367	604.322	604.322
16.4487	603.933	603.933
16.4606	603.544	603.544
16.4725	603.154	603.154
16.4845	602.765	602.765
16.4964	602.376	602.376
16.5083	601.987	601.987
16.5203	601.597	601.597
16.5322	601.208	601.208
16.5442	600.819	600.819
16.5561	600.43	600.43
16.568	600.041	600.041
16.58	599.651	599.651
16.5919	599.262	599.262
16.6038	598.873	598.873
16.6158	598.484	598.484
16.6277	598.095	598.095
16.6396	597.706	597.706
16.6516	597.317	597.317
16.6635	596.928	596.928
16.6755	596.539	596.539
16.6874	596.15	596.15
16.6993	595.761	595.761
16.7113	595.372	595.372
16.7232	594.983	594.983
16.7351	594.594	594.594
16.7471	594.205	594.205
16.759	593.816	593.816
16.771	593.427	593.427
16.7829	593.039	593.039
16.7948	592.65	592.65
16.8068	592.261	592.261
16.8187	591.872	591.872
16.8306	591.483	591.483
16.8426	591.094	591.094
16.8545	590.706	590.706
16.8664	590.317	590.317
16.8784	589.928	589.928
16.8903	589.539	589.539
16.9023	589.151	589.151
16.9142	588.762	588.762
16.9261	588.373	588.373
16.9381	587.985	587.985
16.95	587.596	587.596
16.9619	587.207	587.207
16.9739	586.819	586.819
16.9858	586.43	586.43
16.9977	586.041	586.041
17.0097	585.653	585.653
17.0216	585.264	585.264
17.0336	584.876	584.876
17.0455	584.487	584.487
17.0574	584.099	584.099
17.0694	583.71	583.71
17.0813	583.322	583.322
17.0932	582.933	582.933
17.1052	582.545	582.545
17.1171	582.156	582.156
17.1291	581.768	581.768
17.141	581.379	581.379
17.1529	580.991	580.991
17.1649	580.602	580.602
17.1768	580.214	580.214
17.1887	579.825	579.825
17.2007	579.437	579.437
17.2126	579.049	579.049
17.2245	578.66	578.66
17.2365	578.272	578.272
17.2484	577.884	577.884
17.2604	577.495	577.495
17.2723	577.107	577.107
17.2842	576.719	576.719
17.2962	576.33	576.33
17.3081	575.942	575.942
17.32	575.554	575.554
17.332	575.166	575.166
17.3439	574.777	574.777
17.3558	574.389	574.389
17.3678	574.001	574.001
17.3797	573.613	573.613
17.3917	573.224	573.224
17.4036	572.836	572.836
17.4155	572.448	572.448
17.4275	572.06	572.06
17.4394	571.672	571.672
17.4513	571.284	571.284
17.4633	570.896	570.896
17.4752	570.507	570.507
17.4871	570.119	570.119
17.4991	569.731	569.731
17.511	569.343	569.343
17.523	568.955	568.955
17.5349	568.567	568.567
17.5468	568.179	568.179
17.5588	567.791	567.791
17.5707	567.403	567.403
17.5826	567.015	567.015
17.5946	566.627	566.627
17.6065	566.239	566.239
17.6185	565.851	565.851
17.6304	565.463	565.463
17.6423	565.075	565.075
17.6543	564.687	564.687
17.6662	564.3	564.3
17.6781	563.912	563.912
17.6901	563.524	563.524
17.702	563.136	563.136
17.7139	562.748	562.748
17.7259	562.36	562.36
17.7378	561.973	561.973
17.7498	561.585	561.585
17.7617	561.197	561.197
17.7736	560.809	560.809
17.7856	560.422	560.422
17.7975	560.034	560.034
17.8094	559.646	559.646
17.8214	559.258	559.258
17.8333	558.871	558.871
17.8452	558.483	558.483
17.8572	558.095	558.095
17.8691	557.708	557.708
17.8811	557.32	557.32
17.893	556.933	556.933
17.9049	556.545	556.545
17.9169	556.157	556.157
17.9288	555.77	555.77
17.9407	555.382	555.382
17.9527	554.995	554.995
17.9646	554.607	554.607
17.9766	554.22	554.22
17.9885	553.832	553.832
18.0004	553.445	553.445
18.0124	553.058	553.058
18.0243	552.67	552.67
18.0362	552.283	552.283
18.0482	551.895	551.895
18.0601	551.508	551.508
18.072	551.121	551.121
18.084	550.734	550.733
18.0959	550.346	550.346
18.1079	549.959	549.959
18.1198	549.572	549.572
18.1317	549.185	549.185
18.1437	548.797	548.797
18.1556	548.41	548.41
18.1675	548.023	548.023
18.1795	547.636	547.636
18.1914	547.249	547.249
18.2033	546.862	546.862
18.2153	546.475	546.475
18.2272	546.088	546.088
18.2392	545.701	545.701
18.2511	545.314	545.314
18.263	544.927	544.927
18.275	544.54	544.54
18.2869	544.153	544.153
18.2988	543.766	543.766
18.3108	543.379	543.379
18.3227	542.992	542.992
18.3346	542.605	542.605
18.3466	542.219	542.219
18.3585	541.832	541.832
18.3705	541.445	541.445
18.3824	541.058	541.058
18.3943	540.672	540.672
18.4063	540.285	540.285
18.4182	539.898	539.898
18.4301	539.512	539.512
18.4421	539.125	539.125
18.454	538.739	538.739
18.466	538.352	538.352
18.4779	537.966	537.966
18.4898	537.579	537.579
18.5018	537.193	537.193
18.5137	536.806	536.806
18.5256	536.42	536.42
18.5376	536.034	536.034
18.5495	535.647	535.647
18.5614	535.261	535.261
18.5734	534.875	534.875
18.5853	534.489	534.489
18.5973	534.103	534.103
18.6092	533.717	533.717
18.6211	533.33	533.33
18.6331	532.944	532.944
18.645	532.558	532.558
18.6569	532.172	532.172
18.6689	531.786	531.786
18.6808	531.401	531.401
18.6927	531.015	531.015
18.7047	530.629	530.629
18.7166	530.243	530.243
18.7286	529.857	529.857
18.7405	529.472	529.472
18.7524	529.086	529.086
18.7644	528.7	528.7
18.7763	528.315	528.315
18.7882	527.929	527.929
18.8002	527.544	527.544
18.8121	527.158	527.158
18.8241	526.773	526.773
18.836	526.387	526.387
18.8479	526.002	526.002
18.8599	525.617	525.617
18.8718	525.231	525.231
18.8837	524.846	524.846
18.8957	524.461	524.461
18.9076	524.076	524.076
18.9195	523.691	523.691
18.9315	523.306	523.306
18.9434	522.921	522.921
18.9554	522.536	522.536
18.9673	522.151	522.151
18.9792	521.766	521.766
18.9912	521.381	521.381
19.0031	520.997	520.997
19.015	520.612	520.612
19.027	520.227	520.227
19.0389	519.843	519.843
19.0508	519.458	519.458
19.0628	519.074	519.074
19.0747	518.689	518.689
19.0867	518.305	518.305
19.0986	517.921	517.921
19.1105	517.536	517.536
19.1225	517.152	517.152
19.1344	516.768	516.768
19.1463	516.384	516.384
19.1583	516	516
19.1702	515.616	515.616
19.1821	515.232	515.232
19.1941	514.848	514.848
19.206	514.464	514.464
19.218	514.08	514.08
19.2299	513.697	513.697
19.2418	513.313	513.313
19.2538	512.93	512.93
19.2657	512.546	512.546
19.2776	512.163	512.163
19.2896	511.779	511.779
19.3015	511.396	511.396
19.3135	511.013	511.013
19.3254	510.63	510.63
19.3373	510.246	510.246
19.3493	509.863	509.863
19.3612	509.48	509.48
19.3731	509.098	509.097
19.3851	508.715	508.715
19.397	508.332	508.332
19.4089	507.949	507.949
19.4209	507.567	507.567
19.4328	507.184	507.184
19.4448	506.802	506.802
19.4567	506.419	506.419
19.4686	506.037	506.037
19.4806	505.655	505.655
19.4925	505.272	505.272
19.5044	504.89	504.89
19.5164	504.508	504.508
19.5283	504.126	504.126
19.5402	503.744	503.744
19.5522	503.363	503.363
19.5641	502.981	502.981
19.5761	502.599	502.599
19.588	502.218	502.218
19.5999	501.836	501.836
19.6119	501.455	501.455
19.6238	501.073	501.073
19.6357	500.692	500.692
19.6477	500.311	500.311
19.6596	499.93	499.93
19.6716	499.549	499.549
19.6835	499.168	499.168
19.6954	498.787	498.787
19.7074	498.407	498.407
19.7193	498.026	498.026
19.7312	497.646	497.645
19.7432	497.265	497.265
19.7551	496.885	496.885
19.767	496.504	496.504
19.779	496.124	496.124
19.7909	495.744	495.744
19.8029	495.364	495.364
19.8148	494.984	494.984
19.8267	494.605	494.605
19.8387	494.225	494.225
19.8506	493.845	493.845
19.8625	493.466	493.466
19.8745	493.086	493.086
19.8864	492.707	492.707
19.8983	492.328	492.328
19.9103	491.949	491.949
19.9222	491.57	491.57
19.9342	491.191	491.191
19.9461	490.812	490.812
19.958	490.434	490.433
19.97	490.055	490.055
19.9819	489.677	489.676
19.9938	489.298	489.298
20.0058	488.92	488.92
20.0177	488.542	488.542
20.0296	488.164	488.164
20.0416	487.786	487.786
20.0535	487.408	487.408
20.0655	487.03	487.03
20.0774	486.653	486.653
20.0893	486.275	486.275
20.1013	485.898	485.898
20.1132	485.521	485.521
20.1251	485.144	485.144
20.1371	484.767	484.767
20.149	484.39	484.39
20.161	484.013	484.013
20.1729	483.636	483.636
20.1848	483.26	483.26
20.1968	482.884	482.883
20.2087	482.507	482.507
20.2206	482.131	482.131
20.2326	481.755	481.755
20.2445	481.379	481.379
20.2564	481.003	481.003
20.2684	480.628	480.628
20.2803	480.252	480.252
20.2923	479.877	479.877
20.3042	479.502	479.502
20.3161	479.127	479.127
20.3281	478.752	478.752
20.34	478.377	478.377
20.3519	478.002	478.002
20.3639	477.628	477.627
20.3758	477.253	477.253
20.3877	476.879	476.879
20.3997	476.505	476.505
20.4116	476.131	476.131
20.4236	475.757	475.757
20.4355	475.383	475.383
20.4474	475.009	475.009
20.4594	474.636	474.636
20.4713	474.263	474.263
20.4832	473.89	473.889
20.4952	473.516	473.516
20.5071	473.144	473.144
20.5191	472.771	472.771
20.531	472.398	472.398
20.5429	472.026	472.026
20.5549	471.654	471.654
20.5668	471.282	471.282
20.5787	470.91	470.91
20.5907	470.538	470.538
20.6026	470.166	470.166
20.6145	469.795	469.795
20.6265	469.423	469.423
20.6384	469.052	469.052
20.6504	468.681	468.681
20.6623	468.31	468.31
20.6742	467.94	467.94
20.6862	467.569	467.569
20.6981	467.199	467.199
20.71	466.829	466.828
20.722	466.459	466.458
20.7339	466.089	466.089
20.7458	465.719	465.719
20.7578	465.349	465.349
20.7697	464.98	464.98
20.7817	464.611	464.611
20.7936	464.242	464.242
20.8055	463.873	463.873
20.8175	463.504	463.504
20.8294	463.136	463.136
20.8413	462.768	462.768
20.8533	462.399	462.399
20.8652	462.032	462.031
20.8771	461.664	461.664
20.8891	461.296	461.296
20.901	460.929	460.929
20.913	460.562	460.561
20.9249	460.195	460.194
20.9368	459.828	459.828
20.9488	459.461	459.461
20.9607	459.095	459.094
20.9726	458.728	458.728
20.9846	458.362	458.362
20.9965	457.996	457.996
21.0085	457.63	457.63
21.0204	457.265	457.265
21.0323	456.9	456.9
21.0443	456.535	456.534
21.0562	456.17	456.17
21.0681	455.805	455.805
21.0801	455.44	455.44
21.092	455.076	455.076
21.1039	454.712	454.712
21.1159	454.348	454.348
21.1278	453.984	453.984
21.1398	453.621	453.621
21.1517	453.257	453.257
21.1636	452.894	452.894
21.1756	452.531	452.531
21.1875	452.169	452.169
21.1994	451.806	451.806
21.2114	451.444	451.444
21.2233	451.082	451.082
21.2352	450.72	450.72
21.2472	450.358	450.358
21.2591	449.997	449.997
21.2711	449.636	449.636
21.283	449.275	449.275
21.2949	448.914	448.914
21.3069	448.553	448.553
21.3188	448.193	448.193
21.3307	447.833	447.833
21.3427	447.473	447.473
21.3546	447.114	447.113
21.3666	446.754	446.754
21.3785	446.395	446.395
21.3904	446.036	446.036
21.4024	445.677	445.677
21.4143	445.319	445.319
21.4262	444.96	444.96
21.4382	444.602	444.602
21.4501	444.245	444.245
21.462	443.887	443.887
21.474	443.53	443.53
21.4859	443.173	443.173
21.4979	442.816	442.816
21.5098	442.459	442.459
21.5217	442.103	442.103
21.5337	441.747	441.747
21.5456	441.391	441.391
21.5575	441.035	441.035
21.5695	440.68	440.68
21.5814	440.325	440.325
21.5933	439.97	439.97
21.6053	439.615	439.615
21.6172	439.261	439.261
21.6292	438.907	438.907
21.6411	438.553	438.553
21.653	438.199	438.199
21.665	437.846	437.846
21.6769	437.493	437.493
21.6888	437.14	437.14
21.7008	436.788	436.787
21.7127	436.435	436.435
21.7246	436.083	436.083
21.7366	435.731	435.731
21.7485	435.38	435.38
21.7605	435.029	435.029
21.7724	434.678	434.678
21.7843	434.327	434.327
21.7963	433.976	433.976
21.8082	433.626	433.626
21.8201	433.276	433.276
21.8321	432.927	432.927
21.844	432.577	432.577
21.856	432.228	432.228
21.8679	431.88	431.88
21.8798	431.531	431.531
21.8918	431.183	431.183
21.9037	430.835	430.835
21.9156	430.487	430.487
21.9276	430.14	430.14
21.9395	429.793	429.793
21.9514	429.446	429.446
21.9634	429.099	429.099
21.9753	428.753	428.753
21.9873	428.407	428.407
21.9992	428.062	428.062
22.0111	427.716	427.716
22.0231	427.371	427.371
22.035	427.026	427.026
22.0469	426.682	426.682
22.0589	426.338	426.338
22.0708	425.994	425.994
22.0827	425.65	425.65
22.0947	425.307	425.307
22.1066	424.964	424.964
22.1186	424.622	424.621
22.1305	424.279	424.279
22.1424	423.937	423.937
22.1544	423.595	423.595
22.1663	423.254	423.254
22.1782	422.913	422.913
22.1902	422.572	422.572
22.2021	422.232	422.231
22.2141	421.891	421.891
22.226	421.551	421.551
22.2379	421.212	421.212
22.2499	420.873	420.873
22.2618	420.534	420.534
22.2737	420.195	420.195
22.2857	419.857	419.857
22.2976	419.519	419.519
22.3095	419.181	419.181
22.3215	418.844	418.844
22.3334	418.507	418.507
22.3454	418.17	418.17
22.3573	417.834	417.834
22.3692	417.498	417.498
22.3812	417.163	417.162
22.3931	416.827	416.827
22.405	416.492	416.492
22.417	416.158	416.157
22.4289	415.823	415.823
22.4408	415.489	415.489
22.4528	415.156	415.156
22.4647	414.822	414.822
22.4767	414.489	414.489
22.4886	414.157	414.157
22.5005	413.825	413.824
22.5125	413.493	413.493
22.5244	413.161	413.161
22.5363	412.83	412.83
22.5483	412.499	412.499
22.5602	412.169	412.168
22.5721	411.838	411.838
22.5841	411.509	411.508
22.596	411.179	411.179
22.608	410.85	410.85
22.6199	410.521	410.521
22.6318	410.193	410.193
22.6438	409.865	409.865
22.6557	409.537	409.537
22.6676	409.21	409.21
22.6796	408.883	408.883
22.6915	408.556	408.556
22.7035	408.23	408.23
22.7154	407.904	407.904
22.7273	407.579	407.579
22.7393	407.254	407.254
22.7512	406.929	406.929
22.7631	406.605	406.604
22.7751	406.281	406.28
22.787	405.957	405.957
22.7989	405.634	405.634
22.8109	405.311	405.311
22.8228	404.988	404.988
22.8348	404.666	404.666
22.8467	404.345	404.344
22.8586	404.023	404.023
22.8706	403.702	403.702
22.8825	403.382	403.381
22.8944	403.061	403.061
22.9064	402.742	402.741
22.9183	402.422	402.422
22.9302	402.103	402.103
22.9422	401.784	401.784
22.9541	401.466	401.466
22.9661	401.148	401.148
22.978	400.831	400.831
22.9899	400.514	400.514
23.0019	400.197	400.197
23.0138	399.881	399.881
23.0257	399.565	399.565
23.0377	399.249	399.249
23.0496	398.934	398.934
23.0616	398.62	398.62
23.0735	398.305	398.305
23.0854	397.992	397.991
23.0974	397.678	397.678
23.1093	397.365	397.365
23.1212	397.052	397.052
23.1332	396.74	396.74
23.1451	396.428	396.428
23.157	396.117	396.117
23.169	395.806	395.806
23.1809	395.495	395.495
23.1929	395.185	395.185
23.2048	394.875	394.875
23.2167	394.566	394.566
23.2287	394.257	394.257
23.2406	393.948	393.948
23.2525	393.64	393.64
23.2645	393.333	393.332
23.2764	393.025	393.025
23.2883	392.719	392.718
23.3003	392.412	392.412
23.3122	392.106	392.106
23.3242	391.801	391.8
23.3361	391.495	391.495
23.348	391.191	391.191
23.36	390.886	390.886
23.3719	390.583	390.582
23.3838	390.279	390.279
23.3958	389.976	389.976
23.4077	389.674	389.674
23.4196	389.372	389.371
23.4316	389.07	389.07
23.4435	388.769	388.769
23.4555	388.468	388.468
23.4674	388.168	388.167
23.4793	387.868	387.868
23.4913	387.568	387.568
23.5032	387.27	387.269
23.5151	386.971	386.971
23.5271	386.674	386.673
23.539	386.376	386.376
23.551	386.08	386.08
23.5629	385.784	385.784
23.5748	385.489	385.489
23.5868	385.196	385.195
23.5987	384.903	384.903
23.6106	384.612	384.611
23.6226	384.323	384.322
23.6345	384.036	384.035
23.6464	383.752	383.75
23.6584	383.471	383.469
23.6703	383.194	383.192
23.6823	382.922	382.919
23.6942	382.655	382.653
23.7061	382.396	382.393
23.7181	382.144	382.141
23.73	381.902	381.898
23.7419	381.671	381.666
23.7539	381.453	381.447
23.7658	381.248	381.242
23.7777	381.059	381.053
23.7897	380.888	380.881
23.8016	380.735	380.728
23.8136	380.603	380.595
23.8255	380.493	380.485
23.8374	380.407	380.397
23.8494	380.344	380.334
23.8613	380.306	380.296
23.8732	380.293	380.283
