0	872.5	872.775
0.0119366	872.496	872.774
0.0238732	872.488	872.771
0.0358099	872.48	872.768
0.0477465	872.472	872.764
0.0596831	872.464	872.76
0.0716197	872.455	872.756
0.0835563	872.446	872.752
0.095493	872.438	872.747
0.10743	872.429	872.743
0.119366	872.42	872.739
0.131303	872.411	872.734
0.143239	872.401	872.73
0.155176	872.392	872.725
0.167113	872.382	872.72
0.179049	872.373	872.715
0.190986	872.363	872.711
0.202923	872.353	872.706
0.214859	872.343	872.701
0.226796	872.333	872.696
0.238732	872.323	872.691
0.250669	872.312	872.685
0.262606	872.302	872.68
0.274542	872.291	872.675
0.286479	872.28	872.669
0.298416	872.269	872.664
0.310352	872.258	872.658
0.322289	872.247	872.652
0.334225	872.235	872.647
0.346162	872.224	872.641
0.358099	872.212	872.635
0.370035	872.2	872.629
0.381972	872.188	872.623
0.393908	872.176	872.616
0.405845	872.164	872.61
0.417782	872.151	872.604
0.429718	872.138	872.597
0.441655	872.126	872.591
0.453592	872.113	872.584
0.465528	872.099	872.577
0.477465	872.086	872.571
0.489401	872.073	872.564
0.501338	872.059	872.557
0.513275	872.045	872.549
0.525211	872.031	872.542
0.537148	872.017	872.535
0.549085	872.002	872.527
0.561021	871.988	872.52
0.572958	871.973	872.512
0.584894	871.958	872.504
0.596831	871.943	872.497
0.608768	871.928	872.489
0.620704	871.912	872.481
0.632641	871.897	872.472
0.644578	871.881	872.464
0.656514	871.865	872.456
0.668451	871.848	872.447
0.680387	871.832	872.438
0.692324	871.815	872.43
0.704261	871.798	872.421
0.716197	871.781	872.412
0.728134	871.764	872.403
0.74007	871.747	872.393
0.752007	871.729	872.384
0.763944	871.711	872.374
0.77588	871.693	872.365
0.787817	871.675	872.355
0.799754	871.656	872.345
0.81169	871.637	872.335
0.823627	871.618	872.325
0.835563	871.599	872.315
0.8475	871.579	872.304
0.859437	871.56	872.294
0.871373	871.54	872.283
0.88331	871.52	872.272
0.895247	871.499	872.261
0.907183	871.479	872.25
0.91912	871.458	872.239
0.931056	871.437	872.227
0.942993	871.415	872.216
0.95493	871.394	872.204
0.966866	871.372	872.192
0.978803	871.35	872.18
0.99074	871.327	872.168
1.00268	871.305	872.156
1.01461	871.282	872.143
1.02655	871.259	872.131
1.03849	871.235	872.118
1.05042	871.211	872.105
1.06236	871.188	872.092
1.0743	871.163	872.078
1.08623	871.139	872.065
1.09817	871.114	872.051
1.11011	871.089	872.037
1.12204	871.064	872.023
1.13398	871.038	872.009
1.14592	871.012	871.995
1.15785	870.986	871.98
1.16979	870.959	871.966
1.18173	870.933	871.951
1.19366	870.906	871.936
1.2056	870.878	871.921
1.21754	870.85	871.905
1.22947	870.822	871.889
1.24141	870.794	871.874
1.25335	870.766	871.858
1.26528	870.737	871.841
1.27722	870.707	871.825
1.28916	870.678	871.808
1.30109	870.648	871.792
1.31303	870.618	871.775
1.32496	870.587	871.757
1.3369	870.556	871.74
1.34884	870.525	871.722
1.36077	870.494	871.705
1.37271	870.462	871.686
1.38465	870.43	871.668
1.39658	870.397	871.65
1.40852	870.364	871.631
1.42046	870.331	871.612
1.43239	870.297	871.593
1.44433	870.263	871.574
1.45627	870.229	871.554
1.4682	870.195	871.534
1.48014	870.16	871.514
1.49208	870.124	871.494
1.50401	870.088	871.473
1.51595	870.052	871.452
1.52789	870.016	871.431
1.53982	869.979	871.41
1.55176	869.942	871.389
1.5637	869.904	871.367
1.57563	869.866	871.345
1.58757	869.828	871.323
1.59951	869.789	871.3
1.61144	869.75	871.277
1.62338	869.71	871.254
1.63532	869.67	871.231
1.64725	869.63	871.207
1.65919	869.589	871.184
1.67113	869.548	871.16
1.68306	869.506	871.135
1.695	869.464	871.111
1.70694	869.421	871.086
1.71887	869.378	871.06
1.73081	869.335	871.035
1.74275	869.291	871.009
1.75468	869.247	870.983
1.76662	869.203	870.957
1.77856	869.157	870.93
1.79049	869.112	870.903
1.80243	869.066	870.876
1.81437	869.02	870.849
1.8263	868.973	870.821
1.83824	868.925	870.793
1.85018	868.878	870.764
1.86211	868.829	870.735
1.87405	868.781	870.706
1.88599	868.731	870.677
1.89792	868.682	870.647
1.90986	868.632	870.617
1.9218	868.581	870.587
1.93373	868.53	870.556
1.94567	868.478	870.525
1.95761	868.426	870.494
1.96954	868.374	870.463
1.98148	868.321	870.431
1.99342	868.267	870.398
2.00535	868.213	870.366
2.01729	868.159	870.333
2.02923	868.103	870.299
2.04116	868.048	870.266
2.0531	867.992	870.231
2.06504	867.935	870.197
2.07697	867.878	870.162
2.08891	867.82	870.127
2.10085	867.762	870.092
2.11278	867.703	870.056
2.12472	867.644	870.02
2.13666	867.584	869.983
2.14859	867.524	869.946
2.16053	867.463	869.909
2.17246	867.401	869.871
2.1844	867.339	869.833
2.19634	867.277	869.794
2.20827	867.213	869.755
2.22021	867.15	869.716
2.23215	867.085	869.676
2.24408	867.021	869.636
2.25602	866.955	869.596
2.26796	866.889	869.555
2.27989	866.822	869.513
2.29183	866.755	869.472
2.30377	866.687	869.43
2.3157	866.619	869.387
2.32764	866.55	869.344
2.33958	866.48	869.301
2.35151	866.41	869.257
2.36345	866.339	869.212
2.37539	866.268	869.168
2.38732	866.195	869.123
2.39926	866.123	869.077
2.4112	866.049	869.031
2.42313	865.975	868.984
2.43507	865.901	868.937
2.44701	865.826	868.89
2.45894	865.75	868.842
2.47088	865.673	868.794
2.48282	865.596	868.745
2.49475	865.518	868.696
2.50669	865.439	868.646
2.51863	865.36	868.596
2.53056	865.28	868.545
2.5425	865.2	868.494
2.55444	865.119	868.442
2.56637	865.037	868.39
2.57831	864.954	868.338
2.59025	864.871	868.284
2.60218	864.787	868.231
2.61412	864.702	868.177
2.62606	864.617	868.122
2.63799	864.531	868.067
2.64993	864.444	868.011
2.66187	864.357	867.955
2.6738	864.269	867.898
2.68574	864.18	867.841
2.69768	864.09	867.783
2.70961	864	867.725
2.72155	863.909	867.666
2.73349	863.817	867.607
2.74542	863.724	867.547
2.75736	863.631	867.487
2.7693	863.537	867.426
2.78123	863.442	867.364
2.79317	863.347	867.302
2.80511	863.25	867.239
2.81704	863.153	867.176
2.82898	863.055	867.112
2.84092	862.957	867.048
2.85285	862.857	866.983
2.86479	862.757	866.917
2.87673	862.656	866.851
2.88866	862.555	866.785
2.9006	862.452	866.717
2.91254	862.349	866.65
2.92447	862.245	866.581
2.93641	862.14	866.512
2.94835	862.034	866.442
2.96028	861.927	866.372
2.97222	861.82	866.301
2.98416	861.712	866.23
2.99609	861.603	866.157
3.00803	861.493	866.085
3.01997	861.382	866.011
3.0319	861.271	865.937
3.04384	861.159	865.863
3.05577	861.045	865.787
3.06771	860.931	865.711
3.07965	860.816	865.635
3.09158	860.701	865.558
3.10352	860.584	865.48
3.11546	860.467	865.401
3.12739	860.348	865.322
3.13933	860.229	865.242
3.15127	860.109	865.162
3.1632	859.988	865.08
3.17514	859.866	864.999
3.18708	859.743	864.916
3.19901	859.62	864.833
3.21095	859.495	864.749
3.22289	859.37	864.664
3.23482	859.244	864.579
3.24676	859.116	864.493
3.2587	858.988	864.406
3.27063	858.859	864.318
3.28257	858.729	864.23
3.29451	858.598	864.141
3.30644	858.466	864.052
3.31838	858.334	863.961
3.33032	858.2	863.87
3.34225	858.065	863.779
3.35419	857.93	863.686
3.36613	857.793	863.593
3.37806	857.655	863.499
3.39	857.517	863.404
3.40194	857.378	863.308
3.41387	857.237	863.212
3.42581	857.096	863.115
3.43775	856.953	863.017
3.44968	856.81	862.919
3.46162	856.666	862.819
3.47356	856.521	862.719
3.48549	856.374	862.618
3.49743	856.227	862.517
3.50937	856.079	862.414
3.5213	855.929	862.311
3.53324	855.779	862.207
3.54518	855.628	862.102
3.55711	855.476	861.996
3.56905	855.322	861.89
3.58099	855.168	861.782
3.59292	855.013	861.674
3.60486	854.856	861.565
3.6168	854.699	861.455
3.62873	854.54	861.345
3.64067	854.381	861.233
3.65261	854.22	861.121
3.66454	854.059	861.008
3.67648	853.896	860.894
3.68842	853.732	860.779
3.70035	853.568	860.663
3.71229	853.402	860.547
3.72423	853.235	860.429
3.73616	853.067	860.311
3.7481	852.898	860.192
3.76004	852.728	860.072
3.77197	852.557	859.951
3.78391	852.385	859.829
3.79585	852.211	859.706
3.80778	852.037	859.583
3.81972	851.861	859.458
3.83166	851.685	859.333
3.84359	851.507	859.207
3.85553	851.328	859.08
3.86747	851.148	858.951
3.8794	850.967	858.822
3.89134	850.785	858.692
3.90327	850.601	858.562
3.91521	850.417	858.43
3.92715	850.231	858.297
3.93908	850.045	858.163
3.95102	849.857	858.029
3.96296	849.668	857.893
3.97489	849.478	857.757
3.98683	849.287	857.619
3.99877	849.094	857.481
4.0107	848.901	857.342
4.02264	848.706	857.201
4.03458	848.51	857.06
4.04651	848.313	856.918
4.05845	848.115	856.774
4.07039	847.915	856.63
4.08232	847.715	856.485
4.09426	847.513	856.339
4.1062	847.31	856.191
4.11813	847.106	856.043
4.13007	846.901	855.894
4.14201	846.694	855.744
4.15394	846.487	855.593
4.16588	846.278	855.44
4.17782	846.068	855.287
4.18975	845.856	855.133
4.20169	845.644	854.978
4.21363	845.43	854.821
4.22556	845.215	854.664
4.2375	844.999	854.506
4.24944	844.782	854.346
4.26137	844.563	854.186
4.27331	844.344	854.024
4.28525	844.123	853.862
4.29718	843.9	853.698
4.30912	843.677	853.533
4.32106	843.452	853.368
4.33299	843.226	853.201
4.34493	842.999	853.033
4.35687	842.771	852.864
4.3688	842.541	852.694
4.38074	842.31	852.523
4.39268	842.078	852.351
4.40461	841.845	852.177
4.41655	841.61	852.003
4.42849	841.374	851.828
4.44042	841.137	851.651
4.45236	840.898	851.473
4.4643	840.659	851.295
4.47623	840.418	851.115
4.48817	840.175	850.934
4.50011	839.932	850.752
4.51204	839.687	850.568
4.52398	839.441	850.384
4.53592	839.193	850.198
4.54785	838.945	850.012
4.55979	838.695	849.824
4.57173	838.443	849.635
4.58366	838.191	849.445
4.5956	837.937	849.254
4.60754	837.682	849.061
4.61947	837.425	848.868
4.63141	837.167	848.673
4.64335	836.908	848.477
4.65528	836.648	848.28
4.66722	836.386	848.082
4.67916	836.123	847.883
4.69109	835.859	847.683
4.70303	835.593	847.481
4.71497	835.326	847.278
4.7269	835.058	847.074
4.73884	834.788	846.869
4.75078	834.517	846.662
4.76271	834.245	846.455
4.77465	833.972	846.246
4.78658	833.697	846.036
4.79852	833.42	845.825
4.81046	833.143	845.612
4.82239	832.864	845.399
4.83433	832.583	845.184
4.84627	832.302	844.968
4.8582	832.019	844.75
4.87014	831.735	844.532
4.88208	831.449	844.312
4.89401	831.162	844.091
4.90595	830.874	843.869
4.91789	830.584	843.646
4.92982	830.293	843.421
4.94176	830	843.195
4.9537	829.707	842.968
4.96563	829.412	842.74
4.97757	829.115	842.51
4.98951	828.817	842.279
5.00144	828.518	842.047
5.01338	828.217	841.813
5.02532	827.915	841.579
5.03725	827.612	841.343
5.04919	827.308	841.106
5.06113	827.001	840.867
5.07306	826.694	840.627
5.085	826.385	840.386
5.09694	826.075	840.144
5.10887	825.764	839.901
5.12081	825.451	839.656
5.13275	825.136	839.41
5.14468	824.821	839.162
5.15662	824.504	838.914
5.16856	824.185	838.664
5.18049	823.866	838.412
5.19243	823.544	838.16
5.20437	823.222	837.906
5.2163	822.898	837.651
5.22824	822.573	837.394
5.24018	822.246	837.136
5.25211	821.918	836.877
5.26405	821.588	836.617
5.27599	821.258	836.355
5.28792	820.925	836.092
5.29986	820.592	835.828
5.3118	820.257	835.562
5.32373	819.92	835.295
5.33567	819.583	835.026
5.34761	819.243	834.757
5.35954	818.903	834.486
5.37148	818.561	834.213
5.38342	818.217	833.94
5.39535	817.873	833.665
5.40729	817.527	833.389
5.41923	817.179	833.111
5.43116	816.83	832.832
5.4431	816.48	832.551
5.45504	816.128	832.27
5.46697	815.775	831.987
5.47891	815.421	831.702
5.49085	815.065	831.417
5.50278	814.708	831.13
5.51472	814.349	830.841
5.52666	813.989	830.551
5.53859	813.627	830.26
5.55053	813.265	829.968
5.56247	812.9	829.674
5.5744	812.535	829.378
5.58634	812.168	829.082
5.59828	811.8	828.784
5.61021	811.43	828.485
5.62215	811.059	828.184
5.63408	810.686	827.882
5.64602	810.312	827.578
5.65796	809.937	827.274
5.66989	809.56	826.967
5.68183	809.182	826.66
5.69377	808.803	826.351
5.7057	808.422	826.041
5.71764	808.039	825.729
5.72958	807.656	825.416
5.74151	807.271	825.101
5.75345	806.884	824.786
5.76539	806.497	824.468
5.77732	806.107	824.15
5.78926	805.717	823.83
5.8012	805.325	823.509
5.81313	804.932	823.186
5.82507	804.537	822.862
5.83701	804.141	822.536
5.84894	803.744	822.209
5.86088	803.345	821.881
5.87282	802.945	821.551
5.88475	802.543	821.22
5.89669	802.14	820.888
5.90863	801.736	820.554
5.92056	801.33	820.219
5.9325	800.923	819.882
5.94444	800.515	819.544
5.95637	800.105	819.205
5.96831	799.694	818.864
5.98025	799.281	818.522
5.99218	798.868	818.178
6.00412	798.452	817.833
6.01606	798.036	817.487
6.02799	797.618	817.139
6.03993	797.199	816.79
6.05187	796.778	816.439
6.0638	796.356	816.087
6.07574	795.933	815.734
6.08768	795.508	815.379
6.09961	795.082	815.023
6.11155	794.655	814.665
6.12349	794.226	814.306
6.13542	793.796	813.946
6.14736	793.365	813.584
6.1593	792.932	813.221
6.17123	792.498	812.857
6.18317	792.063	812.491
6.19511	791.626	812.123
6.20704	791.188	811.755
6.21898	790.749	811.384
6.23092	790.308	811.013
6.24285	789.866	810.64
6.25479	789.423	810.266
6.26673	788.978	809.89
6.27866	788.532	809.513
6.2906	788.085	809.134
6.30254	787.637	808.755
6.31447	787.187	808.373
6.32641	786.736	807.991
6.33835	786.283	807.607
6.35028	785.829	807.221
6.36222	785.374	806.834
6.37416	784.918	806.446
6.38609	784.461	806.057
6.39803	784.002	805.666
6.40997	783.541	805.273
6.4219	783.08	804.88
6.43384	782.617	804.484
6.44578	782.153	804.088
6.45771	781.688	803.69
6.46965	781.221	803.291
6.48159	780.754	802.89
6.49352	780.285	802.488
6.50546	779.814	802.085
6.51739	779.343	801.68
6.52933	778.87	801.274
6.54127	778.396	800.866
6.5532	777.92	800.457
6.56514	777.444	800.047
6.57708	776.966	799.635
6.58901	776.487	799.222
6.60095	776.006	798.808
6.61289	775.525	798.392
6.62482	775.042	797.975
6.63676	774.558	797.557
6.6487	774.073	797.137
6.66063	773.587	796.716
6.67257	773.099	796.293
6.68451	772.61	795.869
6.69644	772.12	795.444
6.70838	771.629	795.017
6.72032	771.136	794.59
6.73225	770.643	794.16
6.74419	770.148	793.73
6.75613	769.652	793.298
6.76806	769.155	792.864
6.78	768.656	792.43
6.79194	768.157	791.994
6.80387	767.656	791.556
6.81581	767.154	791.118
6.82775	766.651	790.678
6.83968	766.147	790.237
6.85162	765.641	789.794
6.86356	765.135	789.35
6.87549	764.627	788.905
6.88743	764.118	788.458
6.89937	763.608	788.01
6.9113	763.097	787.561
6.92324	762.585	787.11
6.93518	762.071	786.659
6.94711	761.557	786.205
6.95905	761.041	785.751
6.97099	760.524	785.295
6.98292	760.006	784.838
6.99486	759.487	784.38
7.0068	758.967	783.92
7.01873	758.446	783.459
7.03067	757.924	782.997
7.04261	757.401	782.534
7.05454	756.876	782.069
7.06648	756.351	781.603
7.07842	755.824	781.135
7.09035	755.296	780.667
7.10229	754.768	780.197
7.11423	754.238	779.726
7.12616	753.707	779.253
7.1381	753.175	778.78
7.15004	752.642	778.305
7.16197	752.108	777.829
7.17391	751.573	777.351
7.18585	751.037	776.872
7.19778	750.5	776.393
7.20972	749.962	775.911
7.22166	749.423	775.429
7.23359	748.883	774.945
7.24553	748.341	774.461
7.25747	747.799	773.974
7.2694	747.256	773.487
7.28134	746.712	772.999
7.29328	746.167	772.509
7.30521	745.621	772.018
7.31715	745.073	771.526
7.32909	744.525	771.032
7.34102	743.976	770.538
7.35296	743.426	770.042
7.36489	742.875	769.545
7.37683	742.323	769.047
7.38877	741.77	768.548
7.4007	741.217	768.047
7.41264	740.662	767.545
7.42458	740.106	767.042
7.43651	739.549	766.538
7.44845	738.992	766.033
7.46039	738.433	765.527
7.47232	737.874	765.019
7.48426	737.314	764.511
7.4962	736.753	764.001
7.50813	736.19	763.49
7.52007	735.627	762.978
7.53201	735.064	762.464
7.54394	734.499	761.95
7.55588	733.933	761.434
7.56782	733.367	760.918
7.57975	732.799	760.4
7.59169	732.231	759.881
7.60363	731.662	759.361
7.61556	731.092	758.84
7.6275	730.521	758.318
7.63944	729.95	757.794
7.65137	729.377	757.27
7.66331	728.804	756.744
7.67525	728.23	756.218
7.68718	727.655	755.69
7.69912	727.08	755.161
7.71106	726.503	754.631
7.72299	725.926	754.101
7.73493	725.348	753.569
7.74687	724.769	753.036
7.7588	724.189	752.501
7.77074	723.609	751.966
7.78268	723.028	751.43
7.79461	722.446	750.893
7.80655	721.863	750.355
7.81849	721.28	749.815
7.83042	720.695	749.275
7.84236	720.11	748.734
7.8543	719.525	748.192
7.86623	718.938	747.648
7.87817	718.351	747.104
7.89011	717.763	746.559
7.90204	717.175	746.012
7.91398	716.586	745.465
7.92592	715.996	744.917
7.93785	715.405	744.367
7.94979	714.814	743.817
7.96173	714.222	743.266
7.97366	713.629	742.714
7.9856	713.036	742.16
7.99754	712.442	741.606
8.00947	711.847	741.051
8.02141	711.252	740.495
8.03335	710.656	739.938
8.04528	710.059	739.38
8.05722	709.462	738.822
8.06916	708.864	738.262
8.08109	708.266	737.701
8.09303	707.667	737.14
8.10497	707.067	736.577
8.1169	706.467	736.014
8.12884	705.866	735.45
8.14078	705.265	734.885
8.15271	704.663	734.318
8.16465	704.06	733.752
8.17659	703.457	733.184
8.18852	702.853	732.615
8.20046	702.249	732.046
8.2124	701.644	731.475
8.22433	701.038	730.904
8.23627	700.432	730.332
8.2482	699.826	729.759
8.26014	699.219	729.185
8.27208	698.611	728.611
8.28401	698.003	728.035
8.29595	697.395	727.459
8.30789	696.786	726.882
8.31982	696.176	726.304
8.33176	695.566	725.726
8.3437	694.956	725.146
8.35563	694.345	724.566
8.36757	693.733	723.985
8.37951	693.121	723.403
8.39144	692.509	722.821
8.40338	691.896	722.238
8.41532	691.283	721.654
8.42725	690.669	721.069
8.43919	690.055	720.483
8.45113	689.44	719.897
8.46306	688.825	719.31
8.475	688.21	718.722
8.48694	687.594	718.134
8.49887	686.978	717.545
8.51081	686.361	716.955
8.52275	685.744	716.364
8.53468	685.127	715.773
8.54662	684.509	715.181
8.55856	683.891	714.588
8.57049	683.272	713.995
8.58243	682.653	713.401
8.59437	682.034	712.806
8.6063	681.414	712.21
8.61824	680.794	711.614
8.63018	680.174	711.018
8.64211	679.553	710.42
8.65405	678.932	709.822
8.66599	678.311	709.224
8.67792	677.69	708.625
8.68986	677.068	708.025
8.7018	676.446	707.424
8.71373	675.823	706.823
8.72567	675.2	706.221
8.73761	674.577	705.619
8.74954	673.954	705.016
8.76148	673.33	704.413
8.77342	672.707	703.809
8.78535	672.082	703.204
8.79729	671.458	702.599
8.80923	670.834	701.993
8.82116	670.209	701.387
8.8331	669.584	700.78
8.84504	668.958	700.173
8.85697	668.333	699.565
8.86891	667.707	698.956
8.88085	667.081	698.348
8.89278	666.455	697.738
8.90472	665.829	697.128
8.91666	665.202	696.518
8.92859	664.576	695.907
8.94053	663.949	695.295
8.95247	663.322	694.683
8.9644	662.695	694.071
8.97634	662.067	693.458
8.98828	661.44	692.844
9.00021	660.812	692.231
9.01215	660.184	691.616
9.02409	659.556	691.002
9.03602	658.928	690.386
9.04796	658.3	689.771
9.0599	657.672	689.155
9.07183	657.043	688.538
9.08377	656.415	687.921
9.0957	655.786	687.304
9.10764	655.158	686.686
9.11958	654.529	686.068
9.13151	653.9	685.45
9.14345	653.271	684.831
9.15539	652.642	684.212
9.16732	652.013	683.592
9.17926	651.384	682.972
9.1912	650.754	682.352
9.20313	650.125	681.731
9.21507	649.496	681.11
9.22701	648.867	680.489
9.23894	648.237	679.867
9.25088	647.608	679.245
9.26282	646.978	678.622
9.27475	646.349	678
9.28669	645.72	677.377
9.29863	645.09	676.753
9.31056	644.461	676.13
9.3225	643.831	675.506
9.33444	643.202	674.882
9.34637	642.573	674.257
9.35831	641.943	673.632
9.37025	641.314	673.007
9.38218	640.685	672.382
9.39412	640.056	671.757
9.40606	639.427	671.131
9.41799	638.797	670.505
9.42993	638.168	669.879
9.44187	637.539	669.252
9.4538	636.911	668.626
9.46574	636.282	667.999
9.47768	635.653	667.372
9.48961	635.024	666.744
9.50155	634.396	666.117
9.51349	633.767	665.489
9.52542	633.139	664.861
9.53736	632.511	664.233
9.5493	631.883	663.605
9.56123	631.255	662.976
9.57317	630.627	662.348
9.58511	629.999	661.719
9.59704	629.371	661.09
9.60898	628.744	660.461
9.62092	628.117	659.832
9.63285	627.489	659.202
9.64479	626.862	658.573
9.65673	626.236	657.943
9.66866	625.609	657.314
9.6806	624.982	656.684
9.69254	624.356	656.054
9.70447	623.73	655.424
9.71641	623.104	654.794
9.72835	622.478	654.164
9.74028	621.853	653.534
9.75222	621.227	652.903
9.76416	620.602	652.273
9.77609	619.977	651.643
9.78803	619.353	651.012
9.79997	618.728	650.382
9.8119	618.104	649.751
9.82384	617.48	649.12
9.83578	616.856	648.49
9.84771	616.232	647.859
9.85965	615.609	647.228
9.87159	614.986	646.598
9.88352	614.363	645.967
9.89546	613.741	645.336
9.9074	613.119	644.706
9.91933	612.497	644.075
9.93127	611.875	643.444
9.94321	611.254	642.813
9.95514	610.632	642.183
9.96708	610.012	641.552
9.97901	609.391	640.922
9.99095	608.771	640.291
10.0029	608.151	639.661
10.0148	607.531	639.03
10.0268	606.912	638.4
10.0387	606.293	637.77
10.0506	605.674	637.139
10.0626	605.056	636.509
10.0745	604.438	635.879
10.0864	603.82	635.249
10.0984	603.203	634.619
10.1103	602.586	633.989
10.1223	601.97	633.36
10.1342	601.353	632.73
10.1461	600.737	632.101
10.1581	600.122	631.471
10.17	599.507	630.842
10.1819	598.892	630.213
10.1939	598.278	629.584
10.2058	597.663	628.955
10.2177	597.05	628.327
10.2297	596.437	627.698
10.2416	595.824	627.07
10.2536	595.211	626.442
10.2655	594.599	625.814
10.2774	593.988	625.186
10.2894	593.376	624.558
10.3013	592.766	623.931
10.3132	592.155	623.303
10.3252	591.545	622.676
10.3371	590.936	622.049
10.3491	590.326	621.423
10.361	589.718	620.796
10.3729	589.11	620.17
10.3849	588.502	619.544
10.3968	587.894	618.918
10.4087	587.287	618.292
10.4207	586.681	617.667
10.4326	586.075	617.042
10.4445	585.469	616.417
10.4565	584.864	615.792
10.4684	584.26	615.168
10.4804	583.656	614.544
10.4923	583.052	613.92
10.5042	582.449	613.297
10.5162	581.846	612.673
10.5281	581.244	612.05
10.54	580.642	611.428
10.552	580.041	610.805
10.5639	579.44	610.183
10.5758	578.84	609.561
10.5878	578.241	608.94
10.5997	577.641	608.318
10.6117	577.043	607.697
10.6236	576.445	607.077
10.6355	575.847	606.456
10.6475	575.25	605.837
10.6594	574.653	605.217
10.6713	574.057	604.598
10.6833	573.462	603.979
10.6952	572.867	603.36
10.7071	572.272	602.742
10.7191	571.678	602.124
10.731	571.085	601.506
10.743	570.492	600.889
10.7549	569.9	600.272
10.7668	569.308	599.656
10.7788	568.717	599.04
10.7907	568.127	598.424
10.8026	567.537	597.809
10.8146	566.947	597.194
10.8265	566.358	596.579
10.8385	565.77	595.965
10.8504	565.182	595.351
10.8623	564.595	594.738
10.8743	564.009	594.125
10.8862	563.423	593.513
10.8981	562.837	592.901
10.9101	562.253	592.289
10.922	561.669	591.678
10.9339	561.085	591.067
10.9459	560.502	590.456
10.9578	559.92	589.847
10.9698	559.338	589.237
10.9817	558.757	588.628
10.9936	558.176	588.019
11.0056	557.596	587.411
11.0175	557.017	586.804
11.0294	556.438	586.196
11.0414	555.86	585.59
11.0533	555.283	584.983
11.0652	554.706	584.377
11.0772	554.13	583.772
11.0891	553.554	583.167
11.1011	552.979	582.563
11.113	552.405	581.959
11.1249	551.832	581.356
11.1369	551.259	580.753
11.1488	550.686	580.15
11.1607	550.115	579.548
11.1727	549.544	578.947
11.1846	548.973	578.346
11.1966	548.404	577.746
11.2085	547.835	577.146
11.2204	547.266	576.547
11.2324	546.698	575.948
11.2443	546.131	575.349
11.2562	545.565	574.752
11.2682	544.999	574.155
11.2801	544.434	573.558
11.292	543.87	572.962
11.304	543.306	572.366
11.3159	542.743	571.771
11.3279	542.181	571.177
11.3398	541.619	570.583
11.3517	541.058	569.989
11.3637	540.498	569.396
11.3756	539.938	568.804
11.3875	539.379	568.213
11.3995	538.821	567.621
11.4114	538.264	567.031
11.4233	537.707	566.441
11.4353	537.151	565.852
11.4472	536.595	565.263
11.4592	536.041	564.674
11.4711	535.487	564.087
11.483	534.933	563.5
11.495	534.381	562.913
11.5069	533.829	562.328
11.5188	533.278	561.742
11.5308	532.727	561.158
11.5427	532.177	560.574
11.5546	531.628	559.99
11.5666	531.08	559.407
11.5785	530.532	558.825
11.5905	529.986	558.244
11.6024	529.439	557.663
11.6143	528.894	557.082
11.6263	528.349	556.503
11.6382	527.805	555.923
11.6501	527.262	555.345
11.6621	526.72	554.767
11.674	526.178	554.19
11.686	525.637	553.613
11.6979	525.097	553.038
11.7098	524.557	552.462
11.7218	524.018	551.888
11.7337	523.48	551.314
11.7456	522.943	550.74
11.7576	522.406	550.168
11.7695	521.87	549.596
11.7814	521.335	549.024
11.7934	520.801	548.454
11.8053	520.267	547.884
11.8173	519.734	547.314
11.8292	519.202	546.746
11.8411	518.671	546.178
11.8531	518.14	545.61
11.865	517.611	545.044
11.8769	517.082	544.478
11.8889	516.553	543.912
11.9008	516.026	543.348
11.9127	515.499	542.784
11.9247	514.973	542.22
11.9366	514.448	541.658
11.9486	513.923	541.096
11.9605	513.399	540.535
11.9724	512.876	539.974
11.9844	512.354	539.415
11.9963	511.833	538.855
12.0082	511.312	538.297
12.0202	510.792	537.739
12.0321	510.273	537.182
12.0441	509.754	536.626
12.056	509.237	536.07
12.0679	508.72	535.516
12.0799	508.204	534.961
12.0918	507.689	534.408
12.1037	507.174	533.855
12.1157	506.66	533.303
12.1276	506.148	532.752
12.1395	505.635	532.201
12.1515	505.124	531.651
12.1634	504.613	531.102
12.1754	504.104	530.554
12.1873	503.594	530.006
12.1992	503.086	529.459
12.2112	502.579	528.913
12.2231	502.072	528.368
12.235	501.566	527.823
12.247	501.061	527.279
12.2589	500.557	526.736
12.2708	500.053	526.193
12.2828	499.55	525.651
12.2947	499.048	525.11
12.3067	498.547	524.57
12.3186	498.047	524.03
12.3305	497.547	523.491
12.3425	497.048	522.953
12.3544	496.55	522.416
12.3663	496.053	521.879
12.3783	495.557	521.344
12.3902	495.061	520.808
12.4021	494.566	520.274
12.4141	494.072	519.741
12.426	493.579	519.208
12.438	493.086	518.676
12.4499	492.595	518.144
12.4618	492.104	517.614
12.4738	491.614	517.084
12.4857	491.124	516.555
12.4976	490.636	516.027
12.5096	490.148	515.499
12.5215	489.661	514.973
12.5335	489.175	514.447
12.5454	488.69	513.921
12.5573	488.205	513.397
12.5693	487.721	512.873
12.5812	487.239	512.35
12.5931	486.756	511.828
12.6051	486.275	511.307
12.617	485.795	510.786
12.6289	485.315	510.267
12.6409	484.836	509.748
12.6528	484.358	509.229
12.6648	483.88	508.712
12.6767	483.404	508.195
12.6886	482.928	507.679
12.7006	482.453	507.164
12.7125	481.979	506.65
12.7244	481.506	506.136
12.7364	481.033	505.624
12.7483	480.562	505.112
12.7602	480.091	504.6
12.7722	479.62	504.09
12.7841	479.151	503.58
12.7961	478.683	503.072
12.808	478.215	502.564
12.8199	477.748	502.056
12.8319	477.282	501.55
12.8438	476.817	501.044
12.8557	476.352	500.539
12.8677	475.888	500.035
12.8796	475.425	499.532
12.8916	474.963	499.029
12.9035	474.502	498.528
12.9154	474.042	498.027
12.9274	473.582	497.527
12.9393	473.123	497.027
12.9512	472.665	496.529
12.9632	472.208	496.031
12.9751	471.751	495.534
12.987	471.295	495.038
12.999	470.84	494.542
13.0109	470.386	494.048
13.0229	469.933	493.554
13.0348	469.481	493.061
13.0467	469.029	492.569
13.0587	468.578	492.078
13.0706	468.128	491.587
13.0825	467.679	491.097
13.0945	467.23	490.608
13.1064	466.782	490.12
13.1183	466.336	489.633
13.1303	465.889	489.146
13.1422	465.444	488.66
13.1542	465	488.175
13.1661	464.556	487.691
13.178	464.113	487.208
13.19	463.671	486.725
13.2019	463.23	486.244
13.2138	462.789	485.763
13.2258	462.35	485.282
13.2377	461.911	484.803
13.2496	461.472	484.325
13.2616	461.035	483.847
13.2735	460.599	483.37
13.2855	460.163	482.894
13.2974	459.728	482.418
13.3093	459.294	481.944
13.3213	458.861	481.47
13.3332	458.428	480.997
13.3451	457.996	480.525
13.3571	457.565	480.054
13.369	457.135	479.583
13.381	456.706	479.114
13.3929	456.277	478.645
13.4048	455.849	478.177
13.4168	455.422	477.709
13.4287	454.996	477.243
13.4406	454.571	476.777
13.4526	454.146	476.312
13.4645	453.722	475.848
13.4764	453.299	475.385
13.4884	452.877	474.923
13.5003	452.456	474.461
13.5123	452.035	474
13.5242	451.615	473.54
13.5361	451.196	473.081
13.5481	450.778	472.623
13.56	450.36	472.165
13.5719	449.943	471.708
13.5839	449.527	471.252
13.5958	449.112	470.797
13.6077	448.698	470.343
13.6197	448.284	469.889
13.6316	447.871	469.436
13.6436	447.459	468.984
13.6555	447.048	468.533
13.6674	446.638	468.083
13.6794	446.228	467.633
13.6913	445.819	467.184
13.7032	445.411	466.736
13.7152	445.004	466.289
13.7271	444.597	465.843
13.7391	444.191	465.397
13.751	443.786	464.952
13.7629	443.382	464.508
13.7749	442.978	464.065
13.7868	442.576	463.623
13.7987	442.174	463.181
13.8107	441.773	462.741
13.8226	441.372	462.301
13.8345	440.973	461.862
13.8465	440.574	461.423
13.8584	440.176	460.986
13.8704	439.779	460.549
13.8823	439.382	460.113
13.8942	438.986	459.678
13.9062	438.592	459.243
13.9181	438.197	458.81
13.93	437.804	458.377
13.942	437.411	457.945
13.9539	437.019	457.514
13.9658	436.628	457.084
13.9778	436.238	456.654
13.9897	435.848	456.225
14.0017	435.46	455.797
14.0136	435.072	455.37
14.0255	434.684	454.944
14.0375	434.298	454.518
14.0494	433.912	454.093
14.0613	433.527	453.669
14.0733	433.143	453.246
14.0852	432.759	452.823
14.0971	432.377	452.402
14.1091	431.995	451.981
14.121	431.613	451.561
14.133	431.233	451.142
14.1449	430.853	450.723
14.1568	430.474	450.305
14.1688	430.096	449.888
14.1807	429.719	449.472
14.1926	429.342	449.057
14.2046	428.966	448.642
14.2165	428.591	448.229
14.2285	428.217	447.816
14.2404	427.843	447.404
14.2523	427.47	446.992
14.2643	427.098	446.581
14.2762	426.727	446.172
14.2881	426.356	445.763
14.3001	425.986	445.354
14.312	425.617	444.947
14.3239	425.248	444.54
14.3359	424.881	444.134
14.3478	424.514	443.729
14.3598	424.148	443.325
14.3717	423.782	442.921
14.3836	423.417	442.518
14.3956	423.054	442.116
14.4075	422.69	441.715
14.4194	422.328	441.314
14.4314	421.966	440.915
14.4433	421.605	440.516
14.4552	421.245	440.118
14.4672	420.885	439.72
14.4791	420.527	439.324
14.4911	420.169	438.928
14.503	419.811	438.533
14.5149	419.455	438.138
14.5269	419.099	437.745
14.5388	418.744	437.352
14.5507	418.389	436.96
14.5627	418.036	436.569
14.5746	417.683	436.178
14.5866	417.331	435.789
14.5985	416.979	435.4
14.6104	416.628	435.012
14.6224	416.278	434.624
14.6343	415.929	434.238
14.6462	415.581	433.852
14.6582	415.233	433.467
14.6701	414.886	433.082
14.682	414.539	432.699
14.694	414.194	432.316
14.7059	413.849	431.934
14.7179	413.504	431.553
14.7298	413.161	431.172
14.7417	412.818	430.792
14.7537	412.476	430.413
14.7656	412.135	430.035
14.7775	411.794	429.658
14.7895	411.454	429.281
14.8014	411.115	428.905
14.8133	410.776	428.53
14.8253	410.439	428.155
14.8372	410.102	427.782
14.8492	409.765	427.409
14.8611	409.43	427.036
14.873	409.095	426.665
14.885	408.761	426.294
14.8969	408.427	425.924
14.9088	408.094	425.555
14.9208	407.762	425.187
14.9327	407.431	424.819
14.9446	407.1	424.452
14.9566	406.77	424.086
14.9685	406.441	423.72
14.9805	406.112	423.355
14.9924	405.784	422.991
15.0043	405.457	422.628
15.0163	405.131	422.266
15.0282	404.805	421.904
15.0401	404.48	421.543
15.0521	404.155	421.182
15.064	403.832	420.823
15.076	403.509	420.464
15.0879	403.186	420.106
15.0998	402.865	419.749
15.1118	402.544	419.392
15.1237	402.224	419.036
15.1356	401.904	418.681
15.1476	401.585	418.326
15.1595	401.267	417.973
15.1714	400.95	417.62
15.1834	400.633	417.268
15.1953	400.317	416.916
15.2073	400.002	416.565
15.2192	399.687	416.215
15.2311	399.373	415.866
15.2431	399.06	415.517
15.255	398.747	415.169
15.2669	398.435	414.822
15.2789	398.124	414.476
15.2908	397.813	414.13
15.3027	397.503	413.785
15.3147	397.194	413.441
15.3266	396.885	413.097
15.3386	396.577	412.755
15.3505	396.27	412.413
15.3624	395.964	412.071
15.3744	395.658	411.731
15.3863	395.353	411.391
15.3982	395.048	411.051
15.4102	394.744	410.713
15.4221	394.441	410.375
15.4341	394.139	410.038
15.446	393.837	409.702
15.4579	393.536	409.366
15.4699	393.235	409.031
15.4818	392.935	408.697
15.4937	392.636	408.363
15.5057	392.338	408.03
15.5176	392.04	407.698
15.5295	391.743	407.367
15.5415	391.446	407.036
15.5534	391.15	406.706
15.5654	390.855	406.377
15.5773	390.56	406.048
15.5892	390.267	405.72
15.6012	389.973	405.393
15.6131	389.681	405.067
15.625	389.389	404.741
15.637	389.098	404.416
15.6489	388.807	404.091
15.6608	388.517	403.768
15.6728	388.228	403.445
15.6847	387.939	403.123
15.6967	387.651	402.801
15.7086	387.364	402.48
15.7205	387.077	402.16
15.7325	386.791	401.84
15.7444	386.506	401.521
15.7563	386.221	401.203
15.7683	385.937	400.886
15.7802	385.654	400.569
15.7921	385.371	400.253
15.8041	385.089	399.938
15.816	384.807	399.623
15.828	384.526	399.309
15.8399	384.246	398.995
15.8518	383.967	398.683
15.8638	383.688	398.371
15.8757	383.409	398.06
15.8876	383.132	397.749
15.8996	382.855	397.439
15.9115	382.578	397.13
15.9235	382.302	396.821
15.9354	382.027	396.513
15.9473	381.753	396.206
15.9593	381.479	395.9
15.9712	381.206	395.594
15.9831	380.933	395.288
15.9951	380.661	394.984
16.007	380.39	394.68
16.0189	380.119	394.377
16.0309	379.849	394.074
16.0428	379.58	393.773
16.0548	379.311	393.471
16.0667	379.043	393.171
16.0786	378.775	392.871
16.0906	378.508	392.572
16.1025	378.242	392.273
16.1144	377.976	391.976
16.1264	377.711	391.678
16.1383	377.446	391.382
16.1502	377.183	391.086
16.1622	376.919	390.791
16.1741	376.657	390.496
16.1861	376.395	390.203
16.198	376.133	389.909
16.2099	375.873	389.617
16.2219	375.612	389.325
16.2338	375.353	389.034
16.2457	375.094	388.743
16.2577	374.836	388.453
16.2696	374.578	388.164
16.2816	374.321	387.875
16.2935	374.064	387.587
16.3054	373.808	387.3
16.3174	373.553	387.013
16.3293	373.299	386.727
16.3412	373.044	386.442
16.3532	372.791	386.157
16.3651	372.538	385.873
16.377	372.286	385.59
16.389	372.034	385.307
16.4009	371.783	385.025
16.4129	371.533	384.743
16.4248	371.283	384.462
16.4367	371.034	384.182
16.4487	370.785	383.903
16.4606	370.537	383.624
16.4725	370.289	383.345
16.4845	370.043	383.068
16.4964	369.796	382.791
16.5083	369.551	382.514
16.5203	369.305	382.239
16.5322	369.061	381.963
16.5442	368.817	381.689
16.5561	368.574	381.415
16.568	368.331	381.142
16.58	368.089	380.869
16.5919	367.847	380.597
16.6038	367.606	380.326
16.6158	367.366	380.055
16.6277	367.126	379.785
16.6396	366.887	379.516
16.6516	366.648	379.247
16.6635	366.41	378.979
16.6755	366.173	378.711
16.6874	365.936	378.444
16.6993	365.7	378.178
16.7113	365.464	377.912
16.7232	365.229	377.647
16.7351	364.994	377.383
16.7471	364.76	377.119
16.759	364.527	376.856
16.771	364.294	376.593
16.7829	364.062	376.331
16.7948	363.83	376.07
16.8068	363.599	375.809
16.8187	363.368	375.549
16.8306	363.138	375.289
16.8426	362.909	375.03
16.8545	362.68	374.772
16.8664	362.452	374.514
16.8784	362.224	374.257
16.8903	361.997	374.001
16.9023	361.77	373.745
16.9142	361.544	373.49
16.9261	361.319	373.235
16.9381	361.094	372.981
16.95	360.87	372.728
16.9619	360.646	372.475
16.9739	360.423	372.223
16.9858	360.2	371.971
16.9977	359.978	371.72
17.0097	359.756	371.469
17.0216	359.535	371.22
17.0336	359.315	370.97
17.0455	359.095	370.722
17.0574	358.876	370.474
17.0694	358.657	370.226
17.0813	358.439	369.979
17.0932	358.221	369.733
17.1052	358.004	369.487
17.1171	357.787	369.242
17.1291	357.571	368.998
17.141	357.356	368.754
17.1529	357.141	368.511
17.1649	356.927	368.268
17.1768	356.713	368.026
17.1887	356.499	367.784
17.2007	356.287	367.543
17.2126	356.074	367.303
17.2245	355.863	367.063
17.2365	355.652	366.824
17.2484	355.441	366.585
17.2604	355.231	366.347
17.2723	355.022	366.11
17.2842	354.813	365.873
17.2962	354.604	365.637
17.3081	354.396	365.401
17.32	354.189	365.166
17.332	353.982	364.931
17.3439	353.776	364.697
17.3558	353.57	364.464
17.3678	353.365	364.231
17.3797	353.16	363.999
17.3917	352.956	363.767
17.4036	352.752	363.536
17.4155	352.549	363.306
17.4275	352.347	363.076
17.4394	352.145	362.846
17.4513	351.943	362.617
17.4633	351.742	362.389
17.4752	351.542	362.161
17.4871	351.342	361.934
17.4991	351.142	361.708
17.511	350.944	361.482
17.523	350.745	361.256
17.5349	350.547	361.031
17.5468	350.35	360.807
17.5588	350.153	360.583
17.5707	349.957	360.36
17.5826	349.761	360.138
17.5946	349.566	359.915
17.6065	349.371	359.694
17.6185	349.177	359.473
17.6304	348.983	359.253
17.6423	348.79	359.033
17.6543	348.597	358.813
17.6662	348.405	358.595
17.6781	348.213	358.376
17.6901	348.022	358.159
17.702	347.831	357.942
17.7139	347.641	357.725
17.7259	347.452	357.509
17.7378	347.262	357.294
17.7498	347.074	357.079
17.7617	346.886	356.865
17.7736	346.698	356.651
17.7856	346.511	356.438
17.7975	346.324	356.225
17.8094	346.138	356.013
17.8214	345.952	355.801
17.8333	345.767	355.59
17.8452	345.583	355.379
17.8572	345.398	355.169
17.8691	345.215	354.96
17.8811	345.032	354.751
17.893	344.849	354.543
17.9049	344.667	354.335
17.9169	344.485	354.127
17.9288	344.304	353.921
17.9407	344.123	353.714
17.9527	343.943	353.509
17.9646	343.763	353.303
17.9766	343.584	353.099
17.9885	343.405	352.895
18.0004	343.227	352.691
18.0124	343.049	352.488
18.0243	342.872	352.285
18.0362	342.695	352.083
18.0482	342.519	351.882
18.0601	342.343	351.681
18.072	342.168	351.481
18.084	341.993	351.281
18.0959	341.818	351.081
18.1079	341.644	350.882
18.1198	341.471	350.684
18.1317	341.298	350.486
18.1437	341.125	350.289
18.1556	340.953	350.092
18.1675	340.781	349.896
18.1795	340.61	349.7
18.1914	340.439	349.505
18.2033	340.268	349.31
18.2153	340.098	349.116
18.2272	339.929	348.922
18.2392	339.76	348.729
18.2511	339.591	348.536
18.263	339.423	348.344
18.275	339.255	348.152
18.2869	339.087	347.961
18.2988	338.92	347.77
18.3108	338.753	347.58
18.3227	338.586	347.39
18.3346	338.42	347.201
18.3466	338.254	347.013
18.3585	338.089	346.824
18.3705	337.924	346.637
18.3824	337.759	346.449
18.3943	337.594	346.263
18.4063	337.43	346.076
18.4182	337.266	345.891
18.4301	337.103	345.705
18.4421	336.939	345.52
18.454	336.776	345.336
18.466	336.613	345.152
18.4779	336.45	344.969
18.4898	336.288	344.786
18.5018	336.126	344.603
18.5137	335.964	344.421
18.5256	335.802	344.24
18.5376	335.64	344.059
18.5495	335.479	343.878
18.5614	335.318	343.698
18.5734	335.157	343.518
18.5853	334.996	343.339
18.5973	334.836	343.16
18.6092	334.675	342.981
18.6211	334.515	342.803
18.6331	334.355	342.626
18.645	334.196	342.448
18.6569	334.036	342.272
18.6689	333.877	342.095
18.6808	333.718	341.919
18.6927	333.559	341.744
18.7047	333.401	341.569
18.7166	333.242	341.394
18.7286	333.084	341.22
18.7405	332.926	341.046
18.7524	332.769	340.873
18.7644	332.611	340.699
18.7763	332.454	340.527
18.7882	332.297	340.355
18.8002	332.141	340.183
18.8121	331.985	340.011
18.8241	331.829	339.84
18.836	331.673	339.669
18.8479	331.518	339.499
18.8599	331.362	339.329
18.8718	331.208	339.16
18.8837	331.053	338.99
18.8957	330.899	338.822
18.9076	330.745	338.653
18.9195	330.591	338.485
18.9315	330.438	338.318
18.9434	330.285	338.15
18.9554	330.132	337.983
18.9673	329.979	337.817
18.9792	329.827	337.651
18.9912	329.675	337.485
19.0031	329.524	337.319
19.015	329.372	337.154
19.027	329.221	336.989
19.0389	329.07	336.825
19.0508	328.92	336.661
19.0628	328.769	336.497
19.0747	328.619	336.334
19.0867	328.469	336.171
19.0986	328.32	336.008
19.1105	328.17	335.846
19.1225	328.021	335.684
19.1344	327.872	335.522
19.1463	327.723	335.361
19.1583	327.575	335.2
19.1702	327.427	335.039
19.1821	327.279	334.878
19.1941	327.131	334.718
19.206	326.983	334.559
19.218	326.836	334.399
19.2299	326.689	334.24
19.2418	326.542	334.082
19.2538	326.395	333.923
19.2657	326.249	333.765
19.2776	326.102	333.607
19.2896	325.956	333.45
19.3015	325.81	333.292
19.3135	325.664	333.135
19.3254	325.519	332.979
19.3373	325.374	332.823
19.3493	325.228	332.667
19.3612	325.083	332.511
19.3731	324.938	332.355
19.3851	324.794	332.2
19.397	324.649	332.045
19.4089	324.505	331.891
19.4209	324.361	331.737
19.4328	324.217	331.583
19.4448	324.073	331.429
19.4567	323.93	331.275
19.4686	323.786	331.122
19.4806	323.643	330.969
19.4925	323.5	330.817
19.5044	323.357	330.664
19.5164	323.214	330.512
19.5283	323.072	330.36
19.5402	322.929	330.209
19.5522	322.787	330.057
19.5641	322.645	329.906
19.5761	322.503	329.755
19.588	322.361	329.605
19.5999	322.22	329.454
19.6119	322.078	329.304
19.6238	321.937	329.154
19.6357	321.796	329.005
19.6477	321.655	328.855
19.6596	321.514	328.706
19.6716	321.374	328.557
19.6835	321.233	328.409
19.6954	321.093	328.26
19.7074	320.953	328.112
19.7193	320.813	327.964
19.7312	320.673	327.816
19.7432	320.533	327.669
19.7551	320.394	327.521
19.767	320.254	327.374
19.779	320.115	327.227
19.7909	319.976	327.081
19.8029	319.837	326.934
19.8148	319.698	326.788
19.8267	319.56	326.642
19.8387	319.421	326.496
19.8506	319.283	326.351
19.8625	319.145	326.205
19.8745	319.007	326.06
19.8864	318.869	325.915
19.8983	318.732	325.77
19.9103	318.594	325.626
19.9222	318.457	325.481
19.9342	318.32	325.337
19.9461	318.183	325.193
19.958	318.046	325.049
19.97	317.909	324.906
19.9819	317.773	324.762
19.9938	317.636	324.619
20.0058	317.5	324.476
20.0177	317.364	324.333
20.0296	317.228	324.19
20.0416	317.093	324.048
20.0535	316.957	323.905
20.0655	316.822	323.763
20.0774	316.686	323.621
20.0893	316.551	323.479
20.1013	316.417	323.338
20.1132	316.282	323.196
20.1251	316.147	323.055
20.1371	316.013	322.914
20.149	315.879	322.773
20.161	315.745	322.632
20.1729	315.611	322.491
20.1848	315.477	322.351
20.1968	315.344	322.211
20.2087	315.211	322.07
20.2206	315.077	321.93
20.2326	314.945	321.791
20.2445	314.812	321.651
20.2564	314.679	321.512
20.2684	314.547	321.372
20.2803	314.415	321.233
20.2923	314.283	321.094
20.3042	314.151	320.955
20.3161	314.019	320.817
20.3281	313.888	320.678
20.34	313.757	320.54
20.3519	313.626	320.402
20.3639	313.495	320.263
20.3758	313.364	320.126
20.3877	313.234	319.988
20.3997	313.104	319.85
20.4116	312.974	319.713
20.4236	312.844	319.576
20.4355	312.714	319.438
20.4474	312.585	319.301
20.4594	312.456	319.165
20.4713	312.327	319.028
20.4832	312.198	318.891
20.4952	312.07	318.755
20.5071	311.941	318.619
20.5191	311.813	318.483
20.531	311.685	318.347
20.5429	311.558	318.211
20.5549	311.431	318.076
20.5668	311.303	317.94
20.5787	311.177	317.805
20.5907	311.05	317.67
20.6026	310.924	317.535
20.6145	310.797	317.4
20.6265	310.672	317.265
20.6384	310.546	317.131
20.6504	310.421	316.997
20.6623	310.295	316.862
20.6742	310.171	316.728
20.6862	310.046	316.594
20.6981	309.922	316.461
20.71	309.798	316.327
20.722	309.674	316.194
20.7339	309.55	316.06
20.7458	309.427	315.927
20.7578	309.304	315.794
20.7697	309.181	315.662
20.7817	309.059	315.529
20.7936	308.937	315.397
20.8055	308.815	315.264
20.8175	308.693	315.132
20.8294	308.572	315
20.8413	308.451	314.869
20.8533	308.331	314.737
20.8652	308.21	314.606
20.8771	308.09	314.474
20.8891	307.97	314.343
20.901	307.851	314.212
20.913	307.732	314.082
20.9249	307.613	313.951
20.9368	307.495	313.821
20.9488	307.377	313.69
20.9607	307.259	313.56
20.9726	307.141	313.431
20.9846	307.024	313.301
20.9965	306.907	313.172
21.0085	306.791	313.042
21.0204	306.675	312.913
21.0323	306.559	312.784
21.0443	306.444	312.656
21.0562	306.329	312.527
21.0681	306.214	312.399
21.0801	306.1	312.271
21.092	305.986	312.143
21.1039	305.872	312.015
21.1159	305.759	311.888
21.1278	305.646	311.76
21.1398	305.534	311.633
21.1517	305.421	311.506
21.1636	305.31	311.38
21.1756	305.198	311.253
21.1875	305.087	311.127
21.1994	304.977	311.001
21.2114	304.867	310.875
21.2233	304.757	310.75
21.2352	304.648	310.625
21.2472	304.539	310.499
21.2591	304.43	310.375
21.2711	304.322	310.25
21.283	304.214	310.126
21.2949	304.107	310.001
21.3069	304	309.878
21.3188	303.894	309.754
21.3307	303.788	309.63
21.3427	303.682	309.507
21.3546	303.577	309.384
21.3666	303.472	309.262
21.3785	303.368	309.139
21.3904	303.264	309.017
21.4024	303.161	308.895
21.4143	303.058	308.774
21.4262	302.955	308.652
21.4382	302.853	308.531
21.4501	302.752	308.41
21.462	302.651	308.29
21.474	302.55	308.17
21.4859	302.45	308.05
21.4979	302.35	307.93
21.5098	302.251	307.811
21.5217	302.152	307.692
21.5337	302.054	307.573
21.5456	301.956	307.454
21.5575	301.858	307.336
21.5695	301.762	307.218
21.5814	301.665	307.101
21.5933	301.569	306.983
21.6053	301.474	306.866
21.6172	301.379	306.75
21.6292	301.285	306.633
21.6411	301.191	306.517
21.653	301.097	306.402
21.665	301.005	306.286
21.6769	300.912	306.171
21.6888	300.82	306.057
21.7008	300.729	305.942
21.7127	300.638	305.828
21.7246	300.548	305.715
21.7366	300.458	305.601
21.7485	300.369	305.488
21.7605	300.28	305.376
21.7724	300.192	305.263
21.7843	300.104	305.152
21.7963	300.017	305.04
21.8082	299.931	304.929
21.8201	299.845	304.818
21.8321	299.759	304.708
21.844	299.674	304.598
21.856	299.59	304.488
21.8679	299.506	304.379
21.8798	299.423	304.27
21.8918	299.34	304.161
21.9037	299.258	304.053
21.9156	299.176	303.946
21.9276	299.095	303.838
21.9395	299.014	303.732
21.9514	298.934	303.625
21.9634	298.855	303.519
21.9753	298.776	303.413
21.9873	298.697	303.308
21.9992	298.62	303.203
22.0111	298.542	303.099
22.0231	298.466	302.995
22.035	298.39	302.892
22.0469	298.314	302.788
22.0589	298.239	302.686
22.0708	298.165	302.584
22.0827	298.091	302.482
22.0947	298.018	302.38
22.1066	297.945	302.28
22.1186	297.873	302.179
22.1305	297.802	302.079
22.1424	297.731	301.98
22.1544	297.66	301.881
22.1663	297.591	301.782
22.1782	297.522	301.684
22.1902	297.453	301.586
22.2021	297.385	301.489
22.2141	297.317	301.393
22.226	297.251	301.296
22.2379	297.184	301.201
22.2499	297.119	301.105
22.2618	297.054	301.011
22.2737	296.989	300.917
22.2857	296.925	300.823
22.2976	296.862	300.73
22.3095	296.799	300.637
22.3215	296.737	300.545
22.3334	296.675	300.453
22.3454	296.614	300.362
22.3573	296.554	300.271
22.3692	296.494	300.181
22.3812	296.435	300.091
22.3931	296.376	300.002
22.405	296.318	299.913
22.417	296.26	299.825
22.4289	296.203	299.738
22.4408	296.147	299.651
22.4528	296.091	299.564
22.4647	296.036	299.478
22.4767	295.981	299.393
22.4886	295.927	299.308
22.5005	295.874	299.223
22.5125	295.821	299.14
22.5244	295.769	299.056
22.5363	295.717	298.974
22.5483	295.666	298.891
22.5602	295.615	298.81
22.5721	295.565	298.729
22.5841	295.516	298.648
22.596	295.467	298.568
22.608	295.419	298.489
22.6199	295.371	298.41
22.6318	295.324	298.332
22.6438	295.277	298.254
22.6557	295.231	298.177
22.6676	295.186	298.101
22.6796	295.141	298.025
22.6915	295.096	297.949
22.7035	295.053	297.874
22.7154	295.009	297.8
22.7273	294.967	297.726
22.7393	294.924	297.653
22.7512	294.883	297.581
22.7631	294.842	297.509
22.7751	294.801	297.438
22.787	294.761	297.367
22.7989	294.722	297.297
22.8109	294.683	297.227
22.8228	294.645	297.158
22.8348	294.607	297.09
22.8467	294.57	297.022
22.8586	294.533	296.955
22.8706	294.497	296.888
22.8825	294.461	296.822
22.8944	294.426	296.757
22.9064	294.391	296.692
22.9183	294.357	296.628
22.9302	294.323	296.564
22.9422	294.29	296.501
22.9541	294.258	296.438
22.9661	294.226	296.376
22.978	294.194	296.315
22.9899	294.163	296.254
23.0019	294.132	296.194
23.0138	294.102	296.135
23.0257	294.073	296.076
23.0377	294.044	296.018
23.0496	294.015	295.96
23.0616	293.987	295.903
23.0735	293.959	295.846
23.0854	293.932	295.791
23.0974	293.905	295.735
23.1093	293.879	295.681
23.1212	293.853	295.626
23.1332	293.828	295.573
23.1451	293.803	295.52
23.157	293.779	295.468
23.169	293.755	295.416
23.1809	293.731	295.365
23.1929	293.708	295.314
23.2048	293.685	295.264
23.2167	293.663	295.215
23.2287	293.642	295.166
23.2406	293.62	295.118
23.2525	293.599	295.07
23.2645	293.579	295.023
23.2764	293.559	294.977
23.2883	293.539	294.931
23.3003	293.52	294.886
23.3122	293.501	294.841
23.3242	293.483	294.797
23.3361	293.465	294.753
23.348	293.447	294.711
23.36	293.43	294.668
23.3719	293.413	294.626
23.3838	293.397	294.585
23.3958	293.381	294.545
23.4077	293.365	294.504
23.4196	293.35	294.465
23.4316	293.335	294.426
23.4435	293.32	294.388
23.4555	293.306	294.35
23.4674	293.292	294.313
23.4793	293.279	294.276
23.4913	293.266	294.24
23.5032	293.253	294.204
23.5151	293.241	294.169
23.5271	293.228	294.135
23.539	293.217	294.101
23.551	293.205	294.067
23.5629	293.194	294.034
23.5748	293.183	294.002
23.5868	293.173	293.97
23.5987	293.163	293.939
23.6106	293.153	293.909
23.6226	293.143	293.879
23.6345	293.134	293.849
23.6464	293.125	293.82
23.6584	293.116	293.791
23.6703	293.108	293.764
23.6823	293.1	293.736
23.6942	293.092	293.709
23.7061	293.084	293.683
23.7181	293.077	293.657
23.73	293.07	293.632
23.7419	293.063	293.608
23.7539	293.056	293.584
23.7658	293.05	293.56
23.7777	293.044	293.538
23.7897	293.038	293.517
23.8016	293.033	293.496
23.8136	293.027	293.477
23.8255	293.022	293.461
23.8374	293.017	293.446
23.8494	293.012	293.434
23.8613	293.007	293.427
23.8732	293	293.424
