0	786.325	786.34
0.0119366	786.306	786.321
0.0238732	786.249	786.264
0.0358099	786.156	786.17
0.0477465	786.03	786.042
0.0596831	785.872	785.883
0.0716197	785.688	785.697
0.0835563	785.48	785.488
0.095493	785.253	785.259
0.10743	785.009	785.015
0.119366	784.753	784.758
0.131303	784.487	784.491
0.143239	784.214	784.217
0.155176	783.935	783.937
0.167113	783.651	783.653
0.179049	783.365	783.366
0.190986	783.076	783.077
0.202923	782.785	782.786
0.214859	782.494	782.495
0.226796	782.201	782.202
0.238732	781.908	781.908
0.250669	781.613	781.614
0.262606	781.319	781.32
0.274542	781.024	781.024
0.286479	780.728	780.729
0.298416	780.432	780.433
0.310352	780.135	780.136
0.322289	779.838	779.839
0.334225	779.541	779.541
0.346162	779.243	779.243
0.358099	778.944	778.945
0.370035	778.645	778.646
0.381972	778.346	778.347
0.393908	778.046	778.047
0.405845	777.746	777.747
0.417782	777.445	777.446
0.429718	777.144	777.145
0.441655	776.843	776.844
0.453592	776.541	776.542
0.465528	776.238	776.239
0.477465	775.936	775.936
0.489401	775.632	775.633
0.501338	775.329	775.329
0.513275	775.025	775.025
0.525211	774.72	774.721
0.537148	774.415	774.416
0.549085	774.11	774.11
0.561021	773.804	773.805
0.572958	773.497	773.498
0.584894	773.191	773.192
0.596831	772.884	772.884
0.608768	772.576	772.577
0.620704	772.268	772.269
0.632641	771.96	771.96
0.644578	771.651	771.652
0.656514	771.342	771.342
0.668451	771.032	771.033
0.680387	770.722	770.723
0.692324	770.411	770.412
0.704261	770.101	770.101
0.716197	769.789	769.79
0.728134	769.478	769.478
0.74007	769.165	769.166
0.752007	768.853	768.854
0.763944	768.54	768.541
0.77588	768.227	768.227
0.787817	767.913	767.914
0.799754	767.599	767.599
0.81169	767.284	767.285
0.823627	766.969	766.97
0.835563	766.654	766.654
0.8475	766.338	766.339
0.859437	766.022	766.023
0.871373	765.705	765.706
0.88331	765.388	765.389
0.895247	765.071	765.072
0.907183	764.753	764.754
0.91912	764.435	764.436
0.931056	764.116	764.117
0.942993	763.797	763.798
0.95493	763.478	763.479
0.966866	763.158	763.159
0.978803	762.838	762.839
0.99074	762.518	762.519
1.00268	762.197	762.198
1.01461	761.876	761.876
1.02655	761.554	761.555
1.03849	761.232	761.233
1.05042	760.91	760.91
1.06236	760.587	760.588
1.0743	760.264	760.264
1.08623	759.94	759.941
1.09817	759.616	759.617
1.11011	759.292	759.293
1.12204	758.967	758.968
1.13398	758.642	758.643
1.14592	758.317	758.318
1.15785	757.991	757.992
1.16979	757.665	757.666
1.18173	757.338	757.339
1.19366	757.012	757.012
1.2056	756.684	756.685
1.21754	756.357	756.357
1.22947	756.029	756.03
1.24141	755.7	755.701
1.25335	755.372	755.373
1.26528	755.043	755.043
1.27722	754.713	754.714
1.28916	754.384	754.384
1.30109	754.053	754.054
1.31303	753.723	753.724
1.32496	753.392	753.393
1.3369	753.061	753.062
1.34884	752.73	752.73
1.36077	752.398	752.398
1.37271	752.065	752.066
1.38465	751.733	751.734
1.39658	751.4	751.401
1.40852	751.067	751.068
1.42046	750.733	750.734
1.43239	750.399	750.4
1.44433	750.065	750.066
1.45627	749.73	749.731
1.4682	749.395	749.396
1.48014	749.06	749.061
1.49208	748.725	748.725
1.50401	748.389	748.39
1.51595	748.052	748.053
1.52789	747.716	747.717
1.53982	747.379	747.38
1.55176	747.042	747.042
1.5637	746.704	746.705
1.57563	746.366	746.367
1.58757	746.028	746.029
1.59951	745.689	745.69
1.61144	745.35	745.351
1.62338	745.011	745.012
1.63532	744.672	744.673
1.64725	744.332	744.333
1.65919	743.992	743.993
1.67113	743.651	743.652
1.68306	743.311	743.311
1.695	742.969	742.97
1.70694	742.628	742.629
1.71887	742.286	742.287
1.73081	741.944	741.945
1.74275	741.602	741.603
1.75468	741.259	741.26
1.76662	740.916	740.917
1.77856	740.573	740.574
1.79049	740.23	740.23
1.80243	739.886	739.887
1.81437	739.542	739.542
1.8263	739.197	739.198
1.83824	738.852	738.853
1.85018	738.507	738.508
1.86211	738.162	738.163
1.87405	737.816	737.817
1.88599	737.47	737.471
1.89792	737.124	737.125
1.90986	736.778	736.778
1.9218	736.431	736.432
1.93373	736.084	736.085
1.94567	735.736	735.737
1.95761	735.389	735.39
1.96954	735.041	735.042
1.98148	734.693	734.693
1.99342	734.344	734.345
2.00535	733.995	733.996
2.01729	733.646	733.647
2.02923	733.297	733.298
2.04116	732.947	732.948
2.0531	732.597	732.598
2.06504	732.247	732.248
2.07697	731.897	731.898
2.08891	731.546	731.547
2.10085	731.195	731.196
2.11278	730.844	730.845
2.12472	730.492	730.493
2.13666	730.14	730.141
2.14859	729.788	729.789
2.16053	729.436	729.437
2.17246	729.083	729.084
2.1844	728.731	728.731
2.19634	728.378	728.378
2.20827	728.024	728.025
2.22021	727.671	727.671
2.23215	727.317	727.317
2.24408	726.962	726.963
2.25602	726.608	726.609
2.26796	726.253	726.254
2.27989	725.899	725.899
2.29183	725.543	725.544
2.30377	725.188	725.189
2.3157	724.832	724.833
2.32764	724.476	724.477
2.33958	724.12	724.121
2.35151	723.764	723.765
2.36345	723.407	723.408
2.37539	723.05	723.051
2.38732	722.693	722.694
2.39926	722.336	722.337
2.4112	721.978	721.979
2.42313	721.621	721.621
2.43507	721.263	721.263
2.44701	720.904	720.905
2.45894	720.546	720.547
2.47088	720.187	720.188
2.48282	719.828	719.829
2.49475	719.469	719.47
2.50669	719.109	719.11
2.51863	718.75	718.75
2.53056	718.39	718.391
2.5425	718.03	718.03
2.55444	717.669	717.67
2.56637	717.309	717.309
2.57831	716.948	716.949
2.59025	716.587	716.588
2.60218	716.226	716.226
2.61412	715.864	715.865
2.62606	715.502	715.503
2.63799	715.141	715.141
2.64993	714.778	714.779
2.66187	714.416	714.417
2.6738	714.054	714.054
2.68574	713.691	713.692
2.69768	713.328	713.329
2.70961	712.965	712.966
2.72155	712.601	712.602
2.73349	712.238	712.239
2.74542	711.874	711.875
2.75736	711.51	711.511
2.7693	711.146	711.147
2.78123	710.781	710.782
2.79317	710.417	710.418
2.80511	710.052	710.053
2.81704	709.687	709.688
2.82898	709.322	709.323
2.84092	708.956	708.957
2.85285	708.591	708.592
2.86479	708.225	708.226
2.87673	707.859	707.86
2.88866	707.493	707.494
2.9006	707.127	707.127
2.91254	706.76	706.761
2.92447	706.393	706.394
2.93641	706.026	706.027
2.94835	705.659	705.66
2.96028	705.292	705.293
2.97222	704.925	704.925
2.98416	704.557	704.558
2.99609	704.189	704.19
3.00803	703.821	703.822
3.01997	703.453	703.454
3.0319	703.084	703.085
3.04384	702.716	702.717
3.05577	702.347	702.348
3.06771	701.978	701.979
3.07965	701.609	701.61
3.09158	701.24	701.241
3.10352	700.87	700.871
3.11546	700.501	700.502
3.12739	700.131	700.132
3.13933	699.761	699.762
3.15127	699.391	699.392
3.1632	699.021	699.022
3.17514	698.65	698.651
3.18708	698.28	698.281
3.19901	697.909	697.91
3.21095	697.538	697.539
3.22289	697.167	697.168
3.23482	696.796	696.797
3.24676	696.424	696.425
3.2587	696.053	696.054
3.27063	695.681	695.682
3.28257	695.309	695.31
3.29451	694.937	694.938
3.30644	694.565	694.566
3.31838	694.193	694.193
3.33032	693.82	693.821
3.34225	693.447	693.448
3.35419	693.075	693.076
3.36613	692.702	692.703
3.37806	692.329	692.329
3.39	691.955	691.956
3.40194	691.582	691.583
3.41387	691.208	691.209
3.42581	690.835	690.836
3.43775	690.461	690.462
3.44968	690.087	690.088
3.46162	689.713	689.714
3.47356	689.339	689.34
3.48549	688.964	688.965
3.49743	688.59	688.591
3.50937	688.215	688.216
3.5213	687.84	687.841
3.53324	687.465	687.466
3.54518	687.09	687.091
3.55711	686.715	686.716
3.56905	686.34	686.341
3.58099	685.964	685.965
3.59292	685.589	685.59
3.60486	685.213	685.214
3.6168	684.837	684.838
3.62873	684.461	684.462
3.64067	684.085	684.086
3.65261	683.709	683.71
3.66454	683.333	683.333
3.67648	682.956	682.957
3.68842	682.579	682.58
3.70035	682.203	682.204
3.71229	681.826	681.827
3.72423	681.449	681.45
3.73616	681.072	681.073
3.7481	680.695	680.695
3.76004	680.317	680.318
3.77197	679.94	679.941
3.78391	679.562	679.563
3.79585	679.185	679.185
3.80778	678.807	678.808
3.81972	678.429	678.43
3.83166	678.051	678.052
3.84359	677.673	677.674
3.85553	677.295	677.295
3.86747	676.916	676.917
3.8794	676.538	676.539
3.89134	676.159	676.16
3.90327	675.781	675.781
3.91521	675.402	675.403
3.92715	675.023	675.024
3.93908	674.644	674.645
3.95102	674.265	674.266
3.96296	673.886	673.887
3.97489	673.506	673.507
3.98683	673.127	673.128
3.99877	672.748	672.748
4.0107	672.368	672.369
4.02264	671.988	671.989
4.03458	671.609	671.609
4.04651	671.229	671.229
4.05845	670.849	670.849
4.07039	670.469	670.469
4.08232	670.088	670.089
4.09426	669.708	669.709
4.1062	669.328	669.329
4.11813	668.947	668.948
4.13007	668.567	668.568
4.14201	668.186	668.187
4.15394	667.805	667.806
4.16588	667.425	667.425
4.17782	667.044	667.045
4.18975	666.663	666.664
4.20169	666.282	666.283
4.21363	665.901	665.901
4.22556	665.519	665.52
4.2375	665.138	665.139
4.24944	664.757	664.757
4.26137	664.375	664.376
4.27331	663.994	663.994
4.28525	663.612	663.613
4.29718	663.23	663.231
4.30912	662.848	662.849
4.32106	662.466	662.467
4.33299	662.084	662.085
4.34493	661.702	661.703
4.35687	661.32	661.321
4.3688	660.938	660.939
4.38074	660.556	660.557
4.39268	660.173	660.174
4.40461	659.791	659.792
4.41655	659.408	659.409
4.42849	659.026	659.027
4.44042	658.643	658.644
4.45236	658.261	658.261
4.4643	657.878	657.879
4.47623	657.495	657.496
4.48817	657.112	657.113
4.50011	656.729	656.73
4.51204	656.346	656.347
4.52398	655.963	655.964
4.53592	655.579	655.58
4.54785	655.196	655.197
4.55979	654.813	654.814
4.57173	654.429	654.43
4.58366	654.046	654.047
4.5956	653.662	653.663
4.60754	653.279	653.28
4.61947	652.895	652.896
4.63141	652.512	652.512
4.64335	652.128	652.129
4.65528	651.744	651.745
4.66722	651.36	651.361
4.67916	650.976	650.977
4.69109	650.592	650.593
4.70303	650.208	650.209
4.71497	649.824	649.825
4.7269	649.44	649.44
4.73884	649.055	649.056
4.75078	648.671	648.672
4.76271	648.287	648.288
4.77465	647.902	647.903
4.78658	647.518	647.519
4.79852	647.133	647.134
4.81046	646.749	646.75
4.82239	646.364	646.365
4.83433	645.979	645.98
4.84627	645.595	645.595
4.8582	645.21	645.211
4.87014	644.825	644.826
4.88208	644.44	644.441
4.89401	644.055	644.056
4.90595	643.67	643.671
4.91789	643.285	643.286
4.92982	642.9	642.901
4.94176	642.515	642.516
4.9537	642.13	642.131
4.96563	641.745	641.746
4.97757	641.359	641.36
4.98951	640.974	640.975
5.00144	640.589	640.59
5.01338	640.203	640.204
5.02532	639.818	639.819
5.03725	639.433	639.433
5.04919	639.047	639.048
5.06113	638.661	638.662
5.07306	638.276	638.277
5.085	637.89	637.891
5.09694	637.505	637.505
5.10887	637.119	637.12
5.12081	636.733	636.734
5.13275	636.347	636.348
5.14468	635.961	635.962
5.15662	635.576	635.576
5.16856	635.19	635.19
5.18049	634.804	634.804
5.19243	634.418	634.418
5.20437	634.032	634.032
5.2163	633.646	633.646
5.22824	633.259	633.26
5.24018	632.873	632.874
5.25211	632.487	632.488
5.26405	632.101	632.102
5.27599	631.715	631.716
5.28792	631.328	631.329
5.29986	630.942	630.943
5.3118	630.556	630.557
5.32373	630.169	630.17
5.33567	629.783	629.784
5.34761	629.397	629.397
5.35954	629.01	629.011
5.37148	628.624	628.624
5.38342	628.237	628.238
5.39535	627.851	627.851
5.40729	627.464	627.465
5.41923	627.077	627.078
5.43116	626.691	626.692
5.4431	626.304	626.305
5.45504	625.917	625.918
5.46697	625.531	625.531
5.47891	625.144	625.145
5.49085	624.757	624.758
5.50278	624.37	624.371
5.51472	623.984	623.984
5.52666	623.597	623.597
5.53859	623.21	623.211
5.55053	622.823	622.824
5.56247	622.436	622.437
5.5744	622.049	622.05
5.58634	621.662	621.663
5.59828	621.275	621.276
5.61021	620.888	620.889
5.62215	620.501	620.502
5.63408	620.114	620.115
5.64602	619.727	619.728
5.65796	619.34	619.34
5.66989	618.952	618.953
5.68183	618.565	618.566
5.69377	618.178	618.179
5.7057	617.791	617.792
5.71764	617.404	617.404
5.72958	617.016	617.017
5.74151	616.629	616.63
5.75345	616.242	616.243
5.76539	615.855	615.855
5.77732	615.467	615.468
5.78926	615.08	615.081
5.8012	614.692	614.693
5.81313	614.305	614.306
5.82507	613.918	613.918
5.83701	613.53	613.531
5.84894	613.143	613.144
5.86088	612.755	612.756
5.87282	612.368	612.369
5.88475	611.98	611.981
5.89669	611.593	611.594
5.90863	611.205	611.206
5.92056	610.818	610.819
5.9325	610.43	610.431
5.94444	610.043	610.043
5.95637	609.655	609.656
5.96831	609.267	609.268
5.98025	608.88	608.88
5.99218	608.492	608.493
6.00412	608.104	608.105
6.01606	607.717	607.717
6.02799	607.329	607.33
6.03993	606.941	606.942
6.05187	606.554	606.554
6.0638	606.166	606.167
6.07574	605.778	605.779
6.08768	605.39	605.391
6.09961	605.002	605.003
6.11155	604.615	604.615
6.12349	604.227	604.228
6.13542	603.839	603.84
6.14736	603.451	603.452
6.1593	603.063	603.064
6.17123	602.675	602.676
6.18317	602.288	602.288
6.19511	601.9	601.9
6.20704	601.512	601.512
6.21898	601.124	601.125
6.23092	600.736	600.737
6.24285	600.348	600.349
6.25479	599.96	599.961
6.26673	599.572	599.573
6.27866	599.184	599.185
6.2906	598.796	598.797
6.30254	598.408	598.409
6.31447	598.02	598.021
6.32641	597.632	597.633
6.33835	597.244	597.245
6.35028	596.856	596.856
6.36222	596.468	596.468
6.37416	596.079	596.08
6.38609	595.691	595.692
6.39803	595.303	595.304
6.40997	594.915	594.916
6.4219	594.527	594.528
6.43384	594.139	594.14
6.44578	593.751	593.751
6.45771	593.362	593.363
6.46965	592.974	592.975
6.48159	592.586	592.587
6.49352	592.198	592.199
6.50546	591.81	591.81
6.51739	591.421	591.422
6.52933	591.033	591.034
6.54127	590.645	590.646
6.5532	590.257	590.257
6.56514	589.868	589.869
6.57708	589.48	589.481
6.58901	589.092	589.093
6.60095	588.703	588.704
6.61289	588.315	588.316
6.62482	587.927	587.928
6.63676	587.538	587.539
6.6487	587.15	587.151
6.66063	586.762	586.762
6.67257	586.373	586.374
6.68451	585.985	585.986
6.69644	585.596	585.597
6.70838	585.208	585.209
6.72032	584.82	584.82
6.73225	584.431	584.432
6.74419	584.043	584.043
6.75613	583.654	583.655
6.76806	583.266	583.266
6.78	582.877	582.878
6.79194	582.489	582.489
6.80387	582.1	582.101
6.81581	581.712	581.712
6.82775	581.323	581.324
6.83968	580.935	580.935
6.85162	580.546	580.547
6.86356	580.157	580.158
6.87549	579.769	579.77
6.88743	579.38	579.381
6.89937	578.992	578.992
6.9113	578.603	578.604
6.92324	578.214	578.215
6.93518	577.826	577.826
6.94711	577.437	577.438
6.95905	577.048	577.049
6.97099	576.66	576.66
6.98292	576.271	576.272
6.99486	575.882	575.883
7.0068	575.493	575.494
7.01873	575.105	575.106
7.03067	574.716	574.717
7.04261	574.327	574.328
7.05454	573.938	573.939
7.06648	573.55	573.55
7.07842	573.161	573.162
7.09035	572.772	572.773
7.10229	572.383	572.384
7.11423	571.994	571.995
7.12616	571.605	571.606
7.1381	571.217	571.217
7.15004	570.828	570.828
7.16197	570.439	570.439
7.17391	570.05	570.051
7.18585	569.661	569.662
7.19778	569.272	569.273
7.20972	568.883	568.884
7.22166	568.494	568.495
7.23359	568.105	568.106
7.24553	567.716	567.717
7.25747	567.327	567.328
7.2694	566.938	566.939
7.28134	566.549	566.55
7.29328	566.16	566.16
7.30521	565.771	565.771
7.31715	565.381	565.382
7.32909	564.992	564.993
7.34102	564.603	564.604
7.35296	564.214	564.215
7.36489	563.825	563.826
7.37683	563.436	563.436
7.38877	563.046	563.047
7.4007	562.657	562.658
7.41264	562.268	562.269
7.42458	561.879	561.879
7.43651	561.489	561.49
7.44845	561.1	561.101
7.46039	560.711	560.711
7.47232	560.321	560.322
7.48426	559.932	559.933
7.4962	559.543	559.543
7.50813	559.153	559.154
7.52007	558.764	558.765
7.53201	558.374	558.375
7.54394	557.985	557.986
7.55588	557.595	557.596
7.56782	557.206	557.207
7.57975	556.816	556.817
7.59169	556.427	556.428
7.60363	556.037	556.038
7.61556	555.648	555.648
7.6275	555.258	555.259
7.63944	554.868	554.869
7.65137	554.479	554.48
7.66331	554.089	554.09
7.67525	553.699	553.7
7.68718	553.31	553.31
7.69912	552.92	552.921
7.71106	552.53	552.531
7.72299	552.14	552.141
7.73493	551.751	551.751
7.74687	551.361	551.362
7.7588	550.971	550.972
7.77074	550.581	550.582
7.78268	550.191	550.192
7.79461	549.801	549.802
7.80655	549.411	549.412
7.81849	549.021	549.022
7.83042	548.631	548.632
7.84236	548.241	548.242
7.8543	547.851	547.852
7.86623	547.461	547.462
7.87817	547.071	547.072
7.89011	546.681	546.682
7.90204	546.291	546.292
7.91398	545.901	545.901
7.92592	545.51	545.511
7.93785	545.12	545.121
7.94979	544.73	544.731
7.96173	544.34	544.34
7.97366	543.949	543.95
7.9856	543.559	543.56
7.99754	543.169	543.169
8.00947	542.778	542.779
8.02141	542.388	542.389
8.03335	541.997	541.998
8.04528	541.607	541.608
8.05722	541.216	541.217
8.06916	540.826	540.827
8.08109	540.435	540.436
8.09303	540.045	540.045
8.10497	539.654	539.655
8.1169	539.263	539.264
8.12884	538.873	538.873
8.14078	538.482	538.483
8.15271	538.091	538.092
8.16465	537.7	537.701
8.17659	537.31	537.31
8.18852	536.919	536.92
8.20046	536.528	536.529
8.2124	536.137	536.138
8.22433	535.746	535.747
8.23627	535.355	535.356
8.2482	534.964	534.965
8.26014	534.573	534.574
8.27208	534.182	534.183
8.28401	533.791	533.792
8.29595	533.4	533.401
8.30789	533.009	533.009
8.31982	532.617	532.618
8.33176	532.226	532.227
8.3437	531.835	531.836
8.35563	531.444	531.445
8.36757	531.052	531.053
8.37951	530.661	530.662
8.39144	530.27	530.27
8.40338	529.878	529.879
8.41532	529.487	529.488
8.42725	529.095	529.096
8.43919	528.704	528.704
8.45113	528.312	528.313
8.46306	527.92	527.921
8.475	527.529	527.53
8.48694	527.137	527.138
8.49887	526.745	526.746
8.51081	526.354	526.355
8.52275	525.962	525.963
8.53468	525.57	525.571
8.54662	525.178	525.179
8.55856	524.786	524.787
8.57049	524.394	524.395
8.58243	524.002	524.003
8.59437	523.61	523.611
8.6063	523.218	523.219
8.61824	522.826	522.827
8.63018	522.434	522.435
8.64211	522.042	522.043
8.65405	521.65	521.651
8.66599	521.258	521.258
8.67792	520.865	520.866
8.68986	520.473	520.474
8.7018	520.081	520.081
8.71373	519.688	519.689
8.72567	519.296	519.297
8.73761	518.903	518.904
8.74954	518.511	518.512
8.76148	518.118	518.119
8.77342	517.726	517.727
8.78535	517.333	517.334
8.79729	516.94	516.941
8.80923	516.548	516.549
8.82116	516.155	516.156
8.8331	515.762	515.763
8.84504	515.369	515.37
8.85697	514.977	514.977
8.86891	514.584	514.584
8.88085	514.191	514.192
8.89278	513.798	513.799
8.90472	513.405	513.406
8.91666	513.012	513.012
8.92859	512.619	512.619
8.94053	512.225	512.226
8.95247	511.832	511.833
8.9644	511.439	511.44
8.97634	511.046	511.047
8.98828	510.652	510.653
9.00021	510.259	510.26
9.01215	509.866	509.867
9.02409	509.472	509.473
9.03602	509.079	509.08
9.04796	508.685	508.686
9.0599	508.292	508.293
9.07183	507.898	507.899
9.08377	507.505	507.505
9.0957	507.111	507.112
9.10764	506.717	506.718
9.11958	506.323	506.324
9.13151	505.93	505.931
9.14345	505.536	505.537
9.15539	505.142	505.143
9.16732	504.748	504.749
9.17926	504.354	504.355
9.1912	503.96	503.961
9.20313	503.566	503.567
9.21507	503.172	503.173
9.22701	502.778	502.779
9.23894	502.384	502.385
9.25088	501.99	501.99
9.26282	501.595	501.596
9.27475	501.201	501.202
9.28669	500.807	500.808
9.29863	500.413	500.413
9.31056	500.018	500.019
9.3225	499.624	499.625
9.33444	499.229	499.23
9.34637	498.835	498.836
9.35831	498.44	498.441
9.37025	498.046	498.047
9.38218	497.651	497.652
9.39412	497.256	497.257
9.40606	496.862	496.863
9.41799	496.467	496.468
9.42993	496.072	496.073
9.44187	495.677	495.678
9.4538	495.283	495.283
9.46574	494.888	494.889
9.47768	494.493	494.494
9.48961	494.098	494.099
9.50155	493.703	493.704
9.51349	493.308	493.309
9.52542	492.913	492.914
9.53736	492.518	492.519
9.5493	492.123	492.123
9.56123	491.728	491.728
9.57317	491.332	491.333
9.58511	490.937	490.938
9.59704	490.542	490.543
9.60898	490.147	490.147
9.62092	489.751	489.752
9.63285	489.356	489.357
9.64479	488.96	488.961
9.65673	488.565	488.566
9.66866	488.17	488.17
9.6806	487.774	487.775
9.69254	487.379	487.379
9.70447	486.983	486.984
9.71641	486.587	486.588
9.72835	486.192	486.193
9.74028	485.796	485.797
9.75222	485.401	485.401
9.76416	485.005	485.006
9.77609	484.609	484.61
9.78803	484.213	484.214
9.79997	483.818	483.818
9.8119	483.422	483.423
9.82384	483.026	483.027
9.83578	482.63	482.631
9.84771	482.234	482.235
9.85965	481.838	481.839
9.87159	481.442	481.443
9.88352	481.046	481.047
9.89546	480.65	480.651
9.9074	480.254	480.255
9.91933	479.858	479.859
9.93127	479.462	479.463
9.94321	479.066	479.067
9.95514	478.67	478.671
9.96708	478.274	478.275
9.97901	477.878	477.879
9.99095	477.482	477.483
10.0029	477.086	477.087
10.0148	476.69	476.69
10.0268	476.293	476.294
10.0387	475.897	475.898
10.0506	475.501	475.502
10.0626	475.105	475.105
10.0745	474.708	474.709
10.0864	474.312	474.313
10.0984	473.916	473.917
10.1103	473.519	473.52
10.1223	473.123	473.124
10.1342	472.727	472.728
10.1461	472.331	472.331
10.1581	471.934	471.935
10.17	471.538	471.539
10.1819	471.141	471.142
10.1939	470.745	470.746
10.2058	470.349	470.35
10.2177	469.952	469.953
10.2297	469.556	469.557
10.2416	469.16	469.16
10.2536	468.763	468.764
10.2655	468.367	468.368
10.2774	467.97	467.971
10.2894	467.574	467.575
10.3013	467.178	467.178
10.3132	466.781	466.782
10.3252	466.385	466.386
10.3371	465.989	465.989
10.3491	465.592	465.593
10.361	465.196	465.197
10.3729	464.799	464.8
10.3849	464.403	464.404
10.3968	464.007	464.008
10.4087	463.61	463.611
10.4207	463.214	463.215
10.4326	462.818	462.819
10.4445	462.421	462.422
10.4565	462.025	462.026
10.4684	461.629	461.63
10.4804	461.233	461.233
10.4923	460.836	460.837
10.5042	460.44	460.441
10.5162	460.044	460.045
10.5281	459.648	459.648
10.54	459.252	459.252
10.552	458.855	458.856
10.5639	458.459	458.46
10.5758	458.063	458.064
10.5878	457.667	457.668
10.5997	457.271	457.272
10.6117	456.875	456.876
10.6236	456.479	456.48
10.6355	456.083	456.084
10.6475	455.687	455.688
10.6594	455.291	455.292
10.6713	454.895	454.896
10.6833	454.5	454.5
10.6952	454.104	454.105
10.7071	453.708	453.709
10.7191	453.312	453.313
10.731	452.917	452.917
10.743	452.521	452.522
10.7549	452.125	452.126
10.7668	451.73	451.731
10.7788	451.334	451.335
10.7907	450.939	450.94
10.8026	450.543	450.544
10.8146	450.148	450.149
10.8265	449.753	449.754
10.8385	449.358	449.358
10.8504	448.962	448.963
10.8623	448.567	448.568
10.8743	448.172	448.173
10.8862	447.777	447.778
10.8981	447.382	447.383
10.9101	446.987	446.988
10.922	446.592	446.593
10.9339	446.198	446.198
10.9459	445.803	445.804
10.9578	445.408	445.409
10.9698	445.014	445.015
10.9817	444.619	444.62
10.9936	444.225	444.226
11.0056	443.831	443.831
11.0175	443.436	443.437
11.0294	443.042	443.043
11.0414	442.648	442.649
11.0533	442.254	442.255
11.0652	441.86	441.861
11.0772	441.466	441.467
11.0891	441.072	441.073
11.1011	440.679	440.679
11.113	440.285	440.286
11.1249	439.892	439.892
11.1369	439.498	439.499
11.1488	439.105	439.106
11.1607	438.712	438.712
11.1727	438.318	438.319
11.1846	437.925	437.926
11.1966	437.533	437.533
11.2085	437.14	437.14
11.2204	436.747	436.748
11.2324	436.354	436.355
11.2443	435.962	435.963
11.2562	435.57	435.57
11.2682	435.177	435.178
11.2801	434.785	434.786
11.292	434.393	434.394
11.304	434.001	434.002
11.3159	433.609	433.61
11.3279	433.218	433.218
11.3398	432.826	432.827
11.3517	432.435	432.435
11.3637	432.043	432.044
11.3756	431.652	431.653
11.3875	431.261	431.262
11.3995	430.87	430.871
11.4114	430.48	430.48
11.4233	430.089	430.09
11.4353	429.698	429.699
11.4472	429.308	429.309
11.4592	428.918	428.919
11.4711	428.528	428.529
11.483	428.138	428.139
11.495	427.748	427.749
11.5069	427.359	427.359
11.5188	426.969	426.97
11.5308	426.58	426.581
11.5427	426.191	426.192
11.5546	425.802	425.803
11.5666	425.413	425.414
11.5785	425.025	425.025
11.5905	424.636	424.637
11.6024	424.248	424.249
11.6143	423.86	423.86
11.6263	423.472	423.473
11.6382	423.084	423.085
11.6501	422.696	422.697
11.6621	422.309	422.31
11.674	421.922	421.923
11.686	421.535	421.536
11.6979	421.148	421.149
11.7098	420.761	420.762
11.7218	420.375	420.376
11.7337	419.989	419.989
11.7456	419.603	419.603
11.7576	419.217	419.218
11.7695	418.831	418.832
11.7814	418.446	418.447
11.7934	418.061	418.061
11.8053	417.676	417.676
11.8173	417.291	417.292
11.8292	416.906	416.907
11.8411	416.522	416.523
11.8531	416.138	416.138
11.865	415.754	415.755
11.8769	415.37	415.371
11.8889	414.987	414.987
11.9008	414.603	414.604
11.9127	414.22	414.221
11.9247	413.838	413.838
11.9366	413.455	413.456
11.9486	413.073	413.074
11.9605	412.691	412.692
11.9724	412.309	412.31
11.9844	411.928	411.928
11.9963	411.546	411.547
12.0082	411.165	411.166
12.0202	410.784	410.785
12.0321	410.404	410.405
12.0441	410.024	410.024
12.056	409.644	409.644
12.0679	409.264	409.265
12.0799	408.884	408.885
12.0918	408.505	408.506
12.1037	408.126	408.127
12.1157	407.748	407.748
12.1276	407.369	407.37
12.1395	406.991	406.992
12.1515	406.613	406.614
12.1634	406.236	406.237
12.1754	405.859	405.859
12.1873	405.482	405.483
12.1992	405.105	405.106
12.2112	404.729	404.73
12.2231	404.353	404.354
12.235	403.977	403.978
12.247	403.602	403.602
12.2589	403.227	403.227
12.2708	402.852	402.853
12.2828	402.477	402.478
12.2947	402.103	402.104
12.3067	401.729	401.73
12.3186	401.356	401.357
12.3305	400.983	400.983
12.3425	400.61	400.611
12.3544	400.237	400.238
12.3663	399.865	399.866
12.3783	399.493	399.494
12.3902	399.122	399.123
12.4021	398.751	398.751
12.4141	398.38	398.381
12.426	398.009	398.01
12.438	397.639	397.64
12.4499	397.27	397.27
12.4618	396.9	396.901
12.4738	396.531	396.532
12.4857	396.163	396.163
12.4976	395.794	395.795
12.5096	395.426	395.427
12.5215	395.059	395.059
12.5335	394.692	394.692
12.5454	394.325	394.325
12.5573	393.958	393.959
12.5693	393.592	393.593
12.5812	393.227	393.227
12.5931	392.861	392.862
12.6051	392.496	392.497
12.617	392.132	392.133
12.6289	391.768	391.768
12.6409	391.404	391.405
12.6528	391.041	391.041
12.6648	390.678	390.679
12.6767	390.316	390.316
12.6886	389.954	389.954
12.7006	389.592	389.592
12.7125	389.231	389.231
12.7244	388.87	388.87
12.7364	388.51	388.51
12.7483	388.15	388.15
12.7602	387.79	387.791
12.7722	387.431	387.432
12.7841	387.072	387.073
12.7961	386.714	386.715
12.808	386.356	386.357
12.8199	385.999	386
12.8319	385.642	385.643
12.8438	385.286	385.286
12.8557	384.93	384.93
12.8677	384.574	384.575
12.8796	384.219	384.22
12.8916	383.865	383.865
12.9035	383.511	383.511
12.9154	383.157	383.157
12.9274	382.804	382.804
12.9393	382.451	382.452
12.9512	382.099	382.099
12.9632	381.747	381.748
12.9751	381.396	381.396
12.987	381.045	381.046
12.999	380.695	380.695
13.0109	380.345	380.345
13.0229	379.996	379.996
13.0348	379.647	379.647
13.0467	379.299	379.299
13.0587	378.951	378.951
13.0706	378.603	378.604
13.0825	378.257	378.257
13.0945	377.91	377.911
13.1064	377.565	377.565
13.1183	377.219	377.22
13.1303	376.875	376.875
13.1422	376.531	376.531
13.1542	376.187	376.187
13.1661	375.844	375.844
13.178	375.501	375.502
13.19	375.159	375.16
13.2019	374.818	374.818
13.2138	374.477	374.477
13.2258	374.136	374.137
13.2377	373.796	373.797
13.2496	373.457	373.457
13.2616	373.118	373.119
13.2735	372.78	372.78
13.2855	372.442	372.443
13.2974	372.105	372.106
13.3093	371.769	371.769
13.3213	371.433	371.433
13.3332	371.097	371.098
13.3451	370.762	370.763
13.3571	370.428	370.428
13.369	370.094	370.095
13.381	369.761	369.762
13.3929	369.429	369.429
13.4048	369.097	369.097
13.4168	368.765	368.766
13.4287	368.435	368.435
13.4406	368.105	368.105
13.4526	367.775	367.775
13.4645	367.446	367.447
13.4764	367.118	367.118
13.4884	366.79	366.79
13.5003	366.463	366.463
13.5123	366.136	366.137
13.5242	365.81	365.811
13.5361	365.485	365.486
13.5481	365.16	365.161
13.56	364.836	364.837
13.5719	364.513	364.513
13.5839	364.19	364.191
13.5958	363.868	363.868
13.6077	363.547	363.547
13.6197	363.226	363.226
13.6316	362.905	362.906
13.6436	362.586	362.586
13.6555	362.267	362.267
13.6674	361.948	361.949
13.6794	361.631	361.631
13.6913	361.314	361.314
13.7032	360.997	360.998
13.7152	360.682	360.682
13.7271	360.367	360.367
13.7391	360.052	360.053
13.751	359.739	359.739
13.7629	359.426	359.426
13.7749	359.113	359.113
13.7868	358.801	358.802
13.7987	358.49	358.491
13.8107	358.18	358.18
13.8226	357.87	357.871
13.8345	357.561	357.562
13.8465	357.253	357.253
13.8584	356.945	356.946
13.8704	356.638	356.639
13.8823	356.332	356.333
13.8942	356.027	356.027
13.9062	355.722	355.722
13.9181	355.418	355.418
13.93	355.114	355.115
13.942	354.811	354.812
13.9539	354.509	354.51
13.9658	354.208	354.208
13.9778	353.907	353.908
13.9897	353.607	353.608
14.0017	353.308	353.309
14.0136	353.01	353.01
14.0255	352.712	352.712
14.0375	352.415	352.415
14.0494	352.119	352.119
14.0613	351.823	351.823
14.0733	351.528	351.529
14.0852	351.234	351.234
14.0971	350.941	350.941
14.1091	350.648	350.648
14.121	350.356	350.356
14.133	350.065	350.065
14.1449	349.774	349.775
14.1568	349.485	349.485
14.1688	349.196	349.196
14.1807	348.908	348.908
14.1926	348.62	348.62
14.2046	348.333	348.334
14.2165	348.047	348.048
14.2285	347.762	347.763
14.2404	347.478	347.478
14.2523	347.194	347.194
14.2643	346.911	346.911
14.2762	346.629	346.629
14.2881	346.348	346.348
14.3001	346.067	346.067
14.312	345.787	345.787
14.3239	345.508	345.508
14.3359	345.23	345.23
14.3478	344.952	344.952
14.3598	344.675	344.676
14.3717	344.399	344.4
14.3836	344.124	344.124
14.3956	343.85	343.85
14.4075	343.576	343.576
14.4194	343.303	343.303
14.4314	343.031	343.031
14.4433	342.76	342.76
14.4552	342.489	342.49
14.4672	342.22	342.22
14.4791	341.951	341.951
14.4911	341.683	341.683
14.503	341.415	341.416
14.5149	341.149	341.149
14.5269	340.883	340.883
14.5388	340.618	340.618
14.5507	340.354	340.354
14.5627	340.091	340.091
14.5746	339.828	339.828
14.5866	339.566	339.567
14.5985	339.306	339.306
14.6104	339.045	339.046
14.6224	338.786	338.786
14.6343	338.528	338.528
14.6462	338.27	338.27
14.6582	338.013	338.013
14.6701	337.757	337.757
14.682	337.502	337.502
14.694	337.248	337.248
14.7059	336.994	336.994
14.7179	336.741	336.741
14.7298	336.489	336.489
14.7417	336.238	336.238
14.7537	335.988	335.988
14.7656	335.738	335.739
14.7775	335.49	335.49
14.7895	335.242	335.242
14.8014	334.995	334.995
14.8133	334.749	334.749
14.8253	334.504	334.504
14.8372	334.259	334.259
14.8492	334.015	334.016
14.8611	333.773	333.773
14.873	333.531	333.531
14.885	333.29	333.29
14.8969	333.049	333.049
14.9088	332.81	332.81
14.9208	332.571	332.571
14.9327	332.333	332.333
14.9446	332.096	332.096
14.9566	331.86	331.86
14.9685	331.625	331.625
14.9805	331.391	331.391
14.9924	331.157	331.157
15.0043	330.924	330.924
15.0163	330.692	330.692
15.0282	330.461	330.461
15.0401	330.231	330.231
15.0521	330.002	330.002
15.064	329.773	329.773
15.076	329.545	329.546
15.0879	329.319	329.319
15.0998	329.093	329.093
15.1118	328.868	328.868
15.1237	328.643	328.643
15.1356	328.42	328.42
15.1476	328.197	328.197
15.1595	327.976	327.976
15.1714	327.755	327.755
15.1834	327.535	327.535
15.1953	327.316	327.316
15.2073	327.097	327.097
15.2192	326.88	326.88
15.2311	326.663	326.663
15.2431	326.447	326.447
15.255	326.232	326.233
15.2669	326.018	326.019
15.2789	325.805	325.805
15.2908	325.593	325.593
15.3027	325.381	325.381
15.3147	325.171	325.171
15.3266	324.961	324.961
15.3386	324.752	324.752
15.3505	324.544	324.544
15.3624	324.337	324.337
15.3744	324.13	324.13
15.3863	323.925	323.925
15.3982	323.72	323.72
15.4102	323.516	323.516
15.4221	323.313	323.314
15.4341	323.111	323.111
15.446	322.91	322.91
15.4579	322.71	322.71
15.4699	322.51	322.51
15.4818	322.312	322.312
15.4937	322.114	322.114
15.5057	321.917	321.917
15.5176	321.721	321.721
15.5295	321.525	321.525
15.5415	321.331	321.331
15.5534	321.137	321.137
15.5654	320.945	320.945
15.5773	320.753	320.753
15.5892	320.562	320.562
15.6012	320.372	320.372
15.6131	320.182	320.182
15.625	319.994	319.994
15.637	319.806	319.806
15.6489	319.619	319.62
15.6608	319.434	319.434
15.6728	319.248	319.249
15.6847	319.064	319.064
15.6967	318.881	318.881
15.7086	318.698	318.698
15.7205	318.517	318.517
15.7325	318.336	318.336
15.7444	318.156	318.156
15.7563	317.977	317.977
15.7683	317.798	317.798
15.7802	317.621	317.621
15.7921	317.444	317.444
15.8041	317.269	317.269
15.816	317.094	317.094
15.828	316.919	316.919
15.8399	316.746	316.746
15.8518	316.574	316.574
15.8638	316.402	316.402
15.8757	316.231	316.231
15.8876	316.061	316.061
15.8996	315.892	315.892
15.9115	315.724	315.724
15.9235	315.557	315.557
15.9354	315.39	315.39
15.9473	315.224	315.224
15.9593	315.059	315.059
15.9712	314.895	314.895
15.9831	314.732	314.732
15.9951	314.57	314.57
16.007	314.408	314.408
16.0189	314.247	314.247
16.0309	314.087	314.087
16.0428	313.928	313.928
16.0548	313.77	313.77
16.0667	313.612	313.612
16.0786	313.455	313.455
16.0906	313.299	313.299
16.1025	313.144	313.144
16.1144	312.99	312.99
16.1264	312.837	312.837
16.1383	312.684	312.684
16.1502	312.532	312.532
16.1622	312.381	312.381
16.1741	312.231	312.231
16.1861	312.081	312.081
16.198	311.933	311.933
16.2099	311.785	311.785
16.2219	311.638	311.638
16.2338	311.492	311.492
16.2457	311.346	311.346
16.2577	311.202	311.202
16.2696	311.058	311.058
16.2816	310.915	310.915
16.2935	310.772	310.772
16.3054	310.631	310.631
16.3174	310.49	310.49
16.3293	310.35	310.35
16.3412	310.211	310.211
16.3532	310.073	310.073
16.3651	309.936	309.936
16.377	309.799	309.799
16.389	309.663	309.663
16.4009	309.528	309.528
16.4129	309.393	309.393
16.4248	309.26	309.26
16.4367	309.127	309.127
16.4487	308.995	308.995
16.4606	308.863	308.863
16.4725	308.733	308.733
16.4845	308.603	308.603
16.4964	308.474	308.474
16.5083	308.346	308.345
16.5203	308.218	308.218
16.5322	308.091	308.091
16.5442	307.965	307.965
16.5561	307.84	307.84
16.568	307.715	307.715
16.58	307.592	307.592
16.5919	307.469	307.469
16.6038	307.346	307.346
16.6158	307.225	307.225
16.6277	307.104	307.104
16.6396	306.984	306.984
16.6516	306.865	306.865
16.6635	306.746	306.746
16.6755	306.628	306.628
16.6874	306.511	306.511
16.6993	306.395	306.395
16.7113	306.279	306.279
16.7232	306.164	306.164
16.7351	306.05	306.05
16.7471	305.937	305.937
16.759	305.824	305.824
16.771	305.712	305.712
16.7829	305.6	305.6
16.7948	305.49	305.49
16.8068	305.38	305.38
16.8187	305.271	305.271
16.8306	305.162	305.162
16.8426	305.054	305.054
16.8545	304.947	304.947
16.8664	304.841	304.841
16.8784	304.735	304.735
16.8903	304.63	304.63
16.9023	304.526	304.526
16.9142	304.422	304.422
16.9261	304.319	304.319
16.9381	304.217	304.217
16.95	304.115	304.115
16.9619	304.015	304.015
16.9739	303.914	303.914
16.9858	303.815	303.815
16.9977	303.716	303.716
17.0097	303.618	303.618
17.0216	303.52	303.52
17.0336	303.423	303.423
17.0455	303.327	303.327
17.0574	303.232	303.232
17.0694	303.137	303.137
17.0813	303.043	303.042
17.0932	302.949	302.949
17.1052	302.856	302.856
17.1171	302.764	302.764
17.1291	302.672	302.672
17.141	302.581	302.581
17.1529	302.491	302.491
17.1649	302.401	302.401
17.1768	302.312	302.312
17.1887	302.224	302.224
17.2007	302.136	302.136
17.2126	302.049	302.049
17.2245	301.962	301.962
17.2365	301.876	301.876
17.2484	301.791	301.791
17.2604	301.706	301.706
17.2723	301.622	301.622
17.2842	301.539	301.539
17.2962	301.456	301.456
17.3081	301.374	301.374
17.32	301.292	301.292
17.332	301.211	301.211
17.3439	301.131	301.131
17.3558	301.051	301.051
17.3678	300.972	300.972
17.3797	300.893	300.893
17.3917	300.815	300.815
17.4036	300.738	300.738
17.4155	300.661	300.661
17.4275	300.584	300.584
17.4394	300.509	300.509
17.4513	300.434	300.434
17.4633	300.359	300.359
17.4752	300.285	300.285
17.4871	300.212	300.212
17.4991	300.139	300.139
17.511	300.067	300.067
17.523	299.995	299.995
17.5349	299.924	299.924
17.5468	299.853	299.853
17.5588	299.783	299.783
17.5707	299.714	299.714
17.5826	299.645	299.645
17.5946	299.576	299.576
17.6065	299.509	299.508
17.6185	299.441	299.441
17.6304	299.374	299.374
17.6423	299.308	299.308
17.6543	299.243	299.242
17.6662	299.177	299.177
17.6781	299.113	299.113
17.6901	299.049	299.049
17.702	298.985	298.985
17.7139	298.922	298.922
17.7259	298.859	298.859
17.7378	298.797	298.797
17.7498	298.736	298.736
17.7617	298.675	298.675
17.7736	298.614	298.614
17.7856	298.554	298.554
17.7975	298.495	298.495
17.8094	298.436	298.436
17.8214	298.377	298.377
17.8333	298.319	298.319
17.8452	298.262	298.262
17.8572	298.205	298.204
17.8691	298.148	298.148
17.8811	298.092	298.092
17.893	298.036	298.036
17.9049	297.981	297.981
17.9169	297.926	297.926
17.9288	297.872	297.872
17.9407	297.819	297.818
17.9527	297.765	297.765
17.9646	297.713	297.712
17.9766	297.66	297.66
17.9885	297.608	297.608
18.0004	297.557	297.557
18.0124	297.506	297.506
18.0243	297.455	297.455
18.0362	297.405	297.405
18.0482	297.356	297.356
18.0601	297.307	297.307
18.072	297.258	297.258
18.084	297.21	297.209
18.0959	297.162	297.162
18.1079	297.114	297.114
18.1198	297.067	297.067
18.1317	297.021	297.021
18.1437	296.974	296.974
18.1556	296.929	296.929
18.1675	296.883	296.883
18.1795	296.839	296.838
18.1914	296.794	296.794
18.2033	296.75	296.75
18.2153	296.706	296.706
18.2272	296.663	296.663
18.2392	296.62	296.62
18.2511	296.578	296.578
18.263	296.536	296.536
18.275	296.494	296.494
18.2869	296.453	296.453
18.2988	296.412	296.412
18.3108	296.371	296.371
18.3227	296.331	296.331
18.3346	296.291	296.291
18.3466	296.252	296.252
18.3585	296.213	296.213
18.3705	296.175	296.174
18.3824	296.136	296.136
18.3943	296.098	296.098
18.4063	296.061	296.061
18.4182	296.024	296.024
18.4301	295.987	295.987
18.4421	295.951	295.951
18.454	295.915	295.915
18.466	295.879	295.879
18.4779	295.844	295.844
18.4898	295.809	295.809
18.5018	295.774	295.774
18.5137	295.74	295.74
18.5256	295.706	295.706
18.5376	295.672	295.672
18.5495	295.639	295.639
18.5614	295.606	295.606
18.5734	295.573	295.573
18.5853	295.541	295.541
18.5973	295.509	295.509
18.6092	295.477	295.477
18.6211	295.446	295.446
18.6331	295.415	295.415
18.645	295.385	295.384
18.6569	295.354	295.354
18.6689	295.324	295.324
18.6808	295.294	295.294
18.6927	295.265	295.265
18.7047	295.236	295.236
18.7166	295.207	295.207
18.7286	295.179	295.179
18.7405	295.15	295.15
18.7524	295.123	295.122
18.7644	295.095	295.095
18.7763	295.068	295.068
18.7882	295.041	295.041
18.8002	295.014	295.014
18.8121	294.987	294.987
18.8241	294.961	294.961
18.836	294.935	294.935
18.8479	294.91	294.91
18.8599	294.884	294.884
18.8718	294.859	294.859
18.8837	294.835	294.835
18.8957	294.81	294.81
18.9076	294.786	294.786
18.9195	294.762	294.762
18.9315	294.738	294.738
18.9434	294.715	294.715
18.9554	294.692	294.691
18.9673	294.669	294.669
18.9792	294.646	294.646
18.9912	294.624	294.623
19.0031	294.601	294.601
19.015	294.579	294.579
19.027	294.558	294.558
19.0389	294.536	294.536
19.0508	294.515	294.515
19.0628	294.494	294.494
19.0747	294.473	294.473
19.0867	294.453	294.453
19.0986	294.433	294.433
19.1105	294.413	294.413
19.1225	294.393	294.393
19.1344	294.373	294.373
19.1463	294.354	294.354
19.1583	294.335	294.335
19.1702	294.316	294.316
19.1821	294.298	294.298
19.1941	294.279	294.279
19.206	294.261	294.261
19.218	294.243	294.243
19.2299	294.225	294.225
19.2418	294.208	294.208
19.2538	294.19	294.19
19.2657	294.173	294.173
19.2776	294.156	294.156
19.2896	294.139	294.139
19.3015	294.123	294.123
19.3135	294.106	294.106
19.3254	294.09	294.09
19.3373	294.074	294.074
19.3493	294.059	294.059
19.3612	294.043	294.043
19.3731	294.028	294.028
19.3851	294.012	294.012
19.397	293.997	293.997
19.4089	293.983	293.983
19.4209	293.968	293.968
19.4328	293.954	293.954
19.4448	293.939	293.939
19.4567	293.925	293.925
19.4686	293.911	293.911
19.4806	293.898	293.897
19.4925	293.884	293.884
19.5044	293.871	293.871
19.5164	293.857	293.857
19.5283	293.844	293.844
19.5402	293.831	293.831
19.5522	293.819	293.819
19.5641	293.806	293.806
19.5761	293.794	293.794
19.588	293.781	293.781
19.5999	293.769	293.769
19.6119	293.757	293.757
19.6238	293.746	293.746
19.6357	293.734	293.734
19.6477	293.723	293.723
19.6596	293.711	293.711
19.6716	293.7	293.7
19.6835	293.689	293.689
19.6954	293.678	293.678
19.7074	293.667	293.667
19.7193	293.657	293.657
19.7312	293.646	293.646
19.7432	293.636	293.636
19.7551	293.626	293.626
19.767	293.616	293.616
19.779	293.606	293.606
19.7909	293.596	293.596
19.8029	293.587	293.587
19.8148	293.577	293.577
19.8267	293.568	293.568
19.8387	293.559	293.558
19.8506	293.549	293.549
19.8625	293.54	293.54
19.8745	293.532	293.532
19.8864	293.523	293.523
19.8983	293.514	293.514
19.9103	293.506	293.506
19.9222	293.497	293.497
19.9342	293.489	293.489
19.9461	293.481	293.481
19.958	293.473	293.473
19.97	293.465	293.465
19.9819	293.457	293.457
19.9938	293.449	293.449
20.0058	293.442	293.442
20.0177	293.434	293.434
20.0296	293.427	293.427
20.0416	293.42	293.42
20.0535	293.413	293.413
20.0655	293.405	293.405
20.0774	293.399	293.398
20.0893	293.392	293.392
20.1013	293.385	293.385
20.1132	293.378	293.378
20.1251	293.372	293.372
20.1371	293.365	293.365
20.149	293.359	293.359
20.161	293.353	293.353
20.1729	293.346	293.346
20.1848	293.34	293.34
20.1968	293.334	293.334
20.2087	293.328	293.328
20.2206	293.323	293.323
20.2326	293.317	293.317
20.2445	293.311	293.311
20.2564	293.306	293.306
20.2684	293.3	293.3
20.2803	293.295	293.295
20.2923	293.29	293.289
20.3042	293.284	293.284
20.3161	293.279	293.279
20.3281	293.274	293.274
20.34	293.269	293.269
20.3519	293.264	293.264
20.3639	293.259	293.259
20.3758	293.255	293.255
20.3877	293.25	293.25
20.3997	293.245	293.245
20.4116	293.241	293.241
20.4236	293.236	293.236
20.4355	293.232	293.232
20.4474	293.228	293.228
20.4594	293.223	293.223
20.4713	293.219	293.219
20.4832	293.215	293.215
20.4952	293.211	293.211
20.5071	293.207	293.207
20.5191	293.203	293.203
20.531	293.199	293.199
20.5429	293.195	293.195
20.5549	293.192	293.192
20.5668	293.188	293.188
20.5787	293.184	293.184
20.5907	293.181	293.181
20.6026	293.177	293.177
20.6145	293.174	293.174
20.6265	293.17	293.17
20.6384	293.167	293.167
20.6504	293.164	293.164
20.6623	293.161	293.161
20.6742	293.157	293.157
20.6862	293.154	293.154
20.6981	293.151	293.151
20.71	293.148	293.148
20.722	293.145	293.145
20.7339	293.142	293.142
20.7458	293.14	293.14
20.7578	293.137	293.137
20.7697	293.134	293.134
20.7817	293.131	293.131
20.7936	293.129	293.129
20.8055	293.126	293.126
20.8175	293.123	293.123
20.8294	293.121	293.121
20.8413	293.118	293.118
20.8533	293.116	293.116
20.8652	293.114	293.114
20.8771	293.111	293.111
20.8891	293.109	293.109
20.901	293.107	293.107
20.913	293.104	293.104
20.9249	293.102	293.102
20.9368	293.1	293.1
20.9488	293.098	293.098
20.9607	293.096	293.096
20.9726	293.094	293.094
20.9846	293.092	293.092
20.9965	293.09	293.09
21.0085	293.088	293.088
21.0204	293.086	293.086
21.0323	293.084	293.084
21.0443	293.083	293.083
21.0562	293.081	293.081
21.0681	293.079	293.079
21.0801	293.077	293.077
21.092	293.076	293.076
21.1039	293.074	293.074
21.1159	293.072	293.072
21.1278	293.071	293.071
21.1398	293.069	293.069
21.1517	293.068	293.068
21.1636	293.066	293.066
21.1756	293.065	293.065
21.1875	293.063	293.063
21.1994	293.062	293.062
21.2114	293.06	293.06
21.2233	293.059	293.059
21.2352	293.058	293.058
21.2472	293.056	293.056
21.2591	293.055	293.055
21.2711	293.054	293.054
21.283	293.053	293.053
21.2949	293.051	293.051
21.3069	293.05	293.05
21.3188	293.049	293.049
21.3307	293.048	293.048
21.3427	293.047	293.047
21.3546	293.046	293.046
21.3666	293.045	293.045
21.3785	293.044	293.044
21.3904	293.043	293.042
21.4024	293.041	293.041
21.4143	293.041	293.041
21.4262	293.04	293.04
21.4382	293.039	293.039
21.4501	293.038	293.038
21.462	293.037	293.037
21.474	293.036	293.036
21.4859	293.035	293.035
21.4979	293.034	293.034
21.5098	293.033	293.033
21.5217	293.032	293.032
21.5337	293.032	293.032
21.5456	293.031	293.031
21.5575	293.03	293.03
21.5695	293.029	293.029
21.5814	293.029	293.029
21.5933	293.028	293.028
21.6053	293.027	293.027
21.6172	293.027	293.027
21.6292	293.026	293.026
21.6411	293.025	293.025
21.653	293.025	293.025
21.665	293.024	293.024
21.6769	293.023	293.023
21.6888	293.023	293.023
21.7008	293.022	293.022
21.7127	293.022	293.022
21.7246	293.021	293.021
21.7366	293.02	293.02
21.7485	293.02	293.02
21.7605	293.019	293.019
21.7724	293.019	293.019
21.7843	293.018	293.018
21.7963	293.018	293.018
21.8082	293.017	293.017
21.8201	293.017	293.017
21.8321	293.017	293.017
21.844	293.016	293.016
21.856	293.016	293.016
21.8679	293.015	293.015
21.8798	293.015	293.015
21.8918	293.014	293.014
21.9037	293.014	293.014
21.9156	293.014	293.014
21.9276	293.013	293.013
21.9395	293.013	293.013
21.9514	293.012	293.012
21.9634	293.012	293.012
21.9753	293.012	293.012
21.9873	293.011	293.011
21.9992	293.011	293.011
22.0111	293.011	293.011
22.0231	293.011	293.011
22.035	293.01	293.01
22.0469	293.01	293.01
22.0589	293.01	293.01
22.0708	293.009	293.009
22.0827	293.009	293.009
22.0947	293.009	293.009
22.1066	293.009	293.009
22.1186	293.008	293.008
22.1305	293.008	293.008
22.1424	293.008	293.008
22.1544	293.008	293.008
22.1663	293.007	293.007
22.1782	293.007	293.007
22.1902	293.007	293.007
22.2021	293.007	293.007
22.2141	293.007	293.007
22.226	293.006	293.006
22.2379	293.006	293.006
22.2499	293.006	293.006
22.2618	293.006	293.006
22.2737	293.006	293.006
22.2857	293.005	293.005
22.2976	293.005	293.005
22.3095	293.005	293.005
22.3215	293.005	293.005
22.3334	293.005	293.005
22.3454	293.005	293.005
22.3573	293.004	293.004
22.3692	293.004	293.004
22.3812	293.004	293.004
22.3931	293.004	293.004
22.405	293.004	293.004
22.417	293.004	293.004
22.4289	293.004	293.004
22.4408	293.004	293.004
22.4528	293.003	293.003
22.4647	293.003	293.003
22.4767	293.003	293.003
22.4886	293.003	293.003
22.5005	293.003	293.003
22.5125	293.003	293.003
22.5244	293.003	293.003
22.5363	293.003	293.003
22.5483	293.003	293.003
22.5602	293.002	293.002
22.5721	293.002	293.002
22.5841	293.002	293.002
22.596	293.002	293.002
22.608	293.002	293.002
22.6199	293.002	293.002
22.6318	293.002	293.002
22.6438	293.002	293.002
22.6557	293.002	293.002
22.6676	293.002	293.002
22.6796	293.002	293.002
22.6915	293.002	293.002
22.7035	293.002	293.002
22.7154	293.002	293.002
22.7273	293.001	293.001
22.7393	293.001	293.001
22.7512	293.001	293.001
22.7631	293.001	293.001
22.7751	293.001	293.001
22.787	293.001	293.001
22.7989	293.001	293.001
22.8109	293.001	293.001
22.8228	293.001	293.001
22.8348	293.001	293.001
22.8467	293.001	293.001
22.8586	293.001	293.001
22.8706	293.001	293.001
22.8825	293.001	293.001
22.8944	293.001	293.001
22.9064	293.001	293.001
22.9183	293.001	293.001
22.9302	293.001	293.001
22.9422	293.001	293.001
22.9541	293.001	293.001
22.9661	293.001	293.001
22.978	293.001	293.001
22.9899	293.001	293.001
23.0019	293.001	293.001
23.0138	293.001	293.001
23.0257	293.001	293.001
23.0377	293.001	293.001
23.0496	293	293
23.0616	293	293
23.0735	293	293
23.0854	293	293
23.0974	293	293
23.1093	293	293
23.1212	293	293
23.1332	293	293
23.1451	293	293
23.157	293	293
23.169	293	293
23.1809	293	293
23.1929	293	293
23.2048	293	293
23.2167	293	293
23.2287	293	293
23.2406	293	293
23.2525	293	293
23.2645	293	293
23.2764	293	293
23.2883	293	293
23.3003	293	293
23.3122	293	293
23.3242	293	293
23.3361	293	293
23.348	293	293
23.36	293	293
23.3719	293	293
23.3838	293	293
23.3958	293	293
23.4077	293	293
23.4196	293	293
23.4316	293	293
23.4435	293	293
23.4555	293	293
23.4674	293	293
23.4793	293	293
23.4913	293	293
23.5032	293	293
23.5151	293	293
23.5271	293	293
23.539	293	293
23.551	293	293
23.5629	293	293
23.5748	293	293
23.5868	293	293
23.5987	293	293
23.6106	293	293
23.6226	293	293
23.6345	293	293
23.6464	293	293
23.6584	293	293
23.6703	293	293
23.6823	293	293
23.6942	293	293
23.7061	293	293
23.7181	293	293
23.73	293	293
23.7419	293	293
23.7539	293	293
23.7658	293	293
23.7777	293	293
23.7897	293	293
23.8016	293	293
23.8136	293	293
23.8255	293	293
23.8374	293	293
23.8494	293	293
23.8613	293	293
23.8732	293	293
