0	873	873
0.0119366	873	873
0.0238732	873	873
0.0358099	873	873
0.0477465	873	873
0.0596831	873	873
0.0716197	873	873
0.0835563	873	873
0.095493	873	873
0.10743	873	873
0.119366	873	873
0.131303	873	873
0.143239	873	873
0.155176	873	873
0.167113	873	873
0.179049	873	873
0.190986	873	873
0.202923	873	873
0.214859	873	873
0.226796	873	873
0.238732	873	873
0.250669	873	873
0.262606	873	873
0.274542	873	873
0.286479	873	873
0.298416	873	873
0.310352	873	873
0.322289	873	873
0.334225	873	873
0.346162	873	873
0.358099	873	873
0.370035	873	873
0.381972	873	872.999
0.393908	873	872.999
0.405845	873	872.999
0.417782	873	872.999
0.429718	873	872.999
0.441655	873	872.999
0.453592	873	872.999
0.465528	873	872.999
0.477465	873	872.999
0.489401	873	872.999
0.501338	873	872.999
0.513275	873	872.999
0.525211	873	872.999
0.537148	873	872.999
0.549085	873	872.999
0.561021	873	872.999
0.572958	873	872.999
0.584894	873	872.999
0.596831	873	872.999
0.608768	873	872.999
0.620704	873	872.998
0.632641	873	872.998
0.644578	873	872.998
0.656514	873	872.998
0.668451	873	872.998
0.680387	873	872.998
0.692324	873	872.998
0.704261	873	872.998
0.716197	873	872.998
0.728134	873	872.998
0.74007	873	872.998
0.752007	872.999	872.997
0.763944	872.999	872.997
0.77588	872.999	872.997
0.787817	872.999	872.997
0.799754	872.999	872.997
0.81169	872.999	872.997
0.823627	872.999	872.997
0.835563	872.999	872.997
0.8475	872.999	872.996
0.859437	872.999	872.996
0.871373	872.999	872.996
0.88331	872.999	872.996
0.895247	872.999	872.996
0.907183	872.999	872.996
0.91912	872.999	872.995
0.931056	872.999	872.995
0.942993	872.999	872.995
0.95493	872.999	872.995
0.966866	872.999	872.995
0.978803	872.999	872.995
0.99074	872.999	872.994
1.00268	872.999	872.994
1.01461	872.999	872.994
1.02655	872.998	872.994
1.03849	872.998	872.993
1.05042	872.998	872.993
1.06236	872.998	872.993
1.0743	872.998	872.993
1.08623	872.998	872.992
1.09817	872.998	872.992
1.11011	872.998	872.992
1.12204	872.998	872.991
1.13398	872.998	872.991
1.14592	872.998	872.991
1.15785	872.998	872.99
1.16979	872.998	872.99
1.18173	872.997	872.99
1.19366	872.997	872.989
1.2056	872.997	872.989
1.21754	872.997	872.989
1.22947	872.997	872.988
1.24141	872.997	872.988
1.25335	872.997	872.987
1.26528	872.997	872.987
1.27722	872.996	872.987
1.28916	872.996	872.986
1.30109	872.996	872.986
1.31303	872.996	872.985
1.32496	872.996	872.985
1.3369	872.996	872.984
1.34884	872.996	872.984
1.36077	872.995	872.983
1.37271	872.995	872.983
1.38465	872.995	872.982
1.39658	872.995	872.982
1.40852	872.995	872.981
1.42046	872.994	872.98
1.43239	872.994	872.98
1.44433	872.994	872.979
1.45627	872.994	872.978
1.4682	872.994	872.978
1.48014	872.993	872.977
1.49208	872.993	872.976
1.50401	872.993	872.976
1.51595	872.993	872.975
1.52789	872.992	872.974
1.53982	872.992	872.973
1.55176	872.992	872.972
1.5637	872.992	872.972
1.57563	872.991	872.971
1.58757	872.991	872.97
1.59951	872.991	872.969
1.61144	872.99	872.968
1.62338	872.99	872.967
1.63532	872.99	872.966
1.64725	872.989	872.965
1.65919	872.989	872.964
1.67113	872.989	872.963
1.68306	872.988	872.962
1.695	872.988	872.961
1.70694	872.988	872.96
1.71887	872.987	872.959
1.73081	872.987	872.958
1.74275	872.986	872.957
1.75468	872.986	872.955
1.76662	872.986	872.954
1.77856	872.985	872.953
1.79049	872.985	872.952
1.80243	872.984	872.95
1.81437	872.984	872.949
1.8263	872.983	872.948
1.83824	872.983	872.946
1.85018	872.982	872.945
1.86211	872.982	872.943
1.87405	872.981	872.942
1.88599	872.981	872.94
1.89792	872.98	872.939
1.90986	872.979	872.937
1.9218	872.979	872.935
1.93373	872.978	872.934
1.94567	872.977	872.932
1.95761	872.977	872.93
1.96954	872.976	872.928
1.98148	872.975	872.926
1.99342	872.975	872.925
2.00535	872.974	872.923
2.01729	872.973	872.921
2.02923	872.972	872.919
2.04116	872.972	872.917
2.0531	872.971	872.915
2.06504	872.97	872.912
2.07697	872.969	872.91
2.08891	872.968	872.908
2.10085	872.967	872.906
2.11278	872.967	872.903
2.12472	872.966	872.901
2.13666	872.965	872.899
2.14859	872.964	872.896
2.16053	872.963	872.894
2.17246	872.962	872.891
2.1844	872.961	872.888
2.19634	872.96	872.886
2.20827	872.959	872.883
2.22021	872.957	872.88
2.23215	872.956	872.877
2.24408	872.955	872.875
2.25602	872.954	872.872
2.26796	872.953	872.869
2.27989	872.952	872.866
2.29183	872.95	872.862
2.30377	872.949	872.859
2.3157	872.948	872.856
2.32764	872.946	872.853
2.33958	872.945	872.849
2.35151	872.943	872.846
2.36345	872.942	872.842
2.37539	872.941	872.839
2.38732	872.939	872.835
2.39926	872.938	872.832
2.4112	872.936	872.828
2.42313	872.934	872.824
2.43507	872.933	872.82
2.44701	872.931	872.816
2.45894	872.929	872.812
2.47088	872.928	872.808
2.48282	872.926	872.804
2.49475	872.924	872.799
2.50669	872.922	872.795
2.51863	872.92	872.79
2.53056	872.918	872.786
2.5425	872.916	872.781
2.55444	872.914	872.777
2.56637	872.912	872.772
2.57831	872.91	872.767
2.59025	872.908	872.762
2.60218	872.906	872.757
2.61412	872.904	872.752
2.62606	872.901	872.747
2.63799	872.899	872.741
2.64993	872.897	872.736
2.66187	872.894	872.731
2.6738	872.892	872.725
2.68574	872.889	872.719
2.69768	872.887	872.713
2.70961	872.884	872.708
2.72155	872.881	872.702
2.73349	872.879	872.696
2.74542	872.876	872.689
2.75736	872.873	872.683
2.7693	872.87	872.677
2.78123	872.867	872.67
2.79317	872.864	872.664
2.80511	872.861	872.657
2.81704	872.858	872.65
2.82898	872.855	872.643
2.84092	872.852	872.636
2.85285	872.849	872.629
2.86479	872.845	872.621
2.87673	872.842	872.614
2.88866	872.839	872.607
2.9006	872.835	872.599
2.91254	872.831	872.591
2.92447	872.828	872.583
2.93641	872.824	872.575
2.94835	872.82	872.567
2.96028	872.816	872.559
2.97222	872.813	872.55
2.98416	872.809	872.542
2.99609	872.804	872.533
3.00803	872.8	872.524
3.01997	872.796	872.515
3.0319	872.792	872.506
3.04384	872.787	872.497
3.05577	872.783	872.488
3.06771	872.779	872.478
3.07965	872.774	872.468
3.09158	872.769	872.458
3.10352	872.764	872.448
3.11546	872.76	872.438
3.12739	872.755	872.428
3.13933	872.75	872.418
3.15127	872.745	872.407
3.1632	872.739	872.396
3.17514	872.734	872.385
3.18708	872.729	872.374
3.19901	872.723	872.363
3.21095	872.718	872.352
3.22289	872.712	872.34
3.23482	872.706	872.328
3.24676	872.701	872.316
3.2587	872.695	872.304
3.27063	872.689	872.292
3.28257	872.683	872.28
3.29451	872.676	872.267
3.30644	872.67	872.254
3.31838	872.664	872.241
3.33032	872.657	872.228
3.34225	872.65	872.215
3.35419	872.644	872.201
3.36613	872.637	872.187
3.37806	872.63	872.173
3.39	872.623	872.159
3.40194	872.616	872.145
3.41387	872.608	872.13
3.42581	872.601	872.115
3.43775	872.593	872.101
3.44968	872.586	872.085
3.46162	872.578	872.07
3.47356	872.57	872.054
3.48549	872.562	872.039
3.49743	872.554	872.023
3.50937	872.546	872.006
3.5213	872.537	871.99
3.53324	872.529	871.973
3.54518	872.52	871.956
3.55711	872.511	871.939
3.56905	872.502	871.922
3.58099	872.493	871.904
3.59292	872.484	871.886
3.60486	872.475	871.868
3.6168	872.465	871.85
3.62873	872.456	871.832
3.64067	872.446	871.813
3.65261	872.436	871.794
3.66454	872.426	871.775
3.67648	872.416	871.755
3.68842	872.405	871.735
3.70035	872.395	871.715
3.71229	872.384	871.695
3.72423	872.373	871.674
3.73616	872.362	871.654
3.7481	872.351	871.632
3.76004	872.34	871.611
3.77197	872.328	871.59
3.78391	872.317	871.568
3.79585	872.305	871.545
3.80778	872.293	871.523
3.81972	872.281	871.5
3.83166	872.268	871.477
3.84359	872.256	871.454
3.85553	872.243	871.43
3.86747	872.23	871.407
3.8794	872.217	871.382
3.89134	872.204	871.358
3.90327	872.191	871.333
3.91521	872.177	871.308
3.92715	872.163	871.283
3.93908	872.149	871.257
3.95102	872.135	871.231
3.96296	872.121	871.205
3.97489	872.106	871.178
3.98683	872.092	871.151
3.99877	872.077	871.124
4.0107	872.062	871.097
4.02264	872.046	871.069
4.03458	872.031	871.04
4.04651	872.015	871.012
4.05845	871.999	870.983
4.07039	871.983	870.954
4.08232	871.966	870.924
4.09426	871.95	870.894
4.1062	871.933	870.864
4.11813	871.916	870.834
4.13007	871.898	870.803
4.14201	871.881	870.771
4.15394	871.863	870.74
4.16588	871.845	870.708
4.17782	871.827	870.675
4.18975	871.809	870.643
4.20169	871.79	870.609
4.21363	871.771	870.576
4.22556	871.752	870.542
4.2375	871.732	870.508
4.24944	871.713	870.473
4.26137	871.693	870.438
4.27331	871.673	870.403
4.28525	871.652	870.367
4.29718	871.632	870.331
4.30912	871.611	870.294
4.32106	871.589	870.258
4.33299	871.568	870.22
4.34493	871.546	870.182
4.35687	871.524	870.144
4.3688	871.502	870.106
4.38074	871.479	870.067
4.39268	871.457	870.027
4.40461	871.434	869.988
4.41655	871.41	869.947
4.42849	871.387	869.907
4.44042	871.363	869.866
4.45236	871.338	869.824
4.4643	871.314	869.782
4.47623	871.289	869.74
4.48817	871.264	869.697
4.50011	871.239	869.654
4.51204	871.213	869.61
4.52398	871.187	869.566
4.53592	871.161	869.521
4.54785	871.134	869.476
4.55979	871.107	869.431
4.57173	871.08	869.385
4.58366	871.052	869.338
4.5956	871.024	869.291
4.60754	870.996	869.244
4.61947	870.967	869.196
4.63141	870.939	869.148
4.64335	870.909	869.099
4.65528	870.88	869.05
4.66722	870.85	869
4.67916	870.82	868.949
4.69109	870.789	868.899
4.70303	870.758	868.847
4.71497	870.727	868.796
4.7269	870.696	868.743
4.73884	870.664	868.691
4.75078	870.631	868.637
4.76271	870.599	868.584
4.77465	870.566	868.529
4.78658	870.532	868.474
4.79852	870.498	868.419
4.81046	870.464	868.363
4.82239	870.43	868.307
4.83433	870.395	868.25
4.84627	870.36	868.192
4.8582	870.324	868.134
4.87014	870.288	868.076
4.88208	870.252	868.017
4.89401	870.215	867.957
4.90595	870.178	867.897
4.91789	870.14	867.836
4.92982	870.102	867.775
4.94176	870.064	867.713
4.9537	870.025	867.651
4.96563	869.986	867.588
4.97757	869.946	867.524
4.98951	869.906	867.46
5.00144	869.866	867.395
5.01338	869.825	867.33
5.02532	869.784	867.264
5.03725	869.742	867.198
5.04919	869.7	867.131
5.06113	869.657	867.063
5.07306	869.614	866.995
5.085	869.571	866.926
5.09694	869.527	866.857
5.10887	869.483	866.787
5.12081	869.438	866.716
5.13275	869.393	866.645
5.14468	869.347	866.573
5.15662	869.301	866.501
5.16856	869.254	866.427
5.18049	869.207	866.354
5.19243	869.16	866.279
5.20437	869.112	866.204
5.2163	869.064	866.129
5.22824	869.015	866.053
5.24018	868.965	865.976
5.25211	868.915	865.898
5.26405	868.865	865.82
5.27599	868.814	865.741
5.28792	868.763	865.662
5.29986	868.711	865.582
5.3118	868.659	865.501
5.32373	868.606	865.42
5.33567	868.553	865.337
5.34761	868.499	865.255
5.35954	868.444	865.171
5.37148	868.39	865.087
5.38342	868.334	865.002
5.39535	868.278	864.917
5.40729	868.222	864.831
5.41923	868.165	864.744
5.43116	868.108	864.656
5.4431	868.05	864.568
5.45504	867.991	864.479
5.46697	867.932	864.39
5.47891	867.872	864.3
5.49085	867.812	864.209
5.50278	867.752	864.117
5.51472	867.69	864.024
5.52666	867.629	863.931
5.53859	867.566	863.838
5.55053	867.503	863.743
5.56247	867.44	863.648
5.5744	867.376	863.552
5.58634	867.311	863.455
5.59828	867.246	863.358
5.61021	867.181	863.259
5.62215	867.114	863.16
5.63408	867.047	863.061
5.64602	866.98	862.96
5.65796	866.912	862.859
5.66989	866.843	862.757
5.68183	866.774	862.655
5.69377	866.704	862.551
5.7057	866.634	862.447
5.71764	866.563	862.342
5.72958	866.491	862.237
5.74151	866.419	862.13
5.75345	866.346	862.023
5.76539	866.273	861.915
5.77732	866.198	861.807
5.78926	866.124	861.697
5.8012	866.048	861.587
5.81313	865.972	861.476
5.82507	865.896	861.364
5.83701	865.819	861.251
5.84894	865.741	861.138
5.86088	865.662	861.024
5.87282	865.583	860.909
5.88475	865.503	860.793
5.89669	865.423	860.677
5.90863	865.342	860.559
5.92056	865.26	860.441
5.9325	865.178	860.322
5.94444	865.095	860.202
5.95637	865.011	860.082
5.96831	864.927	859.96
5.98025	864.842	859.838
5.99218	864.756	859.715
6.00412	864.669	859.591
6.01606	864.582	859.467
6.02799	864.495	859.341
6.03993	864.406	859.215
6.05187	864.317	859.088
6.0638	864.227	858.96
6.07574	864.137	858.831
6.08768	864.046	858.702
6.09961	863.954	858.571
6.11155	863.861	858.44
6.12349	863.768	858.308
6.13542	863.674	858.175
6.14736	863.579	858.041
6.1593	863.484	857.906
6.17123	863.387	857.771
6.18317	863.291	857.634
6.19511	863.193	857.497
6.20704	863.095	857.359
6.21898	862.996	857.22
6.23092	862.896	857.08
6.24285	862.795	856.94
6.25479	862.694	856.798
6.26673	862.592	856.656
6.27866	862.489	856.512
6.2906	862.386	856.368
6.30254	862.282	856.223
6.31447	862.177	856.078
6.32641	862.071	855.931
6.33835	861.965	855.783
6.35028	861.857	855.635
6.36222	861.749	855.485
6.37416	861.641	855.335
6.38609	861.531	855.184
6.39803	861.421	855.032
6.40997	861.31	854.879
6.4219	861.198	854.725
6.43384	861.085	854.571
6.44578	860.972	854.415
6.45771	860.858	854.258
6.46965	860.743	854.101
6.48159	860.627	853.943
6.49352	860.511	853.784
6.50546	860.393	853.624
6.51739	860.275	853.463
6.52933	860.156	853.301
6.54127	860.037	853.138
6.5532	859.916	852.974
6.56514	859.795	852.81
6.57708	859.673	852.644
6.58901	859.55	852.478
6.60095	859.426	852.311
6.61289	859.302	852.142
6.62482	859.176	851.973
6.63676	859.05	851.803
6.6487	858.923	851.632
6.66063	858.795	851.461
6.67257	858.667	851.288
6.68451	858.537	851.114
6.69644	858.407	850.939
6.70838	858.276	850.764
6.72032	858.144	850.587
6.73225	858.011	850.41
6.74419	857.878	850.232
6.75613	857.743	850.053
6.76806	857.608	849.872
6.78	857.472	849.691
6.79194	857.335	849.509
6.80387	857.197	849.326
6.81581	857.058	849.143
6.82775	856.919	848.958
6.83968	856.778	848.772
6.85162	856.637	848.585
6.86356	856.495	848.398
6.87549	856.352	848.209
6.88743	856.208	848.02
6.89937	856.063	847.83
6.9113	855.918	847.638
6.92324	855.771	847.446
6.93518	855.624	847.253
6.94711	855.476	847.059
6.95905	855.327	846.864
6.97099	855.177	846.668
6.98292	855.026	846.471
6.99486	854.875	846.273
7.0068	854.722	846.074
7.01873	854.569	845.874
7.03067	854.414	845.674
7.04261	854.259	845.472
7.05454	854.103	845.27
7.06648	853.946	845.066
7.07842	853.788	844.862
7.09035	853.63	844.656
7.10229	853.47	844.45
7.11423	853.31	844.243
7.12616	853.148	844.035
7.1381	852.986	843.826
7.15004	852.823	843.616
7.16197	852.659	843.405
7.17391	852.494	843.193
7.18585	852.328	842.98
7.19778	852.161	842.766
7.20972	851.993	842.551
7.22166	851.825	842.336
7.23359	851.655	842.119
7.24553	851.485	841.901
7.25747	851.314	841.683
7.2694	851.141	841.464
7.28134	850.968	841.243
7.29328	850.794	841.022
7.30521	850.619	840.8
7.31715	850.443	840.576
7.32909	850.266	840.352
7.34102	850.089	840.127
7.35296	849.91	839.901
7.36489	849.731	839.674
7.37683	849.55	839.447
7.38877	849.369	839.218
7.4007	849.186	838.988
7.41264	849.003	838.757
7.42458	848.819	838.526
7.43651	848.634	838.293
7.44845	848.448	838.06
7.46039	848.261	837.826
7.47232	848.073	837.59
7.48426	847.885	837.354
7.4962	847.695	837.117
7.50813	847.504	836.879
7.52007	847.313	836.64
7.53201	847.12	836.4
7.54394	846.927	836.159
7.55588	846.733	835.917
7.56782	846.537	835.675
7.57975	846.341	835.431
7.59169	846.144	835.187
7.60363	845.946	834.941
7.61556	845.747	834.695
7.6275	845.547	834.448
7.63944	845.346	834.199
7.65137	845.145	833.95
7.66331	844.942	833.7
7.67525	844.738	833.449
7.68718	844.534	833.198
7.69912	844.328	832.945
7.71106	844.122	832.691
7.72299	843.914	832.437
7.73493	843.706	832.181
7.74687	843.497	831.925
7.7588	843.287	831.668
7.77074	843.076	831.409
7.78268	842.864	831.15
7.79461	842.651	830.89
7.80655	842.437	830.629
7.81849	842.222	830.368
7.83042	842.006	830.105
7.84236	841.79	829.842
7.8543	841.572	829.577
7.86623	841.353	829.312
7.87817	841.134	829.046
7.89011	840.914	828.779
7.90204	840.692	828.511
7.91398	840.47	828.242
7.92592	840.247	827.972
7.93785	840.023	827.701
7.94979	839.798	827.43
7.96173	839.572	827.158
7.97366	839.345	826.884
7.9856	839.117	826.61
7.99754	838.888	826.335
8.00947	838.658	826.06
8.02141	838.428	825.783
8.03335	838.196	825.505
8.04528	837.964	825.227
8.05722	837.73	824.948
8.06916	837.496	824.668
8.08109	837.261	824.387
8.09303	837.025	824.105
8.10497	836.787	823.822
8.1169	836.549	823.539
8.12884	836.311	823.254
8.14078	836.071	822.969
8.15271	835.83	822.683
8.16465	835.588	822.396
8.17659	835.346	822.108
8.18852	835.102	821.82
8.20046	834.858	821.53
8.2124	834.612	821.24
8.22433	834.366	820.949
8.23627	834.119	820.657
8.2482	833.871	820.365
8.26014	833.622	820.071
8.27208	833.372	819.777
8.28401	833.121	819.482
8.29595	832.869	819.186
8.30789	832.617	818.889
8.31982	832.363	818.591
8.33176	832.109	818.293
8.3437	831.854	817.994
8.35563	831.597	817.694
8.36757	831.34	817.393
8.37951	831.082	817.092
8.39144	830.823	816.789
8.40338	830.564	816.486
8.41532	830.303	816.182
8.42725	830.041	815.877
8.43919	829.779	815.572
8.45113	829.516	815.266
8.46306	829.251	814.959
8.475	828.986	814.651
8.48694	828.72	814.342
8.49887	828.453	814.033
8.51081	828.186	813.723
8.52275	827.917	813.412
8.53468	827.647	813.1
8.54662	827.377	812.788
8.55856	827.106	812.475
8.57049	826.834	812.161
8.58243	826.561	811.846
8.59437	826.287	811.531
8.6063	826.012	811.215
8.61824	825.736	810.898
8.63018	825.46	810.58
8.64211	825.183	810.262
8.65405	824.905	809.943
8.66599	824.625	809.623
8.67792	824.346	809.302
8.68986	824.065	808.981
8.7018	823.783	808.659
8.71373	823.501	808.337
8.72567	823.218	808.013
8.73761	822.934	807.689
8.74954	822.649	807.364
8.76148	822.363	807.039
8.77342	822.076	806.713
8.78535	821.789	806.386
8.79729	821.5	806.058
8.80923	821.211	805.73
8.82116	820.921	805.401
8.8331	820.631	805.071
8.84504	820.339	804.741
8.85697	820.047	804.41
8.86891	819.753	804.079
8.88085	819.459	803.746
8.89278	819.164	803.413
8.90472	818.869	803.08
8.91666	818.572	802.745
8.92859	818.275	802.41
8.94053	817.977	802.075
8.95247	817.678	801.738
8.9644	817.378	801.402
8.97634	817.078	801.064
8.98828	816.777	800.726
9.00021	816.475	800.387
9.01215	816.172	800.048
9.02409	815.868	799.707
9.03602	815.564	799.367
9.04796	815.259	799.025
9.0599	814.953	798.683
9.07183	814.646	798.341
9.08377	814.338	797.998
9.0957	814.03	797.654
9.10764	813.721	797.309
9.11958	813.411	796.964
9.13151	813.101	796.619
9.14345	812.789	796.273
9.15539	812.477	795.926
9.16732	812.164	795.579
9.17926	811.851	795.231
9.1912	811.536	794.882
9.20313	811.221	794.533
9.21507	810.906	794.183
9.22701	810.589	793.833
9.23894	810.272	793.482
9.25088	809.954	793.131
9.26282	809.635	792.779
9.27475	809.316	792.426
9.28669	808.995	792.073
9.29863	808.674	791.72
9.31056	808.353	791.365
9.3225	808.03	791.011
9.33444	807.707	790.656
9.34637	807.384	790.3
9.35831	807.059	789.943
9.37025	806.734	789.587
9.38218	806.408	789.229
9.39412	806.082	788.871
9.40606	805.754	788.513
9.41799	805.426	788.154
9.42993	805.098	787.795
9.44187	804.769	787.435
9.4538	804.439	787.074
9.46574	804.108	786.713
9.47768	803.777	786.352
9.48961	803.445	785.99
9.50155	803.112	785.628
9.51349	802.779	785.265
9.52542	802.445	784.901
9.53736	802.11	784.537
9.5493	801.775	784.173
9.56123	801.439	783.808
9.57317	801.102	783.443
9.58511	800.765	783.077
9.59704	800.427	782.711
9.60898	800.089	782.344
9.62092	799.749	781.977
9.63285	799.41	781.61
9.64479	799.069	781.242
9.65673	798.728	780.873
9.66866	798.387	780.504
9.6806	798.044	780.135
9.69254	797.701	779.765
9.70447	797.358	779.395
9.71641	797.014	779.024
9.72835	796.669	778.653
9.74028	796.324	778.282
9.75222	795.978	777.91
9.76416	795.631	777.538
9.77609	795.284	777.165
9.78803	794.937	776.792
9.79997	794.589	776.418
9.8119	794.24	776.045
9.82384	793.89	775.67
9.83578	793.54	775.296
9.84771	793.19	774.921
9.85965	792.839	774.545
9.87159	792.487	774.169
9.88352	792.135	773.793
9.89546	791.782	773.416
9.9074	791.429	773.039
9.91933	791.075	772.662
9.93127	790.72	772.284
9.94321	790.365	771.906
9.95514	790.01	771.528
9.96708	789.654	771.149
9.97901	789.297	770.77
9.99095	788.94	770.391
10.0029	788.583	770.011
10.0148	788.225	769.631
10.0268	787.866	769.25
10.0387	787.507	768.869
10.0506	787.147	768.488
10.0626	786.787	768.107
10.0745	786.426	767.725
10.0864	786.065	767.343
10.0984	785.703	766.96
10.1103	785.341	766.578
10.1223	784.979	766.195
10.1342	784.615	765.811
10.1461	784.252	765.427
10.1581	783.888	765.044
10.17	783.523	764.659
10.1819	783.158	764.275
10.1939	782.793	763.89
10.2058	782.427	763.505
10.2177	782.06	763.119
10.2297	781.693	762.734
10.2416	781.326	762.348
10.2536	780.958	761.961
10.2655	780.59	761.575
10.2774	780.221	761.188
10.2894	779.852	760.801
10.3013	779.483	760.414
10.3132	779.113	760.026
10.3252	778.742	759.638
10.3371	778.371	759.25
10.3491	778	758.862
10.361	777.629	758.473
10.3729	777.256	758.084
10.3849	776.884	757.695
10.3968	776.511	757.306
10.4087	776.138	756.916
10.4207	775.764	756.527
10.4326	775.39	756.137
10.4445	775.015	755.746
10.4565	774.641	755.356
10.4684	774.265	754.965
10.4804	773.89	754.574
10.4923	773.514	754.183
10.5042	773.137	753.792
10.5162	772.76	753.4
10.5281	772.383	753.009
10.54	772.006	752.617
10.552	771.628	752.224
10.5639	771.249	751.832
10.5758	770.871	751.44
10.5878	770.492	751.047
10.5997	770.113	750.654
10.6117	769.733	750.261
10.6236	769.353	749.868
10.6355	768.973	749.474
10.6475	768.592	749.081
10.6594	768.211	748.687
10.6713	767.83	748.293
10.6833	767.448	747.899
10.6952	767.066	747.504
10.7071	766.684	747.11
10.7191	766.301	746.715
10.731	765.918	746.32
10.743	765.535	745.925
10.7549	765.151	745.53
10.7668	764.767	745.135
10.7788	764.383	744.74
10.7907	763.999	744.344
10.8026	763.614	743.948
10.8146	763.229	743.553
10.8265	762.844	743.157
10.8385	762.458	742.76
10.8504	762.072	742.364
10.8623	761.686	741.968
10.8743	761.3	741.571
10.8862	760.913	741.175
10.8981	760.526	740.778
10.9101	760.139	740.381
10.922	759.751	739.984
10.9339	759.363	739.587
10.9459	758.975	739.19
10.9578	758.587	738.792
10.9698	758.198	738.395
10.9817	757.81	737.997
10.9936	757.421	737.6
11.0056	757.031	737.202
11.0175	756.642	736.804
11.0294	756.252	736.406
11.0414	755.862	736.008
11.0533	755.472	735.61
11.0652	755.082	735.212
11.0772	754.691	734.813
11.0891	754.3	734.415
11.1011	753.909	734.017
11.113	753.518	733.618
11.1249	753.126	733.219
11.1369	752.735	732.821
11.1488	752.343	732.422
11.1607	751.951	732.023
11.1727	751.558	731.624
11.1846	751.166	731.225
11.1966	750.773	730.826
11.2085	750.38	730.427
11.2204	749.987	730.027
11.2324	749.594	729.628
11.2443	749.2	729.229
11.2562	748.807	728.829
11.2682	748.413	728.43
11.2801	748.019	728.03
11.292	747.625	727.631
11.304	747.23	727.231
11.3159	746.836	726.831
11.3279	746.441	726.432
11.3398	746.046	726.032
11.3517	745.651	725.632
11.3637	745.256	725.232
11.3756	744.861	724.832
11.3875	744.466	724.433
11.3995	744.07	724.033
11.4114	743.674	723.633
11.4233	743.278	723.233
11.4353	742.882	722.833
11.4472	742.486	722.432
11.4592	742.09	722.032
11.4711	741.694	721.632
11.483	741.297	721.232
11.495	740.9	720.832
11.5069	740.504	720.432
11.5188	740.107	720.031
11.5308	739.71	719.631
11.5427	739.312	719.231
11.5546	738.915	718.831
11.5666	738.518	718.43
11.5785	738.12	718.03
11.5905	737.723	717.63
11.6024	737.325	717.229
11.6143	736.927	716.829
11.6263	736.529	716.429
11.6382	736.131	716.028
11.6501	735.733	715.628
11.6621	735.335	715.228
11.674	734.936	714.827
11.686	734.538	714.427
11.6979	734.14	714.026
11.7098	733.741	713.626
11.7218	733.342	713.226
11.7337	732.944	712.825
11.7456	732.545	712.425
11.7576	732.146	712.025
11.7695	731.747	711.624
11.7814	731.348	711.224
11.7934	730.949	710.824
11.8053	730.549	710.423
11.8173	730.15	710.023
11.8292	729.751	709.623
11.8411	729.352	709.223
11.8531	728.952	708.822
11.865	728.553	708.422
11.8769	728.153	708.022
11.8889	727.753	707.622
11.9008	727.354	707.222
11.9127	726.954	706.822
11.9247	726.554	706.421
11.9366	726.154	706.021
11.9486	725.754	705.621
11.9605	725.355	705.221
11.9724	724.955	704.821
11.9844	724.555	704.421
11.9963	724.154	704.021
12.0082	723.754	703.621
12.0202	723.354	703.222
12.0321	722.954	702.822
12.0441	722.554	702.422
12.056	722.154	702.022
12.0679	721.753	701.622
12.0799	721.353	701.223
12.0918	720.953	700.823
12.1037	720.553	700.423
12.1157	720.152	700.024
12.1276	719.752	699.624
12.1395	719.351	699.225
12.1515	718.951	698.825
12.1634	718.551	698.426
12.1754	718.15	698.026
12.1873	717.75	697.627
12.1992	717.349	697.228
12.2112	716.949	696.828
12.2231	716.548	696.429
12.235	716.148	696.03
12.247	715.747	695.631
12.2589	715.347	695.232
12.2708	714.946	694.833
12.2828	714.546	694.434
12.2947	714.145	694.035
12.3067	713.745	693.636
12.3186	713.344	693.237
12.3305	712.944	692.838
12.3425	712.543	692.439
12.3544	712.143	692.041
12.3663	711.742	691.642
12.3783	711.342	691.243
12.3902	710.941	690.845
12.4021	710.541	690.446
12.4141	710.14	690.048
12.426	709.74	689.65
12.438	709.339	689.251
12.4499	708.939	688.853
12.4618	708.539	688.455
12.4738	708.138	688.057
12.4857	707.738	687.658
12.4976	707.338	687.26
12.5096	706.937	686.862
12.5215	706.537	686.464
12.5335	706.137	686.067
12.5454	705.736	685.669
12.5573	705.336	685.271
12.5693	704.936	684.873
12.5812	704.536	684.476
12.5931	704.136	684.078
12.6051	703.736	683.68
12.617	703.336	683.283
12.6289	702.936	682.885
12.6409	702.535	682.488
12.6528	702.136	682.091
12.6648	701.736	681.694
12.6767	701.336	681.296
12.6886	700.936	680.899
12.7006	700.536	680.502
12.7125	700.136	680.105
12.7244	699.736	679.708
12.7364	699.337	679.311
12.7483	698.937	678.915
12.7602	698.537	678.518
12.7722	698.138	678.121
12.7841	697.738	677.724
12.7961	697.339	677.328
12.808	696.939	676.931
12.8199	696.54	676.535
12.8319	696.14	676.139
12.8438	695.741	675.742
12.8557	695.341	675.346
12.8677	694.942	674.95
12.8796	694.543	674.554
12.8916	694.144	674.158
12.9035	693.745	673.762
12.9154	693.346	673.366
12.9274	692.947	672.97
12.9393	692.548	672.574
12.9512	692.149	672.178
12.9632	691.75	671.782
12.9751	691.351	671.387
12.987	690.952	670.991
12.999	690.554	670.596
13.0109	690.155	670.2
13.0229	689.756	669.805
13.0348	689.358	669.41
13.0467	688.959	669.014
13.0587	688.561	668.619
13.0706	688.162	668.224
13.0825	687.764	667.829
13.0945	687.366	667.434
13.1064	686.967	667.039
13.1183	686.569	666.644
13.1303	686.171	666.249
13.1422	685.773	665.855
13.1542	685.375	665.46
13.1661	684.977	665.065
13.178	684.579	664.671
13.19	684.182	664.276
13.2019	683.784	663.882
13.2138	683.386	663.487
13.2258	682.988	663.093
13.2377	682.591	662.699
13.2496	682.193	662.305
13.2616	681.796	661.91
13.2735	681.398	661.516
13.2855	681.001	661.122
13.2974	680.604	660.728
13.3093	680.207	660.334
13.3213	679.809	659.941
13.3332	679.412	659.547
13.3451	679.015	659.153
13.3571	678.618	658.759
13.369	678.221	658.366
13.381	677.825	657.972
13.3929	677.428	657.579
13.4048	677.031	657.185
13.4168	676.634	656.792
13.4287	676.238	656.399
13.4406	675.841	656.005
13.4526	675.445	655.612
13.4645	675.048	655.219
13.4764	674.652	654.826
13.4884	674.256	654.433
13.5003	673.86	654.04
13.5123	673.463	653.647
13.5242	673.067	653.254
13.5361	672.671	652.861
13.5481	672.275	652.468
13.56	671.879	652.076
13.5719	671.484	651.683
13.5839	671.088	651.291
13.5958	670.692	650.898
13.6077	670.296	650.505
13.6197	669.901	650.113
13.6316	669.505	649.721
13.6436	669.11	649.328
13.6555	668.715	648.936
13.6674	668.319	648.544
13.6794	667.924	648.152
13.6913	667.529	647.76
13.7032	667.134	647.367
13.7152	666.739	646.975
13.7271	666.344	646.583
13.7391	665.949	646.192
13.751	665.554	645.8
13.7629	665.159	645.408
13.7749	664.764	645.016
13.7868	664.369	644.624
13.7987	663.975	644.233
13.8107	663.58	643.841
13.8226	663.186	643.449
13.8345	662.791	643.058
13.8465	662.397	642.666
13.8584	662.003	642.275
13.8704	661.608	641.884
13.8823	661.214	641.492
13.8942	660.82	641.101
13.9062	660.426	640.71
13.9181	660.032	640.319
13.93	659.638	639.927
13.942	659.244	639.536
13.9539	658.85	639.145
13.9658	658.456	638.754
13.9778	658.063	638.363
13.9897	657.669	637.972
14.0017	657.275	637.581
14.0136	656.882	637.19
14.0255	656.488	636.8
14.0375	656.095	636.409
14.0494	655.702	636.018
14.0613	655.308	635.627
14.0733	654.915	635.237
14.0852	654.522	634.846
14.0971	654.129	634.455
14.1091	653.736	634.065
14.121	653.343	633.674
14.133	652.95	633.284
14.1449	652.557	632.894
14.1568	652.164	632.503
14.1688	651.771	632.113
14.1807	651.378	631.722
14.1926	650.986	631.332
14.2046	650.593	630.942
14.2165	650.2	630.552
14.2285	649.808	630.162
14.2404	649.415	629.771
14.2523	649.023	629.381
14.2643	648.631	628.991
14.2762	648.238	628.601
14.2881	647.846	628.211
14.3001	647.454	627.821
14.312	647.062	627.431
14.3239	646.67	627.041
14.3359	646.278	626.652
14.3478	645.886	626.262
14.3598	645.494	625.872
14.3717	645.102	625.482
14.3836	644.71	625.092
14.3956	644.318	624.703
14.4075	643.926	624.313
14.4194	643.535	623.923
14.4314	643.143	623.534
14.4433	642.751	623.144
14.4552	642.36	622.754
14.4672	641.968	622.365
14.4791	641.577	621.975
14.4911	641.186	621.586
14.503	640.794	621.196
14.5149	640.403	620.807
14.5269	640.012	620.418
14.5388	639.62	620.028
14.5507	639.229	619.639
14.5627	638.838	619.25
14.5746	638.447	618.86
14.5866	638.056	618.471
14.5985	637.665	618.082
14.6104	637.274	617.692
14.6224	636.883	617.303
14.6343	636.492	616.914
14.6462	636.101	616.525
14.6582	635.711	616.136
14.6701	635.32	615.747
14.682	634.929	615.357
14.694	634.538	614.968
14.7059	634.148	614.579
14.7179	633.757	614.19
14.7298	633.367	613.801
14.7417	632.976	613.412
14.7537	632.586	613.023
14.7656	632.195	612.634
14.7775	631.805	612.245
14.7895	631.414	611.856
14.8014	631.024	611.468
14.8133	630.634	611.079
14.8253	630.244	610.69
14.8372	629.853	610.301
14.8492	629.463	609.912
14.8611	629.073	609.523
14.873	628.683	609.135
14.885	628.293	608.746
14.8969	627.903	608.357
14.9088	627.513	607.968
14.9208	627.123	607.579
14.9327	626.733	607.191
14.9446	626.343	606.802
14.9566	625.953	606.413
14.9685	625.563	606.025
14.9805	625.174	605.636
14.9924	624.784	605.247
15.0043	624.394	604.859
15.0163	624.004	604.47
15.0282	623.615	604.081
15.0401	623.225	603.693
15.0521	622.835	603.304
15.064	622.446	602.916
15.076	622.056	602.527
15.0879	621.667	602.139
15.0998	621.277	601.75
15.1118	620.888	601.362
15.1237	620.498	600.973
15.1356	620.109	600.585
15.1476	619.72	600.196
15.1595	619.33	599.808
15.1714	618.941	599.419
15.1834	618.552	599.031
15.1953	618.162	598.642
15.2073	617.773	598.254
15.2192	617.384	597.865
15.2311	616.995	597.477
15.2431	616.605	597.088
15.255	616.216	596.7
15.2669	615.827	596.312
15.2789	615.438	595.923
15.2908	615.049	595.535
15.3027	614.66	595.146
15.3147	614.271	594.758
15.3266	613.882	594.37
15.3386	613.493	593.981
15.3505	613.104	593.593
15.3624	612.715	593.205
15.3744	612.326	592.816
15.3863	611.937	592.428
15.3982	611.548	592.04
15.4102	611.159	591.651
15.4221	610.77	591.263
15.4341	610.381	590.875
15.446	609.992	590.486
15.4579	609.604	590.098
15.4699	609.215	589.71
15.4818	608.826	589.321
15.4937	608.437	588.933
15.5057	608.048	588.545
15.5176	607.66	588.157
15.5295	607.271	587.768
15.5415	606.882	587.38
15.5534	606.494	586.992
15.5654	606.105	586.604
15.5773	605.716	586.215
15.5892	605.328	585.827
15.6012	604.939	585.439
15.6131	604.55	585.051
15.625	604.162	584.662
15.637	603.773	584.274
15.6489	603.385	583.886
15.6608	602.996	583.498
15.6728	602.608	583.109
15.6847	602.219	582.721
15.6967	601.83	582.333
15.7086	601.442	581.945
15.7205	601.053	581.557
15.7325	600.665	581.168
15.7444	600.277	580.78
15.7563	599.888	580.392
15.7683	599.5	580.004
15.7802	599.111	579.616
15.7921	598.723	579.227
15.8041	598.334	578.839
15.816	597.946	578.451
15.828	597.558	578.063
15.8399	597.169	577.675
15.8518	596.781	577.286
15.8638	596.392	576.898
15.8757	596.004	576.51
15.8876	595.616	576.122
15.8996	595.227	575.734
15.9115	594.839	575.345
15.9235	594.451	574.957
15.9354	594.062	574.569
15.9473	593.674	574.181
15.9593	593.286	573.793
15.9712	592.897	573.405
15.9831	592.509	573.016
15.9951	592.121	572.628
16.007	591.733	572.24
16.0189	591.344	571.852
16.0309	590.956	571.464
16.0428	590.568	571.076
16.0548	590.179	570.687
16.0667	589.791	570.299
16.0786	589.403	569.911
16.0906	589.015	569.523
16.1025	588.627	569.135
16.1144	588.238	568.747
16.1264	587.85	568.359
16.1383	587.462	567.97
16.1502	587.074	567.582
16.1622	586.685	567.194
16.1741	586.297	566.806
16.1861	585.909	566.418
16.198	585.521	566.03
16.2099	585.133	565.642
16.2219	584.744	565.253
16.2338	584.356	564.865
16.2457	583.968	564.477
16.2577	583.58	564.089
16.2696	583.192	563.701
16.2816	582.804	563.313
16.2935	582.415	562.925
16.3054	582.027	562.537
16.3174	581.639	562.149
16.3293	581.251	561.761
16.3412	580.863	561.372
16.3532	580.475	560.984
16.3651	580.087	560.596
16.377	579.698	560.208
16.389	579.31	559.82
16.4009	578.922	559.432
16.4129	578.534	559.044
16.4248	578.146	558.656
16.4367	577.758	558.268
16.4487	577.37	557.88
16.4606	576.982	557.492
16.4725	576.593	557.104
16.4845	576.205	556.716
16.4964	575.817	556.328
16.5083	575.429	555.94
16.5203	575.041	555.552
16.5322	574.653	555.164
16.5442	574.265	554.776
16.5561	573.877	554.388
16.568	573.489	554
16.58	573.101	553.612
16.5919	572.713	553.224
16.6038	572.324	552.836
16.6158	571.936	552.448
16.6277	571.548	552.06
16.6396	571.16	551.672
16.6516	570.772	551.284
16.6635	570.384	550.896
16.6755	569.996	550.508
16.6874	569.608	550.12
16.6993	569.22	549.732
16.7113	568.832	549.344
16.7232	568.444	548.956
16.7351	568.056	548.569
16.7471	567.668	548.181
16.759	567.28	547.793
16.771	566.892	547.405
16.7829	566.504	547.017
16.7948	566.115	546.629
16.8068	565.727	546.241
16.8187	565.339	545.854
16.8306	564.951	545.466
16.8426	564.563	545.078
16.8545	564.175	544.69
16.8664	563.787	544.303
16.8784	563.399	543.915
16.8903	563.011	543.527
16.9023	562.623	543.139
16.9142	562.235	542.752
16.9261	561.847	542.364
16.9381	561.459	541.976
16.95	561.071	541.589
16.9619	560.683	541.201
16.9739	560.295	540.813
16.9858	559.907	540.426
16.9977	559.519	540.038
17.0097	559.131	539.651
17.0216	558.743	539.263
17.0336	558.356	538.876
17.0455	557.968	538.488
17.0574	557.58	538.1
17.0694	557.192	537.713
17.0813	556.804	537.326
17.0932	556.416	536.938
17.1052	556.028	536.551
17.1171	555.64	536.163
17.1291	555.252	535.776
17.141	554.864	535.388
17.1529	554.476	535.001
17.1649	554.088	534.614
17.1768	553.701	534.226
17.1887	553.313	533.839
17.2007	552.925	533.452
17.2126	552.537	533.065
17.2245	552.149	532.677
17.2365	551.761	532.29
17.2484	551.373	531.903
17.2604	550.986	531.516
17.2723	550.598	531.129
17.2842	550.21	530.742
17.2962	549.822	530.355
17.3081	549.434	529.968
17.32	549.047	529.581
17.332	548.659	529.194
17.3439	548.271	528.807
17.3558	547.883	528.42
17.3678	547.496	528.033
17.3797	547.108	527.646
17.3917	546.72	527.259
17.4036	546.333	526.872
17.4155	545.945	526.485
17.4275	545.557	526.099
17.4394	545.17	525.712
17.4513	544.782	525.325
17.4633	544.394	524.939
17.4752	544.007	524.552
17.4871	543.619	524.165
17.4991	543.232	523.779
17.511	542.844	523.392
17.523	542.456	523.006
17.5349	542.069	522.619
17.5468	541.681	522.233
17.5588	541.294	521.846
17.5707	540.906	521.46
17.5826	540.519	521.074
17.5946	540.131	520.688
17.6065	539.744	520.301
17.6185	539.357	519.915
17.6304	538.969	519.529
17.6423	538.582	519.143
17.6543	538.194	518.757
17.6662	537.807	518.371
17.6781	537.42	517.985
17.6901	537.032	517.599
17.702	536.645	517.213
17.7139	536.258	516.827
17.7259	535.871	516.441
17.7378	535.483	516.055
17.7498	535.096	515.67
17.7617	534.709	515.284
17.7736	534.322	514.898
17.7856	533.935	514.513
17.7975	533.547	514.127
17.8094	533.16	513.742
17.8214	532.773	513.356
17.8333	532.386	512.971
17.8452	531.999	512.585
17.8572	531.612	512.2
17.8691	531.225	511.815
17.8811	530.838	511.43
17.893	530.451	511.045
17.9049	530.064	510.659
17.9169	529.678	510.274
17.9288	529.291	509.889
17.9407	528.904	509.505
17.9527	528.517	509.12
17.9646	528.13	508.735
17.9766	527.744	508.35
17.9885	527.357	507.965
18.0004	526.97	507.581
18.0124	526.584	507.196
18.0243	526.197	506.812
18.0362	525.81	506.427
18.0482	525.424	506.043
18.0601	525.037	505.658
18.072	524.651	505.274
18.084	524.264	504.89
18.0959	523.878	504.506
18.1079	523.492	504.122
18.1198	523.105	503.738
18.1317	522.719	503.354
18.1437	522.333	502.97
18.1556	521.947	502.586
18.1675	521.56	502.202
18.1795	521.174	501.818
18.1914	520.788	501.435
18.2033	520.402	501.051
18.2153	520.016	500.668
18.2272	519.63	500.284
18.2392	519.244	499.901
18.2511	518.858	499.518
18.263	518.472	499.135
18.275	518.086	498.752
18.2869	517.701	498.369
18.2988	517.315	497.986
18.3108	516.929	497.603
18.3227	516.544	497.22
18.3346	516.158	496.837
18.3466	515.772	496.455
18.3585	515.387	496.072
18.3705	515.001	495.689
18.3824	514.616	495.307
18.3943	514.231	494.925
18.4063	513.845	494.543
18.4182	513.46	494.16
18.4301	513.075	493.778
18.4421	512.69	493.396
18.454	512.304	493.014
18.466	511.919	492.633
18.4779	511.534	492.251
18.4898	511.149	491.869
18.5018	510.764	491.488
18.5137	510.38	491.106
18.5256	509.995	490.725
18.5376	509.61	490.344
18.5495	509.225	489.963
18.5614	508.841	489.581
18.5734	508.456	489.2
18.5853	508.072	488.82
18.5973	507.687	488.439
18.6092	507.303	488.058
18.6211	506.918	487.678
18.6331	506.534	487.297
18.645	506.15	486.917
18.6569	505.766	486.536
18.6689	505.382	486.156
18.6808	504.998	485.776
18.6927	504.614	485.396
18.7047	504.23	485.016
18.7166	503.846	484.637
18.7286	503.462	484.257
18.7405	503.078	483.877
18.7524	502.695	483.498
18.7644	502.311	483.119
18.7763	501.928	482.739
18.7882	501.544	482.36
18.8002	501.161	481.981
18.8121	500.778	481.602
18.8241	500.394	481.224
18.836	500.011	480.845
18.8479	499.628	480.466
18.8599	499.245	480.088
18.8718	498.862	479.71
18.8837	498.479	479.331
18.8957	498.097	478.953
18.9076	497.714	478.575
18.9195	497.331	478.198
18.9315	496.949	477.82
18.9434	496.566	477.442
18.9554	496.184	477.065
18.9673	495.802	476.688
18.9792	495.42	476.31
18.9912	495.037	475.933
19.0031	494.655	475.556
19.015	494.273	475.18
19.027	493.892	474.803
19.0389	493.51	474.426
19.0508	493.128	474.05
19.0628	492.746	473.674
19.0747	492.365	473.298
19.0867	491.984	472.922
19.0986	491.602	472.546
19.1105	491.221	472.17
19.1225	490.84	471.794
19.1344	490.459	471.419
19.1463	490.078	471.044
19.1583	489.697	470.668
19.1702	489.316	470.293
19.1821	488.935	469.918
19.1941	488.555	469.544
19.206	488.174	469.169
19.218	487.794	468.795
19.2299	487.414	468.42
19.2418	487.034	468.046
19.2538	486.654	467.672
19.2657	486.274	467.298
19.2776	485.894	466.925
19.2896	485.514	466.551
19.3015	485.134	466.178
19.3135	484.755	465.805
19.3254	484.375	465.432
19.3373	483.996	465.059
19.3493	483.617	464.686
19.3612	483.238	464.313
19.3731	482.859	463.941
19.3851	482.48	463.569
19.397	482.101	463.197
19.4089	481.722	462.825
19.4209	481.344	462.453
19.4328	480.965	462.081
19.4448	480.587	461.71
19.4567	480.209	461.339
19.4686	479.831	460.967
19.4806	479.453	460.597
19.4925	479.075	460.226
19.5044	478.697	459.855
19.5164	478.319	459.485
19.5283	477.942	459.115
19.5402	477.565	458.745
19.5522	477.187	458.375
19.5641	476.81	458.005
19.5761	476.433	457.636
19.588	476.056	457.266
19.5999	475.68	456.897
19.6119	475.303	456.528
19.6238	474.927	456.159
19.6357	474.55	455.791
19.6477	474.174	455.422
19.6596	473.798	455.054
19.6716	473.422	454.686
19.6835	473.046	454.318
19.6954	472.671	453.951
19.7074	472.295	453.583
19.7193	471.92	453.216
19.7312	471.545	452.849
19.7432	471.169	452.482
19.7551	470.795	452.116
19.767	470.42	451.749
19.779	470.045	451.383
19.7909	469.671	451.017
19.8029	469.296	450.651
19.8148	468.922	450.285
19.8267	468.548	449.92
19.8387	468.174	449.555
19.8506	467.8	449.19
19.8625	467.427	448.825
19.8745	467.053	448.46
19.8864	466.68	448.096
19.8983	466.307	447.732
19.9103	465.934	447.368
19.9222	465.561	447.004
19.9342	465.188	446.641
19.9461	464.816	446.277
19.958	464.443	445.914
19.97	464.071	445.552
19.9819	463.699	445.189
19.9938	463.327	444.827
20.0058	462.955	444.464
20.0177	462.584	444.102
20.0296	462.213	443.741
20.0416	461.841	443.379
20.0535	461.47	443.018
20.0655	461.099	442.657
20.0774	460.729	442.296
20.0893	460.358	441.936
20.1013	459.988	441.575
20.1132	459.618	441.215
20.1251	459.248	440.855
20.1371	458.878	440.496
20.149	458.508	440.136
20.161	458.139	439.777
20.1729	457.769	439.418
20.1848	457.4	439.06
20.1968	457.031	438.701
20.2087	456.663	438.343
20.2206	456.294	437.985
20.2326	455.926	437.628
20.2445	455.558	437.27
20.2564	455.19	436.913
20.2684	454.822	436.556
20.2803	454.454	436.199
20.2923	454.087	435.843
20.3042	453.72	435.487
20.3161	453.353	435.131
20.3281	452.986	434.775
20.34	452.619	434.42
20.3519	452.253	434.065
20.3639	451.887	433.71
20.3758	451.521	433.356
20.3877	451.155	433.001
20.3997	450.789	432.647
20.4116	450.424	432.294
20.4236	450.059	431.94
20.4355	449.694	431.587
20.4474	449.329	431.234
20.4594	448.964	430.881
20.4713	448.6	430.529
20.4832	448.236	430.177
20.4952	447.872	429.825
20.5071	447.508	429.473
20.5191	447.145	429.122
20.531	446.781	428.771
20.5429	446.418	428.42
20.5549	446.055	428.07
20.5668	445.693	427.72
20.5787	445.33	427.37
20.5907	444.968	427.021
20.6026	444.606	426.671
20.6145	444.245	426.322
20.6265	443.883	425.974
20.6384	443.522	425.625
20.6504	443.161	425.277
20.6623	442.8	424.929
20.6742	442.439	424.582
20.6862	442.079	424.235
20.6981	441.719	423.888
20.71	441.359	423.541
20.722	440.999	423.195
20.7339	440.64	422.849
20.7458	440.281	422.503
20.7578	439.922	422.158
20.7697	439.563	421.813
20.7817	439.205	421.468
20.7936	438.847	421.124
20.8055	438.489	420.78
20.8175	438.131	420.436
20.8294	437.773	420.092
20.8413	437.416	419.749
20.8533	437.059	419.406
20.8652	436.703	419.064
20.8771	436.346	418.722
20.8891	435.99	418.38
20.901	435.634	418.038
20.913	435.278	417.697
20.9249	434.923	417.356
20.9368	434.568	417.015
20.9488	434.213	416.675
20.9607	433.858	416.335
20.9726	433.504	415.996
20.9846	433.15	415.656
20.9965	432.796	415.318
21.0085	432.443	414.979
21.0204	432.089	414.641
21.0323	431.736	414.303
21.0443	431.384	413.965
21.0562	431.031	413.628
21.0681	430.679	413.291
21.0801	430.327	412.955
21.092	429.975	412.618
21.1039	429.624	412.283
21.1159	429.273	411.947
21.1278	428.922	411.612
21.1398	428.572	411.277
21.1517	428.221	410.943
21.1636	427.871	410.609
21.1756	427.522	410.275
21.1875	427.172	409.942
21.1994	426.823	409.609
21.2114	426.475	409.276
21.2233	426.126	408.944
21.2352	425.778	408.612
21.2472	425.43	408.28
21.2591	425.082	407.949
21.2711	424.735	407.618
21.283	424.388	407.288
21.2949	424.041	406.958
21.3069	423.695	406.628
21.3188	423.349	406.299
21.3307	423.003	405.97
21.3427	422.658	405.641
21.3546	422.312	405.313
21.3666	421.968	404.985
21.3785	421.623	404.658
21.3904	421.279	404.33
21.4024	420.935	404.004
21.4143	420.591	403.677
21.4262	420.248	403.351
21.4382	419.905	403.026
21.4501	419.562	402.701
21.462	419.22	402.376
21.474	418.878	402.052
21.4859	418.536	401.728
21.4979	418.195	401.404
21.5098	417.854	401.081
21.5217	417.513	400.758
21.5337	417.172	400.435
21.5456	416.832	400.113
21.5575	416.493	399.792
21.5695	416.153	399.471
21.5814	415.814	399.15
21.5933	415.475	398.829
21.6053	415.137	398.509
21.6172	414.799	398.19
21.6292	414.461	397.87
21.6411	414.124	397.552
21.653	413.787	397.233
21.665	413.45	396.915
21.6769	413.114	396.598
21.6888	412.778	396.28
21.7008	412.442	395.964
21.7127	412.106	395.647
21.7246	411.771	395.331
21.7366	411.437	395.016
21.7485	411.103	394.701
21.7605	410.769	394.386
21.7724	410.435	394.072
21.7843	410.102	393.758
21.7963	409.769	393.445
21.8082	409.436	393.132
21.8201	409.104	392.819
21.8321	408.773	392.507
21.844	408.441	392.195
21.856	408.11	391.884
21.8679	407.779	391.573
21.8798	407.449	391.263
21.8918	407.119	390.953
21.9037	406.789	390.643
21.9156	406.46	390.334
21.9276	406.131	390.026
21.9395	405.803	389.717
21.9514	405.475	389.41
21.9634	405.147	389.102
21.9753	404.82	388.795
21.9873	404.493	388.489
21.9992	404.166	388.183
22.0111	403.84	387.877
22.0231	403.514	387.572
22.035	403.189	387.268
22.0469	402.864	386.963
22.0589	402.539	386.66
22.0708	402.215	386.356
22.0827	401.891	386.053
22.0947	401.567	385.751
22.1066	401.244	385.449
22.1186	400.921	385.148
22.1305	400.599	384.847
22.1424	400.277	384.546
22.1544	399.956	384.246
22.1663	399.635	383.946
22.1782	399.314	383.647
22.1902	398.993	383.348
22.2021	398.674	383.05
22.2141	398.354	382.752
22.226	398.035	382.455
22.2379	397.716	382.158
22.2499	397.398	381.862
22.2618	397.08	381.566
22.2737	396.762	381.27
22.2857	396.445	380.975
22.2976	396.129	380.681
22.3095	395.812	380.387
22.3215	395.497	380.093
22.3334	395.181	379.8
22.3454	394.866	379.507
22.3573	394.552	379.215
22.3692	394.237	378.924
22.3812	393.924	378.633
22.3931	393.61	378.342
22.405	393.297	378.052
22.417	392.985	377.762
22.4289	392.673	377.473
22.4408	392.361	377.184
22.4528	392.05	376.896
22.4647	391.739	376.608
22.4767	391.429	376.321
22.4886	391.119	376.034
22.5005	390.81	375.748
22.5125	390.5	375.462
22.5244	390.192	375.176
22.5363	389.884	374.892
22.5483	389.576	374.607
22.5602	389.269	374.324
22.5721	388.962	374.04
22.5841	388.655	373.757
22.596	388.349	373.475
22.608	388.044	373.193
22.6199	387.739	372.912
22.6318	387.434	372.631
22.6438	387.13	372.351
22.6557	386.826	372.071
22.6676	386.523	371.792
22.6796	386.22	371.513
22.6915	385.918	371.235
22.7035	385.616	370.957
22.7154	385.314	370.679
22.7273	385.013	370.403
22.7393	384.713	370.126
22.7512	384.413	369.851
22.7631	384.113	369.576
22.7751	383.814	369.301
22.787	383.515	369.027
22.7989	383.217	368.753
22.8109	382.919	368.48
22.8228	382.622	368.207
22.8348	382.325	367.935
22.8467	382.029	367.663
22.8586	381.733	367.392
22.8706	381.437	367.122
22.8825	381.142	366.852
22.8944	380.848	366.582
22.9064	380.554	366.313
22.9183	380.26	366.045
22.9302	379.967	365.777
22.9422	379.674	365.509
22.9541	379.382	365.242
22.9661	379.091	364.976
22.978	378.799	364.71
22.9899	378.509	364.445
23.0019	378.219	364.18
23.0138	377.929	363.916
23.0257	377.64	363.652
23.0377	377.351	363.389
23.0496	377.063	363.126
23.0616	376.775	362.864
23.0735	376.487	362.602
23.0854	376.201	362.341
23.0974	375.914	362.081
23.1093	375.628	361.821
23.1212	375.343	361.561
23.1332	375.058	361.302
23.1451	374.774	361.044
23.157	374.49	360.786
23.169	374.207	360.529
23.1809	373.924	360.272
23.1929	373.641	360.016
23.2048	373.36	359.76
23.2167	373.078	359.505
23.2287	372.797	359.251
23.2406	372.517	358.997
23.2525	372.237	358.743
23.2645	371.958	358.49
23.2764	371.679	358.238
23.2883	371.401	357.986
23.3003	371.123	357.735
23.3122	370.845	357.484
23.3242	370.568	357.234
23.3361	370.292	356.984
23.348	370.016	356.735
23.36	369.741	356.486
23.3719	369.466	356.238
23.3838	369.192	355.991
23.3958	368.918	355.744
23.4077	368.645	355.498
23.4196	368.372	355.252
23.4316	368.1	355.007
23.4435	367.828	354.762
23.4555	367.557	354.518
23.4674	367.286	354.274
23.4793	367.016	354.031
23.4913	366.747	353.789
23.5032	366.478	353.547
23.5151	366.209	353.306
23.5271	365.941	353.065
23.539	365.673	352.825
23.551	365.406	352.585
23.5629	365.14	352.346
23.5748	364.874	352.107
23.5868	364.609	351.869
23.5987	364.344	351.632
23.6106	364.079	351.395
23.6226	363.816	351.159
23.6345	363.552	350.923
23.6464	363.289	350.688
23.6584	363.027	350.453
23.6703	362.765	350.219
23.6823	362.504	349.986
23.6942	362.244	349.753
23.7061	361.984	349.521
23.7181	361.724	349.289
23.73	361.465	349.058
23.7419	361.206	348.827
23.7539	360.949	348.598
23.7658	360.691	348.369
23.7777	360.434	348.142
23.7897	360.178	347.917
23.8016	359.922	347.694
23.8136	359.667	347.477
23.8255	359.413	347.268
23.8374	359.16	347.073
23.8494	358.908	346.903
23.8613	358.661	346.778
23.8732	358.541	346.729
