0	872.742	872.884
0.0119366	872.74	872.883
0.0238732	872.735	872.882
0.0358099	872.731	872.88
0.0477465	872.727	872.878
0.0596831	872.723	872.876
0.0716197	872.718	872.874
0.0835563	872.714	872.872
0.095493	872.709	872.87
0.10743	872.705	872.867
0.119366	872.7	872.865
0.131303	872.695	872.863
0.143239	872.69	872.86
0.155176	872.685	872.858
0.167113	872.681	872.856
0.179049	872.676	872.853
0.190986	872.67	872.851
0.202923	872.665	872.848
0.214859	872.66	872.845
0.226796	872.655	872.843
0.238732	872.65	872.84
0.250669	872.644	872.837
0.262606	872.639	872.835
0.274542	872.633	872.832
0.286479	872.627	872.829
0.298416	872.622	872.826
0.310352	872.616	872.823
0.322289	872.61	872.82
0.334225	872.604	872.817
0.346162	872.598	872.814
0.358099	872.592	872.811
0.370035	872.586	872.808
0.381972	872.58	872.805
0.393908	872.573	872.802
0.405845	872.567	872.799
0.417782	872.56	872.795
0.429718	872.554	872.792
0.441655	872.547	872.788
0.453592	872.54	872.785
0.465528	872.534	872.782
0.477465	872.527	872.778
0.489401	872.52	872.774
0.501338	872.512	872.771
0.513275	872.505	872.767
0.525211	872.498	872.763
0.537148	872.491	872.759
0.549085	872.483	872.756
0.561021	872.476	872.752
0.572958	872.468	872.748
0.584894	872.46	872.744
0.596831	872.452	872.74
0.608768	872.444	872.735
0.620704	872.436	872.731
0.632641	872.428	872.727
0.644578	872.42	872.723
0.656514	872.412	872.718
0.668451	872.403	872.714
0.680387	872.395	872.709
0.692324	872.386	872.705
0.704261	872.377	872.7
0.716197	872.368	872.696
0.728134	872.359	872.691
0.74007	872.35	872.686
0.752007	872.341	872.681
0.763944	872.332	872.676
0.77588	872.322	872.671
0.787817	872.313	872.666
0.799754	872.303	872.661
0.81169	872.293	872.656
0.823627	872.283	872.651
0.835563	872.273	872.645
0.8475	872.263	872.64
0.859437	872.253	872.634
0.871373	872.242	872.629
0.88331	872.232	872.623
0.895247	872.221	872.617
0.907183	872.211	872.612
0.91912	872.2	872.606
0.931056	872.189	872.6
0.942993	872.178	872.594
0.95493	872.166	872.588
0.966866	872.155	872.582
0.978803	872.143	872.575
0.99074	872.132	872.569
1.00268	872.12	872.563
1.01461	872.108	872.556
1.02655	872.096	872.55
1.03849	872.084	872.543
1.05042	872.071	872.536
1.06236	872.059	872.529
1.0743	872.046	872.522
1.08623	872.033	872.515
1.09817	872.021	872.508
1.11011	872.007	872.501
1.12204	871.994	872.494
1.13398	871.981	872.487
1.14592	871.967	872.479
1.15785	871.954	872.472
1.16979	871.94	872.464
1.18173	871.926	872.456
1.19366	871.912	872.448
1.2056	871.897	872.44
1.21754	871.883	872.432
1.22947	871.868	872.424
1.24141	871.854	872.416
1.25335	871.839	872.408
1.26528	871.824	872.399
1.27722	871.808	872.391
1.28916	871.793	872.382
1.30109	871.777	872.373
1.31303	871.762	872.364
1.32496	871.746	872.355
1.3369	871.73	872.346
1.34884	871.713	872.337
1.36077	871.697	872.328
1.37271	871.68	872.319
1.38465	871.663	872.309
1.39658	871.646	872.299
1.40852	871.629	872.29
1.42046	871.612	872.28
1.43239	871.594	872.27
1.44433	871.577	872.26
1.45627	871.559	872.25
1.4682	871.541	872.239
1.48014	871.522	872.229
1.49208	871.504	872.218
1.50401	871.485	872.207
1.51595	871.466	872.197
1.52789	871.447	872.186
1.53982	871.428	872.175
1.55176	871.408	872.163
1.5637	871.389	872.152
1.57563	871.369	872.141
1.58757	871.349	872.129
1.59951	871.328	872.117
1.61144	871.308	872.105
1.62338	871.287	872.093
1.63532	871.266	872.081
1.64725	871.245	872.069
1.65919	871.224	872.057
1.67113	871.202	872.044
1.68306	871.18	872.031
1.695	871.158	872.018
1.70694	871.136	872.005
1.71887	871.114	871.992
1.73081	871.091	871.979
1.74275	871.068	871.966
1.75468	871.045	871.952
1.76662	871.022	871.938
1.77856	870.998	871.924
1.79049	870.974	871.91
1.80243	870.95	871.896
1.81437	870.926	871.882
1.8263	870.901	871.867
1.83824	870.876	871.853
1.85018	870.851	871.838
1.86211	870.826	871.823
1.87405	870.801	871.808
1.88599	870.775	871.792
1.89792	870.749	871.777
1.90986	870.723	871.761
1.9218	870.696	871.745
1.93373	870.669	871.729
1.94567	870.642	871.713
1.95761	870.615	871.697
1.96954	870.587	871.68
1.98148	870.56	871.663
1.99342	870.531	871.647
2.00535	870.503	871.629
2.01729	870.474	871.612
2.02923	870.446	871.595
2.04116	870.416	871.577
2.0531	870.387	871.559
2.06504	870.357	871.541
2.07697	870.327	871.523
2.08891	870.297	871.505
2.10085	870.266	871.486
2.11278	870.236	871.468
2.12472	870.204	871.449
2.13666	870.173	871.429
2.14859	870.141	871.41
2.16053	870.109	871.391
2.17246	870.077	871.371
2.1844	870.044	871.351
2.19634	870.012	871.331
2.20827	869.978	871.31
2.22021	869.945	871.29
2.23215	869.911	871.269
2.24408	869.877	871.248
2.25602	869.843	871.227
2.26796	869.808	871.205
2.27989	869.773	871.184
2.29183	869.738	871.162
2.30377	869.702	871.14
2.3157	869.666	871.118
2.32764	869.63	871.095
2.33958	869.593	871.072
2.35151	869.556	871.049
2.36345	869.519	871.026
2.37539	869.481	871.003
2.38732	869.443	870.979
2.39926	869.405	870.955
2.4112	869.366	870.931
2.42313	869.328	870.907
2.43507	869.288	870.882
2.44701	869.249	870.857
2.45894	869.209	870.832
2.47088	869.168	870.807
2.48282	869.128	870.781
2.49475	869.087	870.755
2.50669	869.045	870.729
2.51863	869.004	870.703
2.53056	868.962	870.677
2.5425	868.919	870.65
2.55444	868.877	870.623
2.56637	868.833	870.595
2.57831	868.79	870.568
2.59025	868.746	870.54
2.60218	868.702	870.512
2.61412	868.657	870.483
2.62606	868.612	870.455
2.63799	868.567	870.426
2.64993	868.521	870.396
2.66187	868.475	870.367
2.6738	868.429	870.337
2.68574	868.382	870.307
2.69768	868.335	870.277
2.70961	868.287	870.246
2.72155	868.239	870.215
2.73349	868.19	870.184
2.74542	868.142	870.153
2.75736	868.092	870.121
2.7693	868.043	870.089
2.78123	867.993	870.057
2.79317	867.942	870.024
2.80511	867.892	869.991
2.81704	867.84	869.958
2.82898	867.789	869.924
2.84092	867.737	869.891
2.85285	867.684	869.856
2.86479	867.631	869.822
2.87673	867.578	869.787
2.88866	867.524	869.752
2.9006	867.47	869.717
2.91254	867.415	869.681
2.92447	867.36	869.645
2.93641	867.305	869.609
2.94835	867.249	869.572
2.96028	867.193	869.535
2.97222	867.136	869.498
2.98416	867.079	869.46
2.99609	867.021	869.422
3.00803	866.963	869.384
3.01997	866.905	869.345
3.0319	866.846	869.307
3.04384	866.786	869.267
3.05577	866.726	869.228
3.06771	866.666	869.188
3.07965	866.605	869.147
3.09158	866.544	869.107
3.10352	866.482	869.066
3.11546	866.42	869.024
3.12739	866.358	868.983
3.13933	866.295	868.941
3.15127	866.231	868.898
3.1632	866.167	868.855
3.17514	866.102	868.812
3.18708	866.037	868.769
3.19901	865.972	868.725
3.21095	865.906	868.681
3.22289	865.84	868.636
3.23482	865.773	868.591
3.24676	865.705	868.546
3.2587	865.637	868.5
3.27063	865.569	868.454
3.28257	865.5	868.407
3.29451	865.431	868.36
3.30644	865.361	868.313
3.31838	865.29	868.265
3.33032	865.219	868.217
3.34225	865.148	868.169
3.35419	865.076	868.12
3.36613	865.003	868.071
3.37806	864.931	868.021
3.39	864.857	867.971
3.40194	864.783	867.921
3.41387	864.709	867.87
3.42581	864.634	867.819
3.43775	864.558	867.767
3.44968	864.482	867.715
3.46162	864.405	867.663
3.47356	864.328	867.61
3.48549	864.25	867.556
3.49743	864.172	867.503
3.50937	864.093	867.449
3.5213	864.014	867.394
3.53324	863.934	867.339
3.54518	863.854	867.284
3.55711	863.773	867.228
3.56905	863.691	867.171
3.58099	863.609	867.115
3.59292	863.527	867.057
3.60486	863.444	867
3.6168	863.36	866.942
3.62873	863.276	866.883
3.64067	863.191	866.824
3.65261	863.105	866.765
3.66454	863.019	866.705
3.67648	862.933	866.645
3.68842	862.846	866.584
3.70035	862.758	866.523
3.71229	862.67	866.461
3.72423	862.581	866.399
3.73616	862.491	866.336
3.7481	862.401	866.273
3.76004	862.311	866.21
3.77197	862.22	866.146
3.78391	862.128	866.081
3.79585	862.035	866.016
3.80778	861.942	865.951
3.81972	861.849	865.885
3.83166	861.755	865.818
3.84359	861.66	865.751
3.85553	861.565	865.684
3.86747	861.469	865.616
3.8794	861.372	865.548
3.89134	861.275	865.479
3.90327	861.177	865.409
3.91521	861.079	865.339
3.92715	860.98	865.269
3.93908	860.88	865.198
3.95102	860.78	865.127
3.96296	860.679	865.055
3.97489	860.577	864.982
3.98683	860.475	864.909
3.99877	860.372	864.836
4.0107	860.269	864.762
4.02264	860.165	864.688
4.03458	860.06	864.613
4.04651	859.955	864.537
4.05845	859.849	864.461
4.07039	859.742	864.384
4.08232	859.635	864.307
4.09426	859.527	864.23
4.1062	859.419	864.151
4.11813	859.31	864.073
4.13007	859.2	863.993
4.14201	859.089	863.913
4.15394	858.978	863.833
4.16588	858.866	863.752
4.17782	858.754	863.671
4.18975	858.641	863.589
4.20169	858.527	863.506
4.21363	858.413	863.423
4.22556	858.298	863.339
4.2375	858.182	863.255
4.24944	858.065	863.17
4.26137	857.948	863.085
4.27331	857.83	862.999
4.28525	857.712	862.912
4.29718	857.593	862.825
4.30912	857.473	862.737
4.32106	857.353	862.649
4.33299	857.231	862.56
4.34493	857.11	862.471
4.35687	856.987	862.381
4.3688	856.864	862.29
4.38074	856.74	862.199
4.39268	856.615	862.107
4.40461	856.49	862.015
4.41655	856.364	861.922
4.42849	856.237	861.829
4.44042	856.11	861.734
4.45236	855.982	861.64
4.4643	855.853	861.544
4.47623	855.723	861.448
4.48817	855.593	861.352
4.50011	855.462	861.255
4.51204	855.331	861.157
4.52398	855.198	861.058
4.53592	855.065	860.959
4.54785	854.931	860.86
4.55979	854.797	860.76
4.57173	854.662	860.659
4.58366	854.526	860.557
4.5956	854.389	860.455
4.60754	854.252	860.352
4.61947	854.114	860.249
4.63141	853.975	860.145
4.64335	853.835	860.04
4.65528	853.695	859.935
4.66722	853.554	859.829
4.67916	853.412	859.722
4.69109	853.27	859.615
4.70303	853.127	859.507
4.71497	852.983	859.399
4.7269	852.838	859.29
4.73884	852.693	859.18
4.75078	852.547	859.069
4.76271	852.4	858.958
4.77465	852.252	858.847
4.78658	852.104	858.734
4.79852	851.955	858.621
4.81046	851.805	858.507
4.82239	851.654	858.393
4.83433	851.503	858.278
4.84627	851.351	858.162
4.8582	851.198	858.046
4.87014	851.044	857.929
4.88208	850.89	857.811
4.89401	850.735	857.692
4.90595	850.579	857.573
4.91789	850.422	857.453
4.92982	850.265	857.333
4.94176	850.107	857.212
4.9537	849.948	857.09
4.96563	849.788	856.967
4.97757	849.627	856.844
4.98951	849.466	856.72
5.00144	849.304	856.596
5.01338	849.141	856.47
5.02532	848.978	856.344
5.03725	848.814	856.217
5.04919	848.648	856.09
5.06113	848.483	855.962
5.07306	848.316	855.833
5.085	848.149	855.704
5.09694	847.98	855.573
5.10887	847.811	855.442
5.12081	847.642	855.311
5.13275	847.471	855.178
5.14468	847.3	855.045
5.15662	847.128	854.912
5.16856	846.955	854.777
5.18049	846.781	854.642
5.19243	846.607	854.506
5.20437	846.432	854.369
5.2163	846.256	854.232
5.22824	846.079	854.094
5.24018	845.901	853.955
5.25211	845.723	853.815
5.26405	845.544	853.675
5.27599	845.364	853.534
5.28792	845.183	853.392
5.29986	845.002	853.25
5.3118	844.819	853.107
5.32373	844.636	852.963
5.33567	844.452	852.818
5.34761	844.268	852.672
5.35954	844.082	852.526
5.37148	843.896	852.379
5.38342	843.709	852.232
5.39535	843.521	852.083
5.40729	843.332	851.934
5.41923	843.143	851.784
5.43116	842.953	851.633
5.4431	842.762	851.482
5.45504	842.57	851.33
5.46697	842.377	851.177
5.47891	842.184	851.023
5.49085	841.989	850.869
5.50278	841.794	850.714
5.51472	841.599	850.558
5.52666	841.402	850.401
5.53859	841.204	850.243
5.55053	841.006	850.085
5.56247	840.807	849.926
5.5744	840.607	849.766
5.58634	840.407	849.606
5.59828	840.205	849.445
5.61021	840.003	849.283
5.62215	839.8	849.12
5.63408	839.596	848.956
5.64602	839.391	848.792
5.65796	839.186	848.627
5.66989	838.979	848.461
5.68183	838.772	848.294
5.69377	838.564	848.126
5.7057	838.355	847.958
5.71764	838.146	847.789
5.72958	837.936	847.619
5.74151	837.724	847.449
5.75345	837.512	847.277
5.76539	837.3	847.105
5.77732	837.086	846.932
5.78926	836.872	846.758
5.8012	836.657	846.584
5.81313	836.441	846.408
5.82507	836.224	846.232
5.83701	836.006	846.055
5.84894	835.788	845.878
5.86088	835.568	845.699
5.87282	835.348	845.52
5.88475	835.128	845.34
5.89669	834.906	845.159
5.90863	834.683	844.977
5.92056	834.46	844.795
5.9325	834.236	844.612
5.94444	834.011	844.428
5.95637	833.786	844.243
5.96831	833.559	844.057
5.98025	833.332	843.871
5.99218	833.104	843.684
6.00412	832.875	843.496
6.01606	832.645	843.307
6.02799	832.414	843.117
6.03993	832.183	842.927
6.05187	831.951	842.736
6.0638	831.718	842.544
6.07574	831.484	842.351
6.08768	831.25	842.157
6.09961	831.014	841.963
6.11155	830.778	841.768
6.12349	830.541	841.571
6.13542	830.304	841.375
6.14736	830.065	841.177
6.1593	829.826	840.979
6.17123	829.586	840.779
6.18317	829.345	840.579
6.19511	829.103	840.378
6.20704	828.86	840.177
6.21898	828.617	839.974
6.23092	828.373	839.771
6.24285	828.128	839.567
6.25479	827.882	839.362
6.26673	827.636	839.156
6.27866	827.388	838.95
6.2906	827.14	838.742
6.30254	826.891	838.534
6.31447	826.642	838.325
6.32641	826.391	838.115
6.33835	826.14	837.905
6.35028	825.888	837.693
6.36222	825.635	837.481
6.37416	825.381	837.268
6.38609	825.127	837.054
6.39803	824.871	836.84
6.40997	824.615	836.624
6.4219	824.359	836.408
6.43384	824.101	836.191
6.44578	823.843	835.973
6.45771	823.584	835.754
6.46965	823.324	835.535
6.48159	823.063	835.315
6.49352	822.801	835.094
6.50546	822.539	834.872
6.51739	822.276	834.649
6.52933	822.012	834.425
6.54127	821.748	834.201
6.5532	821.482	833.976
6.56514	821.216	833.75
6.57708	820.949	833.523
6.58901	820.681	833.296
6.60095	820.413	833.067
6.61289	820.144	832.838
6.62482	819.874	832.608
6.63676	819.603	832.377
6.6487	819.331	832.145
6.66063	819.059	831.913
6.67257	818.786	831.68
6.68451	818.512	831.446
6.69644	818.238	831.211
6.70838	817.962	830.975
6.72032	817.686	830.739
6.73225	817.409	830.501
6.74419	817.132	830.263
6.75613	816.853	830.024
6.76806	816.574	829.785
6.78	816.294	829.544
6.79194	816.014	829.303
6.80387	815.732	829.061
6.81581	815.45	828.818
6.82775	815.167	828.574
6.83968	814.884	828.33
6.85162	814.6	828.084
6.86356	814.314	827.838
6.87549	814.029	827.591
6.88743	813.742	827.344
6.89937	813.455	827.095
6.9113	813.167	826.846
6.92324	812.878	826.596
6.93518	812.588	826.345
6.94711	812.298	826.093
6.95905	812.007	825.841
6.97099	811.716	825.588
6.98292	811.423	825.334
6.99486	811.13	825.079
7.0068	810.836	824.823
7.01873	810.542	824.567
7.03067	810.246	824.309
7.04261	809.95	824.051
7.05454	809.653	823.793
7.06648	809.356	823.533
7.07842	809.058	823.273
7.09035	808.759	823.012
7.10229	808.459	822.75
7.11423	808.159	822.487
7.12616	807.858	822.223
7.1381	807.556	821.959
7.15004	807.254	821.694
7.16197	806.951	821.428
7.17391	806.647	821.162
7.18585	806.343	820.894
7.19778	806.037	820.626
7.20972	805.732	820.357
7.22166	805.425	820.087
7.23359	805.118	819.817
7.24553	804.81	819.546
7.25747	804.501	819.274
7.2694	804.192	819.001
7.28134	803.882	818.727
7.29328	803.571	818.453
7.30521	803.26	818.178
7.31715	802.948	817.902
7.32909	802.635	817.626
7.34102	802.322	817.348
7.35296	802.008	817.07
7.36489	801.693	816.791
7.37683	801.378	816.512
7.38877	801.062	816.231
7.4007	800.745	815.95
7.41264	800.428	815.668
7.42458	800.11	815.386
7.43651	799.791	815.102
7.44845	799.472	814.818
7.46039	799.152	814.533
7.47232	798.831	814.248
7.48426	798.51	813.961
7.4962	798.188	813.674
7.50813	797.865	813.386
7.52007	797.542	813.098
7.53201	797.218	812.808
7.54394	796.894	812.518
7.55588	796.569	812.228
7.56782	796.243	811.936
7.57975	795.917	811.644
7.59169	795.59	811.351
7.60363	795.262	811.057
7.61556	794.934	810.763
7.6275	794.605	810.468
7.63944	794.276	810.172
7.65137	793.946	809.875
7.66331	793.615	809.578
7.67525	793.284	809.28
7.68718	792.952	808.981
7.69912	792.619	808.681
7.71106	792.286	808.381
7.72299	791.952	808.08
7.73493	791.618	807.779
7.74687	791.283	807.477
7.7588	790.948	807.173
7.77074	790.612	806.87
7.78268	790.275	806.565
7.79461	789.938	806.26
7.80655	789.6	805.954
7.81849	789.261	805.648
7.83042	788.922	805.341
7.84236	788.583	805.033
7.8543	788.243	804.724
7.86623	787.902	804.415
7.87817	787.56	804.105
7.89011	787.219	803.794
7.90204	786.876	803.483
7.91398	786.533	803.171
7.92592	786.19	802.858
7.93785	785.845	802.545
7.94979	785.501	802.231
7.96173	785.156	801.916
7.97366	784.81	801.601
7.9856	784.463	801.285
7.99754	784.117	800.968
8.00947	783.769	800.651
8.02141	783.421	800.333
8.03335	783.073	800.014
8.04528	782.724	799.695
8.05722	782.374	799.375
8.06916	782.024	799.054
8.08109	781.673	798.733
8.09303	781.322	798.411
8.10497	780.971	798.089
8.1169	780.618	797.765
8.12884	780.266	797.441
8.14078	779.912	797.117
8.15271	779.559	796.792
8.16465	779.204	796.466
8.17659	778.85	796.14
8.18852	778.494	795.813
8.20046	778.139	795.485
8.2124	777.782	795.157
8.22433	777.426	794.828
8.23627	777.068	794.498
8.2482	776.711	794.168
8.26014	776.352	793.837
8.27208	775.994	793.506
8.28401	775.634	793.174
8.29595	775.275	792.841
8.30789	774.915	792.508
8.31982	774.554	792.174
8.33176	774.193	791.84
8.3437	773.831	791.505
8.35563	773.469	791.169
8.36757	773.107	790.833
8.37951	772.744	790.496
8.39144	772.38	790.158
8.40338	772.016	789.82
8.41532	771.652	789.482
8.42725	771.287	789.143
8.43919	770.922	788.803
8.45113	770.556	788.463
8.46306	770.19	788.122
8.475	769.823	787.78
8.48694	769.456	787.438
8.49887	769.089	787.095
8.51081	768.721	786.752
8.52275	768.352	786.408
8.53468	767.984	786.064
8.54662	767.614	785.719
8.55856	767.245	785.374
8.57049	766.875	785.028
8.58243	766.504	784.681
8.59437	766.133	784.334
8.6063	765.762	783.987
8.61824	765.39	783.638
8.63018	765.018	783.29
8.64211	764.646	782.94
8.65405	764.273	782.591
8.66599	763.899	782.24
8.67792	763.526	781.889
8.68986	763.151	781.538
8.7018	762.777	781.186
8.71373	762.402	780.833
8.72567	762.027	780.481
8.73761	761.651	780.127
8.74954	761.275	779.773
8.76148	760.898	779.418
8.77342	760.522	779.063
8.78535	760.144	778.708
8.79729	759.767	778.352
8.80923	759.389	777.995
8.82116	759.011	777.638
8.8331	758.632	777.281
8.84504	758.253	776.923
8.85697	757.873	776.564
8.86891	757.494	776.205
8.88085	757.114	775.846
8.89278	756.733	775.485
8.90472	756.352	775.125
8.91666	755.971	774.764
8.92859	755.59	774.403
8.94053	755.208	774.041
8.95247	754.826	773.678
8.9644	754.443	773.315
8.97634	754.06	772.952
8.98828	753.677	772.588
9.00021	753.294	772.224
9.01215	752.91	771.859
9.02409	752.526	771.494
9.03602	752.141	771.128
9.04796	751.756	770.762
9.0599	751.371	770.396
9.07183	750.986	770.029
9.08377	750.6	769.661
9.0957	750.214	769.294
9.10764	749.828	768.925
9.11958	749.441	768.557
9.13151	749.054	768.187
9.14345	748.667	767.818
9.15539	748.279	767.448
9.16732	747.891	767.077
9.17926	747.503	766.706
9.1912	747.115	766.335
9.20313	746.726	765.963
9.21507	746.337	765.591
9.22701	745.948	765.219
9.23894	745.558	764.846
9.25088	745.168	764.473
9.26282	744.778	764.099
9.27475	744.388	763.725
9.28669	743.997	763.35
9.29863	743.606	762.975
9.31056	743.215	762.6
9.3225	742.824	762.224
9.33444	742.432	761.848
9.34637	742.04	761.471
9.35831	741.648	761.095
9.37025	741.256	760.717
9.38218	740.863	760.34
9.39412	740.47	759.962
9.40606	740.077	759.583
9.41799	739.683	759.204
9.42993	739.29	758.825
9.44187	738.896	758.446
9.4538	738.502	758.066
9.46574	738.107	757.686
9.47768	737.713	757.305
9.48961	737.318	756.924
9.50155	736.923	756.543
9.51349	736.527	756.161
9.52542	736.132	755.779
9.53736	735.736	755.397
9.5493	735.34	755.015
9.56123	734.944	754.632
9.57317	734.548	754.248
9.58511	734.151	753.865
9.59704	733.754	753.481
9.60898	733.357	753.096
9.62092	732.96	752.712
9.63285	732.563	752.327
9.64479	732.165	751.941
9.65673	731.768	751.556
9.66866	731.37	751.17
9.6806	730.971	750.784
9.69254	730.573	750.397
9.70447	730.175	750.01
9.71641	729.776	749.623
9.72835	729.377	749.236
9.74028	728.978	748.848
9.75222	728.579	748.46
9.76416	728.179	748.072
9.77609	727.78	747.683
9.78803	727.38	747.294
9.79997	726.98	746.905
9.8119	726.58	746.515
9.82384	726.179	746.126
9.83578	725.779	745.736
9.84771	725.378	745.345
9.85965	724.978	744.955
9.87159	724.577	744.564
9.88352	724.176	744.173
9.89546	723.774	743.781
9.9074	723.373	743.39
9.91933	722.971	742.998
9.93127	722.57	742.605
9.94321	722.168	742.213
9.95514	721.766	741.82
9.96708	721.364	741.427
9.97901	720.962	741.034
9.99095	720.559	740.641
10.0029	720.157	740.247
10.0148	719.754	739.853
10.0268	719.351	739.459
10.0387	718.948	739.064
10.0506	718.545	738.67
10.0626	718.142	738.275
10.0745	717.739	737.88
10.0864	717.335	737.484
10.0984	716.932	737.089
10.1103	716.528	736.693
10.1223	716.125	736.297
10.1342	715.721	735.901
10.1461	715.317	735.504
10.1581	714.913	735.108
10.17	714.508	734.711
10.1819	714.104	734.314
10.1939	713.7	733.916
10.2058	713.295	733.519
10.2177	712.891	733.121
10.2297	712.486	732.723
10.2416	712.081	732.325
10.2536	711.676	731.927
10.2655	711.271	731.528
10.2774	710.866	731.13
10.2894	710.461	730.731
10.3013	710.056	730.332
10.3132	709.65	729.932
10.3252	709.245	729.533
10.3371	708.839	729.133
10.3491	708.434	728.734
10.361	708.028	728.334
10.3729	707.622	727.934
10.3849	707.217	727.533
10.3968	706.811	727.133
10.4087	706.405	726.732
10.4207	705.999	726.331
10.4326	705.592	725.93
10.4445	705.186	725.529
10.4565	704.78	725.128
10.4684	704.374	724.726
10.4804	703.967	724.325
10.4923	703.561	723.923
10.5042	703.154	723.521
10.5162	702.748	723.119
10.5281	702.341	722.717
10.54	701.935	722.315
10.552	701.528	721.912
10.5639	701.121	721.509
10.5758	700.714	721.107
10.5878	700.307	720.704
10.5997	699.9	720.301
10.6117	699.494	719.898
10.6236	699.087	719.494
10.6355	698.679	719.091
10.6475	698.272	718.687
10.6594	697.865	718.284
10.6713	697.458	717.88
10.6833	697.051	717.476
10.6952	696.644	717.072
10.7071	696.236	716.668
10.7191	695.829	716.264
10.731	695.422	715.859
10.743	695.014	715.455
10.7549	694.607	715.05
10.7668	694.199	714.645
10.7788	693.792	714.241
10.7907	693.385	713.836
10.8026	692.977	713.431
10.8146	692.57	713.026
10.8265	692.162	712.62
10.8385	691.754	712.215
10.8504	691.347	711.81
10.8623	690.939	711.404
10.8743	690.532	710.999
10.8862	690.124	710.593
10.8981	689.716	710.187
10.9101	689.309	709.781
10.922	688.901	709.375
10.9339	688.493	708.969
10.9459	688.086	708.563
10.9578	687.678	708.157
10.9698	687.27	707.751
10.9817	686.863	707.345
10.9936	686.455	706.938
11.0056	686.047	706.532
11.0175	685.639	706.125
11.0294	685.232	705.719
11.0414	684.824	705.312
11.0533	684.416	704.905
11.0652	684.009	704.499
11.0772	683.601	704.092
11.0891	683.193	703.685
11.1011	682.786	703.278
11.113	682.378	702.871
11.1249	681.97	702.464
11.1369	681.563	702.057
11.1488	681.155	701.649
11.1607	680.747	701.242
11.1727	680.34	700.835
11.1846	679.932	700.428
11.1966	679.524	700.02
11.2085	679.117	699.613
11.2204	678.709	699.205
11.2324	678.302	698.798
11.2443	677.894	698.39
11.2562	677.487	697.983
11.2682	677.079	697.575
11.2801	676.672	697.167
11.292	676.264	696.76
11.304	675.857	696.352
11.3159	675.449	695.944
11.3279	675.042	695.537
11.3398	674.635	695.129
11.3517	674.227	694.721
11.3637	673.82	694.313
11.3756	673.413	693.905
11.3875	673.006	693.497
11.3995	672.598	693.089
11.4114	672.191	692.681
11.4233	671.784	692.273
11.4353	671.377	691.865
11.4472	670.97	691.457
11.4592	670.563	691.049
11.4711	670.156	690.641
11.483	669.749	690.233
11.495	669.342	689.825
11.5069	668.935	689.417
11.5188	668.528	689.009
11.5308	668.122	688.601
11.5427	667.715	688.193
11.5546	667.308	687.785
11.5666	666.901	687.377
11.5785	666.495	686.969
11.5905	666.088	686.561
11.6024	665.682	686.152
11.6143	665.275	685.744
11.6263	664.869	685.336
11.6382	664.462	684.928
11.6501	664.056	684.52
11.6621	663.649	684.112
11.674	663.243	683.704
11.686	662.837	683.296
11.6979	662.431	682.888
11.7098	662.025	682.48
11.7218	661.619	682.072
11.7337	661.213	681.664
11.7456	660.807	681.256
11.7576	660.401	680.848
11.7695	659.995	680.44
11.7814	659.589	680.032
11.7934	659.183	679.624
11.8053	658.777	679.216
11.8173	658.372	678.808
11.8292	657.966	678.4
11.8411	657.561	677.992
11.8531	657.155	677.584
11.865	656.75	677.176
11.8769	656.344	676.769
11.8889	655.939	676.361
11.9008	655.534	675.953
11.9127	655.129	675.545
11.9247	654.723	675.138
11.9366	654.318	674.73
11.9486	653.913	674.322
11.9605	653.508	673.915
11.9724	653.103	673.507
11.9844	652.699	673.1
11.9963	652.294	672.692
12.0082	651.889	672.285
12.0202	651.485	671.877
12.0321	651.08	671.47
12.0441	650.675	671.062
12.056	650.271	670.655
12.0679	649.867	670.248
12.0799	649.462	669.84
12.0918	649.058	669.433
12.1037	648.654	669.026
12.1157	648.25	668.619
12.1276	647.846	668.212
12.1395	647.442	667.805
12.1515	647.038	667.398
12.1634	646.634	666.991
12.1754	646.23	666.584
12.1873	645.826	666.177
12.1992	645.423	665.77
12.2112	645.019	665.363
12.2231	644.616	664.956
12.235	644.212	664.55
12.247	643.809	664.143
12.2589	643.406	663.737
12.2708	643.002	663.33
12.2828	642.599	662.923
12.2947	642.196	662.517
12.3067	641.793	662.111
12.3186	641.39	661.704
12.3305	640.987	661.298
12.3425	640.585	660.892
12.3544	640.182	660.486
12.3663	639.779	660.079
12.3783	639.377	659.673
12.3902	638.974	659.267
12.4021	638.572	658.861
12.4141	638.169	658.456
12.426	637.767	658.05
12.438	637.365	657.644
12.4499	636.963	657.238
12.4618	636.561	656.832
12.4738	636.159	656.427
12.4857	635.757	656.021
12.4976	635.355	655.616
12.5096	634.953	655.21
12.5215	634.552	654.805
12.5335	634.15	654.4
12.5454	633.749	653.995
12.5573	633.347	653.589
12.5693	632.946	653.184
12.5812	632.544	652.779
12.5931	632.143	652.374
12.6051	631.742	651.969
12.617	631.341	651.564
12.6289	630.94	651.16
12.6409	630.539	650.755
12.6528	630.138	650.35
12.6648	629.738	649.946
12.6767	629.337	649.541
12.6886	628.936	649.137
12.7006	628.536	648.732
12.7125	628.136	648.328
12.7244	627.735	647.924
12.7364	627.335	647.52
12.7483	626.935	647.116
12.7602	626.535	646.711
12.7722	626.135	646.308
12.7841	625.735	645.904
12.7961	625.335	645.5
12.808	624.935	645.096
12.8199	624.535	644.692
12.8319	624.136	644.289
12.8438	623.736	643.885
12.8557	623.337	643.482
12.8677	622.937	643.078
12.8796	622.538	642.675
12.8916	622.139	642.272
12.9035	621.74	641.869
12.9154	621.341	641.466
12.9274	620.942	641.063
12.9393	620.543	640.66
12.9512	620.144	640.257
12.9632	619.745	639.854
12.9751	619.347	639.451
12.987	618.948	639.049
12.999	618.55	638.646
13.0109	618.151	638.244
13.0229	617.753	637.841
13.0348	617.355	637.439
13.0467	616.956	637.037
13.0587	616.558	636.634
13.0706	616.16	636.232
13.0825	615.762	635.83
13.0945	615.365	635.428
13.1064	614.967	635.026
13.1183	614.569	634.625
13.1303	614.172	634.223
13.1422	613.774	633.821
13.1542	613.377	633.42
13.1661	612.979	633.018
13.178	612.582	632.617
13.19	612.185	632.216
13.2019	611.788	631.814
13.2138	611.391	631.413
13.2258	610.994	631.012
13.2377	610.597	630.611
13.2496	610.2	630.21
13.2616	609.803	629.809
13.2735	609.407	629.409
13.2855	609.01	629.008
13.2974	608.614	628.607
13.3093	608.218	628.207
13.3213	607.821	627.806
13.3332	607.425	627.406
13.3451	607.029	627.006
13.3571	606.633	626.606
13.369	606.237	626.206
13.381	605.841	625.805
13.3929	605.445	625.406
13.4048	605.05	625.006
13.4168	604.654	624.606
13.4287	604.258	624.206
13.4406	603.863	623.807
13.4526	603.468	623.407
13.4645	603.072	623.008
13.4764	602.677	622.608
13.4884	602.282	622.209
13.5003	601.887	621.81
13.5123	601.492	621.411
13.5242	601.097	621.012
13.5361	600.702	620.613
13.5481	600.307	620.214
13.56	599.913	619.815
13.5719	599.518	619.416
13.5839	599.124	619.018
13.5958	598.729	618.619
13.6077	598.335	618.221
13.6197	597.941	617.822
13.6316	597.547	617.424
13.6436	597.153	617.026
13.6555	596.759	616.628
13.6674	596.365	616.229
13.6794	595.971	615.832
13.6913	595.577	615.434
13.7032	595.183	615.036
13.7152	594.79	614.638
13.7271	594.396	614.24
13.7391	594.003	613.843
13.751	593.61	613.445
13.7629	593.216	613.048
13.7749	592.823	612.651
13.7868	592.43	612.254
13.7987	592.037	611.856
13.8107	591.644	611.459
13.8226	591.251	611.062
13.8345	590.858	610.665
13.8465	590.466	610.269
13.8584	590.073	609.872
13.8704	589.68	609.475
13.8823	589.288	609.079
13.8942	588.896	608.682
13.9062	588.503	608.286
13.9181	588.111	607.89
13.93	587.719	607.493
13.942	587.327	607.097
13.9539	586.935	606.701
13.9658	586.543	606.305
13.9778	586.151	605.909
13.9897	585.76	605.513
14.0017	585.368	605.118
14.0136	584.976	604.722
14.0255	584.585	604.327
14.0375	584.193	603.931
14.0494	583.802	603.536
14.0613	583.411	603.14
14.0733	583.02	602.745
14.0852	582.629	602.35
14.0971	582.238	601.955
14.1091	581.847	601.56
14.121	581.456	601.165
14.133	581.065	600.77
14.1449	580.674	600.375
14.1568	580.284	599.981
14.1688	579.893	599.586
14.1807	579.503	599.192
14.1926	579.112	598.797
14.2046	578.722	598.403
14.2165	578.332	598.009
14.2285	577.942	597.615
14.2404	577.552	597.22
14.2523	577.162	596.826
14.2643	576.772	596.433
14.2762	576.382	596.039
14.2881	575.992	595.645
14.3001	575.603	595.251
14.312	575.213	594.858
14.3239	574.824	594.464
14.3359	574.434	594.071
14.3478	574.045	593.677
14.3598	573.656	593.284
14.3717	573.266	592.891
14.3836	572.877	592.498
14.3956	572.488	592.105
14.4075	572.099	591.712
14.4194	571.711	591.319
14.4314	571.322	590.926
14.4433	570.933	590.534
14.4552	570.544	590.141
14.4672	570.156	589.748
14.4791	569.768	589.356
14.4911	569.379	588.964
14.503	568.991	588.571
14.5149	568.603	588.179
14.5269	568.215	587.787
14.5388	567.826	587.395
14.5507	567.439	587.003
14.5627	567.051	586.611
14.5746	566.663	586.219
14.5866	566.275	585.828
14.5985	565.887	585.436
14.6104	565.5	585.044
14.6224	565.112	584.653
14.6343	564.725	584.262
14.6462	564.338	583.87
14.6582	563.95	583.479
14.6701	563.563	583.088
14.682	563.176	582.697
14.694	562.789	582.306
14.7059	562.402	581.915
14.7179	562.015	581.524
14.7298	561.629	581.133
14.7417	561.242	580.743
14.7537	560.855	580.352
14.7656	560.469	579.962
14.7775	560.082	579.571
14.7895	559.696	579.181
14.8014	559.31	578.79
14.8133	558.924	578.4
14.8253	558.538	578.01
14.8372	558.151	577.62
14.8492	557.766	577.23
14.8611	557.38	576.84
14.873	556.994	576.451
14.885	556.608	576.061
14.8969	556.223	575.671
14.9088	555.837	575.282
14.9208	555.452	574.892
14.9327	555.066	574.503
14.9446	554.681	574.114
14.9566	554.296	573.724
14.9685	553.911	573.335
14.9805	553.526	572.946
14.9924	553.141	572.557
15.0043	552.756	572.168
15.0163	552.371	571.779
15.0282	551.986	571.391
15.0401	551.602	571.002
15.0521	551.217	570.613
15.064	550.833	570.225
15.076	550.448	569.836
15.0879	550.064	569.448
15.0998	549.68	569.06
15.1118	549.296	568.672
15.1237	548.912	568.284
15.1356	548.528	567.896
15.1476	548.144	567.508
15.1595	547.76	567.12
15.1714	547.376	566.732
15.1834	546.993	566.344
15.1953	546.609	565.957
15.2073	546.226	565.569
15.2192	545.842	565.182
15.2311	545.459	564.794
15.2431	545.076	564.407
15.255	544.693	564.02
15.2669	544.31	563.633
15.2789	543.927	563.246
15.2908	543.544	562.859
15.3027	543.161	562.472
15.3147	542.779	562.085
15.3266	542.396	561.698
15.3386	542.014	561.312
15.3505	541.631	560.925
15.3624	541.249	560.538
15.3744	540.867	560.152
15.3863	540.484	559.766
15.3982	540.102	559.379
15.4102	539.72	558.993
15.4221	539.338	558.607
15.4341	538.957	558.221
15.446	538.575	557.835
15.4579	538.193	557.449
15.4699	537.812	557.064
15.4818	537.43	556.678
15.4937	537.049	556.292
15.5057	536.668	555.907
15.5176	536.287	555.522
15.5295	535.906	555.136
15.5415	535.525	554.751
15.5534	535.144	554.366
15.5654	534.763	553.981
15.5773	534.382	553.596
15.5892	534.002	553.211
15.6012	533.621	552.826
15.6131	533.241	552.441
15.625	532.86	552.056
15.637	532.48	551.672
15.6489	532.1	551.287
15.6608	531.72	550.903
15.6728	531.34	550.518
15.6847	530.96	550.134
15.6967	530.58	549.75
15.7086	530.201	549.366
15.7205	529.821	548.982
15.7325	529.441	548.598
15.7444	529.062	548.214
15.7563	528.683	547.83
15.7683	528.304	547.447
15.7802	527.924	547.063
15.7921	527.545	546.68
15.8041	527.166	546.296
15.816	526.788	545.913
15.828	526.409	545.53
15.8399	526.03	545.146
15.8518	525.652	544.763
15.8638	525.273	544.38
15.8757	524.895	543.997
15.8876	524.517	543.615
15.8996	524.139	543.232
15.9115	523.761	542.849
15.9235	523.383	542.467
15.9354	523.005	542.084
15.9473	522.627	541.702
15.9593	522.249	541.319
15.9712	521.872	540.937
15.9831	521.494	540.555
15.9951	521.117	540.173
16.007	520.74	539.791
16.0189	520.363	539.409
16.0309	519.986	539.027
16.0428	519.609	538.646
16.0548	519.232	538.264
16.0667	518.855	537.883
16.0786	518.479	537.501
16.0906	518.102	537.12
16.1025	517.726	536.739
16.1144	517.349	536.357
16.1264	516.973	535.976
16.1383	516.597	535.595
16.1502	516.221	535.214
16.1622	515.845	534.834
16.1741	515.47	534.453
16.1861	515.094	534.072
16.198	514.718	533.692
16.2099	514.343	533.311
16.2219	513.968	532.931
16.2338	513.592	532.551
16.2457	513.217	532.171
16.2577	512.842	531.791
16.2696	512.467	531.411
16.2816	512.093	531.031
16.2935	511.718	530.651
16.3054	511.343	530.271
16.3174	510.969	529.892
16.3293	510.595	529.512
16.3412	510.22	529.133
16.3532	509.846	528.753
16.3651	509.472	528.374
16.377	509.099	527.995
16.389	508.725	527.616
16.4009	508.351	527.237
16.4129	507.978	526.858
16.4248	507.604	526.48
16.4367	507.231	526.101
16.4487	506.858	525.722
16.4606	506.485	525.344
16.4725	506.112	524.966
16.4845	505.739	524.587
16.4964	505.366	524.209
16.5083	504.994	523.831
16.5203	504.621	523.453
16.5322	504.249	523.075
16.5442	503.877	522.698
16.5561	503.505	522.32
16.568	503.133	521.942
16.58	502.761	521.565
16.5919	502.389	521.188
16.6038	502.017	520.81
16.6158	501.646	520.433
16.6277	501.275	520.056
16.6396	500.903	519.679
16.6516	500.532	519.303
16.6635	500.161	518.926
16.6755	499.79	518.549
16.6874	499.42	518.173
16.6993	499.049	517.796
16.7113	498.679	517.42
16.7232	498.308	517.044
16.7351	497.938	516.668
16.7471	497.568	516.292
16.759	497.198	515.916
16.771	496.828	515.54
16.7829	496.459	515.164
16.7948	496.089	514.789
16.8068	495.72	514.413
16.8187	495.35	514.038
16.8306	494.981	513.663
16.8426	494.612	513.288
16.8545	494.243	512.912
16.8664	493.875	512.538
16.8784	493.506	512.163
16.8903	493.138	511.788
16.9023	492.769	511.413
16.9142	492.401	511.039
16.9261	492.033	510.665
16.9381	491.665	510.29
16.95	491.297	509.916
16.9619	490.93	509.542
16.9739	490.562	509.168
16.9858	490.195	508.795
16.9977	489.828	508.421
17.0097	489.461	508.047
17.0216	489.094	507.674
17.0336	488.727	507.301
17.0455	488.36	506.927
17.0574	487.994	506.554
17.0694	487.627	506.181
17.0813	487.261	505.808
17.0932	486.895	505.436
17.1052	486.529	505.063
17.1171	486.164	504.691
17.1291	485.798	504.318
17.141	485.433	503.946
17.1529	485.067	503.574
17.1649	484.702	503.202
17.1768	484.337	502.83
17.1887	483.972	502.458
17.2007	483.608	502.087
17.2126	483.243	501.715
17.2245	482.879	501.344
17.2365	482.514	500.972
17.2484	482.15	500.601
17.2604	481.786	500.23
17.2723	481.423	499.859
17.2842	481.059	499.489
17.2962	480.696	499.118
17.3081	480.332	498.747
17.32	479.969	498.377
17.332	479.606	498.007
17.3439	479.244	497.637
17.3558	478.881	497.267
17.3678	478.518	496.897
17.3797	478.156	496.527
17.3917	477.794	496.157
17.4036	477.432	495.788
17.4155	477.07	495.419
17.4275	476.708	495.049
17.4394	476.347	494.68
17.4513	475.986	494.311
17.4633	475.625	493.943
17.4752	475.264	493.574
17.4871	474.903	493.205
17.4991	474.542	492.837
17.511	474.182	492.469
17.523	473.821	492.101
17.5349	473.461	491.733
17.5468	473.101	491.365
17.5588	472.742	490.997
17.5707	472.382	490.63
17.5826	472.023	490.262
17.5946	471.663	489.895
17.6065	471.304	489.528
17.6185	470.945	489.161
17.6304	470.587	488.794
17.6423	470.228	488.427
17.6543	469.87	488.061
17.6662	469.512	487.694
17.6781	469.154	487.328
17.6901	468.796	486.962
17.702	468.438	486.596
17.7139	468.081	486.23
17.7259	467.723	485.864
17.7378	467.366	485.499
17.7498	467.009	485.133
17.7617	466.653	484.768
17.7736	466.296	484.403
17.7856	465.94	484.038
17.7975	465.584	483.673
17.8094	465.228	483.309
17.8214	464.872	482.944
17.8333	464.517	482.58
17.8452	464.161	482.216
17.8572	463.806	481.852
17.8691	463.451	481.488
17.8811	463.096	481.124
17.893	462.742	480.761
17.9049	462.387	480.397
17.9169	462.033	480.034
17.9288	461.679	479.671
17.9407	461.325	479.308
17.9527	460.971	478.946
17.9646	460.618	478.583
17.9766	460.265	478.221
17.9885	459.912	477.858
18.0004	459.559	477.496
18.0124	459.206	477.134
18.0243	458.854	476.773
18.0362	458.501	476.411
18.0482	458.149	476.05
18.0601	457.797	475.688
18.072	457.445	475.327
18.084	457.093	474.966
18.0959	456.742	474.605
18.1079	456.39	474.245
18.1198	456.039	473.884
18.1317	455.688	473.524
18.1437	455.337	473.164
18.1556	454.986	472.804
18.1675	454.635	472.444
18.1795	454.284	472.085
18.1914	453.933	471.725
18.2033	453.582	471.366
18.2153	453.231	471.007
18.2272	452.88	470.648
18.2392	452.529	470.289
18.2511	452.178	469.931
18.263	451.827	469.572
18.275	451.475	469.214
18.2869	451.124	468.856
18.2988	450.772	468.498
18.3108	450.42	468.14
18.3227	450.067	467.782
18.3346	449.714	467.424
18.3466	449.361	467.067
18.3585	449.008	466.709
18.3705	448.653	466.352
18.3824	448.299	465.995
18.3943	447.944	465.638
18.4063	447.588	465.281
18.4182	447.231	464.924
18.4301	446.874	464.567
18.4421	446.516	464.211
18.454	446.157	463.854
18.466	445.798	463.498
18.4779	445.437	463.141
18.4898	445.076	462.785
18.5018	444.714	462.428
18.5137	444.351	462.072
18.5256	443.987	461.716
18.5376	443.622	461.359
18.5495	443.256	461.003
18.5614	442.889	460.647
18.5734	442.521	460.29
18.5853	442.152	459.934
18.5973	441.782	459.577
18.6092	441.412	459.221
18.6211	441.04	458.864
18.6331	440.667	458.508
18.645	440.293	458.151
18.6569	439.919	457.794
18.6689	439.543	457.437
18.6808	439.167	457.08
18.6927	438.789	456.723
18.7047	438.411	456.366
18.7166	438.033	456.008
18.7286	437.653	455.651
18.7405	437.273	455.293
18.7524	436.892	454.935
18.7644	436.51	454.577
18.7763	436.128	454.219
18.7882	435.745	453.86
18.8002	435.362	453.502
18.8121	434.978	453.143
18.8241	434.593	452.784
18.836	434.208	452.425
18.8479	433.822	452.065
18.8599	433.436	451.705
18.8718	433.05	451.346
18.8837	432.663	450.985
18.8957	432.275	450.625
18.9076	431.888	450.264
18.9195	431.499	449.904
18.9315	431.111	449.542
18.9434	430.721	449.181
18.9554	430.332	448.819
18.9673	429.942	448.458
18.9792	429.551	448.095
18.9912	429.16	447.733
19.0031	428.768	447.37
19.015	428.376	447.007
19.027	427.984	446.644
19.0389	427.591	446.28
19.0508	427.197	445.916
19.0628	426.803	445.552
19.0747	426.408	445.187
19.0867	426.012	444.822
19.0986	425.616	444.457
19.1105	425.22	444.092
19.1225	424.823	443.726
19.1344	424.425	443.359
19.1463	424.026	442.993
19.1583	423.627	442.626
19.1702	423.227	442.258
19.1821	422.826	441.891
19.1941	422.425	441.523
19.206	422.023	441.154
19.218	421.62	440.785
19.2299	421.217	440.416
19.2418	420.812	440.046
19.2538	420.407	439.676
19.2657	420.001	439.305
19.2776	419.595	438.934
19.2896	419.187	438.563
19.3015	418.779	438.191
19.3135	418.37	437.819
19.3254	417.96	437.446
19.3373	417.55	437.073
19.3493	417.138	436.699
19.3612	416.726	436.325
19.3731	416.313	435.95
19.3851	415.899	435.575
19.397	415.484	435.199
19.4089	415.069	434.823
19.4209	414.653	434.446
19.4328	414.235	434.069
19.4448	413.817	433.691
19.4567	413.399	433.313
19.4686	412.979	432.934
19.4806	412.558	432.554
19.4925	412.137	432.174
19.5044	411.715	431.794
19.5164	411.292	431.413
19.5283	410.868	431.031
19.5402	410.443	430.648
19.5522	410.017	430.266
19.5641	409.591	429.882
19.5761	409.164	429.498
19.588	408.736	429.113
19.5999	408.307	428.728
19.6119	407.877	428.342
19.6238	407.446	427.955
19.6357	407.015	427.568
19.6477	406.582	427.18
19.6596	406.149	426.791
19.6716	405.715	426.402
19.6835	405.28	426.012
19.6954	404.845	425.622
19.7074	404.408	425.231
19.7193	403.971	424.839
19.7312	403.533	424.446
19.7432	403.094	424.053
19.7551	402.654	423.659
19.767	402.213	423.264
19.779	401.772	422.869
19.7909	401.33	422.472
19.8029	400.887	422.076
19.8148	400.443	421.678
19.8267	399.999	421.28
19.8387	399.553	420.881
19.8506	399.107	420.481
19.8625	398.66	420.08
19.8745	398.212	419.679
19.8864	397.764	419.277
19.8983	397.315	418.874
19.9103	396.865	418.471
19.9222	396.414	418.067
19.9342	395.963	417.661
19.9461	395.51	417.256
19.958	395.057	416.849
19.97	394.604	416.442
19.9819	394.149	416.033
19.9938	393.694	415.624
20.0058	393.239	415.215
20.0177	392.782	414.804
20.0296	392.325	414.393
20.0416	391.867	413.981
20.0535	391.409	413.568
20.0655	390.95	413.154
20.0774	390.49	412.739
20.0893	390.029	412.324
20.1013	389.568	411.908
20.1132	389.107	411.491
20.1251	388.644	411.073
20.1371	388.181	410.654
20.149	387.718	410.235
20.161	387.254	409.815
20.1729	386.789	409.394
20.1848	386.324	408.972
20.1968	385.858	408.549
20.2087	385.392	408.125
20.2206	384.925	407.701
20.2326	384.458	407.276
20.2445	383.99	406.85
20.2564	383.522	406.423
20.2684	383.053	405.995
20.2803	382.583	405.567
20.2923	382.114	405.138
20.3042	381.644	404.707
20.3161	381.173	404.277
20.3281	380.702	403.845
20.34	380.23	403.412
20.3519	379.759	402.979
20.3639	379.286	402.545
20.3758	378.814	402.11
20.3877	378.341	401.674
20.3997	377.868	401.237
20.4116	377.394	400.8
20.4236	376.92	400.362
20.4355	376.446	399.923
20.4474	375.972	399.483
20.4594	375.497	399.042
20.4713	375.022	398.601
20.4832	374.547	398.159
20.4952	374.072	397.716
20.5071	373.596	397.272
20.5191	373.12	396.827
20.531	372.645	396.382
20.5429	372.169	395.936
20.5549	371.692	395.489
20.5668	371.216	395.042
20.5787	370.74	394.593
20.5907	370.263	394.144
20.6026	369.787	393.695
20.6145	369.31	393.244
20.6265	368.834	392.793
20.6384	368.357	392.341
20.6504	367.88	391.888
20.6623	367.404	391.435
20.6742	366.927	390.981
20.6862	366.451	390.526
20.6981	365.974	390.071
20.71	365.498	389.615
20.722	365.022	389.158
20.7339	364.546	388.7
20.7458	364.07	388.242
20.7578	363.594	387.784
20.7697	363.119	387.324
20.7817	362.644	386.864
20.7936	362.169	386.404
20.8055	361.694	385.942
20.8175	361.219	385.481
20.8294	360.745	385.018
20.8413	360.271	384.555
20.8533	359.798	384.092
20.8652	359.324	383.627
20.8771	358.852	383.163
20.8891	358.379	382.698
20.901	357.907	382.232
20.913	357.435	381.766
20.9249	356.964	381.299
20.9368	356.494	380.832
20.9488	356.023	380.364
20.9607	355.554	379.896
20.9726	355.085	379.427
20.9846	354.616	378.958
20.9965	354.148	378.489
21.0085	353.681	378.019
21.0204	353.214	377.549
21.0323	352.748	377.078
21.0443	352.282	376.607
21.0562	351.818	376.135
21.0681	351.353	375.664
21.0801	350.89	375.192
21.092	350.428	374.719
21.1039	349.966	374.246
21.1159	349.505	373.773
21.1278	349.045	373.3
21.1398	348.585	372.826
21.1517	348.127	372.353
21.1636	347.669	371.879
21.1756	347.212	371.404
21.1875	346.756	370.93
21.1994	346.302	370.455
21.2114	345.848	369.98
21.2233	345.395	369.505
21.2352	344.943	369.03
21.2472	344.492	368.555
21.2591	344.042	368.08
21.2711	343.593	367.604
21.283	343.146	367.129
21.2949	342.699	366.653
21.3069	342.254	366.178
21.3188	341.809	365.702
21.3307	341.366	365.227
21.3427	340.924	364.751
21.3546	340.484	364.276
21.3666	340.044	363.8
21.3785	339.606	363.325
21.3904	339.169	362.85
21.4024	338.733	362.375
21.4143	338.299	361.9
21.4262	337.866	361.425
21.4382	337.435	360.95
21.4501	337.005	360.476
21.462	336.576	360.001
21.474	336.148	359.527
21.4859	335.723	359.053
21.4979	335.298	358.58
21.5098	334.875	358.107
21.5217	334.454	357.634
21.5337	334.034	357.161
21.5456	333.616	356.689
21.5575	333.199	356.217
21.5695	332.784	355.745
21.5814	332.37	355.274
21.5933	331.958	354.804
21.6053	331.548	354.334
21.6172	331.139	353.864
21.6292	330.732	353.395
21.6411	330.327	352.926
21.653	329.923	352.458
21.665	329.521	351.99
21.6769	329.121	351.523
21.6888	328.723	351.057
21.7008	328.327	350.591
21.7127	327.932	350.126
21.7246	327.539	349.661
21.7366	327.148	349.197
21.7485	326.759	348.734
21.7605	326.372	348.272
21.7724	325.986	347.81
21.7843	325.603	347.349
21.7963	325.221	346.889
21.8082	324.842	346.43
21.8201	324.464	345.972
21.8321	324.089	345.514
21.844	323.715	345.058
21.856	323.343	344.602
21.8679	322.974	344.147
21.8798	322.606	343.693
21.8918	322.241	343.24
21.9037	321.877	342.788
21.9156	321.516	342.338
21.9276	321.157	341.888
21.9395	320.8	341.439
21.9514	320.445	340.991
21.9634	320.092	340.545
21.9753	319.741	340.099
21.9873	319.393	339.655
21.9992	319.046	339.212
22.0111	318.702	338.77
22.0231	318.36	338.329
22.035	318.02	337.89
22.0469	317.683	337.452
22.0589	317.348	337.015
22.0708	317.015	336.579
22.0827	316.684	336.145
22.0947	316.355	335.712
22.1066	316.029	335.28
22.1186	315.705	334.85
22.1305	315.384	334.421
22.1424	315.065	333.994
22.1544	314.748	333.568
22.1663	314.433	333.143
22.1782	314.121	332.72
22.1902	313.811	332.299
22.2021	313.503	331.879
22.2141	313.198	331.461
22.226	312.895	331.044
22.2379	312.595	330.629
22.2499	312.297	330.215
22.2618	312.001	329.804
22.2737	311.708	329.393
22.2857	311.417	328.985
22.2976	311.129	328.578
22.3095	310.843	328.173
22.3215	310.56	327.769
22.3334	310.279	327.368
22.3454	310	326.968
22.3573	309.724	326.57
22.3692	309.45	326.174
22.3812	309.179	325.779
22.3931	308.91	325.387
22.405	308.644	324.996
22.417	308.38	324.607
22.4289	308.118	324.221
22.4408	307.859	323.836
22.4528	307.603	323.453
22.4647	307.349	323.072
22.4767	307.097	322.693
22.4886	306.848	322.316
22.5005	306.602	321.941
22.5125	306.358	321.568
22.5244	306.116	321.197
22.5363	305.877	320.828
22.5483	305.641	320.461
22.5602	305.406	320.097
22.5721	305.175	319.734
22.5841	304.946	319.374
22.596	304.719	319.015
22.608	304.495	318.659
22.6199	304.273	318.305
22.6318	304.054	317.954
22.6438	303.837	317.604
22.6557	303.623	317.257
22.6676	303.411	316.912
22.6796	303.201	316.569
22.6915	302.994	316.228
22.7035	302.79	315.89
22.7154	302.588	315.554
22.7273	302.388	315.221
22.7393	302.191	314.889
22.7512	301.997	314.56
22.7631	301.804	314.234
22.7751	301.615	313.909
22.787	301.427	313.587
22.7989	301.242	313.268
22.8109	301.06	312.951
22.8228	300.879	312.636
22.8348	300.702	312.323
22.8467	300.526	312.013
22.8586	300.353	311.706
22.8706	300.183	311.401
22.8825	300.014	311.098
22.8944	299.849	310.798
22.9064	299.685	310.5
22.9183	299.524	310.205
22.9302	299.365	309.912
22.9422	299.208	309.622
22.9541	299.054	309.334
22.9661	298.902	309.049
22.978	298.752	308.766
22.9899	298.605	308.486
23.0019	298.46	308.209
23.0138	298.317	307.933
23.0257	298.177	307.661
23.0377	298.038	307.391
23.0496	297.902	307.123
23.0616	297.768	306.858
23.0735	297.636	306.596
23.0854	297.507	306.336
23.0974	297.379	306.079
23.1093	297.254	305.824
23.1212	297.131	305.572
23.1332	297.01	305.322
23.1451	296.892	305.075
23.157	296.775	304.831
23.169	296.66	304.589
23.1809	296.548	304.35
23.1929	296.437	304.113
23.2048	296.329	303.879
23.2167	296.223	303.648
23.2287	296.118	303.419
23.2406	296.016	303.193
23.2525	295.916	302.969
23.2645	295.817	302.748
23.2764	295.721	302.529
23.2883	295.627	302.314
23.3003	295.534	302.1
23.3122	295.444	301.89
23.3242	295.355	301.681
23.3361	295.268	301.476
23.348	295.183	301.273
23.36	295.1	301.072
23.3719	295.019	300.874
23.3838	294.94	300.679
23.3958	294.862	300.486
23.4077	294.786	300.296
23.4196	294.712	300.109
23.4316	294.64	299.924
23.4435	294.569	299.741
23.4555	294.5	299.561
23.4674	294.433	299.384
23.4793	294.367	299.209
23.4913	294.304	299.036
23.5032	294.241	298.867
23.5151	294.181	298.699
23.5271	294.122	298.534
23.539	294.064	298.372
23.551	294.008	298.212
23.5629	293.954	298.055
23.5748	293.901	297.9
23.5868	293.85	297.748
23.5987	293.8	297.598
23.6106	293.752	297.451
23.6226	293.705	297.306
23.6345	293.66	297.163
23.6464	293.615	297.024
23.6584	293.573	296.886
23.6703	293.532	296.751
23.6823	293.492	296.619
23.6942	293.453	296.489
23.7061	293.416	296.361
23.7181	293.38	296.237
23.73	293.345	296.114
23.7419	293.311	295.995
23.7539	293.279	295.879
23.7658	293.248	295.766
23.7777	293.218	295.656
23.7897	293.189	295.552
23.8016	293.161	295.452
23.8136	293.134	295.36
23.8255	293.109	295.277
23.8374	293.084	295.205
23.8494	293.059	295.148
23.8613	293.036	295.11
23.8732	293	295.097
