0	785.01	785.022
0.0119366	784.994	785.006
0.0238732	784.947	784.959
0.0358099	784.87	784.881
0.0477465	784.764	784.774
0.0596831	784.63	784.64
0.0716197	784.472	784.48
0.0835563	784.291	784.298
0.095493	784.089	784.096
0.10743	783.87	783.876
0.119366	783.636	783.64
0.131303	783.388	783.392
0.143239	783.13	783.134
0.155176	782.863	782.866
0.167113	782.59	782.592
0.179049	782.31	782.312
0.190986	782.026	782.027
0.202923	781.738	781.739
0.214859	781.448	781.449
0.226796	781.155	781.156
0.238732	780.861	780.862
0.250669	780.566	780.566
0.262606	780.269	780.27
0.274542	779.972	779.972
0.286479	779.674	779.674
0.298416	779.375	779.375
0.310352	779.076	779.076
0.322289	778.776	778.776
0.334225	778.476	778.476
0.346162	778.175	778.175
0.358099	777.873	777.874
0.370035	777.572	777.572
0.381972	777.269	777.27
0.393908	776.967	776.967
0.405845	776.664	776.664
0.417782	776.36	776.36
0.429718	776.056	776.056
0.441655	775.752	775.752
0.453592	775.447	775.447
0.465528	775.141	775.142
0.477465	774.836	774.836
0.489401	774.53	774.53
0.501338	774.223	774.223
0.513275	773.916	773.916
0.525211	773.608	773.609
0.537148	773.3	773.301
0.549085	772.992	772.992
0.561021	772.683	772.683
0.572958	772.374	772.374
0.584894	772.064	772.065
0.596831	771.754	771.755
0.608768	771.444	771.444
0.620704	771.133	771.133
0.632641	770.822	770.822
0.644578	770.51	770.51
0.656514	770.198	770.198
0.668451	769.885	769.885
0.680387	769.572	769.572
0.692324	769.259	769.259
0.704261	768.945	768.945
0.716197	768.631	768.631
0.728134	768.316	768.316
0.74007	768.001	768.001
0.752007	767.686	767.686
0.763944	767.37	767.37
0.77588	767.053	767.054
0.787817	766.737	766.737
0.799754	766.42	766.42
0.81169	766.102	766.102
0.823627	765.784	765.784
0.835563	765.466	765.466
0.8475	765.147	765.147
0.859437	764.828	764.828
0.871373	764.508	764.509
0.88331	764.189	764.189
0.895247	763.868	763.868
0.907183	763.548	763.548
0.91912	763.226	763.227
0.931056	762.905	762.905
0.942993	762.583	762.583
0.95493	762.261	762.261
0.966866	761.938	761.938
0.978803	761.615	761.615
0.99074	761.292	761.292
1.00268	760.968	760.968
1.01461	760.644	760.644
1.02655	760.319	760.319
1.03849	759.994	759.994
1.05042	759.669	759.669
1.06236	759.343	759.343
1.0743	759.017	759.017
1.08623	758.691	758.691
1.09817	758.364	758.364
1.11011	758.037	758.037
1.12204	757.709	757.709
1.13398	757.381	757.381
1.14592	757.053	757.053
1.15785	756.724	756.724
1.16979	756.395	756.395
1.18173	756.065	756.066
1.19366	755.736	755.736
1.2056	755.406	755.406
1.21754	755.075	755.075
1.22947	754.744	754.744
1.24141	754.413	754.413
1.25335	754.081	754.081
1.26528	753.749	753.749
1.27722	753.417	753.417
1.28916	753.084	753.084
1.30109	752.751	752.751
1.31303	752.418	752.418
1.32496	752.084	752.084
1.3369	751.75	751.75
1.34884	751.416	751.416
1.36077	751.081	751.081
1.37271	750.746	750.746
1.38465	750.41	750.411
1.39658	750.075	750.075
1.40852	749.738	749.739
1.42046	749.402	749.402
1.43239	749.065	749.065
1.44433	748.728	748.728
1.45627	748.39	748.391
1.4682	748.053	748.053
1.48014	747.714	747.715
1.49208	747.376	747.376
1.50401	747.037	747.037
1.51595	746.698	746.698
1.52789	746.358	746.359
1.53982	746.019	746.019
1.55176	745.679	745.679
1.5637	745.338	745.338
1.57563	744.997	744.997
1.58757	744.656	744.656
1.59951	744.315	744.315
1.61144	743.973	743.973
1.62338	743.631	743.631
1.63532	743.288	743.289
1.64725	742.946	742.946
1.65919	742.603	742.603
1.67113	742.259	742.26
1.68306	741.916	741.916
1.695	741.572	741.572
1.70694	741.228	741.228
1.71887	740.883	740.883
1.73081	740.538	740.538
1.74275	740.193	740.193
1.75468	739.847	739.847
1.76662	739.502	739.502
1.77856	739.155	739.156
1.79049	738.809	738.809
1.80243	738.462	738.462
1.81437	738.115	738.115
1.8263	737.768	737.768
1.83824	737.42	737.421
1.85018	737.073	737.073
1.86211	736.724	736.724
1.87405	736.376	736.376
1.88599	736.027	736.027
1.89792	735.678	735.678
1.90986	735.329	735.329
1.9218	734.979	734.979
1.93373	734.629	734.629
1.94567	734.279	734.279
1.95761	733.929	733.929
1.96954	733.578	733.578
1.98148	733.227	733.227
1.99342	732.875	732.876
2.00535	732.524	732.524
2.01729	732.172	732.172
2.02923	731.82	731.82
2.04116	731.467	731.467
2.0531	731.115	731.115
2.06504	730.762	730.762
2.07697	730.408	730.409
2.08891	730.055	730.055
2.10085	729.701	729.701
2.11278	729.347	729.347
2.12472	728.993	728.993
2.13666	728.638	728.638
2.14859	728.283	728.284
2.16053	727.928	727.928
2.17246	727.573	727.573
2.1844	727.217	727.218
2.19634	726.862	726.862
2.20827	726.505	726.506
2.22021	726.149	726.149
2.23215	725.792	725.793
2.24408	725.436	725.436
2.25602	725.078	725.079
2.26796	724.721	724.721
2.27989	724.363	724.363
2.29183	724.006	724.006
2.30377	723.647	723.647
2.3157	723.289	723.289
2.32764	722.93	722.931
2.33958	722.572	722.572
2.35151	722.212	722.213
2.36345	721.853	721.853
2.37539	721.494	721.494
2.38732	721.134	721.134
2.39926	720.774	720.774
2.4112	720.413	720.413
2.42313	720.053	720.053
2.43507	719.692	719.692
2.44701	719.331	719.331
2.45894	718.97	718.97
2.47088	718.609	718.609
2.48282	718.247	718.247
2.49475	717.885	717.885
2.50669	717.523	717.523
2.51863	717.16	717.161
2.53056	716.798	716.798
2.5425	716.435	716.435
2.55444	716.072	716.072
2.56637	715.709	715.709
2.57831	715.345	715.346
2.59025	714.982	714.982
2.60218	714.618	714.618
2.61412	714.254	714.254
2.62606	713.89	713.89
2.63799	713.525	713.525
2.64993	713.16	713.16
2.66187	712.795	712.795
2.6738	712.43	712.43
2.68574	712.065	712.065
2.69768	711.699	711.699
2.70961	711.334	711.334
2.72155	710.968	710.968
2.73349	710.601	710.602
2.74542	710.235	710.235
2.75736	709.868	709.869
2.7693	709.502	709.502
2.78123	709.135	709.135
2.79317	708.768	708.768
2.80511	708.4	708.4
2.81704	708.033	708.033
2.82898	707.665	707.665
2.84092	707.297	707.297
2.85285	706.929	706.929
2.86479	706.561	706.561
2.87673	706.192	706.192
2.88866	705.823	705.823
2.9006	705.455	705.455
2.91254	705.085	705.086
2.92447	704.716	704.716
2.93641	704.347	704.347
2.94835	703.977	703.977
2.96028	703.607	703.608
2.97222	703.237	703.238
2.98416	702.867	702.867
2.99609	702.497	702.497
3.00803	702.127	702.127
3.01997	701.756	701.756
3.0319	701.385	701.385
3.04384	701.014	701.014
3.05577	700.643	700.643
3.06771	700.271	700.272
3.07965	699.9	699.9
3.09158	699.528	699.528
3.10352	699.156	699.156
3.11546	698.784	698.784
3.12739	698.412	698.412
3.13933	698.04	698.04
3.15127	697.667	697.667
3.1632	697.295	697.295
3.17514	696.922	696.922
3.18708	696.549	696.549
3.19901	696.176	696.176
3.21095	695.802	695.802
3.22289	695.429	695.429
3.23482	695.055	695.055
3.24676	694.681	694.681
3.2587	694.307	694.308
3.27063	693.933	693.933
3.28257	693.559	693.559
3.29451	693.185	693.185
3.30644	692.81	692.81
3.31838	692.436	692.436
3.33032	692.061	692.061
3.34225	691.686	691.686
3.35419	691.311	691.311
3.36613	690.935	690.935
3.37806	690.56	690.56
3.39	690.184	690.185
3.40194	689.809	689.809
3.41387	689.433	689.433
3.42581	689.057	689.057
3.43775	688.681	688.681
3.44968	688.305	688.305
3.46162	687.928	687.928
3.47356	687.552	687.552
3.48549	687.175	687.175
3.49743	686.798	686.798
3.50937	686.421	686.422
3.5213	686.044	686.044
3.53324	685.667	685.667
3.54518	685.29	685.29
3.55711	684.913	684.913
3.56905	684.535	684.535
3.58099	684.157	684.157
3.59292	683.78	683.78
3.60486	683.402	683.402
3.6168	683.024	683.024
3.62873	682.645	682.646
3.64067	682.267	682.267
3.65261	681.889	681.889
3.66454	681.51	681.51
3.67648	681.132	681.132
3.68842	680.753	680.753
3.70035	680.374	680.374
3.71229	679.995	679.995
3.72423	679.616	679.616
3.73616	679.237	679.237
3.7481	678.857	678.857
3.76004	678.478	678.478
3.77197	678.098	678.098
3.78391	677.719	677.719
3.79585	677.339	677.339
3.80778	676.959	676.959
3.81972	676.579	676.579
3.83166	676.199	676.199
3.84359	675.819	675.819
3.85553	675.439	675.439
3.86747	675.058	675.058
3.8794	674.678	674.678
3.89134	674.297	674.297
3.90327	673.916	673.916
3.91521	673.536	673.536
3.92715	673.155	673.155
3.93908	672.774	672.774
3.95102	672.393	672.393
3.96296	672.011	672.012
3.97489	671.63	671.63
3.98683	671.249	671.249
3.99877	670.867	670.867
4.0107	670.486	670.486
4.02264	670.104	670.104
4.03458	669.722	669.722
4.04651	669.341	669.341
4.05845	668.959	668.959
4.07039	668.577	668.577
4.08232	668.195	668.195
4.09426	667.812	667.812
4.1062	667.43	667.43
4.11813	667.048	667.048
4.13007	666.665	666.665
4.14201	666.283	666.283
4.15394	665.9	665.9
4.16588	665.517	665.518
4.17782	665.135	665.135
4.18975	664.752	664.752
4.20169	664.369	664.369
4.21363	663.986	663.986
4.22556	663.603	663.603
4.2375	663.22	663.22
4.24944	662.836	662.836
4.26137	662.453	662.453
4.27331	662.07	662.07
4.28525	661.686	661.686
4.29718	661.303	661.303
4.30912	660.919	660.919
4.32106	660.535	660.535
4.33299	660.152	660.152
4.34493	659.768	659.768
4.35687	659.384	659.384
4.3688	659	659
4.38074	658.616	658.616
4.39268	658.232	658.232
4.40461	657.848	657.848
4.41655	657.463	657.463
4.42849	657.079	657.079
4.44042	656.695	656.695
4.45236	656.31	656.31
4.4643	655.926	655.926
4.47623	655.541	655.541
4.48817	655.157	655.157
4.50011	654.772	654.772
4.51204	654.387	654.387
4.52398	654.002	654.002
4.53592	653.618	653.618
4.54785	653.233	653.233
4.55979	652.848	652.848
4.57173	652.463	652.463
4.58366	652.078	652.078
4.5956	651.692	651.692
4.60754	651.307	651.307
4.61947	650.922	650.922
4.63141	650.537	650.537
4.64335	650.151	650.151
4.65528	649.766	649.766
4.66722	649.38	649.38
4.67916	648.995	648.995
4.69109	648.609	648.609
4.70303	648.224	648.224
4.71497	647.838	647.838
4.7269	647.452	647.452
4.73884	647.067	647.067
4.75078	646.681	646.681
4.76271	646.295	646.295
4.77465	645.909	645.909
4.78658	645.523	645.523
4.79852	645.137	645.137
4.81046	644.751	644.751
4.82239	644.365	644.365
4.83433	643.979	643.979
4.84627	643.593	643.593
4.8582	643.206	643.206
4.87014	642.82	642.82
4.88208	642.434	642.434
4.89401	642.047	642.047
4.90595	641.661	641.661
4.91789	641.275	641.275
4.92982	640.888	640.888
4.94176	640.502	640.502
4.9537	640.115	640.115
4.96563	639.729	639.729
4.97757	639.342	639.342
4.98951	638.955	638.955
5.00144	638.569	638.569
5.01338	638.182	638.182
5.02532	637.795	637.795
5.03725	637.408	637.408
5.04919	637.022	637.022
5.06113	636.635	636.635
5.07306	636.248	636.248
5.085	635.861	635.861
5.09694	635.474	635.474
5.10887	635.087	635.087
5.12081	634.7	634.7
5.13275	634.313	634.313
5.14468	633.926	633.926
5.15662	633.539	633.539
5.16856	633.151	633.151
5.18049	632.764	632.764
5.19243	632.377	632.377
5.20437	631.99	631.99
5.2163	631.603	631.603
5.22824	631.215	631.215
5.24018	630.828	630.828
5.25211	630.441	630.441
5.26405	630.053	630.053
5.27599	629.666	629.666
5.28792	629.279	629.279
5.29986	628.891	628.891
5.3118	628.504	628.504
5.32373	628.116	628.116
5.33567	627.729	627.729
5.34761	627.341	627.341
5.35954	626.954	626.954
5.37148	626.566	626.566
5.38342	626.178	626.178
5.39535	625.791	625.791
5.40729	625.403	625.403
5.41923	625.016	625.016
5.43116	624.628	624.628
5.4431	624.24	624.24
5.45504	623.852	623.852
5.46697	623.465	623.465
5.47891	623.077	623.077
5.49085	622.689	622.689
5.50278	622.301	622.301
5.51472	621.914	621.914
5.52666	621.526	621.526
5.53859	621.138	621.138
5.55053	620.75	620.75
5.56247	620.362	620.362
5.5744	619.974	619.974
5.58634	619.586	619.586
5.59828	619.198	619.198
5.61021	618.81	618.81
5.62215	618.423	618.423
5.63408	618.035	618.035
5.64602	617.647	617.647
5.65796	617.259	617.259
5.66989	616.871	616.871
5.68183	616.483	616.483
5.69377	616.094	616.095
5.7057	615.706	615.706
5.71764	615.318	615.318
5.72958	614.93	614.93
5.74151	614.542	614.542
5.75345	614.154	614.154
5.76539	613.766	613.766
5.77732	613.378	613.378
5.78926	612.99	612.99
5.8012	612.602	612.602
5.81313	612.213	612.213
5.82507	611.825	611.825
5.83701	611.437	611.437
5.84894	611.049	611.049
5.86088	610.661	610.661
5.87282	610.273	610.273
5.88475	609.884	609.884
5.89669	609.496	609.496
5.90863	609.108	609.108
5.92056	608.72	608.72
5.9325	608.331	608.331
5.94444	607.943	607.943
5.95637	607.555	607.555
5.96831	607.167	607.167
5.98025	606.778	606.778
5.99218	606.39	606.39
6.00412	606.002	606.002
6.01606	605.614	605.614
6.02799	605.225	605.225
6.03993	604.837	604.837
6.05187	604.449	604.449
6.0638	604.06	604.06
6.07574	603.672	603.672
6.08768	603.284	603.284
6.09961	602.895	602.895
6.11155	602.507	602.507
6.12349	602.119	602.119
6.13542	601.73	601.73
6.14736	601.342	601.342
6.1593	600.954	600.954
6.17123	600.565	600.565
6.18317	600.177	600.177
6.19511	599.788	599.788
6.20704	599.4	599.4
6.21898	599.012	599.012
6.23092	598.623	598.623
6.24285	598.235	598.235
6.25479	597.846	597.846
6.26673	597.458	597.458
6.27866	597.07	597.07
6.2906	596.681	596.681
6.30254	596.293	596.293
6.31447	595.904	595.904
6.32641	595.516	595.516
6.33835	595.128	595.128
6.35028	594.739	594.739
6.36222	594.351	594.351
6.37416	593.962	593.962
6.38609	593.574	593.574
6.39803	593.185	593.185
6.40997	592.797	592.797
6.4219	592.409	592.409
6.43384	592.02	592.02
6.44578	591.632	591.632
6.45771	591.243	591.243
6.46965	590.855	590.855
6.48159	590.466	590.466
6.49352	590.078	590.078
6.50546	589.689	589.689
6.51739	589.301	589.301
6.52933	588.913	588.913
6.54127	588.524	588.524
6.5532	588.136	588.136
6.56514	587.747	587.747
6.57708	587.359	587.359
6.58901	586.97	586.97
6.60095	586.582	586.582
6.61289	586.193	586.193
6.62482	585.805	585.805
6.63676	585.416	585.416
6.6487	585.028	585.028
6.66063	584.639	584.639
6.67257	584.251	584.251
6.68451	583.862	583.862
6.69644	583.474	583.474
6.70838	583.085	583.085
6.72032	582.697	582.697
6.73225	582.308	582.308
6.74419	581.92	581.92
6.75613	581.531	581.531
6.76806	581.143	581.143
6.78	580.754	580.754
6.79194	580.366	580.366
6.80387	579.977	579.977
6.81581	579.589	579.589
6.82775	579.2	579.2
6.83968	578.812	578.812
6.85162	578.423	578.423
6.86356	578.035	578.035
6.87549	577.646	577.646
6.88743	577.258	577.258
6.89937	576.869	576.869
6.9113	576.48	576.48
6.92324	576.092	576.092
6.93518	575.703	575.703
6.94711	575.315	575.315
6.95905	574.926	574.926
6.97099	574.538	574.538
6.98292	574.149	574.149
6.99486	573.761	573.761
7.0068	573.372	573.372
7.01873	572.983	572.983
7.03067	572.595	572.595
7.04261	572.206	572.206
7.05454	571.818	571.818
7.06648	571.429	571.429
7.07842	571.04	571.04
7.09035	570.652	570.652
7.10229	570.263	570.263
7.11423	569.875	569.875
7.12616	569.486	569.486
7.1381	569.097	569.097
7.15004	568.709	568.709
7.16197	568.32	568.32
7.17391	567.932	567.932
7.18585	567.543	567.543
7.19778	567.154	567.154
7.20972	566.766	566.766
7.22166	566.377	566.377
7.23359	565.988	565.988
7.24553	565.6	565.6
7.25747	565.211	565.211
7.2694	564.822	564.822
7.28134	564.434	564.434
7.29328	564.045	564.045
7.30521	563.656	563.656
7.31715	563.267	563.268
7.32909	562.879	562.879
7.34102	562.49	562.49
7.35296	562.101	562.101
7.36489	561.713	561.713
7.37683	561.324	561.324
7.38877	560.935	560.935
7.4007	560.546	560.546
7.41264	560.158	560.158
7.42458	559.769	559.769
7.43651	559.38	559.38
7.44845	558.991	558.991
7.46039	558.602	558.602
7.47232	558.214	558.214
7.48426	557.825	557.825
7.4962	557.436	557.436
7.50813	557.047	557.047
7.52007	556.658	556.658
7.53201	556.269	556.269
7.54394	555.88	555.88
7.55588	555.492	555.492
7.56782	555.103	555.103
7.57975	554.714	554.714
7.59169	554.325	554.325
7.60363	553.936	553.936
7.61556	553.547	553.547
7.6275	553.158	553.158
7.63944	552.769	552.769
7.65137	552.38	552.38
7.66331	551.991	551.991
7.67525	551.602	551.602
7.68718	551.213	551.213
7.69912	550.824	550.824
7.71106	550.435	550.435
7.72299	550.046	550.046
7.73493	549.657	549.657
7.74687	549.268	549.268
7.7588	548.879	548.879
7.77074	548.49	548.49
7.78268	548.101	548.101
7.79461	547.711	547.711
7.80655	547.322	547.322
7.81849	546.933	546.933
7.83042	546.544	546.544
7.84236	546.155	546.155
7.8543	545.766	545.766
7.86623	545.376	545.376
7.87817	544.987	544.987
7.89011	544.598	544.598
7.90204	544.209	544.209
7.91398	543.819	543.819
7.92592	543.43	543.43
7.93785	543.041	543.041
7.94979	542.651	542.651
7.96173	542.262	542.262
7.97366	541.873	541.873
7.9856	541.483	541.483
7.99754	541.094	541.094
8.00947	540.704	540.704
8.02141	540.315	540.315
8.03335	539.925	539.925
8.04528	539.536	539.536
8.05722	539.146	539.146
8.06916	538.757	538.757
8.08109	538.367	538.367
8.09303	537.978	537.978
8.10497	537.588	537.588
8.1169	537.199	537.199
8.12884	536.809	536.809
8.14078	536.419	536.419
8.15271	536.03	536.03
8.16465	535.64	535.64
8.17659	535.25	535.25
8.18852	534.86	534.86
8.20046	534.471	534.471
8.2124	534.081	534.081
8.22433	533.691	533.691
8.23627	533.301	533.301
8.2482	532.911	532.911
8.26014	532.522	532.522
8.27208	532.132	532.132
8.28401	531.742	531.742
8.29595	531.352	531.352
8.30789	530.962	530.962
8.31982	530.572	530.572
8.33176	530.182	530.182
8.3437	529.792	529.792
8.35563	529.402	529.402
8.36757	529.012	529.012
8.37951	528.622	528.622
8.39144	528.232	528.232
8.40338	527.841	527.841
8.41532	527.451	527.451
8.42725	527.061	527.061
8.43919	526.671	526.671
8.45113	526.28	526.28
8.46306	525.89	525.89
8.475	525.5	525.5
8.48694	525.11	525.11
8.49887	524.719	524.719
8.51081	524.329	524.329
8.52275	523.938	523.938
8.53468	523.548	523.548
8.54662	523.157	523.157
8.55856	522.767	522.767
8.57049	522.376	522.376
8.58243	521.986	521.986
8.59437	521.595	521.595
8.6063	521.205	521.205
8.61824	520.814	520.814
8.63018	520.423	520.423
8.64211	520.033	520.033
8.65405	519.642	519.642
8.66599	519.251	519.251
8.67792	518.86	518.86
8.68986	518.47	518.47
8.7018	518.079	518.079
8.71373	517.688	517.688
8.72567	517.297	517.297
8.73761	516.906	516.906
8.74954	516.515	516.515
8.76148	516.124	516.124
8.77342	515.733	515.733
8.78535	515.342	515.342
8.79729	514.951	514.951
8.80923	514.56	514.56
8.82116	514.169	514.169
8.8331	513.778	513.778
8.84504	513.386	513.387
8.85697	512.995	512.995
8.86891	512.604	512.604
8.88085	512.213	512.213
8.89278	511.821	511.821
8.90472	511.43	511.43
8.91666	511.039	511.039
8.92859	510.647	510.647
8.94053	510.256	510.256
8.95247	509.864	509.864
8.9644	509.473	509.473
8.97634	509.081	509.081
8.98828	508.69	508.69
9.00021	508.298	508.298
9.01215	507.907	507.907
9.02409	507.515	507.515
9.03602	507.123	507.123
9.04796	506.731	506.732
9.0599	506.34	506.34
9.07183	505.948	505.948
9.08377	505.556	505.556
9.0957	505.164	505.164
9.10764	504.772	504.772
9.11958	504.381	504.381
9.13151	503.989	503.989
9.14345	503.597	503.597
9.15539	503.205	503.205
9.16732	502.813	502.813
9.17926	502.421	502.421
9.1912	502.028	502.028
9.20313	501.636	501.636
9.21507	501.244	501.244
9.22701	500.852	500.852
9.23894	500.46	500.46
9.25088	500.068	500.068
9.26282	499.675	499.675
9.27475	499.283	499.283
9.28669	498.891	498.891
9.29863	498.498	498.498
9.31056	498.106	498.106
9.3225	497.713	497.713
9.33444	497.321	497.321
9.34637	496.929	496.929
9.35831	496.536	496.536
9.37025	496.143	496.143
9.38218	495.751	495.751
9.39412	495.358	495.358
9.40606	494.966	494.966
9.41799	494.573	494.573
9.42993	494.18	494.18
9.44187	493.788	493.788
9.4538	493.395	493.395
9.46574	493.002	493.002
9.47768	492.609	492.609
9.48961	492.217	492.217
9.50155	491.824	491.824
9.51349	491.431	491.431
9.52542	491.038	491.038
9.53736	490.645	490.645
9.5493	490.252	490.252
9.56123	489.859	489.859
9.57317	489.466	489.466
9.58511	489.073	489.073
9.59704	488.68	488.68
9.60898	488.287	488.287
9.62092	487.894	487.894
9.63285	487.501	487.501
9.64479	487.107	487.107
9.65673	486.714	486.714
9.66866	486.321	486.321
9.6806	485.928	485.928
9.69254	485.535	485.535
9.70447	485.141	485.141
9.71641	484.748	484.748
9.72835	484.355	484.355
9.74028	483.961	483.961
9.75222	483.568	483.568
9.76416	483.175	483.175
9.77609	482.781	482.781
9.78803	482.388	482.388
9.79997	481.994	481.994
9.8119	481.601	481.601
9.82384	481.208	481.208
9.83578	480.814	480.814
9.84771	480.421	480.421
9.85965	480.027	480.027
9.87159	479.634	479.634
9.88352	479.24	479.24
9.89546	478.846	478.846
9.9074	478.453	478.453
9.91933	478.059	478.059
9.93127	477.666	477.666
9.94321	477.272	477.272
9.95514	476.878	476.878
9.96708	476.485	476.485
9.97901	476.091	476.091
9.99095	475.697	475.697
10.0029	475.304	475.304
10.0148	474.91	474.91
10.0268	474.516	474.516
10.0387	474.123	474.123
10.0506	473.729	473.729
10.0626	473.335	473.335
10.0745	472.942	472.942
10.0864	472.548	472.548
10.0984	472.154	472.154
10.1103	471.76	471.76
10.1223	471.367	471.367
10.1342	470.973	470.973
10.1461	470.579	470.579
10.1581	470.185	470.185
10.17	469.792	469.792
10.1819	469.398	469.398
10.1939	469.004	469.004
10.2058	468.61	468.61
10.2177	468.217	468.217
10.2297	467.823	467.823
10.2416	467.429	467.429
10.2536	467.035	467.035
10.2655	466.642	466.642
10.2774	466.248	466.248
10.2894	465.854	465.854
10.3013	465.461	465.461
10.3132	465.067	465.067
10.3252	464.673	464.673
10.3371	464.28	464.28
10.3491	463.886	463.886
10.361	463.492	463.492
10.3729	463.099	463.099
10.3849	462.705	462.705
10.3968	462.312	462.312
10.4087	461.918	461.918
10.4207	461.524	461.524
10.4326	461.131	461.131
10.4445	460.737	460.737
10.4565	460.344	460.344
10.4684	459.95	459.95
10.4804	459.557	459.557
10.4923	459.163	459.163
10.5042	458.77	458.77
10.5162	458.377	458.377
10.5281	457.983	457.983
10.54	457.59	457.59
10.552	457.197	457.197
10.5639	456.803	456.803
10.5758	456.41	456.41
10.5878	456.017	456.017
10.5997	455.624	455.624
10.6117	455.231	455.231
10.6236	454.838	454.838
10.6355	454.445	454.444
10.6475	454.051	454.051
10.6594	453.659	453.658
10.6713	453.266	453.266
10.6833	452.873	452.873
10.6952	452.48	452.48
10.7071	452.087	452.087
10.7191	451.694	451.694
10.731	451.302	451.302
10.743	450.909	450.909
10.7549	450.516	450.516
10.7668	450.124	450.124
10.7788	449.731	449.731
10.7907	449.339	449.339
10.8026	448.946	448.946
10.8146	448.554	448.554
10.8265	448.162	448.162
10.8385	447.769	447.769
10.8504	447.377	447.377
10.8623	446.985	446.985
10.8743	446.593	446.593
10.8862	446.201	446.201
10.8981	445.809	445.809
10.9101	445.417	445.417
10.922	445.026	445.026
10.9339	444.634	444.634
10.9459	444.242	444.242
10.9578	443.851	443.851
10.9698	443.459	443.459
10.9817	443.068	443.068
10.9936	442.677	442.677
11.0056	442.285	442.285
11.0175	441.894	441.894
11.0294	441.503	441.503
11.0414	441.112	441.112
11.0533	440.721	440.721
11.0652	440.33	440.33
11.0772	439.94	439.94
11.0891	439.549	439.549
11.1011	439.159	439.159
11.113	438.768	438.768
11.1249	438.378	438.378
11.1369	437.988	437.987
11.1488	437.597	437.597
11.1607	437.207	437.207
11.1727	436.817	436.817
11.1846	436.428	436.428
11.1966	436.038	436.038
11.2085	435.648	435.648
11.2204	435.259	435.259
11.2324	434.869	434.869
11.2443	434.48	434.48
11.2562	434.091	434.091
11.2682	433.702	433.702
11.2801	433.313	433.313
11.292	432.924	432.924
11.304	432.536	432.536
11.3159	432.147	432.147
11.3279	431.759	431.759
11.3398	431.37	431.37
11.3517	430.982	430.982
11.3637	430.594	430.594
11.3756	430.206	430.206
11.3875	429.819	429.818
11.3995	429.431	429.431
11.4114	429.043	429.043
11.4233	428.656	428.656
11.4353	428.269	428.269
11.4472	427.882	427.882
11.4592	427.495	427.495
11.4711	427.108	427.108
11.483	426.722	426.722
11.495	426.335	426.335
11.5069	425.949	425.949
11.5188	425.563	425.563
11.5308	425.177	425.177
11.5427	424.791	424.791
11.5546	424.406	424.406
11.5666	424.02	424.02
11.5785	423.635	423.635
11.5905	423.25	423.25
11.6024	422.865	422.865
11.6143	422.48	422.48
11.6263	422.096	422.096
11.6382	421.712	421.711
11.6501	421.327	421.327
11.6621	420.943	420.943
11.674	420.56	420.559
11.686	420.176	420.176
11.6979	419.793	419.792
11.7098	419.409	419.409
11.7218	419.026	419.026
11.7337	418.643	418.643
11.7456	418.261	418.261
11.7576	417.878	417.878
11.7695	417.496	417.496
11.7814	417.114	417.114
11.7934	416.732	416.732
11.8053	416.351	416.351
11.8173	415.97	415.969
11.8292	415.588	415.588
11.8411	415.207	415.207
11.8531	414.827	414.827
11.865	414.446	414.446
11.8769	414.066	414.066
11.8889	413.686	413.686
11.9008	413.306	413.306
11.9127	412.927	412.927
11.9247	412.548	412.547
11.9366	412.168	412.168
11.9486	411.79	411.79
11.9605	411.411	411.411
11.9724	411.033	411.033
11.9844	410.655	410.655
11.9963	410.277	410.277
12.0082	409.899	409.899
12.0202	409.522	409.522
12.0321	409.145	409.145
12.0441	408.768	408.768
12.056	408.392	408.392
12.0679	408.016	408.016
12.0799	407.64	407.64
12.0918	407.264	407.264
12.1037	406.889	406.888
12.1157	406.513	406.513
12.1276	406.139	406.139
12.1395	405.764	405.764
12.1515	405.39	405.39
12.1634	405.016	405.016
12.1754	404.642	404.642
12.1873	404.269	404.269
12.1992	403.896	403.896
12.2112	403.523	403.523
12.2231	403.15	403.15
12.235	402.778	402.778
12.247	402.406	402.406
12.2589	402.035	402.035
12.2708	401.664	401.663
12.2828	401.293	401.293
12.2947	400.922	400.922
12.3067	400.552	400.552
12.3186	400.182	400.182
12.3305	399.812	399.812
12.3425	399.443	399.443
12.3544	399.074	399.074
12.3663	398.705	398.705
12.3783	398.337	398.337
12.3902	397.969	397.969
12.4021	397.601	397.601
12.4141	397.234	397.234
12.426	396.867	396.867
12.438	396.501	396.501
12.4499	396.135	396.134
12.4618	395.769	395.769
12.4738	395.403	395.403
12.4857	395.038	395.038
12.4976	394.673	394.673
12.5096	394.309	394.309
12.5215	393.945	393.945
12.5335	393.581	393.581
12.5454	393.218	393.218
12.5573	392.855	392.855
12.5693	392.493	392.493
12.5812	392.131	392.131
12.5931	391.769	391.769
12.6051	391.408	391.408
12.617	391.047	391.047
12.6289	390.686	390.686
12.6409	390.326	390.326
12.6528	389.966	389.966
12.6648	389.607	389.607
12.6767	389.248	389.248
12.6886	388.89	388.89
12.7006	388.532	388.532
12.7125	388.174	388.174
12.7244	387.817	387.817
12.7364	387.46	387.46
12.7483	387.104	387.103
12.7602	386.748	386.748
12.7722	386.392	386.392
12.7841	386.037	386.037
12.7961	385.682	385.682
12.808	385.328	385.328
12.8199	384.974	384.974
12.8319	384.621	384.621
12.8438	384.268	384.268
12.8557	383.916	383.916
12.8677	383.564	383.564
12.8796	383.212	383.212
12.8916	382.861	382.861
12.9035	382.511	382.511
12.9154	382.161	382.161
12.9274	381.811	381.811
12.9393	381.462	381.462
12.9512	381.113	381.113
12.9632	380.765	380.765
12.9751	380.417	380.417
12.987	380.07	380.07
12.999	379.723	379.723
13.0109	379.377	379.377
13.0229	379.031	379.031
13.0348	378.686	378.686
13.0467	378.341	378.341
13.0587	377.997	377.997
13.0706	377.653	377.653
13.0825	377.31	377.31
13.0945	376.967	376.967
13.1064	376.625	376.625
13.1183	376.284	376.283
13.1303	375.942	375.942
13.1422	375.602	375.601
13.1542	375.262	375.261
13.1661	374.922	374.922
13.178	374.583	374.583
13.19	374.244	374.244
13.2019	373.906	373.906
13.2138	373.569	373.569
13.2258	373.232	373.232
13.2377	372.896	372.895
13.2496	372.56	372.559
13.2616	372.224	372.224
13.2735	371.89	371.889
13.2855	371.555	371.555
13.2974	371.222	371.222
13.3093	370.889	370.889
13.3213	370.556	370.556
13.3332	370.224	370.224
13.3451	369.893	369.893
13.3571	369.562	369.562
13.369	369.232	369.232
13.381	368.902	368.902
13.3929	368.573	368.573
13.4048	368.245	368.245
13.4168	367.917	367.917
13.4287	367.59	367.589
13.4406	367.263	367.263
13.4526	366.937	366.937
13.4645	366.611	366.611
13.4764	366.287	366.286
13.4884	365.962	365.962
13.5003	365.639	365.638
13.5123	365.315	365.315
13.5242	364.993	364.993
13.5361	364.671	364.671
13.5481	364.35	364.35
13.56	364.029	364.029
13.5719	363.709	363.709
13.5839	363.39	363.39
13.5958	363.071	363.071
13.6077	362.753	362.753
13.6197	362.435	362.435
13.6316	362.119	362.118
13.6436	361.802	361.802
13.6555	361.487	361.487
13.6674	361.172	361.172
13.6794	360.858	360.857
13.6913	360.544	360.544
13.7032	360.231	360.231
13.7152	359.919	359.918
13.7271	359.607	359.607
13.7391	359.296	359.296
13.751	358.985	358.985
13.7629	358.676	358.675
13.7749	358.367	358.366
13.7868	358.058	358.058
13.7987	357.751	357.75
13.8107	357.444	357.443
13.8226	357.137	357.137
13.8345	356.831	356.831
13.8465	356.526	356.526
13.8584	356.222	356.222
13.8704	355.918	355.918
13.8823	355.616	355.615
13.8942	355.313	355.313
13.9062	355.012	355.011
13.9181	354.711	354.711
13.93	354.411	354.41
13.942	354.111	354.111
13.9539	353.812	353.812
13.9658	353.514	353.514
13.9778	353.217	353.217
13.9897	352.92	352.92
14.0017	352.624	352.624
14.0136	352.329	352.329
14.0255	352.034	352.034
14.0375	351.741	351.74
14.0494	351.448	351.447
14.0613	351.155	351.155
14.0733	350.863	350.863
14.0852	350.573	350.572
14.0971	350.282	350.282
14.1091	349.993	349.993
14.121	349.704	349.704
14.133	349.416	349.416
14.1449	349.129	349.129
14.1568	348.842	348.842
14.1688	348.556	348.556
14.1807	348.271	348.271
14.1926	347.987	347.987
14.2046	347.703	347.703
14.2165	347.421	347.42
14.2285	347.139	347.138
14.2404	346.857	346.857
14.2523	346.577	346.576
14.2643	346.297	346.297
14.2762	346.018	346.017
14.2881	345.739	345.739
14.3001	345.462	345.462
14.312	345.185	345.185
14.3239	344.909	344.909
14.3359	344.634	344.634
14.3478	344.359	344.359
14.3598	344.086	344.085
14.3717	343.813	343.812
14.3836	343.54	343.54
14.3956	343.269	343.269
14.4075	342.998	342.998
14.4194	342.729	342.728
14.4314	342.46	342.459
14.4433	342.191	342.191
14.4552	341.924	341.923
14.4672	341.657	341.657
14.4791	341.391	341.391
14.4911	341.126	341.126
14.503	340.862	340.861
14.5149	340.598	340.598
14.5269	340.335	340.335
14.5388	340.073	340.073
14.5507	339.812	339.812
14.5627	339.552	339.551
14.5746	339.292	339.292
14.5866	339.033	339.033
14.5985	338.775	338.775
14.6104	338.518	338.518
14.6224	338.262	338.261
14.6343	338.006	338.006
14.6462	337.751	337.751
14.6582	337.497	337.497
14.6701	337.244	337.244
14.682	336.992	336.991
14.694	336.74	336.74
14.7059	336.489	336.489
14.7179	336.239	336.239
14.7298	335.99	335.99
14.7417	335.742	335.742
14.7537	335.495	335.494
14.7656	335.248	335.248
14.7775	335.002	335.002
14.7895	334.757	334.757
14.8014	334.513	334.513
14.8133	334.269	334.269
14.8253	334.027	334.027
14.8372	333.785	333.785
14.8492	333.544	333.544
14.8611	333.304	333.304
14.873	333.065	333.065
14.885	332.826	332.826
14.8969	332.589	332.589
14.9088	332.352	332.352
14.9208	332.116	332.116
14.9327	331.881	331.881
14.9446	331.647	331.646
14.9566	331.413	331.413
14.9685	331.181	331.18
14.9805	330.949	330.949
14.9924	330.718	330.718
15.0043	330.488	330.487
15.0163	330.259	330.258
15.0282	330.03	330.03
15.0401	329.802	329.802
15.0521	329.576	329.575
15.064	329.35	329.349
15.076	329.125	329.124
15.0879	328.9	328.9
15.0998	328.677	328.677
15.1118	328.454	328.454
15.1237	328.233	328.232
15.1356	328.012	328.011
15.1476	327.792	327.791
15.1595	327.573	327.572
15.1714	327.354	327.354
15.1834	327.137	327.136
15.1953	326.92	326.92
15.2073	326.704	326.704
15.2192	326.489	326.489
15.2311	326.275	326.275
15.2431	326.062	326.061
15.255	325.849	325.849
15.2669	325.638	325.637
15.2789	325.427	325.427
15.2908	325.217	325.217
15.3027	325.008	325.007
15.3147	324.8	324.799
15.3266	324.592	324.592
15.3386	324.386	324.385
15.3505	324.18	324.18
15.3624	323.975	323.975
15.3744	323.771	323.771
15.3863	323.568	323.568
15.3982	323.366	323.365
15.4102	323.164	323.164
15.4221	322.963	322.963
15.4341	322.764	322.763
15.446	322.565	322.564
15.4579	322.367	322.366
15.4699	322.169	322.169
15.4818	321.973	321.973
15.4937	321.777	321.777
15.5057	321.583	321.582
15.5176	321.389	321.389
15.5295	321.196	321.195
15.5415	321.004	321.003
15.5534	320.812	320.812
15.5654	320.622	320.621
15.5773	320.432	320.432
15.5892	320.243	320.243
15.6012	320.055	320.055
15.6131	319.868	319.868
15.625	319.682	319.682
15.637	319.496	319.496
15.6489	319.312	319.311
15.6608	319.128	319.128
15.6728	318.945	318.945
15.6847	318.763	318.763
15.6967	318.582	318.581
15.7086	318.401	318.401
15.7205	318.222	318.221
15.7325	318.043	318.043
15.7444	317.865	317.865
15.7563	317.688	317.688
15.7683	317.512	317.511
15.7802	317.336	317.336
15.7921	317.162	317.161
15.8041	316.988	316.988
15.816	316.815	316.815
15.828	316.643	316.643
15.8399	316.472	316.471
15.8518	316.301	316.301
15.8638	316.132	316.131
15.8757	315.963	315.962
15.8876	315.795	315.794
15.8996	315.628	315.627
15.9115	315.461	315.461
15.9235	315.296	315.295
15.9354	315.131	315.131
15.9473	314.967	314.967
15.9593	314.804	314.804
15.9712	314.642	314.642
15.9831	314.481	314.48
15.9951	314.32	314.32
16.007	314.16	314.16
16.0189	314.001	314.001
16.0309	313.843	313.843
16.0428	313.686	313.686
16.0548	313.529	313.529
16.0667	313.374	313.373
16.0786	313.219	313.218
16.0906	313.065	313.064
16.1025	312.911	312.911
16.1144	312.759	312.758
16.1264	312.607	312.607
16.1383	312.456	312.456
16.1502	312.306	312.306
16.1622	312.157	312.157
16.1741	312.008	312.008
16.1861	311.861	311.86
16.198	311.714	311.713
16.2099	311.568	311.567
16.2219	311.422	311.422
16.2338	311.278	311.278
16.2457	311.134	311.134
16.2577	310.991	310.991
16.2696	310.849	310.849
16.2816	310.708	310.707
16.2935	310.567	310.567
16.3054	310.427	310.427
16.3174	310.288	310.288
16.3293	310.15	310.15
16.3412	310.012	310.012
16.3532	309.876	309.875
16.3651	309.74	309.739
16.377	309.605	309.604
16.389	309.47	309.47
16.4009	309.337	309.336
16.4129	309.204	309.203
16.4248	309.072	309.071
16.4367	308.94	308.94
16.4487	308.81	308.809
16.4606	308.68	308.68
16.4725	308.551	308.551
16.4845	308.423	308.422
16.4964	308.295	308.295
16.5083	308.168	308.168
16.5203	308.042	308.042
16.5322	307.917	307.917
16.5442	307.792	307.792
16.5561	307.669	307.668
16.568	307.545	307.545
16.58	307.423	307.423
16.5919	307.302	307.301
16.6038	307.181	307.18
16.6158	307.061	307.06
16.6277	306.941	306.941
16.6396	306.823	306.822
16.6516	306.705	306.704
16.6635	306.587	306.587
16.6755	306.471	306.471
16.6874	306.355	306.355
16.6993	306.24	306.24
16.7113	306.126	306.126
16.7232	306.012	306.012
16.7351	305.899	305.899
16.7471	305.787	305.787
16.759	305.676	305.676
16.771	305.565	305.565
16.7829	305.455	305.455
16.7948	305.346	305.345
16.8068	305.237	305.237
16.8187	305.129	305.129
16.8306	305.022	305.022
16.8426	304.915	304.915
16.8545	304.81	304.809
16.8664	304.704	304.704
16.8784	304.6	304.6
16.8903	304.496	304.496
16.9023	304.393	304.393
16.9142	304.291	304.29
16.9261	304.189	304.189
16.9381	304.088	304.088
16.95	303.987	303.987
16.9619	303.888	303.887
16.9739	303.789	303.788
16.9858	303.69	303.69
16.9977	303.593	303.592
17.0097	303.496	303.495
17.0216	303.399	303.399
17.0336	303.303	303.303
17.0455	303.208	303.208
17.0574	303.114	303.114
17.0694	303.02	303.02
17.0813	302.927	302.927
17.0932	302.835	302.834
17.1052	302.743	302.743
17.1171	302.652	302.651
17.1291	302.561	302.561
17.141	302.471	302.471
17.1529	302.382	302.382
17.1649	302.293	302.293
17.1768	302.205	302.205
17.1887	302.118	302.118
17.2007	302.031	302.031
17.2126	301.945	301.945
17.2245	301.859	301.859
17.2365	301.774	301.774
17.2484	301.69	301.69
17.2604	301.606	301.606
17.2723	301.523	301.523
17.2842	301.441	301.441
17.2962	301.359	301.359
17.3081	301.278	301.278
17.32	301.197	301.197
17.332	301.117	301.117
17.3439	301.038	301.037
17.3558	300.959	300.958
17.3678	300.88	300.88
17.3797	300.803	300.802
17.3917	300.726	300.725
17.4036	300.649	300.649
17.4155	300.573	300.573
17.4275	300.498	300.497
17.4394	300.423	300.423
17.4513	300.349	300.348
17.4633	300.275	300.275
17.4752	300.202	300.202
17.4871	300.129	300.129
17.4991	300.057	300.057
17.511	299.986	299.986
17.523	299.915	299.915
17.5349	299.845	299.845
17.5468	299.775	299.775
17.5588	299.706	299.706
17.5707	299.637	299.637
17.5826	299.569	299.569
17.5946	299.501	299.501
17.6065	299.434	299.434
17.6185	299.368	299.368
17.6304	299.302	299.302
17.6423	299.236	299.236
17.6543	299.171	299.171
17.6662	299.107	299.107
17.6781	299.043	299.043
17.6901	298.98	298.98
17.702	298.917	298.917
17.7139	298.855	298.854
17.7259	298.793	298.792
17.7378	298.731	298.731
17.7498	298.671	298.67
17.7617	298.61	298.61
17.7736	298.55	298.55
17.7856	298.491	298.491
17.7975	298.432	298.432
17.8094	298.374	298.374
17.8214	298.316	298.316
17.8333	298.259	298.259
17.8452	298.202	298.202
17.8572	298.145	298.145
17.8691	298.09	298.089
17.8811	298.034	298.034
17.893	297.979	297.979
17.9049	297.925	297.925
17.9169	297.871	297.87
17.9288	297.817	297.817
17.9407	297.764	297.764
17.9527	297.711	297.711
17.9646	297.659	297.659
17.9766	297.607	297.607
17.9885	297.556	297.556
18.0004	297.505	297.505
18.0124	297.455	297.455
18.0243	297.405	297.405
18.0362	297.356	297.355
18.0482	297.307	297.306
18.0601	297.258	297.258
18.072	297.21	297.21
18.084	297.162	297.162
18.0959	297.115	297.115
18.1079	297.068	297.068
18.1198	297.021	297.021
18.1317	296.975	296.975
18.1437	296.93	296.93
18.1556	296.885	296.884
18.1675	296.84	296.84
18.1795	296.795	296.795
18.1914	296.751	296.751
18.2033	296.708	296.708
18.2153	296.665	296.664
18.2272	296.622	296.622
18.2392	296.58	296.579
18.2511	296.538	296.537
18.263	296.496	296.496
18.275	296.455	296.455
18.2869	296.414	296.414
18.2988	296.374	296.373
18.3108	296.334	296.333
18.3227	296.294	296.294
18.3346	296.255	296.254
18.3466	296.216	296.216
18.3585	296.177	296.177
18.3705	296.139	296.139
18.3824	296.101	296.101
18.3943	296.064	296.064
18.4063	296.027	296.027
18.4182	295.99	295.99
18.4301	295.954	295.954
18.4421	295.918	295.918
18.454	295.882	295.882
18.466	295.847	295.847
18.4779	295.812	295.812
18.4898	295.777	295.777
18.5018	295.743	295.743
18.5137	295.709	295.709
18.5256	295.676	295.676
18.5376	295.642	295.642
18.5495	295.61	295.609
18.5614	295.577	295.577
18.5734	295.545	295.545
18.5853	295.513	295.513
18.5973	295.481	295.481
18.6092	295.45	295.45
18.6211	295.419	295.419
18.6331	295.388	295.388
18.645	295.358	295.358
18.6569	295.328	295.328
18.6689	295.298	295.298
18.6808	295.269	295.269
18.6927	295.24	295.24
18.7047	295.211	295.211
18.7166	295.183	295.183
18.7286	295.155	295.154
18.7405	295.127	295.127
18.7524	295.099	295.099
18.7644	295.072	295.072
18.7763	295.045	295.045
18.7882	295.018	295.018
18.8002	294.992	294.992
18.8121	294.966	294.965
18.8241	294.94	294.94
18.836	294.914	294.914
18.8479	294.889	294.889
18.8599	294.864	294.864
18.8718	294.839	294.839
18.8837	294.814	294.814
18.8957	294.79	294.79
18.9076	294.766	294.766
18.9195	294.743	294.743
18.9315	294.719	294.719
18.9434	294.696	294.696
18.9554	294.673	294.673
18.9673	294.65	294.65
18.9792	294.628	294.628
18.9912	294.606	294.606
19.0031	294.584	294.584
19.015	294.562	294.562
19.027	294.541	294.541
19.0389	294.52	294.52
19.0508	294.499	294.499
19.0628	294.478	294.478
19.0747	294.457	294.457
19.0867	294.437	294.437
19.0986	294.417	294.417
19.1105	294.397	294.397
19.1225	294.378	294.378
19.1344	294.359	294.359
19.1463	294.34	294.339
19.1583	294.321	294.321
19.1702	294.302	294.302
19.1821	294.284	294.283
19.1941	294.265	294.265
19.206	294.247	294.247
19.218	294.23	294.229
19.2299	294.212	294.212
19.2418	294.195	294.194
19.2538	294.177	294.177
19.2657	294.16	294.16
19.2776	294.144	294.144
19.2896	294.127	294.127
19.3015	294.111	294.111
19.3135	294.095	294.095
19.3254	294.079	294.079
19.3373	294.063	294.063
19.3493	294.047	294.047
19.3612	294.032	294.032
19.3731	294.017	294.017
19.3851	294.002	294.002
19.397	293.987	293.987
19.4089	293.972	293.972
19.4209	293.958	293.958
19.4328	293.943	293.943
19.4448	293.929	293.929
19.4567	293.915	293.915
19.4686	293.902	293.902
19.4806	293.888	293.888
19.4925	293.875	293.875
19.5044	293.861	293.861
19.5164	293.848	293.848
19.5283	293.835	293.835
19.5402	293.823	293.823
19.5522	293.81	293.81
19.5641	293.798	293.798
19.5761	293.785	293.785
19.588	293.773	293.773
19.5999	293.761	293.761
19.6119	293.749	293.749
19.6238	293.738	293.738
19.6357	293.726	293.726
19.6477	293.715	293.715
19.6596	293.704	293.704
19.6716	293.693	293.693
19.6835	293.682	293.682
19.6954	293.671	293.671
19.7074	293.66	293.66
19.7193	293.65	293.65
19.7312	293.64	293.64
19.7432	293.629	293.629
19.7551	293.619	293.619
19.767	293.61	293.609
19.779	293.6	293.6
19.7909	293.59	293.59
19.8029	293.581	293.58
19.8148	293.571	293.571
19.8267	293.562	293.562
19.8387	293.553	293.553
19.8506	293.544	293.544
19.8625	293.535	293.535
19.8745	293.526	293.526
19.8864	293.517	293.517
19.8983	293.509	293.509
19.9103	293.5	293.5
19.9222	293.492	293.492
19.9342	293.484	293.484
19.9461	293.476	293.476
19.958	293.468	293.468
19.97	293.46	293.46
19.9819	293.452	293.452
19.9938	293.445	293.445
20.0058	293.437	293.437
20.0177	293.43	293.43
20.0296	293.423	293.423
20.0416	293.415	293.415
20.0535	293.408	293.408
20.0655	293.401	293.401
20.0774	293.395	293.394
20.0893	293.388	293.388
20.1013	293.381	293.381
20.1132	293.374	293.374
20.1251	293.368	293.368
20.1371	293.362	293.362
20.149	293.355	293.355
20.161	293.349	293.349
20.1729	293.343	293.343
20.1848	293.337	293.337
20.1968	293.331	293.331
20.2087	293.325	293.325
20.2206	293.319	293.319
20.2326	293.314	293.314
20.2445	293.308	293.308
20.2564	293.303	293.303
20.2684	293.297	293.297
20.2803	293.292	293.292
20.2923	293.287	293.287
20.3042	293.281	293.281
20.3161	293.276	293.276
20.3281	293.271	293.271
20.34	293.266	293.266
20.3519	293.262	293.262
20.3639	293.257	293.257
20.3758	293.252	293.252
20.3877	293.247	293.247
20.3997	293.243	293.243
20.4116	293.238	293.238
20.4236	293.234	293.234
20.4355	293.23	293.23
20.4474	293.225	293.225
20.4594	293.221	293.221
20.4713	293.217	293.217
20.4832	293.213	293.213
20.4952	293.209	293.209
20.5071	293.205	293.205
20.5191	293.201	293.201
20.531	293.197	293.197
20.5429	293.193	293.193
20.5549	293.19	293.19
20.5668	293.186	293.186
20.5787	293.183	293.183
20.5907	293.179	293.179
20.6026	293.176	293.176
20.6145	293.172	293.172
20.6265	293.169	293.169
20.6384	293.166	293.166
20.6504	293.162	293.162
20.6623	293.159	293.159
20.6742	293.156	293.156
20.6862	293.153	293.153
20.6981	293.15	293.15
20.71	293.147	293.147
20.722	293.144	293.144
20.7339	293.141	293.141
20.7458	293.138	293.138
20.7578	293.136	293.136
20.7697	293.133	293.133
20.7817	293.13	293.13
20.7936	293.127	293.127
20.8055	293.125	293.125
20.8175	293.122	293.122
20.8294	293.12	293.12
20.8413	293.117	293.117
20.8533	293.115	293.115
20.8652	293.113	293.113
20.8771	293.11	293.11
20.8891	293.108	293.108
20.901	293.106	293.106
20.913	293.104	293.104
20.9249	293.101	293.101
20.9368	293.099	293.099
20.9488	293.097	293.097
20.9607	293.095	293.095
20.9726	293.093	293.093
20.9846	293.091	293.091
20.9965	293.089	293.089
21.0085	293.087	293.087
21.0204	293.085	293.085
21.0323	293.084	293.084
21.0443	293.082	293.082
21.0562	293.08	293.08
21.0681	293.078	293.078
21.0801	293.077	293.077
21.092	293.075	293.075
21.1039	293.073	293.073
21.1159	293.072	293.072
21.1278	293.07	293.07
21.1398	293.069	293.069
21.1517	293.067	293.067
21.1636	293.066	293.066
21.1756	293.064	293.064
21.1875	293.063	293.063
21.1994	293.061	293.061
21.2114	293.06	293.06
21.2233	293.059	293.058
21.2352	293.057	293.057
21.2472	293.056	293.056
21.2591	293.055	293.055
21.2711	293.053	293.053
21.283	293.052	293.052
21.2949	293.051	293.051
21.3069	293.05	293.05
21.3188	293.049	293.049
21.3307	293.047	293.047
21.3427	293.046	293.046
21.3546	293.045	293.045
21.3666	293.044	293.044
21.3785	293.043	293.043
21.3904	293.042	293.042
21.4024	293.041	293.041
21.4143	293.04	293.04
21.4262	293.039	293.039
21.4382	293.038	293.038
21.4501	293.037	293.037
21.462	293.036	293.036
21.474	293.036	293.036
21.4859	293.035	293.035
21.4979	293.034	293.034
21.5098	293.033	293.033
21.5217	293.032	293.032
21.5337	293.031	293.031
21.5456	293.031	293.031
21.5575	293.03	293.03
21.5695	293.029	293.029
21.5814	293.028	293.028
21.5933	293.028	293.028
21.6053	293.027	293.027
21.6172	293.026	293.026
21.6292	293.026	293.026
21.6411	293.025	293.025
21.653	293.024	293.024
21.665	293.024	293.024
21.6769	293.023	293.023
21.6888	293.023	293.023
21.7008	293.022	293.022
21.7127	293.021	293.021
21.7246	293.021	293.021
21.7366	293.02	293.02
21.7485	293.02	293.02
21.7605	293.019	293.019
21.7724	293.019	293.019
21.7843	293.018	293.018
21.7963	293.018	293.018
21.8082	293.017	293.017
21.8201	293.017	293.017
21.8321	293.016	293.016
21.844	293.016	293.016
21.856	293.016	293.016
21.8679	293.015	293.015
21.8798	293.015	293.015
21.8918	293.014	293.014
21.9037	293.014	293.014
21.9156	293.014	293.014
21.9276	293.013	293.013
21.9395	293.013	293.013
21.9514	293.012	293.012
21.9634	293.012	293.012
21.9753	293.012	293.012
21.9873	293.011	293.011
21.9992	293.011	293.011
22.0111	293.011	293.011
22.0231	293.01	293.01
22.035	293.01	293.01
22.0469	293.01	293.01
22.0589	293.01	293.01
22.0708	293.009	293.009
22.0827	293.009	293.009
22.0947	293.009	293.009
22.1066	293.009	293.009
22.1186	293.008	293.008
22.1305	293.008	293.008
22.1424	293.008	293.008
22.1544	293.008	293.008
22.1663	293.007	293.007
22.1782	293.007	293.007
22.1902	293.007	293.007
22.2021	293.007	293.007
22.2141	293.006	293.006
22.226	293.006	293.006
22.2379	293.006	293.006
22.2499	293.006	293.006
22.2618	293.006	293.006
22.2737	293.006	293.006
22.2857	293.005	293.005
22.2976	293.005	293.005
22.3095	293.005	293.005
22.3215	293.005	293.005
22.3334	293.005	293.005
22.3454	293.005	293.005
22.3573	293.004	293.004
22.3692	293.004	293.004
22.3812	293.004	293.004
22.3931	293.004	293.004
22.405	293.004	293.004
22.417	293.004	293.004
22.4289	293.004	293.004
22.4408	293.004	293.003
22.4528	293.003	293.003
22.4647	293.003	293.003
22.4767	293.003	293.003
22.4886	293.003	293.003
22.5005	293.003	293.003
22.5125	293.003	293.003
22.5244	293.003	293.003
22.5363	293.003	293.003
22.5483	293.003	293.003
22.5602	293.002	293.002
22.5721	293.002	293.002
22.5841	293.002	293.002
22.596	293.002	293.002
22.608	293.002	293.002
22.6199	293.002	293.002
22.6318	293.002	293.002
22.6438	293.002	293.002
22.6557	293.002	293.002
22.6676	293.002	293.002
22.6796	293.002	293.002
22.6915	293.002	293.002
22.7035	293.002	293.002
22.7154	293.002	293.002
22.7273	293.001	293.001
22.7393	293.001	293.001
22.7512	293.001	293.001
22.7631	293.001	293.001
22.7751	293.001	293.001
22.787	293.001	293.001
22.7989	293.001	293.001
22.8109	293.001	293.001
22.8228	293.001	293.001
22.8348	293.001	293.001
22.8467	293.001	293.001
22.8586	293.001	293.001
22.8706	293.001	293.001
22.8825	293.001	293.001
22.8944	293.001	293.001
22.9064	293.001	293.001
22.9183	293.001	293.001
22.9302	293.001	293.001
22.9422	293.001	293.001
22.9541	293.001	293.001
22.9661	293.001	293.001
22.978	293.001	293.001
22.9899	293.001	293.001
23.0019	293.001	293.001
23.0138	293.001	293.001
23.0257	293.001	293.001
23.0377	293.001	293.001
23.0496	293	293
23.0616	293	293
23.0735	293	293
23.0854	293	293
23.0974	293	293
23.1093	293	293
23.1212	293	293
23.1332	293	293
23.1451	293	293
23.157	293	293
23.169	293	293
23.1809	293	293
23.1929	293	293
23.2048	293	293
23.2167	293	293
23.2287	293	293
23.2406	293	293
23.2525	293	293
23.2645	293	293
23.2764	293	293
23.2883	293	293
23.3003	293	293
23.3122	293	293
23.3242	293	293
23.3361	293	293
23.348	293	293
23.36	293	293
23.3719	293	293
23.3838	293	293
23.3958	293	293
23.4077	293	293
23.4196	293	293
23.4316	293	293
23.4435	293	293
23.4555	293	293
23.4674	293	293
23.4793	293	293
23.4913	293	293
23.5032	293	293
23.5151	293	293
23.5271	293	293
23.539	293	293
23.551	293	293
23.5629	293	293
23.5748	293	293
23.5868	293	293
23.5987	293	293
23.6106	293	293
23.6226	293	293
23.6345	293	293
23.6464	293	293
23.6584	293	293
23.6703	293	293
23.6823	293	293
23.6942	293	293
23.7061	293	293
23.7181	293	293
23.73	293	293
23.7419	293	293
23.7539	293	293
23.7658	293	293
23.7777	293	293
23.7897	293	293
23.8016	293	293
23.8136	293	293
23.8255	293	293
23.8374	293	293
23.8494	293	293
23.8613	293	293
23.8732	293	293
