0	785.29	785.298
0.0119366	785.279	785.287
0.0238732	785.246	785.254
0.0358099	785.191	785.199
0.0477465	785.115	785.123
0.0596831	785.019	785.026
0.0716197	784.903	784.91
0.0835563	784.768	784.775
0.095493	784.615	784.621
0.10743	784.446	784.452
0.119366	784.261	784.266
0.131303	784.062	784.067
0.143239	783.85	783.855
0.155176	783.626	783.63
0.167113	783.392	783.396
0.179049	783.149	783.152
0.190986	782.897	782.9
0.202923	782.638	782.64
0.214859	782.373	782.375
0.226796	782.102	782.104
0.238732	781.826	781.828
0.250669	781.547	781.548
0.262606	781.264	781.265
0.274542	780.978	780.979
0.286479	780.69	780.691
0.298416	780.399	780.4
0.310352	780.107	780.108
0.322289	779.814	779.814
0.334225	779.519	779.519
0.346162	779.223	779.223
0.358099	778.926	778.926
0.370035	778.628	778.629
0.381972	778.33	778.33
0.393908	778.031	778.031
0.405845	777.731	777.731
0.417782	777.431	777.431
0.429718	777.13	777.13
0.441655	776.829	776.829
0.453592	776.527	776.527
0.465528	776.225	776.225
0.477465	775.922	775.922
0.489401	775.619	775.619
0.501338	775.315	775.315
0.513275	775.011	775.011
0.525211	774.707	774.707
0.537148	774.402	774.402
0.549085	774.096	774.097
0.561021	773.791	773.791
0.572958	773.484	773.484
0.584894	773.178	773.178
0.596831	772.871	772.871
0.608768	772.563	772.563
0.620704	772.255	772.255
0.632641	771.947	771.947
0.644578	771.638	771.638
0.656514	771.329	771.329
0.668451	771.019	771.019
0.680387	770.709	770.709
0.692324	770.399	770.399
0.704261	770.088	770.088
0.716197	769.777	769.777
0.728134	769.465	769.465
0.74007	769.153	769.153
0.752007	768.84	768.841
0.763944	768.528	768.528
0.77588	768.214	768.214
0.787817	767.901	767.901
0.799754	767.586	767.587
0.81169	767.272	767.272
0.823627	766.957	766.957
0.835563	766.642	766.642
0.8475	766.326	766.326
0.859437	766.01	766.01
0.871373	765.693	765.693
0.88331	765.376	765.376
0.895247	765.059	765.059
0.907183	764.741	764.741
0.91912	764.423	764.423
0.931056	764.105	764.105
0.942993	763.786	763.786
0.95493	763.467	763.467
0.966866	763.147	763.147
0.978803	762.827	762.827
0.99074	762.506	762.507
1.00268	762.186	762.186
1.01461	761.864	761.864
1.02655	761.543	761.543
1.03849	761.221	761.221
1.05042	760.898	760.899
1.06236	760.576	760.576
1.0743	760.253	760.253
1.08623	759.929	759.929
1.09817	759.605	759.605
1.11011	759.281	759.281
1.12204	758.956	758.957
1.13398	758.631	758.632
1.14592	758.306	758.306
1.15785	757.98	757.98
1.16979	757.654	757.654
1.18173	757.328	757.328
1.19366	757.001	757.001
1.2056	756.674	756.674
1.21754	756.346	756.346
1.22947	756.018	756.019
1.24141	755.69	755.69
1.25335	755.361	755.362
1.26528	755.032	755.033
1.27722	754.703	754.703
1.28916	754.373	754.374
1.30109	754.043	754.044
1.31303	753.713	753.713
1.32496	753.382	753.382
1.3369	753.051	753.051
1.34884	752.72	752.72
1.36077	752.388	752.388
1.37271	752.056	752.056
1.38465	751.723	751.723
1.39658	751.39	751.391
1.40852	751.057	751.057
1.42046	750.724	750.724
1.43239	750.39	750.39
1.44433	750.056	750.056
1.45627	749.721	749.721
1.4682	749.386	749.386
1.48014	749.051	749.051
1.49208	748.715	748.716
1.50401	748.38	748.38
1.51595	748.043	748.043
1.52789	747.707	747.707
1.53982	747.37	747.37
1.55176	747.033	747.033
1.5637	746.695	746.695
1.57563	746.357	746.357
1.58757	746.019	746.019
1.59951	745.681	745.681
1.61144	745.342	745.342
1.62338	745.003	745.003
1.63532	744.663	744.663
1.64725	744.323	744.324
1.65919	743.983	743.983
1.67113	743.643	743.643
1.68306	743.302	743.302
1.695	742.961	742.961
1.70694	742.62	742.62
1.71887	742.278	742.278
1.73081	741.936	741.936
1.74275	741.594	741.594
1.75468	741.251	741.251
1.76662	740.908	740.909
1.77856	740.565	740.565
1.79049	740.222	740.222
1.80243	739.878	739.878
1.81437	739.534	739.534
1.8263	739.189	739.19
1.83824	738.845	738.845
1.85018	738.5	738.5
1.86211	738.154	738.155
1.87405	737.809	737.809
1.88599	737.463	737.463
1.89792	737.117	737.117
1.90986	736.77	736.77
1.9218	736.424	736.424
1.93373	736.077	736.077
1.94567	735.729	735.729
1.95761	735.382	735.382
1.96954	735.034	735.034
1.98148	734.686	734.686
1.99342	734.337	734.337
2.00535	733.988	733.988
2.01729	733.639	733.639
2.02923	733.29	733.29
2.04116	732.94	732.941
2.0531	732.591	732.591
2.06504	732.241	732.241
2.07697	731.89	731.89
2.08891	731.539	731.54
2.10085	731.189	731.189
2.11278	730.837	730.837
2.12472	730.486	730.486
2.13666	730.134	730.134
2.14859	729.782	729.782
2.16053	729.43	729.43
2.17246	729.077	729.077
2.1844	728.724	728.725
2.19634	728.371	728.372
2.20827	728.018	728.018
2.22021	727.665	727.665
2.23215	727.311	727.311
2.24408	726.957	726.957
2.25602	726.602	726.602
2.26796	726.248	726.248
2.27989	725.893	725.893
2.29183	725.538	725.538
2.30377	725.182	725.182
2.3157	724.827	724.827
2.32764	724.471	724.471
2.33958	724.115	724.115
2.35151	723.759	723.759
2.36345	723.402	723.402
2.37539	723.045	723.045
2.38732	722.688	722.688
2.39926	722.331	722.331
2.4112	721.973	721.973
2.42313	721.615	721.616
2.43507	721.257	721.258
2.44701	720.899	720.899
2.45894	720.541	720.541
2.47088	720.182	720.182
2.48282	719.823	719.823
2.49475	719.464	719.464
2.50669	719.105	719.105
2.51863	718.745	718.745
2.53056	718.385	718.385
2.5425	718.025	718.025
2.55444	717.665	717.665
2.56637	717.304	717.304
2.57831	716.943	716.943
2.59025	716.582	716.582
2.60218	716.221	716.221
2.61412	715.86	715.86
2.62606	715.498	715.498
2.63799	715.136	715.136
2.64993	714.774	714.774
2.66187	714.412	714.412
2.6738	714.05	714.05
2.68574	713.687	713.687
2.69768	713.324	713.324
2.70961	712.961	712.961
2.72155	712.597	712.598
2.73349	712.234	712.234
2.74542	711.87	711.87
2.75736	711.506	711.506
2.7693	711.142	711.142
2.78123	710.778	710.778
2.79317	710.413	710.413
2.80511	710.048	710.049
2.81704	709.684	709.684
2.82898	709.318	709.318
2.84092	708.953	708.953
2.85285	708.588	708.588
2.86479	708.222	708.222
2.87673	707.856	707.856
2.88866	707.49	707.49
2.9006	707.123	707.124
2.91254	706.757	706.757
2.92447	706.39	706.39
2.93641	706.023	706.023
2.94835	705.656	705.656
2.96028	705.289	705.289
2.97222	704.922	704.922
2.98416	704.554	704.554
2.99609	704.186	704.186
3.00803	703.818	703.818
3.01997	703.45	703.45
3.0319	703.082	703.082
3.04384	702.713	702.713
3.05577	702.345	702.345
3.06771	701.976	701.976
3.07965	701.607	701.607
3.09158	701.238	701.238
3.10352	700.868	700.868
3.11546	700.499	700.499
3.12739	700.129	700.129
3.13933	699.759	699.759
3.15127	699.389	699.389
3.1632	699.019	699.019
3.17514	698.648	698.648
3.18708	698.278	698.278
3.19901	697.907	697.907
3.21095	697.536	697.536
3.22289	697.165	697.165
3.23482	696.794	696.794
3.24676	696.423	696.423
3.2587	696.051	696.051
3.27063	695.679	695.679
3.28257	695.307	695.308
3.29451	694.935	694.936
3.30644	694.563	694.563
3.31838	694.191	694.191
3.33032	693.819	693.819
3.34225	693.446	693.446
3.35419	693.073	693.073
3.36613	692.7	692.7
3.37806	692.327	692.327
3.39	691.954	691.954
3.40194	691.581	691.581
3.41387	691.207	691.207
3.42581	690.834	690.834
3.43775	690.46	690.46
3.44968	690.086	690.086
3.46162	689.712	689.712
3.47356	689.338	689.338
3.48549	688.963	688.963
3.49743	688.589	688.589
3.50937	688.214	688.214
3.5213	687.839	687.84
3.53324	687.465	687.465
3.54518	687.09	687.09
3.55711	686.714	686.714
3.56905	686.339	686.339
3.58099	685.964	685.964
3.59292	685.588	685.588
3.60486	685.212	685.213
3.6168	684.837	684.837
3.62873	684.461	684.461
3.64067	684.085	684.085
3.65261	683.708	683.709
3.66454	683.332	683.332
3.67648	682.956	682.956
3.68842	682.579	682.579
3.70035	682.202	682.203
3.71229	681.826	681.826
3.72423	681.449	681.449
3.73616	681.072	681.072
3.7481	680.695	680.695
3.76004	680.317	680.317
3.77197	679.94	679.94
3.78391	679.562	679.562
3.79585	679.185	679.185
3.80778	678.807	678.807
3.81972	678.429	678.429
3.83166	678.051	678.051
3.84359	677.673	677.673
3.85553	677.295	677.295
3.86747	676.917	676.917
3.8794	676.538	676.538
3.89134	676.16	676.16
3.90327	675.781	675.781
3.91521	675.402	675.402
3.92715	675.023	675.023
3.93908	674.645	674.645
3.95102	674.265	674.266
3.96296	673.886	673.886
3.97489	673.507	673.507
3.98683	673.128	673.128
3.99877	672.748	672.748
4.0107	672.369	672.369
4.02264	671.989	671.989
4.03458	671.609	671.609
4.04651	671.229	671.229
4.05845	670.85	670.85
4.07039	670.469	670.47
4.08232	670.089	670.089
4.09426	669.709	669.709
4.1062	669.329	669.329
4.11813	668.948	668.948
4.13007	668.568	668.568
4.14201	668.187	668.187
4.15394	667.807	667.807
4.16588	667.426	667.426
4.17782	667.045	667.045
4.18975	666.664	666.664
4.20169	666.283	666.283
4.21363	665.902	665.902
4.22556	665.521	665.521
4.2375	665.139	665.139
4.24944	664.758	664.758
4.26137	664.376	664.377
4.27331	663.995	663.995
4.28525	663.613	663.613
4.29718	663.232	663.232
4.30912	662.85	662.85
4.32106	662.468	662.468
4.33299	662.086	662.086
4.34493	661.704	661.704
4.35687	661.322	661.322
4.3688	660.94	660.94
4.38074	660.557	660.557
4.39268	660.175	660.175
4.40461	659.793	659.793
4.41655	659.41	659.41
4.42849	659.028	659.028
4.44042	658.645	658.645
4.45236	658.262	658.262
4.4643	657.88	657.88
4.47623	657.497	657.497
4.48817	657.114	657.114
4.50011	656.731	656.731
4.51204	656.348	656.348
4.52398	655.965	655.965
4.53592	655.582	655.582
4.54785	655.198	655.198
4.55979	654.815	654.815
4.57173	654.432	654.432
4.58366	654.048	654.048
4.5956	653.665	653.665
4.60754	653.281	653.281
4.61947	652.897	652.898
4.63141	652.514	652.514
4.64335	652.13	652.13
4.65528	651.746	651.746
4.66722	651.362	651.362
4.67916	650.978	650.978
4.69109	650.594	650.594
4.70303	650.21	650.21
4.71497	649.826	649.826
4.7269	649.442	649.442
4.73884	649.058	649.058
4.75078	648.674	648.674
4.76271	648.289	648.289
4.77465	647.905	647.905
4.78658	647.52	647.52
4.79852	647.136	647.136
4.81046	646.751	646.751
4.82239	646.367	646.367
4.83433	645.982	645.982
4.84627	645.597	645.597
4.8582	645.213	645.213
4.87014	644.828	644.828
4.88208	644.443	644.443
4.89401	644.058	644.058
4.90595	643.673	643.673
4.91789	643.288	643.288
4.92982	642.903	642.903
4.94176	642.518	642.518
4.9537	642.133	642.133
4.96563	641.748	641.748
4.97757	641.362	641.362
4.98951	640.977	640.977
5.00144	640.592	640.592
5.01338	640.206	640.206
5.02532	639.821	639.821
5.03725	639.436	639.436
5.04919	639.05	639.05
5.06113	638.665	638.665
5.07306	638.279	638.279
5.085	637.893	637.893
5.09694	637.508	637.508
5.10887	637.122	637.122
5.12081	636.736	636.736
5.13275	636.35	636.35
5.14468	635.965	635.965
5.15662	635.579	635.579
5.16856	635.193	635.193
5.18049	634.807	634.807
5.19243	634.421	634.421
5.20437	634.035	634.035
5.2163	633.649	633.649
5.22824	633.263	633.263
5.24018	632.877	632.877
5.25211	632.491	632.491
5.26405	632.104	632.104
5.27599	631.718	631.718
5.28792	631.332	631.332
5.29986	630.946	630.946
5.3118	630.559	630.559
5.32373	630.173	630.173
5.33567	629.787	629.787
5.34761	629.4	629.4
5.35954	629.014	629.014
5.37148	628.627	628.627
5.38342	628.241	628.241
5.39535	627.854	627.854
5.40729	627.468	627.468
5.41923	627.081	627.081
5.43116	626.694	626.694
5.4431	626.308	626.308
5.45504	625.921	625.921
5.46697	625.534	625.534
5.47891	625.148	625.148
5.49085	624.761	624.761
5.50278	624.374	624.374
5.51472	623.987	623.987
5.52666	623.6	623.6
5.53859	623.214	623.214
5.55053	622.827	622.827
5.56247	622.44	622.44
5.5744	622.053	622.053
5.58634	621.666	621.666
5.59828	621.279	621.279
5.61021	620.892	620.892
5.62215	620.505	620.505
5.63408	620.118	620.118
5.64602	619.731	619.731
5.65796	619.344	619.344
5.66989	618.956	618.956
5.68183	618.569	618.569
5.69377	618.182	618.182
5.7057	617.795	617.795
5.71764	617.408	617.408
5.72958	617.02	617.02
5.74151	616.633	616.633
5.75345	616.246	616.246
5.76539	615.859	615.859
5.77732	615.471	615.471
5.78926	615.084	615.084
5.8012	614.697	614.697
5.81313	614.309	614.309
5.82507	613.922	613.922
5.83701	613.534	613.534
5.84894	613.147	613.147
5.86088	612.759	612.759
5.87282	612.372	612.372
5.88475	611.985	611.985
5.89669	611.597	611.597
5.90863	611.209	611.209
5.92056	610.822	610.822
5.9325	610.434	610.434
5.94444	610.047	610.047
5.95637	609.659	609.659
5.96831	609.272	609.272
5.98025	608.884	608.884
5.99218	608.496	608.496
6.00412	608.109	608.109
6.01606	607.721	607.721
6.02799	607.333	607.333
6.03993	606.946	606.946
6.05187	606.558	606.558
6.0638	606.17	606.17
6.07574	605.782	605.782
6.08768	605.395	605.395
6.09961	605.007	605.007
6.11155	604.619	604.619
6.12349	604.231	604.231
6.13542	603.843	603.843
6.14736	603.455	603.455
6.1593	603.068	603.068
6.17123	602.68	602.68
6.18317	602.292	602.292
6.19511	601.904	601.904
6.20704	601.516	601.516
6.21898	601.128	601.128
6.23092	600.74	600.74
6.24285	600.352	600.352
6.25479	599.964	599.964
6.26673	599.576	599.576
6.27866	599.188	599.188
6.2906	598.8	598.8
6.30254	598.412	598.412
6.31447	598.024	598.024
6.32641	597.636	597.636
6.33835	597.248	597.248
6.35028	596.86	596.86
6.36222	596.472	596.472
6.37416	596.084	596.084
6.38609	595.696	595.696
6.39803	595.308	595.308
6.40997	594.92	594.92
6.4219	594.531	594.531
6.43384	594.143	594.143
6.44578	593.755	593.755
6.45771	593.367	593.367
6.46965	592.979	592.979
6.48159	592.59	592.591
6.49352	592.202	592.202
6.50546	591.814	591.814
6.51739	591.426	591.426
6.52933	591.038	591.038
6.54127	590.649	590.649
6.5532	590.261	590.261
6.56514	589.873	589.873
6.57708	589.484	589.484
6.58901	589.096	589.096
6.60095	588.708	588.708
6.61289	588.319	588.32
6.62482	587.931	587.931
6.63676	587.543	587.543
6.6487	587.154	587.154
6.66063	586.766	586.766
6.67257	586.378	586.378
6.68451	585.989	585.989
6.69644	585.601	585.601
6.70838	585.212	585.212
6.72032	584.824	584.824
6.73225	584.436	584.436
6.74419	584.047	584.047
6.75613	583.659	583.659
6.76806	583.27	583.27
6.78	582.882	582.882
6.79194	582.493	582.493
6.80387	582.105	582.105
6.81581	581.716	581.716
6.82775	581.328	581.328
6.83968	580.939	580.939
6.85162	580.55	580.55
6.86356	580.162	580.162
6.87549	579.773	579.773
6.88743	579.385	579.385
6.89937	578.996	578.996
6.9113	578.607	578.607
6.92324	578.219	578.219
6.93518	577.83	577.83
6.94711	577.441	577.441
6.95905	577.053	577.053
6.97099	576.664	576.664
6.98292	576.275	576.275
6.99486	575.887	575.887
7.0068	575.498	575.498
7.01873	575.109	575.109
7.03067	574.72	574.72
7.04261	574.332	574.332
7.05454	573.943	573.943
7.06648	573.554	573.554
7.07842	573.165	573.165
7.09035	572.776	572.776
7.10229	572.387	572.387
7.11423	571.999	571.999
7.12616	571.61	571.61
7.1381	571.221	571.221
7.15004	570.832	570.832
7.16197	570.443	570.443
7.17391	570.054	570.054
7.18585	569.665	569.665
7.19778	569.276	569.276
7.20972	568.887	568.887
7.22166	568.498	568.498
7.23359	568.109	568.109
7.24553	567.72	567.72
7.25747	567.331	567.331
7.2694	566.942	566.942
7.28134	566.553	566.553
7.29328	566.164	566.164
7.30521	565.775	565.775
7.31715	565.386	565.386
7.32909	564.997	564.997
7.34102	564.607	564.607
7.35296	564.218	564.218
7.36489	563.829	563.829
7.37683	563.44	563.44
7.38877	563.051	563.051
7.4007	562.661	562.661
7.41264	562.272	562.272
7.42458	561.883	561.883
7.43651	561.493	561.493
7.44845	561.104	561.104
7.46039	560.715	560.715
7.47232	560.325	560.325
7.48426	559.936	559.936
7.4962	559.547	559.547
7.50813	559.157	559.157
7.52007	558.768	558.768
7.53201	558.378	558.378
7.54394	557.989	557.989
7.55588	557.599	557.599
7.56782	557.21	557.21
7.57975	556.82	556.82
7.59169	556.431	556.431
7.60363	556.041	556.041
7.61556	555.652	555.652
7.6275	555.262	555.262
7.63944	554.872	554.872
7.65137	554.483	554.483
7.66331	554.093	554.093
7.67525	553.703	553.703
7.68718	553.314	553.314
7.69912	552.924	552.924
7.71106	552.534	552.534
7.72299	552.144	552.144
7.73493	551.755	551.755
7.74687	551.365	551.365
7.7588	550.975	550.975
7.77074	550.585	550.585
7.78268	550.195	550.195
7.79461	549.805	549.805
7.80655	549.415	549.415
7.81849	549.025	549.025
7.83042	548.635	548.635
7.84236	548.245	548.245
7.8543	547.855	547.855
7.86623	547.465	547.465
7.87817	547.075	547.075
7.89011	546.685	546.685
7.90204	546.295	546.295
7.91398	545.904	545.904
7.92592	545.514	545.514
7.93785	545.124	545.124
7.94979	544.734	544.734
7.96173	544.343	544.343
7.97366	543.953	543.953
7.9856	543.563	543.563
7.99754	543.172	543.172
8.00947	542.782	542.782
8.02141	542.392	542.392
8.03335	542.001	542.001
8.04528	541.611	541.611
8.05722	541.22	541.22
8.06916	540.829	540.829
8.08109	540.439	540.439
8.09303	540.048	540.048
8.10497	539.658	539.658
8.1169	539.267	539.267
8.12884	538.876	538.876
8.14078	538.486	538.486
8.15271	538.095	538.095
8.16465	537.704	537.704
8.17659	537.313	537.313
8.18852	536.922	536.922
8.20046	536.532	536.532
8.2124	536.141	536.141
8.22433	535.75	535.75
8.23627	535.359	535.359
8.2482	534.968	534.968
8.26014	534.577	534.577
8.27208	534.186	534.186
8.28401	533.794	533.794
8.29595	533.403	533.403
8.30789	533.012	533.012
8.31982	532.621	532.621
8.33176	532.23	532.23
8.3437	531.838	531.838
8.35563	531.447	531.447
8.36757	531.056	531.056
8.37951	530.664	530.664
8.39144	530.273	530.273
8.40338	529.882	529.882
8.41532	529.49	529.49
8.42725	529.099	529.099
8.43919	528.707	528.707
8.45113	528.315	528.315
8.46306	527.924	527.924
8.475	527.532	527.532
8.48694	527.141	527.141
8.49887	526.749	526.749
8.51081	526.357	526.357
8.52275	525.965	525.965
8.53468	525.573	525.573
8.54662	525.182	525.182
8.55856	524.79	524.79
8.57049	524.398	524.398
8.58243	524.006	524.006
8.59437	523.614	523.614
8.6063	523.222	523.222
8.61824	522.83	522.83
8.63018	522.437	522.437
8.64211	522.045	522.045
8.65405	521.653	521.653
8.66599	521.261	521.261
8.67792	520.869	520.869
8.68986	520.476	520.476
8.7018	520.084	520.084
8.71373	519.691	519.691
8.72567	519.299	519.299
8.73761	518.907	518.907
8.74954	518.514	518.514
8.76148	518.121	518.121
8.77342	517.729	517.729
8.78535	517.336	517.336
8.79729	516.944	516.944
8.80923	516.551	516.551
8.82116	516.158	516.158
8.8331	515.765	515.765
8.84504	515.373	515.373
8.85697	514.98	514.98
8.86891	514.587	514.587
8.88085	514.194	514.194
8.89278	513.801	513.801
8.90472	513.408	513.408
8.91666	513.015	513.015
8.92859	512.622	512.622
8.94053	512.228	512.228
8.95247	511.835	511.835
8.9644	511.442	511.442
8.97634	511.049	511.049
8.98828	510.656	510.656
9.00021	510.262	510.262
9.01215	509.869	509.869
9.02409	509.475	509.475
9.03602	509.082	509.082
9.04796	508.688	508.688
9.0599	508.295	508.295
9.07183	507.901	507.901
9.08377	507.508	507.508
9.0957	507.114	507.114
9.10764	506.72	506.72
9.11958	506.327	506.327
9.13151	505.933	505.933
9.14345	505.539	505.539
9.15539	505.145	505.145
9.16732	504.751	504.751
9.17926	504.357	504.357
9.1912	503.963	503.963
9.20313	503.569	503.569
9.21507	503.175	503.175
9.22701	502.781	502.781
9.23894	502.387	502.387
9.25088	501.993	501.993
9.26282	501.598	501.598
9.27475	501.204	501.204
9.28669	500.81	500.81
9.29863	500.416	500.416
9.31056	500.021	500.021
9.3225	499.627	499.627
9.33444	499.232	499.232
9.34637	498.838	498.838
9.35831	498.443	498.443
9.37025	498.049	498.049
9.38218	497.654	497.654
9.39412	497.259	497.259
9.40606	496.865	496.865
9.41799	496.47	496.47
9.42993	496.075	496.075
9.44187	495.68	495.681
9.4538	495.286	495.286
9.46574	494.891	494.891
9.47768	494.496	494.496
9.48961	494.101	494.101
9.50155	493.706	493.706
9.51349	493.311	493.311
9.52542	492.916	492.916
9.53736	492.521	492.521
9.5493	492.126	492.126
9.56123	491.731	491.731
9.57317	491.335	491.335
9.58511	490.94	490.94
9.59704	490.545	490.545
9.60898	490.15	490.15
9.62092	489.754	489.754
9.63285	489.359	489.359
9.64479	488.964	488.964
9.65673	488.568	488.568
9.66866	488.173	488.173
9.6806	487.777	487.777
9.69254	487.382	487.382
9.70447	486.986	486.986
9.71641	486.591	486.591
9.72835	486.195	486.195
9.74028	485.799	485.799
9.75222	485.404	485.404
9.76416	485.008	485.008
9.77609	484.612	484.612
9.78803	484.217	484.217
9.79997	483.821	483.821
9.8119	483.425	483.425
9.82384	483.029	483.029
9.83578	482.633	482.633
9.84771	482.238	482.238
9.85965	481.842	481.842
9.87159	481.446	481.446
9.88352	481.05	481.05
9.89546	480.654	480.654
9.9074	480.258	480.258
9.91933	479.862	479.862
9.93127	479.466	479.466
9.94321	479.07	479.07
9.95514	478.674	478.674
9.96708	478.278	478.278
9.97901	477.881	477.881
9.99095	477.485	477.485
10.0029	477.089	477.089
10.0148	476.693	476.693
10.0268	476.297	476.297
10.0387	475.901	475.901
10.0506	475.504	475.504
10.0626	475.108	475.108
10.0745	474.712	474.712
10.0864	474.316	474.316
10.0984	473.919	473.919
10.1103	473.523	473.523
10.1223	473.127	473.127
10.1342	472.731	472.731
10.1461	472.334	472.334
10.1581	471.938	471.938
10.17	471.542	471.542
10.1819	471.145	471.145
10.1939	470.749	470.749
10.2058	470.353	470.353
10.2177	469.956	469.956
10.2297	469.56	469.56
10.2416	469.164	469.164
10.2536	468.767	468.767
10.2655	468.371	468.371
10.2774	467.975	467.975
10.2894	467.578	467.578
10.3013	467.182	467.182
10.3132	466.785	466.785
10.3252	466.389	466.389
10.3371	465.993	465.993
10.3491	465.596	465.596
10.361	465.2	465.2
10.3729	464.804	464.804
10.3849	464.407	464.407
10.3968	464.011	464.011
10.4087	463.615	463.615
10.4207	463.218	463.218
10.4326	462.822	462.822
10.4445	462.426	462.426
10.4565	462.03	462.03
10.4684	461.633	461.633
10.4804	461.237	461.237
10.4923	460.841	460.841
10.5042	460.445	460.445
10.5162	460.049	460.049
10.5281	459.652	459.652
10.54	459.256	459.256
10.552	458.86	458.86
10.5639	458.464	458.464
10.5758	458.068	458.068
10.5878	457.672	457.672
10.5997	457.276	457.276
10.6117	456.88	456.88
10.6236	456.484	456.484
10.6355	456.088	456.088
10.6475	455.692	455.692
10.6594	455.296	455.296
10.6713	454.901	454.901
10.6833	454.505	454.505
10.6952	454.109	454.109
10.7071	453.713	453.713
10.7191	453.318	453.318
10.731	452.922	452.922
10.743	452.526	452.526
10.7549	452.131	452.131
10.7668	451.735	451.735
10.7788	451.34	451.34
10.7907	450.945	450.944
10.8026	450.549	450.549
10.8146	450.154	450.154
10.8265	449.759	449.759
10.8385	449.363	449.363
10.8504	448.968	448.968
10.8623	448.573	448.573
10.8743	448.178	448.178
10.8862	447.783	447.783
10.8981	447.388	447.388
10.9101	446.993	446.993
10.922	446.599	446.599
10.9339	446.204	446.204
10.9459	445.809	445.809
10.9578	445.415	445.415
10.9698	445.02	445.02
10.9817	444.626	444.626
10.9936	444.231	444.231
11.0056	443.837	443.837
11.0175	443.443	443.443
11.0294	443.049	443.049
11.0414	442.655	442.655
11.0533	442.261	442.261
11.0652	441.867	441.867
11.0772	441.473	441.473
11.0891	441.079	441.079
11.1011	440.686	440.686
11.113	440.292	440.292
11.1249	439.899	439.899
11.1369	439.505	439.505
11.1488	439.112	439.112
11.1607	438.719	438.719
11.1727	438.326	438.326
11.1846	437.933	437.933
11.1966	437.54	437.54
11.2085	437.147	437.147
11.2204	436.755	436.755
11.2324	436.362	436.362
11.2443	435.97	435.97
11.2562	435.577	435.577
11.2682	435.185	435.185
11.2801	434.793	434.793
11.292	434.401	434.401
11.304	434.009	434.009
11.3159	433.617	433.617
11.3279	433.226	433.226
11.3398	432.834	432.834
11.3517	432.443	432.443
11.3637	432.052	432.052
11.3756	431.661	431.661
11.3875	431.27	431.27
11.3995	430.879	430.879
11.4114	430.488	430.488
11.4233	430.098	430.098
11.4353	429.707	429.707
11.4472	429.317	429.317
11.4592	428.927	428.927
11.4711	428.537	428.537
11.483	428.147	428.147
11.495	427.757	427.757
11.5069	427.368	427.368
11.5188	426.979	426.978
11.5308	426.589	426.589
11.5427	426.2	426.2
11.5546	425.811	425.811
11.5666	425.423	425.423
11.5785	425.034	425.034
11.5905	424.646	424.646
11.6024	424.258	424.258
11.6143	423.87	423.87
11.6263	423.482	423.482
11.6382	423.094	423.094
11.6501	422.707	422.707
11.6621	422.319	422.319
11.674	421.932	421.932
11.686	421.545	421.545
11.6979	421.158	421.158
11.7098	420.772	420.772
11.7218	420.386	420.386
11.7337	419.999	419.999
11.7456	419.613	419.613
11.7576	419.228	419.228
11.7695	418.842	418.842
11.7814	418.457	418.457
11.7934	418.072	418.072
11.8053	417.687	417.687
11.8173	417.302	417.302
11.8292	416.918	416.917
11.8411	416.533	416.533
11.8531	416.149	416.149
11.865	415.765	415.765
11.8769	415.382	415.382
11.8889	414.998	414.998
11.9008	414.615	414.615
11.9127	414.232	414.232
11.9247	413.85	413.85
11.9366	413.467	413.467
11.9486	413.085	413.085
11.9605	412.703	412.703
11.9724	412.321	412.321
11.9844	411.94	411.94
11.9963	411.559	411.559
12.0082	411.178	411.178
12.0202	410.797	410.797
12.0321	410.417	410.417
12.0441	410.037	410.036
12.056	409.657	409.656
12.0679	409.277	409.277
12.0799	408.898	408.897
12.0918	408.518	408.518
12.1037	408.14	408.14
12.1157	407.761	407.761
12.1276	407.383	407.383
12.1395	407.005	407.005
12.1515	406.627	406.627
12.1634	406.25	406.25
12.1754	405.873	405.873
12.1873	405.496	405.496
12.1992	405.119	405.119
12.2112	404.743	404.743
12.2231	404.367	404.367
12.235	403.992	403.991
12.247	403.616	403.616
12.2589	403.241	403.241
12.2708	402.867	402.866
12.2828	402.492	402.492
12.2947	402.118	402.118
12.3067	401.744	401.744
12.3186	401.371	401.371
12.3305	400.998	400.998
12.3425	400.625	400.625
12.3544	400.253	400.253
12.3663	399.881	399.881
12.3783	399.509	399.509
12.3902	399.138	399.137
12.4021	398.766	398.766
12.4141	398.396	398.396
12.426	398.025	398.025
12.438	397.655	397.655
12.4499	397.286	397.286
12.4618	396.916	396.916
12.4738	396.547	396.547
12.4857	396.179	396.179
12.4976	395.811	395.811
12.5096	395.443	395.443
12.5215	395.075	395.075
12.5335	394.708	394.708
12.5454	394.342	394.341
12.5573	393.975	393.975
12.5693	393.609	393.609
12.5812	393.244	393.244
12.5931	392.879	392.878
12.6051	392.514	392.514
12.617	392.149	392.149
12.6289	391.785	391.785
12.6409	391.422	391.422
12.6528	391.059	391.059
12.6648	390.696	390.696
12.6767	390.334	390.333
12.6886	389.972	389.971
12.7006	389.61	389.61
12.7125	389.249	389.249
12.7244	388.888	388.888
12.7364	388.528	388.528
12.7483	388.168	388.168
12.7602	387.809	387.809
12.7722	387.45	387.45
12.7841	387.091	387.091
12.7961	386.733	386.733
12.808	386.375	386.375
12.8199	386.018	386.018
12.8319	385.661	385.661
12.8438	385.305	385.305
12.8557	384.949	384.949
12.8677	384.594	384.594
12.8796	384.239	384.239
12.8916	383.884	383.884
12.9035	383.53	383.53
12.9154	383.177	383.177
12.9274	382.824	382.824
12.9393	382.471	382.471
12.9512	382.119	382.119
12.9632	381.767	381.767
12.9751	381.416	381.416
12.987	381.066	381.065
12.999	380.715	380.715
13.0109	380.366	380.366
13.0229	380.017	380.016
13.0348	379.668	379.668
13.0467	379.32	379.319
13.0587	378.972	378.972
13.0706	378.625	378.625
13.0825	378.278	378.278
13.0945	377.932	377.932
13.1064	377.586	377.586
13.1183	377.241	377.241
13.1303	376.897	376.896
13.1422	376.552	376.552
13.1542	376.209	376.209
13.1661	375.866	375.866
13.178	375.523	375.523
13.19	375.181	375.181
13.2019	374.84	374.84
13.2138	374.499	374.499
13.2258	374.159	374.159
13.2377	373.819	373.819
13.2496	373.48	373.479
13.2616	373.141	373.141
13.2735	372.803	372.803
13.2855	372.465	372.465
13.2974	372.128	372.128
13.3093	371.792	371.792
13.3213	371.456	371.456
13.3332	371.121	371.12
13.3451	370.786	370.786
13.3571	370.452	370.452
13.369	370.118	370.118
13.381	369.785	369.785
13.3929	369.453	369.453
13.4048	369.121	369.121
13.4168	368.79	368.789
13.4287	368.459	368.459
13.4406	368.129	368.129
13.4526	367.799	367.799
13.4645	367.471	367.47
13.4764	367.142	367.142
13.4884	366.815	366.815
13.5003	366.488	366.487
13.5123	366.161	366.161
13.5242	365.835	365.835
13.5361	365.51	365.51
13.5481	365.186	365.185
13.56	364.862	364.861
13.5719	364.538	364.538
13.5839	364.216	364.215
13.5958	363.894	363.893
13.6077	363.572	363.572
13.6197	363.251	363.251
13.6316	362.931	362.931
13.6436	362.612	362.611
13.6555	362.293	362.293
13.6674	361.975	361.974
13.6794	361.657	361.657
13.6913	361.34	361.34
13.7032	361.024	361.024
13.7152	360.708	360.708
13.7271	360.393	360.393
13.7391	360.079	360.079
13.751	359.765	359.765
13.7629	359.452	359.452
13.7749	359.14	359.14
13.7868	358.828	358.828
13.7987	358.517	358.517
13.8107	358.207	358.207
13.8226	357.898	357.897
13.8345	357.589	357.588
13.8465	357.28	357.28
13.8584	356.973	356.973
13.8704	356.666	356.666
13.8823	356.36	356.36
13.8942	356.054	356.054
13.9062	355.75	355.749
13.9181	355.446	355.445
13.93	355.142	355.142
13.942	354.839	354.839
13.9539	354.537	354.537
13.9658	354.236	354.236
13.9778	353.936	353.935
13.9897	353.636	353.636
14.0017	353.337	353.336
14.0136	353.038	353.038
14.0255	352.741	352.74
14.0375	352.444	352.443
14.0494	352.147	352.147
14.0613	351.852	351.852
14.0733	351.557	351.557
14.0852	351.263	351.263
14.0971	350.97	350.969
14.1091	350.677	350.677
14.121	350.385	350.385
14.133	350.094	350.094
14.1449	349.804	349.803
14.1568	349.514	349.514
14.1688	349.225	349.225
14.1807	348.937	348.937
14.1926	348.65	348.649
14.2046	348.363	348.363
14.2165	348.077	348.077
14.2285	347.792	347.792
14.2404	347.508	347.507
14.2523	347.224	347.224
14.2643	346.941	346.941
14.2762	346.659	346.659
14.2881	346.378	346.377
14.3001	346.097	346.097
14.312	345.817	345.817
14.3239	345.538	345.538
14.3359	345.26	345.26
14.3478	344.983	344.982
14.3598	344.706	344.706
14.3717	344.43	344.43
14.3836	344.155	344.154
14.3956	343.88	343.88
14.4075	343.607	343.606
14.4194	343.334	343.334
14.4314	343.062	343.062
14.4433	342.791	342.79
14.4552	342.52	342.52
14.4672	342.251	342.25
14.4791	341.982	341.981
14.4911	341.714	341.713
14.503	341.446	341.446
14.5149	341.18	341.18
14.5269	340.914	340.914
14.5388	340.649	340.649
14.5507	340.385	340.385
14.5627	340.122	340.122
14.5746	339.86	339.859
14.5866	339.598	339.598
14.5985	339.337	339.337
14.6104	339.077	339.077
14.6224	338.818	338.817
14.6343	338.559	338.559
14.6462	338.302	338.301
14.6582	338.045	338.045
14.6701	337.789	337.789
14.682	337.534	337.533
14.694	337.279	337.279
14.7059	337.026	337.025
14.7179	336.773	336.773
14.7298	336.521	336.521
14.7417	336.27	336.27
14.7537	336.02	336.02
14.7656	335.77	335.77
14.7775	335.522	335.522
14.7895	335.274	335.274
14.8014	335.027	335.027
14.8133	334.781	334.781
14.8253	334.536	334.535
14.8372	334.291	334.291
14.8492	334.048	334.047
14.8611	333.805	333.805
14.873	333.563	333.563
14.885	333.322	333.322
14.8969	333.082	333.081
14.9088	332.842	332.842
14.9208	332.603	332.603
14.9327	332.366	332.365
14.9446	332.129	332.128
14.9566	331.893	331.892
14.9685	331.657	331.657
14.9805	331.423	331.423
14.9924	331.189	331.189
15.0043	330.957	330.956
15.0163	330.725	330.725
15.0282	330.494	330.494
15.0401	330.264	330.263
15.0521	330.034	330.034
15.064	329.806	329.805
15.076	329.578	329.578
15.0879	329.351	329.351
15.0998	329.125	329.125
15.1118	328.9	328.9
15.1237	328.676	328.676
15.1356	328.453	328.452
15.1476	328.23	328.23
15.1595	328.008	328.008
15.1714	327.787	327.787
15.1834	327.567	327.567
15.1953	327.348	327.348
15.2073	327.13	327.13
15.2192	326.912	326.912
15.2311	326.696	326.696
15.2431	326.48	326.48
15.255	326.265	326.265
15.2669	326.051	326.051
15.2789	325.838	325.838
15.2908	325.626	325.625
15.3027	325.414	325.414
15.3147	325.204	325.203
15.3266	324.994	324.993
15.3386	324.785	324.784
15.3505	324.577	324.576
15.3624	324.369	324.369
15.3744	324.163	324.163
15.3863	323.958	323.957
15.3982	323.753	323.753
15.4102	323.549	323.549
15.4221	323.346	323.346
15.4341	323.144	323.144
15.446	322.943	322.942
15.4579	322.742	322.742
15.4699	322.543	322.543
15.4818	322.344	322.344
15.4937	322.146	322.146
15.5057	321.949	321.949
15.5176	321.753	321.753
15.5295	321.558	321.558
15.5415	321.363	321.363
15.5534	321.17	321.17
15.5654	320.977	320.977
15.5773	320.785	320.785
15.5892	320.594	320.594
15.6012	320.404	320.404
15.6131	320.215	320.214
15.625	320.026	320.026
15.637	319.839	319.838
15.6489	319.652	319.652
15.6608	319.466	319.466
15.6728	319.281	319.28
15.6847	319.097	319.096
15.6967	318.913	318.913
15.7086	318.731	318.73
15.7205	318.549	318.549
15.7325	318.368	318.368
15.7444	318.188	318.188
15.7563	318.009	318.009
15.7683	317.83	317.83
15.7802	317.653	317.653
15.7921	317.476	317.476
15.8041	317.301	317.3
15.816	317.126	317.125
15.828	316.951	316.951
15.8399	316.778	316.778
15.8518	316.606	316.605
15.8638	316.434	316.434
15.8757	316.263	316.263
15.8876	316.093	316.093
15.8996	315.924	315.924
15.9115	315.756	315.755
15.9235	315.588	315.588
15.9354	315.422	315.421
15.9473	315.256	315.256
15.9593	315.091	315.091
15.9712	314.927	314.926
15.9831	314.763	314.763
15.9951	314.601	314.601
16.007	314.439	314.439
16.0189	314.278	314.278
16.0309	314.118	314.118
16.0428	313.959	313.959
16.0548	313.801	313.8
16.0667	313.643	313.643
16.0786	313.486	313.486
16.0906	313.33	313.33
16.1025	313.175	313.175
16.1144	313.021	313.021
16.1264	312.867	312.867
16.1383	312.715	312.714
16.1502	312.563	312.562
16.1622	312.412	312.411
16.1741	312.261	312.261
16.1861	312.112	312.112
16.198	311.963	311.963
16.2099	311.815	311.815
16.2219	311.668	311.668
16.2338	311.522	311.522
16.2457	311.376	311.376
16.2577	311.232	311.231
16.2696	311.088	311.088
16.2816	310.945	310.944
16.2935	310.802	310.802
16.3054	310.661	310.661
16.3174	310.52	310.52
16.3293	310.38	310.38
16.3412	310.241	310.241
16.3532	310.103	310.102
16.3651	309.965	309.965
16.377	309.828	309.828
16.389	309.692	309.692
16.4009	309.557	309.557
16.4129	309.422	309.422
16.4248	309.289	309.288
16.4367	309.156	309.156
16.4487	309.024	309.023
16.4606	308.892	308.892
16.4725	308.762	308.761
16.4845	308.632	308.631
16.4964	308.503	308.502
16.5083	308.374	308.374
16.5203	308.247	308.246
16.5322	308.12	308.119
16.5442	307.994	307.993
16.5561	307.868	307.868
16.568	307.744	307.743
16.58	307.62	307.62
16.5919	307.497	307.497
16.6038	307.374	307.374
16.6158	307.253	307.253
16.6277	307.132	307.132
16.6396	307.012	307.012
16.6516	306.893	306.892
16.6635	306.774	306.774
16.6755	306.656	306.656
16.6874	306.539	306.538
16.6993	306.422	306.422
16.7113	306.307	306.306
16.7232	306.192	306.191
16.7351	306.077	306.077
16.7471	305.964	305.963
16.759	305.851	305.851
16.771	305.739	305.738
16.7829	305.627	305.627
16.7948	305.517	305.516
16.8068	305.407	305.406
16.8187	305.297	305.297
16.8306	305.189	305.188
16.8426	305.081	305.081
16.8545	304.974	304.973
16.8664	304.867	304.867
16.8784	304.761	304.761
16.8903	304.656	304.656
16.9023	304.552	304.552
16.9142	304.448	304.448
16.9261	304.345	304.345
16.9381	304.243	304.243
16.95	304.141	304.141
16.9619	304.04	304.04
16.9739	303.94	303.94
16.9858	303.84	303.84
16.9977	303.741	303.741
17.0097	303.643	303.643
17.0216	303.545	303.545
17.0336	303.448	303.448
17.0455	303.352	303.352
17.0574	303.256	303.256
17.0694	303.162	303.161
17.0813	303.067	303.067
17.0932	302.974	302.973
17.1052	302.881	302.88
17.1171	302.788	302.788
17.1291	302.696	302.696
17.141	302.605	302.605
17.1529	302.515	302.515
17.1649	302.425	302.425
17.1768	302.336	302.336
17.1887	302.247	302.247
17.2007	302.16	302.159
17.2126	302.072	302.072
17.2245	301.986	301.985
17.2365	301.9	301.899
17.2484	301.814	301.814
17.2604	301.73	301.729
17.2723	301.645	301.645
17.2842	301.562	301.562
17.2962	301.479	301.479
17.3081	301.397	301.396
17.32	301.315	301.315
17.332	301.234	301.234
17.3439	301.153	301.153
17.3558	301.073	301.073
17.3678	300.994	300.994
17.3797	300.915	300.915
17.3917	300.837	300.837
17.4036	300.76	300.759
17.4155	300.683	300.682
17.4275	300.606	300.606
17.4394	300.531	300.53
17.4513	300.455	300.455
17.4633	300.381	300.38
17.4752	300.307	300.306
17.4871	300.233	300.233
17.4991	300.16	300.16
17.511	300.088	300.088
17.523	300.016	300.016
17.5349	299.945	299.945
17.5468	299.874	299.874
17.5588	299.804	299.804
17.5707	299.734	299.734
17.5826	299.665	299.665
17.5946	299.597	299.597
17.6065	299.529	299.529
17.6185	299.461	299.461
17.6304	299.395	299.394
17.6423	299.328	299.328
17.6543	299.262	299.262
17.6662	299.197	299.197
17.6781	299.132	299.132
17.6901	299.068	299.068
17.702	299.005	299.004
17.7139	298.941	298.941
17.7259	298.879	298.878
17.7378	298.817	298.816
17.7498	298.755	298.755
17.7617	298.694	298.694
17.7736	298.633	298.633
17.7856	298.573	298.573
17.7975	298.513	298.513
17.8094	298.454	298.454
17.8214	298.396	298.395
17.8333	298.338	298.337
17.8452	298.28	298.28
17.8572	298.223	298.223
17.8691	298.166	298.166
17.8811	298.11	298.11
17.893	298.054	298.054
17.9049	297.999	297.999
17.9169	297.944	297.944
17.9288	297.89	297.89
17.9407	297.836	297.836
17.9527	297.783	297.783
17.9646	297.73	297.73
17.9766	297.677	297.677
17.9885	297.625	297.625
18.0004	297.574	297.574
18.0124	297.523	297.523
18.0243	297.472	297.472
18.0362	297.422	297.422
18.0482	297.372	297.372
18.0601	297.323	297.323
18.072	297.274	297.274
18.084	297.226	297.226
18.0959	297.178	297.178
18.1079	297.13	297.13
18.1198	297.083	297.083
18.1317	297.037	297.036
18.1437	296.99	296.99
18.1556	296.944	296.944
18.1675	296.899	296.899
18.1795	296.854	296.854
18.1914	296.809	296.809
18.2033	296.765	296.765
18.2153	296.722	296.721
18.2272	296.678	296.678
18.2392	296.635	296.635
18.2511	296.593	296.592
18.263	296.55	296.55
18.275	296.509	296.509
18.2869	296.467	296.467
18.2988	296.426	296.426
18.3108	296.386	296.386
18.3227	296.346	296.345
18.3346	296.306	296.306
18.3466	296.266	296.266
18.3585	296.227	296.227
18.3705	296.189	296.188
18.3824	296.15	296.15
18.3943	296.112	296.112
18.4063	296.075	296.075
18.4182	296.037	296.037
18.4301	296.001	296
18.4421	295.964	295.964
18.454	295.928	295.928
18.466	295.892	295.892
18.4779	295.857	295.857
18.4898	295.822	295.822
18.5018	295.787	295.787
18.5137	295.753	295.752
18.5256	295.718	295.718
18.5376	295.685	295.685
18.5495	295.651	295.651
18.5614	295.618	295.618
18.5734	295.586	295.586
18.5853	295.553	295.553
18.5973	295.521	295.521
18.6092	295.49	295.489
18.6211	295.458	295.458
18.6331	295.427	295.427
18.645	295.396	295.396
18.6569	295.366	295.366
18.6689	295.336	295.336
18.6808	295.306	295.306
18.6927	295.277	295.276
18.7047	295.247	295.247
18.7166	295.218	295.218
18.7286	295.19	295.19
18.7405	295.162	295.161
18.7524	295.134	295.133
18.7644	295.106	295.106
18.7763	295.078	295.078
18.7882	295.051	295.051
18.8002	295.025	295.024
18.8121	294.998	294.998
18.8241	294.972	294.972
18.836	294.946	294.946
18.8479	294.92	294.92
18.8599	294.895	294.895
18.8718	294.87	294.869
18.8837	294.845	294.845
18.8957	294.82	294.82
18.9076	294.796	294.796
18.9195	294.772	294.772
18.9315	294.748	294.748
18.9434	294.724	294.724
18.9554	294.701	294.701
18.9673	294.678	294.678
18.9792	294.655	294.655
18.9912	294.633	294.633
19.0031	294.611	294.611
19.015	294.589	294.589
19.027	294.567	294.567
19.0389	294.545	294.545
19.0508	294.524	294.524
19.0628	294.503	294.503
19.0747	294.482	294.482
19.0867	294.462	294.462
19.0986	294.442	294.441
19.1105	294.421	294.421
19.1225	294.402	294.401
19.1344	294.382	294.382
19.1463	294.363	294.362
19.1583	294.343	294.343
19.1702	294.324	294.324
19.1821	294.306	294.306
19.1941	294.287	294.287
19.206	294.269	294.269
19.218	294.251	294.251
19.2299	294.233	294.233
19.2418	294.215	294.215
19.2538	294.198	294.198
19.2657	294.181	294.181
19.2776	294.164	294.164
19.2896	294.147	294.147
19.3015	294.13	294.13
19.3135	294.114	294.114
19.3254	294.098	294.098
19.3373	294.082	294.082
19.3493	294.066	294.066
19.3612	294.05	294.05
19.3731	294.035	294.035
19.3851	294.019	294.019
19.397	294.004	294.004
19.4089	293.99	293.989
19.4209	293.975	293.975
19.4328	293.96	293.96
19.4448	293.946	293.946
19.4567	293.932	293.932
19.4686	293.918	293.918
19.4806	293.904	293.904
19.4925	293.89	293.89
19.5044	293.877	293.877
19.5164	293.864	293.864
19.5283	293.851	293.85
19.5402	293.838	293.837
19.5522	293.825	293.825
19.5641	293.812	293.812
19.5761	293.8	293.8
19.588	293.787	293.787
19.5999	293.775	293.775
19.6119	293.763	293.763
19.6238	293.751	293.751
19.6357	293.74	293.74
19.6477	293.728	293.728
19.6596	293.717	293.717
19.6716	293.706	293.706
19.6835	293.695	293.694
19.6954	293.684	293.684
19.7074	293.673	293.673
19.7193	293.662	293.662
19.7312	293.652	293.652
19.7432	293.641	293.641
19.7551	293.631	293.631
19.767	293.621	293.621
19.779	293.611	293.611
19.7909	293.601	293.601
19.8029	293.592	293.591
19.8148	293.582	293.582
19.8267	293.573	293.572
19.8387	293.563	293.563
19.8506	293.554	293.554
19.8625	293.545	293.545
19.8745	293.536	293.536
19.8864	293.527	293.527
19.8983	293.519	293.519
19.9103	293.51	293.51
19.9222	293.502	293.502
19.9342	293.493	293.493
19.9461	293.485	293.485
19.958	293.477	293.477
19.97	293.469	293.469
19.9819	293.461	293.461
19.9938	293.454	293.453
20.0058	293.446	293.446
20.0177	293.438	293.438
20.0296	293.431	293.431
20.0416	293.424	293.424
20.0535	293.416	293.416
20.0655	293.409	293.409
20.0774	293.402	293.402
20.0893	293.395	293.395
20.1013	293.389	293.389
20.1132	293.382	293.382
20.1251	293.375	293.375
20.1371	293.369	293.369
20.149	293.362	293.362
20.161	293.356	293.356
20.1729	293.35	293.35
20.1848	293.344	293.344
20.1968	293.338	293.338
20.2087	293.332	293.332
20.2206	293.326	293.326
20.2326	293.32	293.32
20.2445	293.314	293.314
20.2564	293.309	293.309
20.2684	293.303	293.303
20.2803	293.298	293.298
20.2923	293.293	293.293
20.3042	293.287	293.287
20.3161	293.282	293.282
20.3281	293.277	293.277
20.34	293.272	293.272
20.3519	293.267	293.267
20.3639	293.262	293.262
20.3758	293.257	293.257
20.3877	293.253	293.253
20.3997	293.248	293.248
20.4116	293.243	293.243
20.4236	293.239	293.239
20.4355	293.234	293.234
20.4474	293.23	293.23
20.4594	293.226	293.226
20.4713	293.222	293.222
20.4832	293.217	293.217
20.4952	293.213	293.213
20.5071	293.209	293.209
20.5191	293.205	293.205
20.531	293.201	293.201
20.5429	293.198	293.198
20.5549	293.194	293.194
20.5668	293.19	293.19
20.5787	293.187	293.187
20.5907	293.183	293.183
20.6026	293.179	293.179
20.6145	293.176	293.176
20.6265	293.173	293.173
20.6384	293.169	293.169
20.6504	293.166	293.166
20.6623	293.163	293.163
20.6742	293.159	293.159
20.6862	293.156	293.156
20.6981	293.153	293.153
20.71	293.15	293.15
20.722	293.147	293.147
20.7339	293.144	293.144
20.7458	293.141	293.141
20.7578	293.139	293.139
20.7697	293.136	293.136
20.7817	293.133	293.133
20.7936	293.13	293.13
20.8055	293.128	293.128
20.8175	293.125	293.125
20.8294	293.123	293.123
20.8413	293.12	293.12
20.8533	293.118	293.118
20.8652	293.115	293.115
20.8771	293.113	293.113
20.8891	293.111	293.111
20.901	293.108	293.108
20.913	293.106	293.106
20.9249	293.104	293.104
20.9368	293.102	293.102
20.9488	293.099	293.099
20.9607	293.097	293.097
20.9726	293.095	293.095
20.9846	293.093	293.093
20.9965	293.091	293.091
21.0085	293.089	293.089
21.0204	293.087	293.087
21.0323	293.086	293.086
21.0443	293.084	293.084
21.0562	293.082	293.082
21.0681	293.08	293.08
21.0801	293.078	293.078
21.092	293.077	293.077
21.1039	293.075	293.075
21.1159	293.073	293.073
21.1278	293.072	293.072
21.1398	293.07	293.07
21.1517	293.069	293.069
21.1636	293.067	293.067
21.1756	293.066	293.066
21.1875	293.064	293.064
21.1994	293.063	293.063
21.2114	293.061	293.061
21.2233	293.06	293.06
21.2352	293.059	293.059
21.2472	293.057	293.057
21.2591	293.056	293.056
21.2711	293.055	293.055
21.283	293.053	293.053
21.2949	293.052	293.052
21.3069	293.051	293.051
21.3188	293.05	293.05
21.3307	293.049	293.049
21.3427	293.048	293.048
21.3546	293.046	293.046
21.3666	293.045	293.045
21.3785	293.044	293.044
21.3904	293.043	293.043
21.4024	293.042	293.042
21.4143	293.041	293.041
21.4262	293.04	293.04
21.4382	293.039	293.039
21.4501	293.038	293.038
21.462	293.037	293.037
21.474	293.037	293.037
21.4859	293.036	293.036
21.4979	293.035	293.035
21.5098	293.034	293.034
21.5217	293.033	293.033
21.5337	293.032	293.032
21.5456	293.032	293.032
21.5575	293.031	293.031
21.5695	293.03	293.03
21.5814	293.029	293.029
21.5933	293.029	293.029
21.6053	293.028	293.028
21.6172	293.027	293.027
21.6292	293.026	293.026
21.6411	293.026	293.026
21.653	293.025	293.025
21.665	293.024	293.024
21.6769	293.024	293.024
21.6888	293.023	293.023
21.7008	293.023	293.023
21.7127	293.022	293.022
21.7246	293.021	293.021
21.7366	293.021	293.021
21.7485	293.02	293.02
21.7605	293.02	293.02
21.7724	293.019	293.019
21.7843	293.019	293.019
21.7963	293.018	293.018
21.8082	293.018	293.018
21.8201	293.017	293.017
21.8321	293.017	293.017
21.844	293.016	293.016
21.856	293.016	293.016
21.8679	293.016	293.016
21.8798	293.015	293.015
21.8918	293.015	293.015
21.9037	293.014	293.014
21.9156	293.014	293.014
21.9276	293.014	293.014
21.9395	293.013	293.013
21.9514	293.013	293.013
21.9634	293.012	293.012
21.9753	293.012	293.012
21.9873	293.012	293.012
21.9992	293.011	293.011
22.0111	293.011	293.011
22.0231	293.011	293.011
22.035	293.01	293.01
22.0469	293.01	293.01
22.0589	293.01	293.01
22.0708	293.01	293.01
22.0827	293.009	293.009
22.0947	293.009	293.009
22.1066	293.009	293.009
22.1186	293.009	293.009
22.1305	293.008	293.008
22.1424	293.008	293.008
22.1544	293.008	293.008
22.1663	293.008	293.008
22.1782	293.007	293.007
22.1902	293.007	293.007
22.2021	293.007	293.007
22.2141	293.007	293.007
22.226	293.007	293.007
22.2379	293.006	293.006
22.2499	293.006	293.006
22.2618	293.006	293.006
22.2737	293.006	293.006
22.2857	293.006	293.006
22.2976	293.005	293.005
22.3095	293.005	293.005
22.3215	293.005	293.005
22.3334	293.005	293.005
22.3454	293.005	293.005
22.3573	293.005	293.005
22.3692	293.004	293.004
22.3812	293.004	293.004
22.3931	293.004	293.004
22.405	293.004	293.004
22.417	293.004	293.004
22.4289	293.004	293.004
22.4408	293.004	293.004
22.4528	293.004	293.004
22.4647	293.003	293.003
22.4767	293.003	293.003
22.4886	293.003	293.003
22.5005	293.003	293.003
22.5125	293.003	293.003
22.5244	293.003	293.003
22.5363	293.003	293.003
22.5483	293.003	293.003
22.5602	293.003	293.003
22.5721	293.002	293.002
22.5841	293.002	293.002
22.596	293.002	293.002
22.608	293.002	293.002
22.6199	293.002	293.002
22.6318	293.002	293.002
22.6438	293.002	293.002
22.6557	293.002	293.002
22.6676	293.002	293.002
22.6796	293.002	293.002
22.6915	293.002	293.002
22.7035	293.002	293.002
22.7154	293.002	293.002
22.7273	293.002	293.002
22.7393	293.001	293.001
22.7512	293.001	293.001
22.7631	293.001	293.001
22.7751	293.001	293.001
22.787	293.001	293.001
22.7989	293.001	293.001
22.8109	293.001	293.001
22.8228	293.001	293.001
22.8348	293.001	293.001
22.8467	293.001	293.001
22.8586	293.001	293.001
22.8706	293.001	293.001
22.8825	293.001	293.001
22.8944	293.001	293.001
22.9064	293.001	293.001
22.9183	293.001	293.001
22.9302	293.001	293.001
22.9422	293.001	293.001
22.9541	293.001	293.001
22.9661	293.001	293.001
22.978	293.001	293.001
22.9899	293.001	293.001
23.0019	293.001	293.001
23.0138	293.001	293.001
23.0257	293.001	293.001
23.0377	293.001	293.001
23.0496	293.001	293.001
23.0616	293	293
23.0735	293	293
23.0854	293	293
23.0974	293	293
23.1093	293	293
23.1212	293	293
23.1332	293	293
23.1451	293	293
23.157	293	293
23.169	293	293
23.1809	293	293
23.1929	293	293
23.2048	293	293
23.2167	293	293
23.2287	293	293
23.2406	293	293
23.2525	293	293
23.2645	293	293
23.2764	293	293
23.2883	293	293
23.3003	293	293
23.3122	293	293
23.3242	293	293
23.3361	293	293
23.348	293	293
23.36	293	293
23.3719	293	293
23.3838	293	293
23.3958	293	293
23.4077	293	293
23.4196	293	293
23.4316	293	293
23.4435	293	293
23.4555	293	293
23.4674	293	293
23.4793	293	293
23.4913	293	293
23.5032	293	293
23.5151	293	293
23.5271	293	293
23.539	293	293
23.551	293	293
23.5629	293	293
23.5748	293	293
23.5868	293	293
23.5987	293	293
23.6106	293	293
23.6226	293	293
23.6345	293	293
23.6464	293	293
23.6584	293	293
23.6703	293	293
23.6823	293	293
23.6942	293	293
23.7061	293	293
23.7181	293	293
23.73	293	293
23.7419	293	293
23.7539	293	293
23.7658	293	293
23.7777	293	293
23.7897	293	293
23.8016	293	293
23.8136	293	293
23.8255	293	293
23.8374	293	293
23.8494	293	293
23.8613	293	293
23.8732	293	293
