0	873	873
0.0119366	873	873
0.0238732	873	873
0.0358099	873	873
0.0477465	873	873
0.0596831	873	873
0.0716197	873	873
0.0835563	873	873
0.095493	873	873
0.10743	873	873
0.119366	873	873
0.131303	873	873
0.143239	873	873
0.155176	873	873
0.167113	873	873
0.179049	873	873
0.190986	873	873
0.202923	873	873
0.214859	873	873
0.226796	873	873
0.238732	873	873
0.250669	873	873
0.262606	873	873
0.274542	873	873
0.286479	873	873
0.298416	873	873
0.310352	873	873
0.322289	873	873
0.334225	873	873
0.346162	873	873
0.358099	873	873
0.370035	873	873
0.381972	873	873
0.393908	873	873
0.405845	873	873
0.417782	873	873
0.429718	873	873
0.441655	873	873
0.453592	873	873
0.465528	873	873
0.477465	873	873
0.489401	873	873
0.501338	873	873
0.513275	873	873
0.525211	873	873
0.537148	873	873
0.549085	873	873
0.561021	873	873
0.572958	873	873
0.584894	873	873
0.596831	873	873
0.608768	873	873
0.620704	873	873
0.632641	873	873
0.644578	873	873
0.656514	873	873
0.668451	873	873
0.680387	873	873
0.692324	873	873
0.704261	873	873
0.716197	873	873
0.728134	873	873
0.74007	873	873
0.752007	873	873
0.763944	873	873
0.77588	873	873
0.787817	873	873
0.799754	873	873
0.81169	873	873
0.823627	873	873
0.835563	873	873
0.8475	872.999	872.999
0.859437	872.999	872.999
0.871373	872.999	872.999
0.88331	872.999	872.999
0.895247	872.999	872.999
0.907183	872.999	872.999
0.91912	872.999	872.999
0.931056	872.999	872.999
0.942993	872.999	872.999
0.95493	872.999	872.999
0.966866	872.999	872.999
0.978803	872.999	872.999
0.99074	872.999	872.999
1.00268	872.999	872.999
1.01461	872.999	872.999
1.02655	872.999	872.999
1.03849	872.999	872.999
1.05042	872.999	872.999
1.06236	872.999	872.999
1.0743	872.999	872.999
1.08623	872.999	872.999
1.09817	872.999	872.999
1.11011	872.999	872.999
1.12204	872.999	872.999
1.13398	872.999	872.999
1.14592	872.999	872.999
1.15785	872.998	872.998
1.16979	872.998	872.998
1.18173	872.998	872.998
1.19366	872.998	872.998
1.2056	872.998	872.998
1.21754	872.998	872.998
1.22947	872.998	872.998
1.24141	872.998	872.998
1.25335	872.998	872.998
1.26528	872.998	872.998
1.27722	872.998	872.998
1.28916	872.998	872.998
1.30109	872.998	872.998
1.31303	872.998	872.998
1.32496	872.997	872.997
1.3369	872.997	872.997
1.34884	872.997	872.997
1.36077	872.997	872.997
1.37271	872.997	872.997
1.38465	872.997	872.997
1.39658	872.997	872.997
1.40852	872.997	872.997
1.42046	872.997	872.997
1.43239	872.997	872.997
1.44433	872.996	872.996
1.45627	872.996	872.996
1.4682	872.996	872.996
1.48014	872.996	872.996
1.49208	872.996	872.996
1.50401	872.996	872.996
1.51595	872.996	872.996
1.52789	872.995	872.995
1.53982	872.995	872.995
1.55176	872.995	872.995
1.5637	872.995	872.995
1.57563	872.995	872.995
1.58757	872.995	872.995
1.59951	872.994	872.994
1.61144	872.994	872.994
1.62338	872.994	872.994
1.63532	872.994	872.994
1.64725	872.994	872.994
1.65919	872.994	872.994
1.67113	872.993	872.993
1.68306	872.993	872.993
1.695	872.993	872.993
1.70694	872.993	872.993
1.71887	872.992	872.992
1.73081	872.992	872.992
1.74275	872.992	872.992
1.75468	872.992	872.992
1.76662	872.991	872.991
1.77856	872.991	872.991
1.79049	872.991	872.991
1.80243	872.991	872.991
1.81437	872.99	872.99
1.8263	872.99	872.99
1.83824	872.99	872.99
1.85018	872.99	872.99
1.86211	872.989	872.989
1.87405	872.989	872.989
1.88599	872.989	872.989
1.89792	872.988	872.988
1.90986	872.988	872.988
1.9218	872.988	872.988
1.93373	872.987	872.987
1.94567	872.987	872.987
1.95761	872.986	872.986
1.96954	872.986	872.986
1.98148	872.986	872.986
1.99342	872.985	872.985
2.00535	872.985	872.985
2.01729	872.984	872.984
2.02923	872.984	872.984
2.04116	872.984	872.984
2.0531	872.983	872.983
2.06504	872.983	872.983
2.07697	872.982	872.982
2.08891	872.982	872.982
2.10085	872.981	872.981
2.11278	872.981	872.981
2.12472	872.98	872.98
2.13666	872.98	872.98
2.14859	872.979	872.979
2.16053	872.978	872.978
2.17246	872.978	872.978
2.1844	872.977	872.977
2.19634	872.977	872.977
2.20827	872.976	872.976
2.22021	872.975	872.975
2.23215	872.975	872.975
2.24408	872.974	872.974
2.25602	872.974	872.974
2.26796	872.973	872.973
2.27989	872.972	872.972
2.29183	872.971	872.971
2.30377	872.971	872.971
2.3157	872.97	872.97
2.32764	872.969	872.969
2.33958	872.968	872.968
2.35151	872.968	872.968
2.36345	872.967	872.967
2.37539	872.966	872.966
2.38732	872.965	872.965
2.39926	872.964	872.964
2.4112	872.963	872.963
2.42313	872.962	872.962
2.43507	872.962	872.961
2.44701	872.961	872.961
2.45894	872.96	872.96
2.47088	872.959	872.959
2.48282	872.958	872.958
2.49475	872.957	872.957
2.50669	872.956	872.956
2.51863	872.954	872.954
2.53056	872.953	872.953
2.5425	872.952	872.952
2.55444	872.951	872.951
2.56637	872.95	872.95
2.57831	872.949	872.949
2.59025	872.948	872.948
2.60218	872.946	872.946
2.61412	872.945	872.945
2.62606	872.944	872.944
2.63799	872.942	872.942
2.64993	872.941	872.941
2.66187	872.94	872.94
2.6738	872.938	872.938
2.68574	872.937	872.937
2.69768	872.936	872.936
2.70961	872.934	872.934
2.72155	872.933	872.933
2.73349	872.931	872.931
2.74542	872.929	872.929
2.75736	872.928	872.928
2.7693	872.926	872.926
2.78123	872.925	872.925
2.79317	872.923	872.923
2.80511	872.921	872.921
2.81704	872.919	872.919
2.82898	872.918	872.918
2.84092	872.916	872.916
2.85285	872.914	872.914
2.86479	872.912	872.912
2.87673	872.91	872.91
2.88866	872.908	872.908
2.9006	872.906	872.906
2.91254	872.904	872.904
2.92447	872.902	872.902
2.93641	872.9	872.9
2.94835	872.898	872.898
2.96028	872.896	872.896
2.97222	872.893	872.893
2.98416	872.891	872.891
2.99609	872.889	872.889
3.00803	872.887	872.887
3.01997	872.884	872.884
3.0319	872.882	872.882
3.04384	872.879	872.879
3.05577	872.877	872.877
3.06771	872.874	872.874
3.07965	872.872	872.872
3.09158	872.869	872.869
3.10352	872.866	872.866
3.11546	872.863	872.863
3.12739	872.861	872.861
3.13933	872.858	872.858
3.15127	872.855	872.855
3.1632	872.852	872.852
3.17514	872.849	872.849
3.18708	872.846	872.846
3.19901	872.843	872.843
3.21095	872.84	872.84
3.22289	872.836	872.836
3.23482	872.833	872.833
3.24676	872.83	872.83
3.2587	872.826	872.826
3.27063	872.823	872.823
3.28257	872.82	872.819
3.29451	872.816	872.816
3.30644	872.812	872.812
3.31838	872.809	872.809
3.33032	872.805	872.805
3.34225	872.801	872.801
3.35419	872.797	872.797
3.36613	872.793	872.793
3.37806	872.789	872.789
3.39	872.785	872.785
3.40194	872.781	872.781
3.41387	872.777	872.777
3.42581	872.773	872.773
3.43775	872.769	872.768
3.44968	872.764	872.764
3.46162	872.76	872.76
3.47356	872.755	872.755
3.48549	872.751	872.75
3.49743	872.746	872.746
3.50937	872.741	872.741
3.5213	872.736	872.736
3.53324	872.731	872.731
3.54518	872.726	872.726
3.55711	872.721	872.721
3.56905	872.716	872.716
3.58099	872.711	872.711
3.59292	872.706	872.706
3.60486	872.7	872.7
3.6168	872.695	872.695
3.62873	872.689	872.689
3.64067	872.684	872.683
3.65261	872.678	872.678
3.66454	872.672	872.672
3.67648	872.666	872.666
3.68842	872.66	872.66
3.70035	872.654	872.654
3.71229	872.648	872.648
3.72423	872.642	872.641
3.73616	872.635	872.635
3.7481	872.629	872.629
3.76004	872.622	872.622
3.77197	872.616	872.615
3.78391	872.609	872.609
3.79585	872.602	872.602
3.80778	872.595	872.595
3.81972	872.588	872.588
3.83166	872.581	872.581
3.84359	872.574	872.573
3.85553	872.566	872.566
3.86747	872.559	872.559
3.8794	872.551	872.551
3.89134	872.544	872.543
3.90327	872.536	872.536
3.91521	872.528	872.528
3.92715	872.52	872.52
3.93908	872.512	872.511
3.95102	872.503	872.503
3.96296	872.495	872.495
3.97489	872.487	872.486
3.98683	872.478	872.478
3.99877	872.469	872.469
4.0107	872.46	872.46
4.02264	872.451	872.451
4.03458	872.442	872.442
4.04651	872.433	872.433
4.05845	872.424	872.423
4.07039	872.414	872.414
4.08232	872.405	872.404
4.09426	872.395	872.394
4.1062	872.385	872.385
4.11813	872.375	872.375
4.13007	872.365	872.364
4.14201	872.354	872.354
4.15394	872.344	872.344
4.16588	872.333	872.333
4.17782	872.323	872.322
4.18975	872.312	872.311
4.20169	872.301	872.3
4.21363	872.29	872.289
4.22556	872.278	872.278
4.2375	872.267	872.267
4.24944	872.255	872.255
4.26137	872.243	872.243
4.27331	872.232	872.231
4.28525	872.219	872.219
4.29718	872.207	872.207
4.30912	872.195	872.194
4.32106	872.182	872.182
4.33299	872.17	872.169
4.34493	872.157	872.156
4.35687	872.144	872.143
4.3688	872.13	872.13
4.38074	872.117	872.117
4.39268	872.103	872.103
4.40461	872.09	872.089
4.41655	872.076	872.075
4.42849	872.062	872.061
4.44042	872.047	872.047
4.45236	872.033	872.033
4.4643	872.018	872.018
4.47623	872.004	872.003
4.48817	871.989	871.988
4.50011	871.973	871.973
4.51204	871.958	871.958
4.52398	871.943	871.942
4.53592	871.927	871.926
4.54785	871.911	871.91
4.55979	871.895	871.894
4.57173	871.878	871.878
4.58366	871.862	871.861
4.5956	871.845	871.845
4.60754	871.828	871.828
4.61947	871.811	871.811
4.63141	871.794	871.793
4.64335	871.776	871.776
4.65528	871.758	871.758
4.66722	871.74	871.74
4.67916	871.722	871.722
4.69109	871.704	871.703
4.70303	871.685	871.685
4.71497	871.666	871.666
4.7269	871.647	871.647
4.73884	871.628	871.627
4.75078	871.608	871.608
4.76271	871.589	871.588
4.77465	871.569	871.568
4.78658	871.548	871.548
4.79852	871.528	871.527
4.81046	871.507	871.507
4.82239	871.486	871.486
4.83433	871.465	871.465
4.84627	871.444	871.443
4.8582	871.422	871.421
4.87014	871.4	871.4
4.88208	871.378	871.377
4.89401	871.356	871.355
4.90595	871.333	871.332
4.91789	871.31	871.309
4.92982	871.287	871.286
4.94176	871.263	871.263
4.9537	871.24	871.239
4.96563	871.216	871.215
4.97757	871.192	871.191
4.98951	871.167	871.166
5.00144	871.142	871.142
5.01338	871.117	871.117
5.02532	871.092	871.091
5.03725	871.066	871.066
5.04919	871.04	871.04
5.06113	871.014	871.014
5.07306	870.988	870.987
5.085	870.961	870.96
5.09694	870.934	870.933
5.10887	870.907	870.906
5.12081	870.879	870.878
5.13275	870.851	870.851
5.14468	870.823	870.822
5.15662	870.795	870.794
5.16856	870.766	870.765
5.18049	870.737	870.736
5.19243	870.707	870.707
5.20437	870.678	870.677
5.2163	870.648	870.647
5.22824	870.617	870.617
5.24018	870.587	870.586
5.25211	870.556	870.555
5.26405	870.524	870.524
5.27599	870.493	870.492
5.28792	870.461	870.46
5.29986	870.429	870.428
5.3118	870.396	870.395
5.32373	870.363	870.362
5.33567	870.33	870.329
5.34761	870.296	870.295
5.35954	870.262	870.261
5.37148	870.228	870.227
5.38342	870.193	870.192
5.39535	870.159	870.157
5.40729	870.123	870.122
5.41923	870.088	870.086
5.43116	870.051	870.05
5.4431	870.015	870.014
5.45504	869.978	869.977
5.46697	869.941	869.94
5.47891	869.904	869.903
5.49085	869.866	869.865
5.50278	869.828	869.827
5.51472	869.789	869.788
5.52666	869.75	869.749
5.53859	869.711	869.71
5.55053	869.671	869.67
5.56247	869.631	869.63
5.5744	869.591	869.589
5.58634	869.55	869.548
5.59828	869.508	869.507
5.61021	869.467	869.466
5.62215	869.425	869.423
5.63408	869.382	869.381
5.64602	869.339	869.338
5.65796	869.296	869.295
5.66989	869.253	869.251
5.68183	869.208	869.207
5.69377	869.164	869.163
5.7057	869.119	869.118
5.71764	869.074	869.072
5.72958	869.028	869.027
5.74151	868.982	868.981
5.75345	868.935	868.934
5.76539	868.888	868.887
5.77732	868.841	868.84
5.78926	868.793	868.792
5.8012	868.745	868.743
5.81313	868.696	868.695
5.82507	868.647	868.646
5.83701	868.597	868.596
5.84894	868.547	868.546
5.86088	868.497	868.495
5.87282	868.446	868.444
5.88475	868.395	868.393
5.89669	868.343	868.341
5.90863	868.29	868.289
5.92056	868.238	868.236
5.9325	868.184	868.183
5.94444	868.131	868.129
5.95637	868.076	868.075
5.96831	868.022	868.02
5.98025	867.967	867.965
5.99218	867.911	867.909
6.00412	867.855	867.853
6.01606	867.799	867.797
6.02799	867.741	867.74
6.03993	867.684	867.682
6.05187	867.626	867.624
6.0638	867.567	867.566
6.07574	867.508	867.507
6.08768	867.449	867.447
6.09961	867.389	867.387
6.11155	867.328	867.327
6.12349	867.267	867.266
6.13542	867.206	867.204
6.14736	867.144	867.142
6.1593	867.081	867.079
6.17123	867.018	867.016
6.18317	866.955	866.953
6.19511	866.891	866.889
6.20704	866.826	866.824
6.21898	866.761	866.759
6.23092	866.695	866.693
6.24285	866.629	866.627
6.25479	866.562	866.56
6.26673	866.495	866.493
6.27866	866.427	866.425
6.2906	866.359	866.357
6.30254	866.29	866.288
6.31447	866.22	866.218
6.32641	866.15	866.148
6.33835	866.08	866.078
6.35028	866.009	866.006
6.36222	865.937	865.935
6.37416	865.865	865.862
6.38609	865.792	865.79
6.39803	865.719	865.716
6.40997	865.645	865.642
6.4219	865.57	865.568
6.43384	865.495	865.493
6.44578	865.419	865.417
6.45771	865.343	865.341
6.46965	865.266	865.264
6.48159	865.189	865.186
6.49352	865.111	865.108
6.50546	865.032	865.03
6.51739	864.953	864.95
6.52933	864.873	864.871
6.54127	864.793	864.79
6.5532	864.712	864.709
6.56514	864.63	864.628
6.57708	864.548	864.545
6.58901	864.465	864.463
6.60095	864.382	864.379
6.61289	864.298	864.295
6.62482	864.213	864.21
6.63676	864.128	864.125
6.6487	864.042	864.039
6.66063	863.955	863.953
6.67257	863.868	863.865
6.68451	863.78	863.778
6.69644	863.692	863.689
6.70838	863.603	863.6
6.72032	863.513	863.511
6.73225	863.423	863.42
6.74419	863.332	863.329
6.75613	863.241	863.238
6.76806	863.148	863.145
6.78	863.055	863.052
6.79194	862.962	862.959
6.80387	862.868	862.865
6.81581	862.773	862.77
6.82775	862.677	862.674
6.83968	862.581	862.578
6.85162	862.484	862.481
6.86356	862.387	862.384
6.87549	862.289	862.285
6.88743	862.19	862.187
6.89937	862.09	862.087
6.9113	861.99	861.987
6.92324	861.889	861.886
6.93518	861.788	861.784
6.94711	861.685	861.682
6.95905	861.582	861.579
6.97099	861.479	861.475
6.98292	861.375	861.371
6.99486	861.27	861.266
7.0068	861.164	861.16
7.01873	861.057	861.054
7.03067	860.95	860.947
7.04261	860.843	860.839
7.05454	860.734	860.731
7.06648	860.625	860.621
7.07842	860.515	860.512
7.09035	860.404	860.401
7.10229	860.293	860.29
7.11423	860.181	860.177
7.12616	860.068	860.065
7.1381	859.955	859.951
7.15004	859.841	859.837
7.16197	859.726	859.722
7.17391	859.61	859.606
7.18585	859.494	859.49
7.19778	859.377	859.373
7.20972	859.259	859.255
7.22166	859.14	859.136
7.23359	859.021	859.017
7.24553	858.901	858.897
7.25747	858.78	858.776
7.2694	858.659	858.655
7.28134	858.537	858.533
7.29328	858.414	858.41
7.30521	858.29	858.286
7.31715	858.165	858.161
7.32909	858.04	858.036
7.34102	857.914	857.91
7.35296	857.787	857.783
7.36489	857.66	857.656
7.37683	857.532	857.527
7.38877	857.403	857.398
7.4007	857.273	857.268
7.41264	857.142	857.138
7.42458	857.011	857.007
7.43651	856.879	856.874
7.44845	856.746	856.742
7.46039	856.612	856.608
7.47232	856.478	856.473
7.48426	856.343	856.338
7.4962	856.207	856.202
7.50813	856.07	856.065
7.52007	855.932	855.928
7.53201	855.794	855.79
7.54394	855.655	855.651
7.55588	855.515	855.511
7.56782	855.375	855.37
7.57975	855.233	855.228
7.59169	855.091	855.086
7.60363	854.948	854.943
7.61556	854.804	854.799
7.6275	854.659	854.655
7.63944	854.514	854.509
7.65137	854.368	854.363
7.66331	854.221	854.216
7.67525	854.073	854.068
7.68718	853.924	853.92
7.69912	853.775	853.77
7.71106	853.625	853.62
7.72299	853.474	853.469
7.73493	853.322	853.317
7.74687	853.169	853.164
7.7588	853.016	853.011
7.77074	852.862	852.856
7.78268	852.707	852.701
7.79461	852.551	852.545
7.80655	852.394	852.389
7.81849	852.236	852.231
7.83042	852.078	852.073
7.84236	851.919	851.914
7.8543	851.759	851.754
7.86623	851.598	851.593
7.87817	851.437	851.431
7.89011	851.274	851.269
7.90204	851.111	851.105
7.91398	850.947	850.941
7.92592	850.782	850.776
7.93785	850.616	850.61
7.94979	850.449	850.444
7.96173	850.282	850.276
7.97366	850.114	850.108
7.9856	849.945	849.939
7.99754	849.775	849.769
8.00947	849.604	849.598
8.02141	849.432	849.427
8.03335	849.26	849.254
8.04528	849.087	849.081
8.05722	848.913	848.907
8.06916	848.738	848.732
8.08109	848.562	848.556
8.09303	848.385	848.379
8.10497	848.208	848.202
8.1169	848.03	848.024
8.12884	847.85	847.844
8.14078	847.67	847.664
8.15271	847.49	847.484
8.16465	847.308	847.302
8.17659	847.125	847.119
8.18852	846.942	846.936
8.20046	846.758	846.752
8.2124	846.573	846.567
8.22433	846.387	846.381
8.23627	846.2	846.194
8.2482	846.013	846.006
8.26014	845.824	845.818
8.27208	845.635	845.628
8.28401	845.445	845.438
8.29595	845.254	845.247
8.30789	845.062	845.055
8.31982	844.869	844.863
8.33176	844.676	844.669
8.3437	844.481	844.475
8.35563	844.286	844.279
8.36757	844.09	844.083
8.37951	843.893	843.886
8.39144	843.695	843.688
8.40338	843.496	843.49
8.41532	843.297	843.29
8.42725	843.097	843.09
8.43919	842.895	842.888
8.45113	842.693	842.686
8.46306	842.49	842.483
8.475	842.286	842.279
8.48694	842.082	842.075
8.49887	841.876	841.869
8.51081	841.67	841.663
8.52275	841.463	841.456
8.53468	841.255	841.248
8.54662	841.046	841.039
8.55856	840.836	840.829
8.57049	840.625	840.618
8.58243	840.414	840.407
8.59437	840.202	840.194
8.6063	839.988	839.981
8.61824	839.774	839.767
8.63018	839.559	839.552
8.64211	839.344	839.336
8.65405	839.127	839.12
8.66599	838.91	838.902
8.67792	838.691	838.684
8.68986	838.472	838.465
8.7018	838.252	838.245
8.71373	838.031	838.024
8.72567	837.81	837.802
8.73761	837.587	837.579
8.74954	837.364	837.356
8.76148	837.139	837.132
8.77342	836.914	836.906
8.78535	836.688	836.68
8.79729	836.461	836.454
8.80923	836.234	836.226
8.82116	836.005	835.997
8.8331	835.776	835.768
8.84504	835.546	835.538
8.85697	835.315	835.307
8.86891	835.083	835.075
8.88085	834.85	834.842
8.89278	834.616	834.608
8.90472	834.382	834.374
8.91666	834.147	834.139
8.92859	833.911	833.902
8.94053	833.674	833.665
8.95247	833.436	833.428
8.9644	833.197	833.189
8.97634	832.958	832.949
8.98828	832.717	832.709
9.00021	832.476	832.468
9.01215	832.234	832.226
9.02409	831.992	831.983
9.03602	831.748	831.739
9.04796	831.503	831.495
9.0599	831.258	831.25
9.07183	831.012	831.003
9.08377	830.765	830.756
9.0957	830.517	830.509
9.10764	830.269	830.26
9.11958	830.019	830.01
9.13151	829.769	829.76
9.14345	829.518	829.509
9.15539	829.266	829.257
9.16732	829.013	829.004
9.17926	828.759	828.751
9.1912	828.505	828.496
9.20313	828.25	828.241
9.21507	827.994	827.985
9.22701	827.737	827.728
9.23894	827.479	827.47
9.25088	827.221	827.212
9.26282	826.962	826.953
9.27475	826.701	826.692
9.28669	826.441	826.431
9.29863	826.179	826.17
9.31056	825.916	825.907
9.3225	825.653	825.644
9.33444	825.389	825.38
9.34637	825.124	825.115
9.35831	824.858	824.849
9.37025	824.592	824.582
9.38218	824.324	824.315
9.39412	824.056	824.047
9.40606	823.787	823.778
9.41799	823.518	823.508
9.42993	823.247	823.238
9.44187	822.976	822.966
9.4538	822.704	822.694
9.46574	822.431	822.421
9.47768	822.157	822.148
9.48961	821.883	821.873
9.50155	821.608	821.598
9.51349	821.332	821.322
9.52542	821.055	821.045
9.53736	820.777	820.768
9.5493	820.499	820.489
9.56123	820.22	820.21
9.57317	819.94	819.93
9.58511	819.659	819.649
9.59704	819.378	819.368
9.60898	819.096	819.086
9.62092	818.813	818.803
9.63285	818.529	818.519
9.64479	818.245	818.235
9.65673	817.96	817.949
9.66866	817.674	817.663
9.6806	817.387	817.377
9.69254	817.099	817.089
9.70447	816.811	816.801
9.71641	816.522	816.512
9.72835	816.232	816.222
9.74028	815.942	815.932
9.75222	815.651	815.641
9.76416	815.359	815.349
9.77609	815.066	815.056
9.78803	814.773	814.762
9.79997	814.479	814.468
9.8119	814.184	814.173
9.82384	813.888	813.878
9.83578	813.592	813.581
9.84771	813.295	813.284
9.85965	812.997	812.987
9.87159	812.699	812.688
9.88352	812.399	812.389
9.89546	812.099	812.089
9.9074	811.799	811.788
9.91933	811.497	811.487
9.93127	811.195	811.185
9.94321	810.893	810.882
9.95514	810.589	810.578
9.96708	810.285	810.274
9.97901	809.98	809.969
9.99095	809.675	809.664
10.0029	809.368	809.357
10.0148	809.061	809.05
10.0268	808.754	808.743
10.0387	808.445	808.434
10.0506	808.136	808.125
10.0626	807.827	807.816
10.0745	807.516	807.505
10.0864	807.205	807.194
10.0984	806.894	806.883
10.1103	806.581	806.57
10.1223	806.268	806.257
10.1342	805.954	805.943
10.1461	805.64	805.629
10.1581	805.325	805.314
10.17	805.009	804.998
10.1819	804.693	804.682
10.1939	804.376	804.365
10.2058	804.058	804.047
10.2177	803.74	803.728
10.2297	803.421	803.409
10.2416	803.101	803.09
10.2536	802.781	802.77
10.2655	802.46	802.449
10.2774	802.139	802.127
10.2894	801.816	801.805
10.3013	801.494	801.482
10.3132	801.17	801.159
10.3252	800.846	800.834
10.3371	800.521	800.51
10.3491	800.196	800.184
10.361	799.87	799.859
10.3729	799.544	799.532
10.3849	799.217	799.205
10.3968	798.889	798.877
10.4087	798.56	798.549
10.4207	798.231	798.22
10.4326	797.902	797.89
10.4445	797.572	797.56
10.4565	797.241	797.229
10.4684	796.91	796.898
10.4804	796.578	796.566
10.4923	796.245	796.233
10.5042	795.912	795.9
10.5162	795.578	795.566
10.5281	795.244	795.232
10.54	794.909	794.897
10.552	794.574	794.562
10.5639	794.238	794.226
10.5758	793.901	793.889
10.5878	793.564	793.552
10.5997	793.226	793.214
10.6117	792.888	792.876
10.6236	792.549	792.537
10.6355	792.21	792.198
10.6475	791.87	791.858
10.6594	791.53	791.517
10.6713	791.189	791.176
10.6833	790.847	790.835
10.6952	790.505	790.493
10.7071	790.162	790.15
10.7191	789.819	789.807
10.731	789.476	789.463
10.743	789.131	789.119
10.7549	788.787	788.774
10.7668	788.441	788.429
10.7788	788.096	788.083
10.7907	787.749	787.737
10.8026	787.403	787.39
10.8146	787.055	787.043
10.8265	786.707	786.695
10.8385	786.359	786.347
10.8504	786.01	785.998
10.8623	785.661	785.648
10.8743	785.311	785.299
10.8862	784.961	784.948
10.8981	784.61	784.597
10.9101	784.259	784.246
10.922	783.907	783.894
10.9339	783.555	783.542
10.9459	783.202	783.189
10.9578	782.849	782.836
10.9698	782.495	782.482
10.9817	782.141	782.128
10.9936	781.787	781.774
11.0056	781.431	781.419
11.0175	781.076	781.063
11.0294	780.72	780.707
11.0414	780.364	780.351
11.0533	780.007	779.994
11.0652	779.649	779.636
11.0772	779.292	779.279
11.0891	778.933	778.92
11.1011	778.575	778.562
11.113	778.216	778.203
11.1249	777.856	777.843
11.1369	777.496	777.483
11.1488	777.136	777.123
11.1607	776.775	776.762
11.1727	776.414	776.401
11.1846	776.052	776.039
11.1966	775.69	775.677
11.2085	775.327	775.314
11.2204	774.965	774.951
11.2324	774.601	774.588
11.2443	774.238	774.224
11.2562	773.873	773.86
11.2682	773.509	773.496
11.2801	773.144	773.131
11.292	772.779	772.766
11.304	772.413	772.4
11.3159	772.047	772.034
11.3279	771.681	771.667
11.3398	771.314	771.3
11.3517	770.947	770.933
11.3637	770.579	770.566
11.3756	770.211	770.198
11.3875	769.843	769.829
11.3995	769.474	769.461
11.4114	769.105	769.092
11.4233	768.736	768.722
11.4353	768.366	768.352
11.4472	767.996	767.982
11.4592	767.625	767.612
11.4711	767.254	767.241
11.483	766.883	766.87
11.495	766.512	766.498
11.5069	766.14	766.126
11.5188	765.768	765.754
11.5308	765.395	765.382
11.5427	765.022	765.009
11.5546	764.649	764.635
11.5666	764.276	764.262
11.5785	763.902	763.888
11.5905	763.528	763.514
11.6024	763.153	763.139
11.6143	762.778	762.765
11.6263	762.403	762.389
11.6382	762.028	762.014
11.6501	761.652	761.638
11.6621	761.276	761.262
11.674	760.9	760.886
11.686	760.523	760.509
11.6979	760.146	760.132
11.7098	759.769	759.755
11.7218	759.391	759.378
11.7337	759.013	759
11.7456	758.635	758.622
11.7576	758.257	758.243
11.7695	757.878	757.865
11.7814	757.499	757.486
11.7934	757.12	757.106
11.8053	756.741	756.727
11.8173	756.361	756.347
11.8292	755.981	755.967
11.8411	755.601	755.587
11.8531	755.22	755.206
11.865	754.839	754.825
11.8769	754.458	754.444
11.8889	754.077	754.063
11.9008	753.695	753.682
11.9127	753.314	753.3
11.9247	752.932	752.918
11.9366	752.549	752.535
11.9486	752.167	752.153
11.9605	751.784	751.77
11.9724	751.401	751.387
11.9844	751.018	751.004
11.9963	750.634	750.62
12.0082	750.251	750.237
12.0202	749.867	749.853
12.0321	749.482	749.468
12.0441	749.098	749.084
12.056	748.713	748.699
12.0679	748.329	748.315
12.0799	747.944	747.93
12.0918	747.558	747.544
12.1037	747.173	747.159
12.1157	746.787	746.773
12.1276	746.401	746.387
12.1395	746.015	746.001
12.1515	745.629	745.615
12.1634	745.243	745.229
12.1754	744.856	744.842
12.1873	744.469	744.455
12.1992	744.082	744.068
12.2112	743.695	743.681
12.2231	743.308	743.293
12.235	742.92	742.906
12.247	742.532	742.518
12.2589	742.144	742.13
12.2708	741.756	741.742
12.2828	741.368	741.354
12.2947	740.979	740.965
12.3067	740.591	740.577
12.3186	740.202	740.188
12.3305	739.813	739.799
12.3425	739.424	739.41
12.3544	739.035	739.02
12.3663	738.645	738.631
12.3783	738.256	738.241
12.3902	737.866	737.851
12.4021	737.476	737.462
12.4141	737.086	737.071
12.426	736.696	736.681
12.438	736.305	736.291
12.4499	735.915	735.9
12.4618	735.524	735.51
12.4738	735.133	735.119
12.4857	734.742	734.728
12.4976	734.351	734.337
12.5096	733.96	733.946
12.5215	733.569	733.555
12.5335	733.177	733.163
12.5454	732.786	732.772
12.5573	732.394	732.38
12.5693	732.002	731.988
12.5812	731.61	731.596
12.5931	731.218	731.204
12.6051	730.826	730.812
12.617	730.434	730.42
12.6289	730.042	730.027
12.6409	729.649	729.635
12.6528	729.256	729.242
12.6648	728.864	728.849
12.6767	728.471	728.456
12.6886	728.078	728.063
12.7006	727.685	727.67
12.7125	727.292	727.277
12.7244	726.898	726.884
12.7364	726.505	726.491
12.7483	726.112	726.097
12.7602	725.718	725.704
12.7722	725.325	725.31
12.7841	724.931	724.916
12.7961	724.537	724.523
12.808	724.143	724.129
12.8199	723.749	723.735
12.8319	723.355	723.341
12.8438	722.961	722.947
12.8557	722.567	722.552
12.8677	722.173	722.158
12.8796	721.778	721.764
12.8916	721.384	721.369
12.9035	720.989	720.975
12.9154	720.595	720.58
12.9274	720.2	720.186
12.9393	719.805	719.791
12.9512	719.411	719.396
12.9632	719.016	719.001
12.9751	718.621	718.606
12.987	718.226	718.211
12.999	717.831	717.816
13.0109	717.436	717.421
13.0229	717.041	717.026
13.0348	716.645	716.631
13.0467	716.25	716.236
13.0587	715.855	715.84
13.0706	715.459	715.445
13.0825	715.064	715.049
13.0945	714.668	714.654
13.1064	714.273	714.258
13.1183	713.877	713.863
13.1303	713.482	713.467
13.1422	713.086	713.072
13.1542	712.69	712.676
13.1661	712.295	712.28
13.178	711.899	711.884
13.19	711.503	711.489
13.2019	711.107	711.093
13.2138	710.711	710.697
13.2258	710.316	710.301
13.2377	709.92	709.905
13.2496	709.524	709.509
13.2616	709.128	709.113
13.2735	708.732	708.717
13.2855	708.336	708.321
13.2974	707.939	707.925
13.3093	707.543	707.529
13.3213	707.147	707.133
13.3332	706.751	706.736
13.3451	706.355	706.34
13.3571	705.959	705.944
13.369	705.562	705.548
13.381	705.166	705.152
13.3929	704.77	704.755
13.4048	704.374	704.359
13.4168	703.977	703.963
13.4287	703.581	703.566
13.4406	703.185	703.17
13.4526	702.788	702.774
13.4645	702.392	702.377
13.4764	701.996	701.981
13.4884	701.599	701.585
13.5003	701.203	701.188
13.5123	700.807	700.792
13.5242	700.41	700.396
13.5361	700.014	699.999
13.5481	699.617	699.603
13.56	699.221	699.206
13.5719	698.825	698.81
13.5839	698.428	698.414
13.5958	698.032	698.017
13.6077	697.635	697.621
13.6197	697.239	697.224
13.6316	696.843	696.828
13.6436	696.446	696.432
13.6555	696.05	696.035
13.6674	695.653	695.639
13.6794	695.257	695.242
13.6913	694.861	694.846
13.7032	694.464	694.45
13.7152	694.068	694.053
13.7271	693.672	693.657
13.7391	693.275	693.261
13.751	692.879	692.864
13.7629	692.483	692.468
13.7749	692.086	692.072
13.7868	691.69	691.675
13.7987	691.294	691.279
13.8107	690.897	690.883
13.8226	690.501	690.487
13.8345	690.105	690.09
13.8465	689.709	689.694
13.8584	689.312	689.298
13.8704	688.916	688.902
13.8823	688.52	688.506
13.8942	688.124	688.109
13.9062	687.728	687.713
13.9181	687.332	687.317
13.93	686.936	686.921
13.942	686.54	686.525
13.9539	686.143	686.129
13.9658	685.747	685.733
13.9778	685.351	685.337
13.9897	684.955	684.941
14.0017	684.559	684.545
14.0136	684.164	684.149
14.0255	683.768	683.753
14.0375	683.372	683.357
14.0494	682.976	682.961
14.0613	682.58	682.565
14.0733	682.184	682.17
14.0852	681.788	681.774
14.0971	681.393	681.378
14.1091	680.997	680.982
14.121	680.601	680.587
14.133	680.206	680.191
14.1449	679.81	679.795
14.1568	679.414	679.4
14.1688	679.019	679.004
14.1807	678.623	678.609
14.1926	678.228	678.213
14.2046	677.832	677.818
14.2165	677.437	677.422
14.2285	677.041	677.027
14.2404	676.646	676.631
14.2523	676.25	676.236
14.2643	675.855	675.841
14.2762	675.46	675.445
14.2881	675.065	675.05
14.3001	674.669	674.655
14.312	674.274	674.26
14.3239	673.879	673.864
14.3359	673.484	673.469
14.3478	673.089	673.074
14.3598	672.694	672.679
14.3717	672.299	672.284
14.3836	671.904	671.889
14.3956	671.509	671.494
14.4075	671.114	671.099
14.4194	670.719	670.704
14.4314	670.324	670.31
14.4433	669.929	669.915
14.4552	669.534	669.52
14.4672	669.14	669.125
14.4791	668.745	668.731
14.4911	668.35	668.336
14.503	667.956	667.941
14.5149	667.561	667.547
14.5269	667.167	667.152
14.5388	666.772	666.758
14.5507	666.378	666.363
14.5627	665.983	665.969
14.5746	665.589	665.574
14.5866	665.195	665.18
14.5985	664.8	664.786
14.6104	664.406	664.391
14.6224	664.012	663.997
14.6343	663.618	663.603
14.6462	663.223	663.209
14.6582	662.829	662.815
14.6701	662.435	662.421
14.682	662.041	662.027
14.694	661.647	661.633
14.7059	661.253	661.239
14.7179	660.859	660.845
14.7298	660.465	660.451
14.7417	660.072	660.057
14.7537	659.678	659.663
14.7656	659.284	659.27
14.7775	658.89	658.876
14.7895	658.497	658.482
14.8014	658.103	658.089
14.8133	657.709	657.695
14.8253	657.316	657.301
14.8372	656.922	656.908
14.8492	656.529	656.514
14.8611	656.136	656.121
14.873	655.742	655.728
14.885	655.349	655.334
14.8969	654.955	654.941
14.9088	654.562	654.548
14.9208	654.169	654.155
14.9327	653.776	653.761
14.9446	653.383	653.368
14.9566	652.99	652.975
14.9685	652.596	652.582
14.9805	652.203	652.189
14.9924	651.81	651.796
15.0043	651.418	651.403
15.0163	651.025	651.01
15.0282	650.632	650.617
15.0401	650.239	650.224
15.0521	649.846	649.832
15.064	649.453	649.439
15.076	649.061	649.046
15.0879	648.668	648.654
15.0998	648.275	648.261
15.1118	647.883	647.868
15.1237	647.49	647.476
15.1356	647.098	647.083
15.1476	646.705	646.691
15.1595	646.313	646.298
15.1714	645.92	645.906
15.1834	645.528	645.514
15.1953	645.136	645.121
15.2073	644.744	644.729
15.2192	644.351	644.337
15.2311	643.959	643.945
15.2431	643.567	643.552
15.255	643.175	643.16
15.2669	642.783	642.768
15.2789	642.391	642.376
15.2908	641.999	641.984
15.3027	641.607	641.592
15.3147	641.215	641.2
15.3266	640.823	640.808
15.3386	640.431	640.417
15.3505	640.039	640.025
15.3624	639.647	639.633
15.3744	639.256	639.241
15.3863	638.864	638.849
15.3982	638.472	638.458
15.4102	638.081	638.066
15.4221	637.689	637.675
15.4341	637.297	637.283
15.446	636.906	636.891
15.4579	636.514	636.5
15.4699	636.123	636.108
15.4818	635.731	635.717
15.4937	635.34	635.326
15.5057	634.949	634.934
15.5176	634.557	634.543
15.5295	634.166	634.152
15.5415	633.775	633.76
15.5534	633.383	633.369
15.5654	632.992	632.978
15.5773	632.601	632.587
15.5892	632.21	632.196
15.6012	631.819	631.805
15.6131	631.428	631.413
15.625	631.037	631.022
15.637	630.646	630.631
15.6489	630.255	630.24
15.6608	629.864	629.85
15.6728	629.473	629.459
15.6847	629.082	629.068
15.6967	628.691	628.677
15.7086	628.3	628.286
15.7205	627.91	627.895
15.7325	627.519	627.505
15.7444	627.128	627.114
15.7563	626.738	626.723
15.7683	626.347	626.333
15.7802	625.956	625.942
15.7921	625.566	625.551
15.8041	625.175	625.161
15.816	624.785	624.77
15.828	624.394	624.38
15.8399	624.004	623.989
15.8518	623.613	623.599
15.8638	623.223	623.208
15.8757	622.832	622.818
15.8876	622.442	622.428
15.8996	622.052	622.037
15.9115	621.661	621.647
15.9235	621.271	621.257
15.9354	620.881	620.866
15.9473	620.49	620.476
15.9593	620.1	620.086
15.9712	619.71	619.696
15.9831	619.32	619.306
15.9951	618.93	618.915
16.007	618.54	618.525
16.0189	618.15	618.135
16.0309	617.76	617.745
16.0428	617.37	617.355
16.0548	616.98	616.965
16.0667	616.59	616.575
16.0786	616.2	616.185
16.0906	615.81	615.795
16.1025	615.42	615.405
16.1144	615.03	615.016
16.1264	614.64	614.626
16.1383	614.25	614.236
16.1502	613.86	613.846
16.1622	613.471	613.456
16.1741	613.081	613.067
16.1861	612.691	612.677
16.198	612.301	612.287
16.2099	611.912	611.897
16.2219	611.522	611.508
16.2338	611.132	611.118
16.2457	610.743	610.728
16.2577	610.353	610.339
16.2696	609.964	609.949
16.2816	609.574	609.56
16.2935	609.184	609.17
16.3054	608.795	608.781
16.3174	608.405	608.391
16.3293	608.016	608.002
16.3412	607.626	607.612
16.3532	607.237	607.223
16.3651	606.848	606.833
16.377	606.458	606.444
16.389	606.069	606.055
16.4009	605.679	605.665
16.4129	605.29	605.276
16.4248	604.901	604.886
16.4367	604.511	604.497
16.4487	604.122	604.108
16.4606	603.733	603.719
16.4725	603.344	603.329
16.4845	602.954	602.94
16.4964	602.565	602.551
16.5083	602.176	602.162
16.5203	601.787	601.773
16.5322	601.398	601.383
16.5442	601.008	600.994
16.5561	600.619	600.605
16.568	600.23	600.216
16.58	599.841	599.827
16.5919	599.452	599.438
16.6038	599.063	599.049
16.6158	598.674	598.66
16.6277	598.285	598.271
16.6396	597.896	597.882
16.6516	597.507	597.493
16.6635	597.118	597.104
16.6755	596.729	596.715
16.6874	596.34	596.326
16.6993	595.951	595.937
16.7113	595.562	595.548
16.7232	595.173	595.159
16.7351	594.784	594.77
16.7471	594.395	594.381
16.759	594.007	593.992
16.771	593.618	593.603
16.7829	593.229	593.215
16.7948	592.84	592.826
16.8068	592.451	592.437
16.8187	592.062	592.048
16.8306	591.674	591.659
16.8426	591.285	591.271
16.8545	590.896	590.882
16.8664	590.507	590.493
16.8784	590.119	590.104
16.8903	589.73	589.716
16.9023	589.341	589.327
16.9142	588.952	588.938
16.9261	588.564	588.549
16.9381	588.175	588.161
16.95	587.786	587.772
16.9619	587.398	587.384
16.9739	587.009	586.995
16.9858	586.621	586.606
16.9977	586.232	586.218
17.0097	585.843	585.829
17.0216	585.455	585.441
17.0336	585.066	585.052
17.0455	584.678	584.663
17.0574	584.289	584.275
17.0694	583.901	583.886
17.0813	583.512	583.498
17.0932	583.124	583.109
17.1052	582.735	582.721
17.1171	582.347	582.332
17.1291	581.958	581.944
17.141	581.57	581.555
17.1529	581.181	581.167
17.1649	580.793	580.779
17.1768	580.404	580.39
17.1887	580.016	580.002
17.2007	579.628	579.613
17.2126	579.239	579.225
17.2245	578.851	578.837
17.2365	578.462	578.448
17.2484	578.074	578.06
17.2604	577.686	577.671
17.2723	577.297	577.283
17.2842	576.909	576.895
17.2962	576.521	576.506
17.3081	576.132	576.118
17.32	575.744	575.73
17.332	575.356	575.342
17.3439	574.968	574.953
17.3558	574.579	574.565
17.3678	574.191	574.177
17.3797	573.803	573.789
17.3917	573.415	573.4
17.4036	573.027	573.012
17.4155	572.638	572.624
17.4275	572.25	572.236
17.4394	571.862	571.848
17.4513	571.474	571.46
17.4633	571.086	571.071
17.4752	570.698	570.683
17.4871	570.309	570.295
17.4991	569.921	569.907
17.511	569.533	569.519
17.523	569.145	569.131
17.5349	568.757	568.743
17.5468	568.369	568.355
17.5588	567.981	567.967
17.5707	567.593	567.579
17.5826	567.205	567.191
17.5946	566.817	566.803
17.6065	566.429	566.415
17.6185	566.041	566.027
17.6304	565.653	565.639
17.6423	565.265	565.251
17.6543	564.877	564.863
17.6662	564.489	564.475
17.6781	564.101	564.087
17.6901	563.713	563.699
17.702	563.325	563.311
17.7139	562.938	562.923
17.7259	562.55	562.535
17.7378	562.162	562.148
17.7498	561.774	561.76
17.7617	561.386	561.372
17.7736	560.998	560.984
17.7856	560.611	560.596
17.7975	560.223	560.209
17.8094	559.835	559.821
17.8214	559.447	559.433
17.8333	559.06	559.045
17.8452	558.672	558.658
17.8572	558.284	558.27
17.8691	557.896	557.882
17.8811	557.509	557.495
17.893	557.121	557.107
17.9049	556.733	556.719
17.9169	556.346	556.332
17.9288	555.958	555.944
17.9407	555.571	555.556
17.9527	555.183	555.169
17.9646	554.796	554.781
17.9766	554.408	554.394
17.9885	554.02	554.006
18.0004	553.633	553.619
18.0124	553.245	553.231
18.0243	552.858	552.844
18.0362	552.471	552.456
18.0482	552.083	552.069
18.0601	551.696	551.681
18.072	551.308	551.294
18.084	550.921	550.907
18.0959	550.534	550.519
18.1079	550.146	550.132
18.1198	549.759	549.745
18.1317	549.372	549.357
18.1437	548.984	548.97
18.1556	548.597	548.583
18.1675	548.21	548.196
18.1795	547.823	547.808
18.1914	547.436	547.421
18.2033	547.048	547.034
18.2153	546.661	546.647
18.2272	546.274	546.26
18.2392	545.887	545.873
18.2511	545.5	545.486
18.263	545.113	545.099
18.275	544.726	544.712
18.2869	544.339	544.325
18.2988	543.952	543.938
18.3108	543.565	543.551
18.3227	543.178	543.164
18.3346	542.791	542.777
18.3466	542.404	542.39
18.3585	542.017	542.003
18.3705	541.63	541.616
18.3824	541.244	541.229
18.3943	540.857	540.843
18.4063	540.47	540.456
18.4182	540.083	540.069
18.4301	539.697	539.683
18.4421	539.31	539.296
18.454	538.923	538.909
18.466	538.537	538.523
18.4779	538.15	538.136
18.4898	537.764	537.749
18.5018	537.377	537.363
18.5137	536.991	536.976
18.5256	536.604	536.59
18.5376	536.218	536.204
18.5495	535.831	535.817
18.5614	535.445	535.431
18.5734	535.059	535.044
18.5853	534.672	534.658
18.5973	534.286	534.272
18.6092	533.9	533.886
18.6211	533.514	533.499
18.6331	533.128	533.113
18.645	532.741	532.727
18.6569	532.355	532.341
18.6689	531.969	531.955
18.6808	531.583	531.569
18.6927	531.197	531.183
18.7047	530.811	530.797
18.7166	530.425	530.411
18.7286	530.039	530.025
18.7405	529.654	529.639
18.7524	529.268	529.254
18.7644	528.882	528.868
18.7763	528.496	528.482
18.7882	528.111	528.096
18.8002	527.725	527.711
18.8121	527.339	527.325
18.8241	526.954	526.94
18.836	526.568	526.554
18.8479	526.183	526.169
18.8599	525.797	525.783
18.8718	525.412	525.398
18.8837	525.027	525.013
18.8957	524.641	524.627
18.9076	524.256	524.242
18.9195	523.871	523.857
18.9315	523.486	523.472
18.9434	523.101	523.087
18.9554	522.716	522.701
18.9673	522.331	522.316
18.9792	521.946	521.931
18.9912	521.561	521.547
19.0031	521.176	521.162
19.015	520.791	520.777
19.027	520.406	520.392
19.0389	520.021	520.007
19.0508	519.637	519.623
19.0628	519.252	519.238
19.0747	518.868	518.853
19.0867	518.483	518.469
19.0986	518.099	518.084
19.1105	517.714	517.7
19.1225	517.33	517.316
19.1344	516.946	516.931
19.1463	516.561	516.547
19.1583	516.177	516.163
19.1702	515.793	515.779
19.1821	515.409	515.395
19.1941	515.025	515.011
19.206	514.641	514.627
19.218	514.257	514.243
19.2299	513.873	513.859
19.2418	513.489	513.475
19.2538	513.106	513.092
19.2657	512.722	512.708
19.2776	512.338	512.324
19.2896	511.955	511.941
19.3015	511.571	511.557
19.3135	511.188	511.174
19.3254	510.805	510.791
19.3373	510.421	510.407
19.3493	510.038	510.024
19.3612	509.655	509.641
19.3731	509.272	509.258
19.3851	508.889	508.875
19.397	508.506	508.492
19.4089	508.123	508.109
19.4209	507.74	507.726
19.4328	507.358	507.344
19.4448	506.975	506.961
19.4567	506.592	506.578
19.4686	506.21	506.196
19.4806	505.828	505.813
19.4925	505.445	505.431
19.5044	505.063	505.049
19.5164	504.681	504.667
19.5283	504.299	504.284
19.5402	503.917	503.902
19.5522	503.535	503.52
19.5641	503.153	503.139
19.5761	502.771	502.757
19.588	502.389	502.375
19.5999	502.007	501.993
19.6119	501.626	501.612
19.6238	501.244	501.23
19.6357	500.863	500.849
19.6477	500.482	500.468
19.6596	500.1	500.086
19.6716	499.719	499.705
19.6835	499.338	499.324
19.6954	498.957	498.943
19.7074	498.576	498.562
19.7193	498.195	498.181
19.7312	497.815	497.801
19.7432	497.434	497.42
19.7551	497.054	497.04
19.767	496.673	496.659
19.779	496.293	496.279
19.7909	495.913	495.898
19.8029	495.532	495.518
19.8148	495.152	495.138
19.8267	494.772	494.758
19.8387	494.392	494.378
19.8506	494.013	493.999
19.8625	493.633	493.619
19.8745	493.253	493.239
19.8864	492.874	492.86
19.8983	492.495	492.48
19.9103	492.115	492.101
19.9222	491.736	491.722
19.9342	491.357	491.343
19.9461	490.978	490.964
19.958	490.599	490.585
19.97	490.22	490.206
19.9819	489.842	489.828
19.9938	489.463	489.449
20.0058	489.085	489.071
20.0177	488.706	488.692
20.0296	488.328	488.314
20.0416	487.95	487.936
20.0535	487.572	487.558
20.0655	487.194	487.18
20.0774	486.816	486.802
20.0893	486.439	486.425
20.1013	486.061	486.047
20.1132	485.684	485.67
20.1251	485.306	485.292
20.1371	484.929	484.915
20.149	484.552	484.538
20.161	484.175	484.161
20.1729	483.798	483.784
20.1848	483.422	483.408
20.1968	483.045	483.031
20.2087	482.668	482.655
20.2206	482.292	482.278
20.2326	481.916	481.902
20.2445	481.54	481.526
20.2564	481.164	481.15
20.2684	480.788	480.774
20.2803	480.412	480.398
20.2923	480.037	480.023
20.3042	479.661	479.647
20.3161	479.286	479.272
20.3281	478.911	478.897
20.34	478.536	478.522
20.3519	478.161	478.147
20.3639	477.786	477.772
20.3758	477.411	477.397
20.3877	477.037	477.023
20.3997	476.662	476.648
20.4116	476.288	476.274
20.4236	475.914	475.9
20.4355	475.54	475.526
20.4474	475.166	475.152
20.4594	474.793	474.779
20.4713	474.419	474.405
20.4832	474.046	474.032
20.4952	473.672	473.659
20.5071	473.299	473.285
20.5191	472.926	472.913
20.531	472.554	472.54
20.5429	472.181	472.167
20.5549	471.808	471.795
20.5668	471.436	471.422
20.5787	471.064	471.05
20.5907	470.692	470.678
20.6026	470.32	470.306
20.6145	469.948	469.934
20.6265	469.577	469.563
20.6384	469.205	469.191
20.6504	468.834	468.82
20.6623	468.463	468.449
20.6742	468.092	468.078
20.6862	467.721	467.707
20.6981	467.351	467.337
20.71	466.98	466.966
20.722	466.61	466.596
20.7339	466.24	466.226
20.7458	465.87	465.856
20.7578	465.5	465.486
20.7697	465.13	465.117
20.7817	464.761	464.747
20.7936	464.392	464.378
20.8055	464.023	464.009
20.8175	463.654	463.64
20.8294	463.285	463.271
20.8413	462.917	462.903
20.8533	462.548	462.535
20.8652	462.18	462.166
20.8771	461.812	461.798
20.8891	461.444	461.43
20.901	461.076	461.063
20.913	460.709	460.695
20.9249	460.342	460.328
20.9368	459.975	459.961
20.9488	459.608	459.594
20.9607	459.241	459.227
20.9726	458.874	458.861
20.9846	458.508	458.494
20.9965	458.142	458.128
21.0085	457.776	457.762
21.0204	457.41	457.397
21.0323	457.045	457.031
21.0443	456.679	456.666
21.0562	456.314	456.3
21.0681	455.949	455.935
21.0801	455.584	455.571
21.092	455.22	455.206
21.1039	454.855	454.842
21.1159	454.491	454.477
21.1278	454.127	454.113
21.1398	453.763	453.75
21.1517	453.4	453.386
21.1636	453.036	453.023
21.1756	452.673	452.66
21.1875	452.31	452.297
21.1994	451.947	451.934
21.2114	451.585	451.571
21.2233	451.223	451.209
21.2352	450.86	450.847
21.2472	450.499	450.485
21.2591	450.137	450.123
21.2711	449.775	449.762
21.283	449.414	449.401
21.2949	449.053	449.04
21.3069	448.692	448.679
21.3188	448.332	448.318
21.3307	447.971	447.958
21.3427	447.611	447.598
21.3546	447.251	447.238
21.3666	446.892	446.878
21.3785	446.532	446.519
21.3904	446.173	446.16
21.4024	445.814	445.801
21.4143	445.455	445.442
21.4262	445.097	445.083
21.4382	444.738	444.725
21.4501	444.38	444.367
21.462	444.023	444.009
21.474	443.665	443.652
21.4859	443.308	443.294
21.4979	442.95	442.937
21.5098	442.594	442.58
21.5217	442.237	442.224
21.5337	441.881	441.867
21.5456	441.524	441.511
21.5575	441.169	441.155
21.5695	440.813	440.8
21.5814	440.458	440.444
21.5933	440.102	440.089
21.6053	439.747	439.734
21.6172	439.393	439.38
21.6292	439.038	439.025
21.6411	438.684	438.671
21.653	438.33	438.317
21.665	437.977	437.964
21.6769	437.623	437.61
21.6888	437.27	437.257
21.7008	436.917	436.904
21.7127	436.565	436.552
21.7246	436.213	436.199
21.7366	435.86	435.847
21.7485	435.509	435.496
21.7605	435.157	435.144
21.7724	434.806	434.793
21.7843	434.455	434.442
21.7963	434.104	434.091
21.8082	433.754	433.741
21.8201	433.404	433.391
21.8321	433.054	433.041
21.844	432.704	432.691
21.856	432.355	432.342
21.8679	432.006	431.993
21.8798	431.657	431.644
21.8918	431.308	431.295
21.9037	430.96	430.947
21.9156	430.612	430.599
21.9276	430.264	430.251
21.9395	429.917	429.904
21.9514	429.57	429.557
21.9634	429.223	429.21
21.9753	428.877	428.864
21.9873	428.53	428.518
21.9992	428.185	428.172
22.0111	427.839	427.826
22.0231	427.494	427.481
22.035	427.148	427.136
22.0469	426.804	426.791
22.0589	426.459	426.446
22.0708	426.115	426.102
22.0827	425.771	425.758
22.0947	425.428	425.415
22.1066	425.084	425.072
22.1186	424.741	424.729
22.1305	424.399	424.386
22.1424	424.057	424.044
22.1544	423.714	423.702
22.1663	423.373	423.36
22.1782	423.031	423.019
22.1902	422.69	422.678
22.2021	422.349	422.337
22.2141	422.009	421.996
22.226	421.669	421.656
22.2379	421.329	421.316
22.2499	420.989	420.977
22.2618	420.65	420.638
22.2737	420.311	420.299
22.2857	419.973	419.96
22.2976	419.635	419.622
22.3095	419.297	419.284
22.3215	418.959	418.947
22.3334	418.622	418.609
22.3454	418.285	418.272
22.3573	417.948	417.936
22.3692	417.612	417.599
22.3812	417.276	417.264
22.3931	416.941	416.928
22.405	416.605	416.593
22.417	416.27	416.258
22.4289	415.936	415.923
22.4408	415.601	415.589
22.4528	415.268	415.255
22.4647	414.934	414.921
22.4767	414.601	414.588
22.4886	414.268	414.255
22.5005	413.935	413.923
22.5125	413.603	413.591
22.5244	413.271	413.259
22.5363	412.94	412.927
22.5483	412.609	412.596
22.5602	412.278	412.265
22.5721	411.947	411.935
22.5841	411.617	411.605
22.596	411.287	411.275
22.608	410.958	410.946
22.6199	410.629	410.617
22.6318	410.3	410.288
22.6438	409.972	409.96
22.6557	409.644	409.632
22.6676	409.316	409.304
22.6796	408.989	408.977
22.6915	408.662	408.65
22.7035	408.336	408.324
22.7154	408.01	407.997
22.7273	407.684	407.672
22.7393	407.358	407.346
22.7512	407.033	407.021
22.7631	406.709	406.697
22.7751	406.384	406.372
22.787	406.061	406.048
22.7989	405.737	405.725
22.8109	405.414	405.402
22.8228	405.091	405.079
22.8348	404.769	404.757
22.8467	404.447	404.435
22.8586	404.125	404.113
22.8706	403.804	403.792
22.8825	403.483	403.471
22.8944	403.162	403.15
22.9064	402.842	402.83
22.9183	402.523	402.511
22.9302	402.203	402.191
22.9422	401.884	401.872
22.9541	401.566	401.554
22.9661	401.248	401.236
22.978	400.93	400.918
22.9899	400.612	400.6
23.0019	400.295	400.284
23.0138	399.979	399.967
23.0257	399.663	399.651
23.0377	399.347	399.335
23.0496	399.032	399.02
23.0616	398.717	398.705
23.0735	398.402	398.39
23.0854	398.088	398.076
23.0974	397.774	397.762
23.1093	397.461	397.449
23.1212	397.148	397.136
23.1332	396.835	396.823
23.1451	396.523	396.511
23.157	396.211	396.2
23.169	395.9	395.888
23.1809	395.589	395.577
23.1929	395.279	395.267
23.2048	394.969	394.957
23.2167	394.659	394.647
23.2287	394.35	394.338
23.2406	394.041	394.029
23.2525	393.732	393.721
23.2645	393.424	393.413
23.2764	393.117	393.105
23.2883	392.81	392.798
23.3003	392.503	392.491
23.3122	392.197	392.185
23.3242	391.891	391.879
23.3361	391.585	391.574
23.348	391.28	391.269
23.36	390.976	390.964
23.3719	390.672	390.66
23.3838	390.368	390.357
23.3958	390.065	390.053
23.4077	389.762	389.751
23.4196	389.46	389.448
23.4316	389.158	389.146
23.4435	388.856	388.845
23.4555	388.555	388.544
23.4674	388.254	388.243
23.4793	387.954	387.943
23.4913	387.654	387.643
23.5032	387.355	387.344
23.5151	387.056	387.045
23.5271	386.758	386.747
23.539	386.46	386.449
23.551	386.162	386.151
23.5629	385.865	385.854
23.5748	385.569	385.557
23.5868	385.272	385.261
23.5987	384.977	384.965
23.6106	384.681	384.67
23.6226	384.387	384.375
23.6345	384.092	384.081
23.6464	383.798	383.787
23.6584	383.505	383.494
23.6703	383.213	383.201
23.6823	382.921	382.91
23.6942	382.63	382.619
23.7061	382.34	382.329
23.7181	382.052	382.041
23.73	381.767	381.755
23.7419	381.485	381.472
23.7539	381.208	381.195
23.7658	380.939	380.925
23.7777	380.68	380.664
23.7897	380.435	380.417
23.8016	380.207	380.188
23.8136	380.002	379.981
23.8255	379.825	379.802
23.8374	379.68	379.656
23.8494	379.574	379.547
23.8613	379.508	379.481
23.8732	379.486	379.458
