0	780.012	780.022
0.0119366	779.999	780.009
0.0238732	779.961	779.971
0.0358099	779.898	779.908
0.0477465	779.811	779.82
0.0596831	779.701	779.709
0.0716197	779.568	779.576
0.0835563	779.414	779.421
0.095493	779.24	779.247
0.10743	779.049	779.055
0.119366	778.841	778.847
0.131303	778.618	778.623
0.143239	778.381	778.386
0.155176	778.133	778.137
0.167113	777.874	777.877
0.179049	777.606	777.609
0.190986	777.33	777.333
0.202923	777.048	777.05
0.214859	776.76	776.762
0.226796	776.467	776.468
0.238732	776.17	776.171
0.250669	775.87	775.871
0.262606	775.567	775.568
0.274542	775.262	775.262
0.286479	774.954	774.955
0.298416	774.646	774.646
0.310352	774.336	774.336
0.322289	774.024	774.025
0.334225	773.712	773.713
0.346162	773.399	773.4
0.358099	773.086	773.086
0.370035	772.771	772.771
0.381972	772.456	772.457
0.393908	772.141	772.141
0.405845	771.825	771.825
0.417782	771.508	771.508
0.429718	771.191	771.191
0.441655	770.874	770.874
0.453592	770.556	770.556
0.465528	770.237	770.238
0.477465	769.919	769.919
0.489401	769.599	769.6
0.501338	769.28	769.28
0.513275	768.959	768.96
0.525211	768.639	768.639
0.537148	768.318	768.318
0.549085	767.996	767.997
0.561021	767.674	767.675
0.572958	767.352	767.352
0.584894	767.029	767.03
0.596831	766.706	766.706
0.608768	766.383	766.383
0.620704	766.059	766.059
0.632641	765.734	765.734
0.644578	765.409	765.409
0.656514	765.084	765.084
0.668451	764.758	764.758
0.680387	764.432	764.432
0.692324	764.105	764.106
0.704261	763.778	763.779
0.716197	763.451	763.451
0.728134	763.123	763.123
0.74007	762.795	762.795
0.752007	762.466	762.466
0.763944	762.137	762.137
0.77588	761.808	761.808
0.787817	761.478	761.478
0.799754	761.148	761.148
0.81169	760.817	760.817
0.823627	760.486	760.486
0.835563	760.154	760.155
0.8475	759.823	759.823
0.859437	759.49	759.49
0.871373	759.158	759.158
0.88331	758.824	758.825
0.895247	758.491	758.491
0.907183	758.157	758.157
0.91912	757.823	757.823
0.931056	757.488	757.488
0.942993	757.153	757.153
0.95493	756.818	756.818
0.966866	756.482	756.482
0.978803	756.146	756.146
0.99074	755.809	755.809
1.00268	755.472	755.472
1.01461	755.135	755.135
1.02655	754.797	754.797
1.03849	754.459	754.459
1.05042	754.12	754.121
1.06236	753.782	753.782
1.0743	753.442	753.442
1.08623	753.103	753.103
1.09817	752.763	752.763
1.11011	752.422	752.422
1.12204	752.082	752.082
1.13398	751.74	751.741
1.14592	751.399	751.399
1.15785	751.057	751.057
1.16979	750.715	750.715
1.18173	750.372	750.373
1.19366	750.029	750.03
1.2056	749.686	749.686
1.21754	749.343	749.343
1.22947	748.999	748.999
1.24141	748.654	748.654
1.25335	748.309	748.31
1.26528	747.964	747.965
1.27722	747.619	747.619
1.28916	747.273	747.273
1.30109	746.927	746.927
1.31303	746.581	746.581
1.32496	746.234	746.234
1.3369	745.887	745.887
1.34884	745.539	745.539
1.36077	745.191	745.191
1.37271	744.843	744.843
1.38465	744.495	744.495
1.39658	744.146	744.146
1.40852	743.797	743.797
1.42046	743.447	743.447
1.43239	743.097	743.097
1.44433	742.747	742.747
1.45627	742.397	742.397
1.4682	742.046	742.046
1.48014	741.694	741.695
1.49208	741.343	741.343
1.50401	740.991	740.991
1.51595	740.639	740.639
1.52789	740.287	740.287
1.53982	739.934	739.934
1.55176	739.581	739.581
1.5637	739.227	739.227
1.57563	738.873	738.874
1.58757	738.519	738.519
1.59951	738.165	738.165
1.61144	737.81	737.81
1.62338	737.455	737.455
1.63532	737.1	737.1
1.64725	736.744	736.745
1.65919	736.388	736.389
1.67113	736.032	736.032
1.68306	735.676	735.676
1.695	735.319	735.319
1.70694	734.962	734.962
1.71887	734.604	734.604
1.73081	734.247	734.247
1.74275	733.889	733.889
1.75468	733.53	733.53
1.76662	733.172	733.172
1.77856	732.813	732.813
1.79049	732.454	732.454
1.80243	732.094	732.094
1.81437	731.734	731.734
1.8263	731.374	731.374
1.83824	731.014	731.014
1.85018	730.653	730.653
1.86211	730.292	730.292
1.87405	729.931	729.931
1.88599	729.57	729.57
1.89792	729.208	729.208
1.90986	728.846	728.846
1.9218	728.484	728.484
1.93373	728.121	728.121
1.94567	727.758	727.758
1.95761	727.395	727.395
1.96954	727.032	727.032
1.98148	726.668	726.668
1.99342	726.304	726.304
2.00535	725.94	725.94
2.01729	725.575	725.576
2.02923	725.211	725.211
2.04116	724.846	724.846
2.0531	724.48	724.481
2.06504	724.115	724.115
2.07697	723.749	723.749
2.08891	723.383	723.383
2.10085	723.017	723.017
2.11278	722.65	722.651
2.12472	722.284	722.284
2.13666	721.917	721.917
2.14859	721.549	721.549
2.16053	721.182	721.182
2.17246	720.814	720.814
2.1844	720.446	720.446
2.19634	720.078	720.078
2.20827	719.709	719.709
2.22021	719.341	719.341
2.23215	718.972	718.972
2.24408	718.603	718.603
2.25602	718.233	718.233
2.26796	717.863	717.863
2.27989	717.493	717.494
2.29183	717.123	717.123
2.30377	716.753	716.753
2.3157	716.382	716.382
2.32764	716.012	716.012
2.33958	715.641	715.641
2.35151	715.269	715.269
2.36345	714.898	714.898
2.37539	714.526	714.526
2.38732	714.154	714.154
2.39926	713.782	713.782
2.4112	713.41	713.41
2.42313	713.037	713.037
2.43507	712.664	712.664
2.44701	712.291	712.291
2.45894	711.918	711.918
2.47088	711.544	711.544
2.48282	711.171	711.171
2.49475	710.797	710.797
2.50669	710.423	710.423
2.51863	710.048	710.049
2.53056	709.674	709.674
2.5425	709.299	709.299
2.55444	708.924	708.924
2.56637	708.549	708.549
2.57831	708.174	708.174
2.59025	707.799	707.799
2.60218	707.423	707.423
2.61412	707.047	707.047
2.62606	706.671	706.671
2.63799	706.295	706.295
2.64993	705.918	705.918
2.66187	705.541	705.542
2.6738	705.165	705.165
2.68574	704.788	704.788
2.69768	704.41	704.41
2.70961	704.033	704.033
2.72155	703.655	703.655
2.73349	703.278	703.278
2.74542	702.9	702.9
2.75736	702.522	702.522
2.7693	702.143	702.143
2.78123	701.765	701.765
2.79317	701.386	701.386
2.80511	701.007	701.007
2.81704	700.628	700.628
2.82898	700.249	700.249
2.84092	699.87	699.87
2.85285	699.49	699.49
2.86479	699.111	699.111
2.87673	698.731	698.731
2.88866	698.351	698.351
2.9006	697.97	697.971
2.91254	697.59	697.59
2.92447	697.21	697.21
2.93641	696.829	696.829
2.94835	696.448	696.448
2.96028	696.067	696.067
2.97222	695.686	695.686
2.98416	695.305	695.305
2.99609	694.923	694.923
3.00803	694.542	694.542
3.01997	694.16	694.16
3.0319	693.778	693.778
3.04384	693.396	693.396
3.05577	693.014	693.014
3.06771	692.631	692.631
3.07965	692.249	692.249
3.09158	691.866	691.866
3.10352	691.483	691.483
3.11546	691.1	691.1
3.12739	690.717	690.717
3.13933	690.334	690.334
3.15127	689.951	689.951
3.1632	689.567	689.567
3.17514	689.184	689.184
3.18708	688.8	688.8
3.19901	688.416	688.416
3.21095	688.032	688.032
3.22289	687.648	687.648
3.23482	687.264	687.264
3.24676	686.879	686.879
3.2587	686.495	686.495
3.27063	686.11	686.11
3.28257	685.725	685.725
3.29451	685.34	685.34
3.30644	684.955	684.955
3.31838	684.57	684.57
3.33032	684.185	684.185
3.34225	683.799	683.799
3.35419	683.414	683.414
3.36613	683.028	683.028
3.37806	682.642	682.642
3.39	682.256	682.257
3.40194	681.87	681.871
3.41387	681.484	681.484
3.42581	681.098	681.098
3.43775	680.712	680.712
3.44968	680.325	680.325
3.46162	679.939	679.939
3.47356	679.552	679.552
3.48549	679.165	679.165
3.49743	678.779	678.779
3.50937	678.392	678.392
3.5213	678.005	678.005
3.53324	677.617	677.617
3.54518	677.23	677.23
3.55711	676.843	676.843
3.56905	676.455	676.455
3.58099	676.068	676.068
3.59292	675.68	675.68
3.60486	675.292	675.292
3.6168	674.904	674.904
3.62873	674.516	674.516
3.64067	674.128	674.128
3.65261	673.74	673.74
3.66454	673.352	673.352
3.67648	672.964	672.964
3.68842	672.575	672.575
3.70035	672.187	672.187
3.71229	671.798	671.798
3.72423	671.41	671.41
3.73616	671.021	671.021
3.7481	670.632	670.632
3.76004	670.243	670.243
3.77197	669.854	669.854
3.78391	669.465	669.465
3.79585	669.076	669.076
3.80778	668.687	668.687
3.81972	668.297	668.297
3.83166	667.908	667.908
3.84359	667.519	667.519
3.85553	667.129	667.129
3.86747	666.739	666.739
3.8794	666.35	666.35
3.89134	665.96	665.96
3.90327	665.57	665.57
3.91521	665.18	665.18
3.92715	664.79	664.79
3.93908	664.4	664.4
3.95102	664.01	664.01
3.96296	663.62	663.62
3.97489	663.23	663.23
3.98683	662.84	662.84
3.99877	662.449	662.449
4.0107	662.059	662.059
4.02264	661.668	661.668
4.03458	661.278	661.278
4.04651	660.887	660.887
4.05845	660.497	660.497
4.07039	660.106	660.106
4.08232	659.715	659.715
4.09426	659.324	659.324
4.1062	658.933	658.933
4.11813	658.542	658.542
4.13007	658.151	658.151
4.14201	657.76	657.76
4.15394	657.369	657.369
4.16588	656.978	656.978
4.17782	656.587	656.587
4.18975	656.196	656.196
4.20169	655.805	655.805
4.21363	655.413	655.413
4.22556	655.022	655.022
4.2375	654.63	654.63
4.24944	654.239	654.239
4.26137	653.848	653.848
4.27331	653.456	653.456
4.28525	653.064	653.064
4.29718	652.673	652.673
4.30912	652.281	652.281
4.32106	651.889	651.889
4.33299	651.498	651.498
4.34493	651.106	651.106
4.35687	650.714	650.714
4.3688	650.322	650.322
4.38074	649.93	649.93
4.39268	649.538	649.538
4.40461	649.146	649.147
4.41655	648.755	648.755
4.42849	648.362	648.363
4.44042	647.97	647.97
4.45236	647.578	647.578
4.4643	647.186	647.186
4.47623	646.794	646.794
4.48817	646.402	646.402
4.50011	646.01	646.01
4.51204	645.618	645.618
4.52398	645.225	645.225
4.53592	644.833	644.833
4.54785	644.441	644.441
4.55979	644.048	644.048
4.57173	643.656	643.656
4.58366	643.264	643.264
4.5956	642.871	642.871
4.60754	642.479	642.479
4.61947	642.087	642.087
4.63141	641.694	641.694
4.64335	641.302	641.302
4.65528	640.909	640.909
4.66722	640.517	640.517
4.67916	640.124	640.124
4.69109	639.732	639.732
4.70303	639.339	639.339
4.71497	638.947	638.947
4.7269	638.554	638.554
4.73884	638.161	638.161
4.75078	637.769	637.769
4.76271	637.376	637.376
4.77465	636.984	636.984
4.78658	636.591	636.591
4.79852	636.198	636.198
4.81046	635.806	635.806
4.82239	635.413	635.413
4.83433	635.02	635.02
4.84627	634.628	634.628
4.8582	634.235	634.235
4.87014	633.842	633.842
4.88208	633.45	633.45
4.89401	633.057	633.057
4.90595	632.664	632.664
4.91789	632.272	632.272
4.92982	631.879	631.879
4.94176	631.486	631.486
4.9537	631.093	631.093
4.96563	630.701	630.701
4.97757	630.308	630.308
4.98951	629.915	629.915
5.00144	629.523	629.523
5.01338	629.13	629.13
5.02532	628.737	628.737
5.03725	628.344	628.344
5.04919	627.952	627.952
5.06113	627.559	627.559
5.07306	627.166	627.166
5.085	626.774	626.774
5.09694	626.381	626.381
5.10887	625.988	625.988
5.12081	625.596	625.596
5.13275	625.203	625.203
5.14468	624.81	624.81
5.15662	624.418	624.418
5.16856	624.025	624.025
5.18049	623.632	623.632
5.19243	623.24	623.24
5.20437	622.847	622.847
5.2163	622.455	622.455
5.22824	622.062	622.062
5.24018	621.669	621.669
5.25211	621.277	621.277
5.26405	620.884	620.884
5.27599	620.492	620.492
5.28792	620.099	620.099
5.29986	619.707	619.707
5.3118	619.314	619.314
5.32373	618.922	618.922
5.33567	618.529	618.529
5.34761	618.137	618.137
5.35954	617.744	617.744
5.37148	617.352	617.352
5.38342	616.959	616.959
5.39535	616.567	616.567
5.40729	616.175	616.175
5.41923	615.782	615.782
5.43116	615.39	615.39
5.4431	614.998	614.998
5.45504	614.605	614.605
5.46697	614.213	614.213
5.47891	613.821	613.821
5.49085	613.429	613.429
5.50278	613.036	613.036
5.51472	612.644	612.644
5.52666	612.252	612.252
5.53859	611.86	611.86
5.55053	611.468	611.468
5.56247	611.076	611.076
5.5744	610.684	610.684
5.58634	610.291	610.291
5.59828	609.899	609.899
5.61021	609.507	609.507
5.62215	609.115	609.115
5.63408	608.723	608.723
5.64602	608.331	608.331
5.65796	607.94	607.94
5.66989	607.548	607.548
5.68183	607.156	607.156
5.69377	606.764	606.764
5.7057	606.372	606.372
5.71764	605.98	605.98
5.72958	605.589	605.589
5.74151	605.197	605.197
5.75345	604.805	604.805
5.76539	604.414	604.414
5.77732	604.022	604.022
5.78926	603.63	603.63
5.8012	603.239	603.239
5.81313	602.847	602.847
5.82507	602.456	602.456
5.83701	602.064	602.064
5.84894	601.673	601.673
5.86088	601.281	601.281
5.87282	600.89	600.89
5.88475	600.498	600.498
5.89669	600.107	600.107
5.90863	599.716	599.716
5.92056	599.325	599.325
5.9325	598.933	598.933
5.94444	598.542	598.542
5.95637	598.151	598.151
5.96831	597.76	597.76
5.98025	597.369	597.369
5.99218	596.978	596.978
6.00412	596.586	596.586
6.01606	596.195	596.195
6.02799	595.805	595.804
6.03993	595.414	595.414
6.05187	595.023	595.023
6.0638	594.632	594.632
6.07574	594.241	594.241
6.08768	593.85	593.85
6.09961	593.459	593.459
6.11155	593.069	593.069
6.12349	592.678	592.678
6.13542	592.287	592.287
6.14736	591.897	591.897
6.1593	591.506	591.506
6.17123	591.115	591.115
6.18317	590.725	590.725
6.19511	590.334	590.334
6.20704	589.944	589.944
6.21898	589.554	589.554
6.23092	589.163	589.163
6.24285	588.773	588.773
6.25479	588.383	588.383
6.26673	587.992	587.992
6.27866	587.602	587.602
6.2906	587.212	587.212
6.30254	586.822	586.822
6.31447	586.432	586.432
6.32641	586.042	586.042
6.33835	585.652	585.652
6.35028	585.262	585.262
6.36222	584.872	584.872
6.37416	584.482	584.482
6.38609	584.092	584.092
6.39803	583.702	583.702
6.40997	583.312	583.312
6.4219	582.922	582.922
6.43384	582.533	582.533
6.44578	582.143	582.143
6.45771	581.753	581.753
6.46965	581.364	581.364
6.48159	580.974	580.974
6.49352	580.585	580.585
6.50546	580.195	580.195
6.51739	579.806	579.806
6.52933	579.416	579.416
6.54127	579.027	579.027
6.5532	578.638	578.638
6.56514	578.248	578.248
6.57708	577.859	577.859
6.58901	577.47	577.47
6.60095	577.081	577.081
6.61289	576.691	576.691
6.62482	576.302	576.302
6.63676	575.913	575.913
6.6487	575.524	575.524
6.66063	575.135	575.135
6.67257	574.746	574.746
6.68451	574.357	574.357
6.69644	573.969	573.969
6.70838	573.58	573.58
6.72032	573.191	573.191
6.73225	572.802	572.802
6.74419	572.414	572.414
6.75613	572.025	572.025
6.76806	571.636	571.636
6.78	571.248	571.248
6.79194	570.859	570.859
6.80387	570.471	570.471
6.81581	570.082	570.082
6.82775	569.694	569.694
6.83968	569.305	569.305
6.85162	568.917	568.917
6.86356	568.529	568.529
6.87549	568.14	568.14
6.88743	567.752	567.752
6.89937	567.364	567.364
6.9113	566.976	566.976
6.92324	566.588	566.588
6.93518	566.2	566.2
6.94711	565.812	565.812
6.95905	565.424	565.424
6.97099	565.036	565.036
6.98292	564.648	564.648
6.99486	564.26	564.26
7.0068	563.872	563.872
7.01873	563.484	563.484
7.03067	563.096	563.096
7.04261	562.709	562.709
7.05454	562.321	562.321
7.06648	561.933	561.933
7.07842	561.546	561.546
7.09035	561.158	561.158
7.10229	560.771	560.771
7.11423	560.383	560.383
7.12616	559.996	559.996
7.1381	559.608	559.608
7.15004	559.221	559.221
7.16197	558.834	558.834
7.17391	558.446	558.446
7.18585	558.059	558.059
7.19778	557.672	557.672
7.20972	557.285	557.284
7.22166	556.897	556.897
7.23359	556.51	556.51
7.24553	556.123	556.123
7.25747	555.736	555.736
7.2694	555.349	555.349
7.28134	554.962	554.962
7.29328	554.575	554.575
7.30521	554.188	554.188
7.31715	553.801	553.801
7.32909	553.415	553.414
7.34102	553.028	553.028
7.35296	552.641	552.641
7.36489	552.254	552.254
7.37683	551.867	551.867
7.38877	551.481	551.481
7.4007	551.094	551.094
7.41264	550.708	550.708
7.42458	550.321	550.321
7.43651	549.935	549.935
7.44845	549.548	549.548
7.46039	549.162	549.162
7.47232	548.775	548.775
7.48426	548.389	548.389
7.4962	548.002	548.002
7.50813	547.616	547.616
7.52007	547.23	547.23
7.53201	546.844	546.843
7.54394	546.457	546.457
7.55588	546.071	546.071
7.56782	545.685	545.685
7.57975	545.299	545.299
7.59169	544.913	544.913
7.60363	544.527	544.527
7.61556	544.141	544.141
7.6275	543.755	543.755
7.63944	543.369	543.369
7.65137	542.983	542.983
7.66331	542.597	542.597
7.67525	542.211	542.211
7.68718	541.825	541.825
7.69912	541.439	541.439
7.71106	541.053	541.053
7.72299	540.668	540.668
7.73493	540.282	540.282
7.74687	539.896	539.896
7.7588	539.511	539.51
7.77074	539.125	539.125
7.78268	538.739	538.739
7.79461	538.354	538.354
7.80655	537.968	537.968
7.81849	537.583	537.583
7.83042	537.197	537.197
7.84236	536.812	536.812
7.8543	536.426	536.426
7.86623	536.041	536.041
7.87817	535.655	535.655
7.89011	535.27	535.27
7.90204	534.885	534.885
7.91398	534.499	534.499
7.92592	534.114	534.114
7.93785	533.729	533.729
7.94979	533.343	533.343
7.96173	532.958	532.958
7.97366	532.573	532.573
7.9856	532.188	532.188
7.99754	531.803	531.803
8.00947	531.418	531.418
8.02141	531.033	531.032
8.03335	530.647	530.647
8.04528	530.262	530.262
8.05722	529.877	529.877
8.06916	529.492	529.492
8.08109	529.107	529.107
8.09303	528.722	528.722
8.10497	528.338	528.338
8.1169	527.953	527.953
8.12884	527.568	527.568
8.14078	527.183	527.183
8.15271	526.798	526.798
8.16465	526.413	526.413
8.17659	526.028	526.028
8.18852	525.644	525.644
8.20046	525.259	525.259
8.2124	524.874	524.874
8.22433	524.489	524.489
8.23627	524.105	524.105
8.2482	523.72	523.72
8.26014	523.335	523.335
8.27208	522.951	522.951
8.28401	522.566	522.566
8.29595	522.182	522.182
8.30789	521.797	521.797
8.31982	521.412	521.412
8.33176	521.028	521.028
8.3437	520.643	520.643
8.35563	520.259	520.259
8.36757	519.874	519.874
8.37951	519.49	519.49
8.39144	519.105	519.105
8.40338	518.721	518.721
8.41532	518.337	518.337
8.42725	517.952	517.952
8.43919	517.568	517.568
8.45113	517.183	517.183
8.46306	516.799	516.799
8.475	516.415	516.415
8.48694	516.03	516.03
8.49887	515.646	515.646
8.51081	515.262	515.262
8.52275	514.878	514.878
8.53468	514.493	514.493
8.54662	514.109	514.109
8.55856	513.725	513.725
8.57049	513.341	513.341
8.58243	512.956	512.956
8.59437	512.572	512.572
8.6063	512.188	512.188
8.61824	511.804	511.804
8.63018	511.42	511.42
8.64211	511.036	511.036
8.65405	510.652	510.652
8.66599	510.268	510.267
8.67792	509.883	509.883
8.68986	509.499	509.499
8.7018	509.115	509.115
8.71373	508.731	508.731
8.72567	508.347	508.347
8.73761	507.963	507.963
8.74954	507.579	507.579
8.76148	507.195	507.195
8.77342	506.811	506.811
8.78535	506.427	506.427
8.79729	506.043	506.043
8.80923	505.659	505.659
8.82116	505.275	505.275
8.8331	504.891	504.891
8.84504	504.508	504.508
8.85697	504.124	504.124
8.86891	503.74	503.74
8.88085	503.356	503.356
8.89278	502.972	502.972
8.90472	502.588	502.588
8.91666	502.204	502.204
8.92859	501.821	501.821
8.94053	501.437	501.437
8.95247	501.053	501.053
8.9644	500.669	500.669
8.97634	500.285	500.285
8.98828	499.902	499.902
9.00021	499.518	499.518
9.01215	499.134	499.134
9.02409	498.75	498.75
9.03602	498.366	498.366
9.04796	497.983	497.983
9.0599	497.599	497.599
9.07183	497.215	497.215
9.08377	496.832	496.832
9.0957	496.448	496.448
9.10764	496.064	496.064
9.11958	495.681	495.681
9.13151	495.297	495.297
9.14345	494.913	494.913
9.15539	494.53	494.53
9.16732	494.146	494.146
9.17926	493.762	493.762
9.1912	493.379	493.379
9.20313	492.995	492.995
9.21507	492.612	492.612
9.22701	492.228	492.228
9.23894	491.844	491.844
9.25088	491.461	491.461
9.26282	491.077	491.077
9.27475	490.694	490.694
9.28669	490.31	490.31
9.29863	489.927	489.927
9.31056	489.543	489.543
9.3225	489.16	489.16
9.33444	488.776	488.776
9.34637	488.393	488.393
9.35831	488.009	488.009
9.37025	487.626	487.626
9.38218	487.243	487.242
9.39412	486.859	486.859
9.40606	486.476	486.476
9.41799	486.092	486.092
9.42993	485.709	485.709
9.44187	485.325	485.325
9.4538	484.942	484.942
9.46574	484.559	484.559
9.47768	484.175	484.175
9.48961	483.792	483.792
9.50155	483.409	483.409
9.51349	483.025	483.025
9.52542	482.642	482.642
9.53736	482.259	482.259
9.5493	481.876	481.876
9.56123	481.492	481.492
9.57317	481.109	481.109
9.58511	480.726	480.726
9.59704	480.343	480.343
9.60898	479.959	479.959
9.62092	479.576	479.576
9.63285	479.193	479.193
9.64479	478.81	478.81
9.65673	478.427	478.427
9.66866	478.044	478.044
9.6806	477.661	477.661
9.69254	477.278	477.278
9.70447	476.894	476.894
9.71641	476.511	476.511
9.72835	476.128	476.128
9.74028	475.745	475.745
9.75222	475.362	475.362
9.76416	474.979	474.979
9.77609	474.596	474.596
9.78803	474.213	474.213
9.79997	473.831	473.831
9.8119	473.448	473.448
9.82384	473.065	473.065
9.83578	472.682	472.682
9.84771	472.299	472.299
9.85965	471.916	471.916
9.87159	471.533	471.533
9.88352	471.151	471.151
9.89546	470.768	470.768
9.9074	470.385	470.385
9.91933	470.002	470.002
9.93127	469.62	469.62
9.94321	469.237	469.237
9.95514	468.854	468.854
9.96708	468.472	468.472
9.97901	468.089	468.089
9.99095	467.707	467.707
10.0029	467.324	467.324
10.0148	466.942	466.942
10.0268	466.559	466.559
10.0387	466.177	466.177
10.0506	465.794	465.794
10.0626	465.412	465.412
10.0745	465.03	465.03
10.0864	464.647	464.647
10.0984	464.265	464.265
10.1103	463.883	463.883
10.1223	463.5	463.5
10.1342	463.118	463.118
10.1461	462.736	462.736
10.1581	462.354	462.354
10.17	461.972	461.972
10.1819	461.59	461.59
10.1939	461.208	461.208
10.2058	460.826	460.826
10.2177	460.444	460.444
10.2297	460.062	460.062
10.2416	459.68	459.68
10.2536	459.298	459.298
10.2655	458.916	458.916
10.2774	458.535	458.535
10.2894	458.153	458.153
10.3013	457.771	457.771
10.3132	457.39	457.39
10.3252	457.008	457.008
10.3371	456.627	456.627
10.3491	456.245	456.245
10.361	455.864	455.864
10.3729	455.482	455.482
10.3849	455.101	455.101
10.3968	454.72	454.72
10.4087	454.338	454.338
10.4207	453.957	453.957
10.4326	453.576	453.576
10.4445	453.195	453.195
10.4565	452.814	452.814
10.4684	452.433	452.433
10.4804	452.052	452.052
10.4923	451.671	451.671
10.5042	451.291	451.29
10.5162	450.91	450.91
10.5281	450.529	450.529
10.54	450.148	450.148
10.552	449.768	449.768
10.5639	449.387	449.387
10.5758	449.007	449.007
10.5878	448.627	448.627
10.5997	448.246	448.246
10.6117	447.866	447.866
10.6236	447.486	447.486
10.6355	447.106	447.106
10.6475	446.726	446.726
10.6594	446.346	446.346
10.6713	445.966	445.966
10.6833	445.586	445.586
10.6952	445.206	445.206
10.7071	444.827	444.827
10.7191	444.447	444.447
10.731	444.068	444.068
10.743	443.688	443.688
10.7549	443.309	443.309
10.7668	442.93	442.93
10.7788	442.55	442.55
10.7907	442.171	442.171
10.8026	441.792	441.792
10.8146	441.413	441.413
10.8265	441.035	441.035
10.8385	440.656	440.656
10.8504	440.277	440.277
10.8623	439.899	439.899
10.8743	439.52	439.52
10.8862	439.142	439.142
10.8981	438.763	438.763
10.9101	438.385	438.385
10.922	438.007	438.007
10.9339	437.629	437.629
10.9459	437.251	437.251
10.9578	436.874	436.874
10.9698	436.496	436.496
10.9817	436.118	436.118
10.9936	435.741	435.741
11.0056	435.363	435.363
11.0175	434.986	434.986
11.0294	434.609	434.609
11.0414	434.232	434.232
11.0533	433.855	433.855
11.0652	433.478	433.478
11.0772	433.102	433.102
11.0891	432.725	432.725
11.1011	432.349	432.349
11.113	431.972	431.972
11.1249	431.596	431.596
11.1369	431.22	431.22
11.1488	430.844	430.844
11.1607	430.468	430.468
11.1727	430.093	430.093
11.1846	429.717	429.717
11.1966	429.342	429.342
11.2085	428.966	428.966
11.2204	428.591	428.591
11.2324	428.216	428.216
11.2443	427.841	427.841
11.2562	427.467	427.467
11.2682	427.092	427.092
11.2801	426.718	426.717
11.292	426.343	426.343
11.304	425.969	425.969
11.3159	425.595	425.595
11.3279	425.221	425.221
11.3398	424.848	424.847
11.3517	424.474	424.474
11.3637	424.101	424.101
11.3756	423.727	423.727
11.3875	423.354	423.354
11.3995	422.981	422.981
11.4114	422.609	422.609
11.4233	422.236	422.236
11.4353	421.864	421.864
11.4472	421.491	421.491
11.4592	421.119	421.119
11.4711	420.747	420.747
11.483	420.376	420.376
11.495	420.004	420.004
11.5069	419.633	419.633
11.5188	419.262	419.262
11.5308	418.891	418.891
11.5427	418.52	418.52
11.5546	418.149	418.149
11.5666	417.779	417.779
11.5785	417.409	417.408
11.5905	417.038	417.038
11.6024	416.669	416.669
11.6143	416.299	416.299
11.6263	415.929	415.929
11.6382	415.56	415.56
11.6501	415.191	415.191
11.6621	414.822	414.822
11.674	414.454	414.454
11.686	414.085	414.085
11.6979	413.717	413.717
11.7098	413.349	413.349
11.7218	412.981	412.981
11.7337	412.614	412.613
11.7456	412.246	412.246
11.7576	411.879	411.879
11.7695	411.512	411.512
11.7814	411.145	411.145
11.7934	410.779	410.779
11.8053	410.413	410.413
11.8173	410.047	410.047
11.8292	409.681	409.681
11.8411	409.315	409.315
11.8531	408.95	408.95
11.865	408.585	408.585
11.8769	408.22	408.22
11.8889	407.856	407.856
11.9008	407.491	407.491
11.9127	407.127	407.127
11.9247	406.764	406.763
11.9366	406.4	406.4
11.9486	406.037	406.037
11.9605	405.674	405.674
11.9724	405.311	405.311
11.9844	404.948	404.948
11.9963	404.586	404.586
12.0082	404.224	404.224
12.0202	403.863	403.862
12.0321	403.501	403.501
12.0441	403.14	403.14
12.056	402.779	402.779
12.0679	402.418	402.418
12.0799	402.058	402.058
12.0918	401.698	401.698
12.1037	401.338	401.338
12.1157	400.979	400.979
12.1276	400.62	400.62
12.1395	400.261	400.261
12.1515	399.902	399.902
12.1634	399.544	399.544
12.1754	399.186	399.186
12.1873	398.828	398.828
12.1992	398.471	398.471
12.2112	398.114	398.114
12.2231	397.757	397.757
12.235	397.401	397.401
12.247	397.045	397.045
12.2589	396.689	396.689
12.2708	396.334	396.333
12.2828	395.978	395.978
12.2947	395.624	395.624
12.3067	395.269	395.269
12.3186	394.915	394.915
12.3305	394.561	394.561
12.3425	394.208	394.208
12.3544	393.855	393.855
12.3663	393.502	393.502
12.3783	393.149	393.149
12.3902	392.797	392.797
12.4021	392.446	392.445
12.4141	392.094	392.094
12.426	391.743	391.743
12.438	391.392	391.392
12.4499	391.042	391.042
12.4618	390.692	390.692
12.4738	390.343	390.342
12.4857	389.993	389.993
12.4976	389.644	389.644
12.5096	389.296	389.296
12.5215	388.948	388.948
12.5335	388.6	388.6
12.5454	388.253	388.253
12.5573	387.906	387.906
12.5693	387.559	387.559
12.5812	387.213	387.213
12.5931	386.867	386.867
12.6051	386.522	386.522
12.617	386.177	386.177
12.6289	385.832	385.832
12.6409	385.488	385.488
12.6528	385.144	385.144
12.6648	384.801	384.801
12.6767	384.458	384.458
12.6886	384.115	384.115
12.7006	383.773	383.773
12.7125	383.431	383.431
12.7244	383.09	383.09
12.7364	382.749	382.749
12.7483	382.409	382.408
12.7602	382.069	382.068
12.7722	381.729	381.729
12.7841	381.39	381.39
12.7961	381.051	381.051
12.808	380.713	380.713
12.8199	380.375	380.375
12.8319	380.037	380.037
12.8438	379.7	379.7
12.8557	379.364	379.364
12.8677	379.028	379.028
12.8796	378.692	378.692
12.8916	378.357	378.357
12.9035	378.022	378.022
12.9154	377.688	377.688
12.9274	377.354	377.354
12.9393	377.021	377.021
12.9512	376.688	376.688
12.9632	376.356	376.356
12.9751	376.024	376.024
12.987	375.692	375.692
12.999	375.362	375.361
13.0109	375.031	375.031
13.0229	374.701	374.701
13.0348	374.372	374.371
13.0467	374.043	374.042
13.0587	373.714	373.714
13.0706	373.386	373.386
13.0825	373.059	373.058
13.0945	372.732	372.731
13.1064	372.405	372.405
13.1183	372.079	372.079
13.1303	371.754	371.754
13.1422	371.429	371.429
13.1542	371.104	371.104
13.1661	370.78	370.78
13.178	370.457	370.457
13.19	370.134	370.134
13.2019	369.812	369.812
13.2138	369.49	369.49
13.2258	369.169	369.168
13.2377	368.848	368.848
13.2496	368.528	368.527
13.2616	368.208	368.208
13.2735	367.889	367.889
13.2855	367.57	367.57
13.2974	367.252	367.252
13.3093	366.935	366.935
13.3213	366.618	366.618
13.3332	366.301	366.301
13.3451	365.986	365.985
13.3571	365.67	365.67
13.369	365.356	365.355
13.381	365.041	365.041
13.3929	364.728	364.728
13.4048	364.415	364.415
13.4168	364.102	364.102
13.4287	363.79	363.79
13.4406	363.479	363.479
13.4526	363.168	363.168
13.4645	362.858	362.858
13.4764	362.549	362.548
13.4884	362.24	362.24
13.5003	361.931	361.931
13.5123	361.624	361.623
13.5242	361.316	361.316
13.5361	361.01	361.01
13.5481	360.704	360.704
13.56	360.398	360.398
13.5719	360.094	360.093
13.5839	359.789	359.789
13.5958	359.486	359.486
13.6077	359.183	359.183
13.6197	358.881	358.88
13.6316	358.579	358.579
13.6436	358.278	358.277
13.6555	357.977	357.977
13.6674	357.677	357.677
13.6794	357.378	357.378
13.6913	357.079	357.079
13.7032	356.781	356.781
13.7152	356.484	356.484
13.7271	356.187	356.187
13.7391	355.891	355.891
13.751	355.596	355.596
13.7629	355.301	355.301
13.7749	355.007	355.007
13.7868	354.713	354.713
13.7987	354.42	354.42
13.8107	354.128	354.128
13.8226	353.837	353.836
13.8345	353.546	353.546
13.8465	353.256	353.255
13.8584	352.966	352.966
13.8704	352.677	352.677
13.8823	352.389	352.388
13.8942	352.101	352.101
13.9062	351.814	351.814
13.9181	351.528	351.528
13.93	351.242	351.242
13.942	350.957	350.957
13.9539	350.673	350.673
13.9658	350.39	350.389
13.9778	350.107	350.106
13.9897	349.824	349.824
14.0017	349.543	349.543
14.0136	349.262	349.262
14.0255	348.982	348.982
14.0375	348.702	348.702
14.0494	348.424	348.423
14.0613	348.146	348.145
14.0733	347.868	347.868
14.0852	347.592	347.591
14.0971	347.316	347.315
14.1091	347.04	347.04
14.121	346.766	346.766
14.133	346.492	346.492
14.1449	346.219	346.218
14.1568	345.946	345.946
14.1688	345.675	345.674
14.1807	345.404	345.403
14.1926	345.133	345.133
14.2046	344.864	344.863
14.2165	344.595	344.594
14.2285	344.327	344.326
14.2404	344.059	344.059
14.2523	343.792	343.792
14.2643	343.526	343.526
14.2762	343.261	343.261
14.2881	342.997	342.996
14.3001	342.733	342.733
14.312	342.47	342.47
14.3239	342.208	342.207
14.3359	341.946	341.946
14.3478	341.685	341.685
14.3598	341.425	341.425
14.3717	341.166	341.165
14.3836	340.907	340.907
14.3956	340.649	340.649
14.4075	340.392	340.392
14.4194	340.135	340.135
14.4314	339.88	339.88
14.4433	339.625	339.625
14.4552	339.371	339.37
14.4672	339.117	339.117
14.4791	338.865	338.864
14.4911	338.613	338.613
14.503	338.362	338.361
14.5149	338.111	338.111
14.5269	337.862	337.861
14.5388	337.613	337.612
14.5507	337.365	337.364
14.5627	337.117	337.117
14.5746	336.871	336.87
14.5866	336.625	336.625
14.5985	336.38	336.38
14.6104	336.136	336.135
14.6224	335.892	335.892
14.6343	335.649	335.649
14.6462	335.407	335.407
14.6582	335.166	335.166
14.6701	334.926	334.926
14.682	334.686	334.686
14.694	334.447	334.447
14.7059	334.209	334.209
14.7179	333.972	333.972
14.7298	333.735	333.735
14.7417	333.5	333.499
14.7537	333.265	333.264
14.7656	333.03	333.03
14.7775	332.797	332.797
14.7895	332.564	332.564
14.8014	332.333	332.332
14.8133	332.102	332.101
14.8253	331.871	331.871
14.8372	331.642	331.642
14.8492	331.413	331.413
14.8611	331.185	331.185
14.873	330.958	330.958
14.885	330.732	330.732
14.8969	330.506	330.506
14.9088	330.282	330.281
14.9208	330.058	330.057
14.9327	329.834	329.834
14.9446	329.612	329.612
14.9566	329.391	329.39
14.9685	329.17	329.17
14.9805	328.95	328.95
14.9924	328.731	328.73
15.0043	328.512	328.512
15.0163	328.295	328.294
15.0282	328.078	328.078
15.0401	327.862	327.862
15.0521	327.647	327.647
15.064	327.432	327.432
15.076	327.219	327.219
15.0879	327.006	327.006
15.0998	326.794	326.794
15.1118	326.583	326.583
15.1237	326.373	326.372
15.1356	326.163	326.163
15.1476	325.954	325.954
15.1595	325.746	325.746
15.1714	325.539	325.539
15.1834	325.333	325.332
15.1953	325.127	325.127
15.2073	324.923	324.922
15.2192	324.719	324.718
15.2311	324.515	324.515
15.2431	324.313	324.313
15.255	324.112	324.111
15.2669	323.911	323.911
15.2789	323.711	323.711
15.2908	323.512	323.512
15.3027	323.314	323.313
15.3147	323.116	323.116
15.3266	322.919	322.919
15.3386	322.723	322.723
15.3505	322.528	322.528
15.3624	322.334	322.334
15.3744	322.141	322.14
15.3863	321.948	321.948
15.3982	321.756	321.756
15.4102	321.565	321.565
15.4221	321.375	321.375
15.4341	321.185	321.185
15.446	320.997	320.996
15.4579	320.809	320.809
15.4699	320.622	320.622
15.4818	320.436	320.435
15.4937	320.25	320.25
15.5057	320.066	320.065
15.5176	319.882	319.882
15.5295	319.699	319.699
15.5415	319.517	319.516
15.5534	319.335	319.335
15.5654	319.155	319.154
15.5773	318.975	318.975
15.5892	318.796	318.796
15.6012	318.618	318.617
15.6131	318.44	318.44
15.625	318.264	318.263
15.637	318.088	318.088
15.6489	317.913	317.913
15.6608	317.739	317.738
15.6728	317.565	317.565
15.6847	317.393	317.392
15.6967	317.221	317.22
15.7086	317.05	317.049
15.7205	316.88	316.879
15.7325	316.71	316.71
15.7444	316.541	316.541
15.7563	316.374	316.373
15.7683	316.207	316.206
15.7802	316.04	316.04
15.7921	315.875	315.875
15.8041	315.71	315.71
15.816	315.546	315.546
15.828	315.383	315.383
15.8399	315.221	315.221
15.8518	315.059	315.059
15.8638	314.899	314.898
15.8757	314.739	314.738
15.8876	314.58	314.579
15.8996	314.421	314.421
15.9115	314.264	314.263
15.9235	314.107	314.106
15.9354	313.951	313.95
15.9473	313.795	313.795
15.9593	313.641	313.641
15.9712	313.487	313.487
15.9831	313.334	313.334
15.9951	313.182	313.182
16.007	313.031	313.031
16.0189	312.88	312.88
16.0309	312.73	312.73
16.0428	312.581	312.581
16.0548	312.433	312.433
16.0667	312.286	312.285
16.0786	312.139	312.139
16.0906	311.993	311.993
16.1025	311.848	311.847
16.1144	311.703	311.703
16.1264	311.559	311.559
16.1383	311.417	311.416
16.1502	311.274	311.274
16.1622	311.133	311.133
16.1741	310.992	310.992
16.1861	310.852	310.852
16.198	310.713	310.713
16.2099	310.575	310.575
16.2219	310.437	310.437
16.2338	310.3	310.3
16.2457	310.164	310.164
16.2577	310.029	310.028
16.2696	309.894	309.894
16.2816	309.76	309.76
16.2935	309.627	309.627
16.3054	309.495	309.494
16.3174	309.363	309.363
16.3293	309.232	309.232
16.3412	309.102	309.102
16.3532	308.972	308.972
16.3651	308.844	308.843
16.377	308.716	308.715
16.389	308.588	308.588
16.4009	308.462	308.462
16.4129	308.336	308.336
16.4248	308.211	308.211
16.4367	308.087	308.086
16.4487	307.963	307.963
16.4606	307.84	307.84
16.4725	307.718	307.717
16.4845	307.596	307.596
16.4964	307.475	307.475
16.5083	307.355	307.355
16.5203	307.236	307.236
16.5322	307.117	307.117
16.5442	306.999	306.999
16.5561	306.882	306.882
16.568	306.766	306.765
16.58	306.65	306.65
16.5919	306.535	306.535
16.6038	306.42	306.42
16.6158	306.307	306.306
16.6277	306.194	306.193
16.6396	306.081	306.081
16.6516	305.97	305.969
16.6635	305.859	305.858
16.6755	305.748	305.748
16.6874	305.639	305.639
16.6993	305.53	305.53
16.7113	305.422	305.422
16.7232	305.314	305.314
16.7351	305.207	305.207
16.7471	305.101	305.101
16.759	304.996	304.995
16.771	304.891	304.891
16.7829	304.787	304.786
16.7948	304.683	304.683
16.8068	304.58	304.58
16.8187	304.478	304.478
16.8306	304.377	304.376
16.8426	304.276	304.276
16.8545	304.176	304.175
16.8664	304.076	304.076
16.8784	303.977	303.977
16.8903	303.879	303.879
16.9023	303.781	303.781
16.9142	303.684	303.684
16.9261	303.588	303.588
16.9381	303.492	303.492
16.95	303.397	303.397
16.9619	303.303	303.303
16.9739	303.209	303.209
16.9858	303.116	303.116
16.9977	303.024	303.023
17.0097	302.932	302.932
17.0216	302.841	302.84
17.0336	302.75	302.75
17.0455	302.66	302.66
17.0574	302.571	302.57
17.0694	302.482	302.482
17.0813	302.394	302.394
17.0932	302.306	302.306
17.1052	302.219	302.219
17.1171	302.133	302.133
17.1291	302.047	302.047
17.141	301.962	301.962
17.1529	301.878	301.877
17.1649	301.794	301.794
17.1768	301.711	301.71
17.1887	301.628	301.628
17.2007	301.546	301.545
17.2126	301.464	301.464
17.2245	301.383	301.383
17.2365	301.303	301.303
17.2484	301.223	301.223
17.2604	301.144	301.144
17.2723	301.065	301.065
17.2842	300.987	300.987
17.2962	300.91	300.91
17.3081	300.833	300.833
17.32	300.757	300.756
17.332	300.681	300.681
17.3439	300.606	300.605
17.3558	300.531	300.531
17.3678	300.457	300.457
17.3797	300.383	300.383
17.3917	300.31	300.31
17.4036	300.238	300.238
17.4155	300.166	300.166
17.4275	300.095	300.094
17.4394	300.024	300.024
17.4513	299.954	299.953
17.4633	299.884	299.884
17.4752	299.815	299.815
17.4871	299.746	299.746
17.4991	299.678	299.678
17.511	299.61	299.61
17.523	299.543	299.543
17.5349	299.477	299.477
17.5468	299.411	299.411
17.5588	299.345	299.345
17.5707	299.28	299.28
17.5826	299.216	299.216
17.5946	299.152	299.152
17.6065	299.088	299.088
17.6185	299.026	299.025
17.6304	298.963	298.963
17.6423	298.901	298.901
17.6543	298.84	298.84
17.6662	298.779	298.779
17.6781	298.718	298.718
17.6901	298.658	298.658
17.702	298.599	298.599
17.7139	298.54	298.54
17.7259	298.481	298.481
17.7378	298.423	298.423
17.7498	298.366	298.366
17.7617	298.309	298.309
17.7736	298.252	298.252
17.7856	298.196	298.196
17.7975	298.14	298.14
17.8094	298.085	298.085
17.8214	298.03	298.03
17.8333	297.976	297.976
17.8452	297.922	297.922
17.8572	297.869	297.869
17.8691	297.816	297.816
17.8811	297.764	297.764
17.893	297.712	297.712
17.9049	297.66	297.66
17.9169	297.609	297.609
17.9288	297.558	297.558
17.9407	297.508	297.508
17.9527	297.458	297.458
17.9646	297.409	297.409
17.9766	297.36	297.36
17.9885	297.312	297.311
18.0004	297.263	297.263
18.0124	297.216	297.216
18.0243	297.169	297.168
18.0362	297.122	297.122
18.0482	297.075	297.075
18.0601	297.029	297.029
18.072	296.984	296.984
18.084	296.939	296.939
18.0959	296.894	296.894
18.1079	296.85	296.849
18.1198	296.806	296.805
18.1317	296.762	296.762
18.1437	296.719	296.719
18.1556	296.676	296.676
18.1675	296.634	296.634
18.1795	296.592	296.592
18.1914	296.55	296.55
18.2033	296.509	296.509
18.2153	296.468	296.468
18.2272	296.428	296.427
18.2392	296.388	296.387
18.2511	296.348	296.348
18.263	296.309	296.308
18.275	296.27	296.269
18.2869	296.231	296.231
18.2988	296.193	296.193
18.3108	296.155	296.155
18.3227	296.117	296.117
18.3346	296.08	296.08
18.3466	296.043	296.043
18.3585	296.007	296.007
18.3705	295.971	295.971
18.3824	295.935	295.935
18.3943	295.9	295.9
18.4063	295.865	295.865
18.4182	295.83	295.83
18.4301	295.796	295.795
18.4421	295.762	295.761
18.454	295.728	295.728
18.466	295.694	295.694
18.4779	295.661	295.661
18.4898	295.629	295.629
18.5018	295.596	295.596
18.5137	295.564	295.564
18.5256	295.532	295.532
18.5376	295.501	295.501
18.5495	295.47	295.47
18.5614	295.439	295.439
18.5734	295.409	295.409
18.5853	295.378	295.378
18.5973	295.349	295.348
18.6092	295.319	295.319
18.6211	295.29	295.29
18.6331	295.261	295.261
18.645	295.232	295.232
18.6569	295.204	295.204
18.6689	295.176	295.175
18.6808	295.148	295.148
18.6927	295.12	295.12
18.7047	295.093	295.093
18.7166	295.066	295.066
18.7286	295.04	295.039
18.7405	295.013	295.013
18.7524	294.987	294.987
18.7644	294.961	294.961
18.7763	294.936	294.936
18.7882	294.91	294.91
18.8002	294.885	294.885
18.8121	294.861	294.861
18.8241	294.836	294.836
18.836	294.812	294.812
18.8479	294.788	294.788
18.8599	294.764	294.764
18.8718	294.741	294.741
18.8837	294.718	294.718
18.8957	294.695	294.695
18.9076	294.672	294.672
18.9195	294.65	294.65
18.9315	294.628	294.627
18.9434	294.606	294.606
18.9554	294.584	294.584
18.9673	294.563	294.562
18.9792	294.541	294.541
18.9912	294.52	294.52
19.0031	294.5	294.5
19.015	294.479	294.479
19.027	294.459	294.459
19.0389	294.439	294.439
19.0508	294.419	294.419
19.0628	294.399	294.399
19.0747	294.38	294.38
19.0867	294.361	294.361
19.0986	294.342	294.342
19.1105	294.323	294.323
19.1225	294.305	294.305
19.1344	294.286	294.286
19.1463	294.268	294.268
19.1583	294.251	294.25
19.1702	294.233	294.233
19.1821	294.215	294.215
19.1941	294.198	294.198
19.206	294.181	294.181
19.218	294.164	294.164
19.2299	294.148	294.148
19.2418	294.131	294.131
19.2538	294.115	294.115
19.2657	294.099	294.099
19.2776	294.083	294.083
19.2896	294.067	294.067
19.3015	294.052	294.052
19.3135	294.037	294.037
19.3254	294.022	294.021
19.3373	294.007	294.007
19.3493	293.992	293.992
19.3612	293.977	293.977
19.3731	293.963	293.963
19.3851	293.949	293.949
19.397	293.935	293.935
19.4089	293.921	293.921
19.4209	293.907	293.907
19.4328	293.894	293.894
19.4448	293.88	293.88
19.4567	293.867	293.867
19.4686	293.854	293.854
19.4806	293.841	293.841
19.4925	293.828	293.828
19.5044	293.816	293.816
19.5164	293.804	293.803
19.5283	293.791	293.791
19.5402	293.779	293.779
19.5522	293.767	293.767
19.5641	293.756	293.756
19.5761	293.744	293.744
19.588	293.733	293.732
19.5999	293.721	293.721
19.6119	293.71	293.71
19.6238	293.699	293.699
19.6357	293.688	293.688
19.6477	293.677	293.677
19.6596	293.667	293.667
19.6716	293.656	293.656
19.6835	293.646	293.646
19.6954	293.636	293.636
19.7074	293.626	293.626
19.7193	293.616	293.616
19.7312	293.606	293.606
19.7432	293.596	293.596
19.7551	293.587	293.587
19.767	293.578	293.578
19.779	293.568	293.568
19.7909	293.559	293.559
19.8029	293.55	293.55
19.8148	293.541	293.541
19.8267	293.532	293.532
19.8387	293.524	293.524
19.8506	293.515	293.515
19.8625	293.507	293.507
19.8745	293.499	293.499
19.8864	293.49	293.49
19.8983	293.482	293.482
19.9103	293.474	293.474
19.9222	293.466	293.466
19.9342	293.459	293.459
19.9461	293.451	293.451
19.958	293.444	293.444
19.97	293.436	293.436
19.9819	293.429	293.429
19.9938	293.422	293.422
20.0058	293.415	293.415
20.0177	293.408	293.408
20.0296	293.401	293.401
20.0416	293.394	293.394
20.0535	293.387	293.387
20.0655	293.381	293.38
20.0774	293.374	293.374
20.0893	293.368	293.368
20.1013	293.361	293.361
20.1132	293.355	293.355
20.1251	293.349	293.349
20.1371	293.343	293.343
20.149	293.337	293.337
20.161	293.331	293.331
20.1729	293.325	293.325
20.1848	293.319	293.319
20.1968	293.314	293.314
20.2087	293.308	293.308
20.2206	293.303	293.303
20.2326	293.298	293.297
20.2445	293.292	293.292
20.2564	293.287	293.287
20.2684	293.282	293.282
20.2803	293.277	293.277
20.2923	293.272	293.272
20.3042	293.267	293.267
20.3161	293.262	293.262
20.3281	293.257	293.257
20.34	293.253	293.253
20.3519	293.248	293.248
20.3639	293.244	293.244
20.3758	293.239	293.239
20.3877	293.235	293.235
20.3997	293.23	293.23
20.4116	293.226	293.226
20.4236	293.222	293.222
20.4355	293.218	293.218
20.4474	293.214	293.214
20.4594	293.21	293.21
20.4713	293.206	293.206
20.4832	293.202	293.202
20.4952	293.198	293.198
20.5071	293.194	293.194
20.5191	293.191	293.191
20.531	293.187	293.187
20.5429	293.184	293.184
20.5549	293.18	293.18
20.5668	293.177	293.177
20.5787	293.173	293.173
20.5907	293.17	293.17
20.6026	293.167	293.167
20.6145	293.163	293.163
20.6265	293.16	293.16
20.6384	293.157	293.157
20.6504	293.154	293.154
20.6623	293.151	293.151
20.6742	293.148	293.148
20.6862	293.145	293.145
20.6981	293.142	293.142
20.71	293.139	293.139
20.722	293.137	293.137
20.7339	293.134	293.134
20.7458	293.131	293.131
20.7578	293.129	293.129
20.7697	293.126	293.126
20.7817	293.124	293.124
20.7936	293.121	293.121
20.8055	293.119	293.119
20.8175	293.116	293.116
20.8294	293.114	293.114
20.8413	293.112	293.111
20.8533	293.109	293.109
20.8652	293.107	293.107
20.8771	293.105	293.105
20.8891	293.103	293.103
20.901	293.1	293.1
20.913	293.098	293.098
20.9249	293.096	293.096
20.9368	293.094	293.094
20.9488	293.092	293.092
20.9607	293.09	293.09
20.9726	293.088	293.088
20.9846	293.087	293.087
20.9965	293.085	293.085
21.0085	293.083	293.083
21.0204	293.081	293.081
21.0323	293.079	293.079
21.0443	293.078	293.078
21.0562	293.076	293.076
21.0681	293.074	293.074
21.0801	293.073	293.073
21.092	293.071	293.071
21.1039	293.07	293.07
21.1159	293.068	293.068
21.1278	293.067	293.067
21.1398	293.065	293.065
21.1517	293.064	293.064
21.1636	293.062	293.062
21.1756	293.061	293.061
21.1875	293.06	293.06
21.1994	293.058	293.058
21.2114	293.057	293.057
21.2233	293.056	293.056
21.2352	293.054	293.054
21.2472	293.053	293.053
21.2591	293.052	293.052
21.2711	293.051	293.051
21.283	293.05	293.05
21.2949	293.048	293.048
21.3069	293.047	293.047
21.3188	293.046	293.046
21.3307	293.045	293.045
21.3427	293.044	293.044
21.3546	293.043	293.043
21.3666	293.042	293.042
21.3785	293.041	293.041
21.3904	293.04	293.04
21.4024	293.039	293.039
21.4143	293.038	293.038
21.4262	293.037	293.037
21.4382	293.036	293.036
21.4501	293.036	293.036
21.462	293.035	293.035
21.474	293.034	293.034
21.4859	293.033	293.033
21.4979	293.032	293.032
21.5098	293.031	293.031
21.5217	293.031	293.031
21.5337	293.03	293.03
21.5456	293.029	293.029
21.5575	293.029	293.028
21.5695	293.028	293.028
21.5814	293.027	293.027
21.5933	293.026	293.026
21.6053	293.026	293.026
21.6172	293.025	293.025
21.6292	293.024	293.024
21.6411	293.024	293.024
21.653	293.023	293.023
21.665	293.023	293.023
21.6769	293.022	293.022
21.6888	293.022	293.022
21.7008	293.021	293.021
21.7127	293.02	293.02
21.7246	293.02	293.02
21.7366	293.019	293.019
21.7485	293.019	293.019
21.7605	293.018	293.018
21.7724	293.018	293.018
21.7843	293.017	293.017
21.7963	293.017	293.017
21.8082	293.017	293.017
21.8201	293.016	293.016
21.8321	293.016	293.016
21.844	293.015	293.015
21.856	293.015	293.015
21.8679	293.014	293.014
21.8798	293.014	293.014
21.8918	293.014	293.014
21.9037	293.013	293.013
21.9156	293.013	293.013
21.9276	293.013	293.013
21.9395	293.012	293.012
21.9514	293.012	293.012
21.9634	293.012	293.012
21.9753	293.011	293.011
21.9873	293.011	293.011
21.9992	293.011	293.011
22.0111	293.01	293.01
22.0231	293.01	293.01
22.035	293.01	293.01
22.0469	293.009	293.009
22.0589	293.009	293.009
22.0708	293.009	293.009
22.0827	293.009	293.009
22.0947	293.008	293.008
22.1066	293.008	293.008
22.1186	293.008	293.008
22.1305	293.008	293.008
22.1424	293.007	293.007
22.1544	293.007	293.007
22.1663	293.007	293.007
22.1782	293.007	293.007
22.1902	293.007	293.007
22.2021	293.006	293.006
22.2141	293.006	293.006
22.226	293.006	293.006
22.2379	293.006	293.006
22.2499	293.006	293.006
22.2618	293.005	293.005
22.2737	293.005	293.005
22.2857	293.005	293.005
22.2976	293.005	293.005
22.3095	293.005	293.005
22.3215	293.005	293.005
22.3334	293.005	293.005
22.3454	293.004	293.004
22.3573	293.004	293.004
22.3692	293.004	293.004
22.3812	293.004	293.004
22.3931	293.004	293.004
22.405	293.004	293.004
22.417	293.004	293.004
22.4289	293.003	293.003
22.4408	293.003	293.003
22.4528	293.003	293.003
22.4647	293.003	293.003
22.4767	293.003	293.003
22.4886	293.003	293.003
22.5005	293.003	293.003
22.5125	293.003	293.003
22.5244	293.003	293.003
22.5363	293.003	293.003
22.5483	293.002	293.002
22.5602	293.002	293.002
22.5721	293.002	293.002
22.5841	293.002	293.002
22.596	293.002	293.002
22.608	293.002	293.002
22.6199	293.002	293.002
22.6318	293.002	293.002
22.6438	293.002	293.002
22.6557	293.002	293.002
22.6676	293.002	293.002
22.6796	293.002	293.002
22.6915	293.002	293.002
22.7035	293.002	293.002
22.7154	293.001	293.001
22.7273	293.001	293.001
22.7393	293.001	293.001
22.7512	293.001	293.001
22.7631	293.001	293.001
22.7751	293.001	293.001
22.787	293.001	293.001
22.7989	293.001	293.001
22.8109	293.001	293.001
22.8228	293.001	293.001
22.8348	293.001	293.001
22.8467	293.001	293.001
22.8586	293.001	293.001
22.8706	293.001	293.001
22.8825	293.001	293.001
22.8944	293.001	293.001
22.9064	293.001	293.001
22.9183	293.001	293.001
22.9302	293.001	293.001
22.9422	293.001	293.001
22.9541	293.001	293.001
22.9661	293.001	293.001
22.978	293.001	293.001
22.9899	293.001	293.001
23.0019	293.001	293.001
23.0138	293.001	293.001
23.0257	293.001	293.001
23.0377	293	293
23.0496	293	293
23.0616	293	293
23.0735	293	293
23.0854	293	293
23.0974	293	293
23.1093	293	293
23.1212	293	293
23.1332	293	293
23.1451	293	293
23.157	293	293
23.169	293	293
23.1809	293	293
23.1929	293	293
23.2048	293	293
23.2167	293	293
23.2287	293	293
23.2406	293	293
23.2525	293	293
23.2645	293	293
23.2764	293	293
23.2883	293	293
23.3003	293	293
23.3122	293	293
23.3242	293	293
23.3361	293	293
23.348	293	293
23.36	293	293
23.3719	293	293
23.3838	293	293
23.3958	293	293
23.4077	293	293
23.4196	293	293
23.4316	293	293
23.4435	293	293
23.4555	293	293
23.4674	293	293
23.4793	293	293
23.4913	293	293
23.5032	293	293
23.5151	293	293
23.5271	293	293
23.539	293	293
23.551	293	293
23.5629	293	293
23.5748	293	293
23.5868	293	293
23.5987	293	293
23.6106	293	293
23.6226	293	293
23.6345	293	293
23.6464	293	293
23.6584	293	293
23.6703	293	293
23.6823	293	293
23.6942	293	293
23.7061	293	293
23.7181	293	293
23.73	293	293
23.7419	293	293
23.7539	293	293
23.7658	293	293
23.7777	293	293
23.7897	293	293
23.8016	293	293
23.8136	293	293
23.8255	293	293
23.8374	293	293
23.8494	293	293
23.8613	293	293
23.8732	293	293
