0	873	872.985
0.0119366	873	872.985
0.0238732	873	872.985
0.0358099	872.999	872.984
0.0477465	872.999	872.983
0.0596831	872.999	872.982
0.0716197	872.999	872.981
0.0835563	872.999	872.979
0.095493	872.998	872.978
0.10743	872.998	872.976
0.119366	872.998	872.975
0.131303	872.998	872.973
0.143239	872.997	872.971
0.155176	872.997	872.969
0.167113	872.996	872.967
0.179049	872.996	872.964
0.190986	872.996	872.962
0.202923	872.995	872.959
0.214859	872.995	872.957
0.226796	872.994	872.954
0.238732	872.994	872.951
0.250669	872.993	872.948
0.262606	872.993	872.945
0.274542	872.992	872.942
0.286479	872.991	872.938
0.298416	872.991	872.935
0.310352	872.99	872.931
0.322289	872.989	872.928
0.334225	872.988	872.924
0.346162	872.988	872.92
0.358099	872.987	872.915
0.370035	872.986	872.911
0.381972	872.985	872.907
0.393908	872.984	872.902
0.405845	872.983	872.897
0.417782	872.981	872.892
0.429718	872.98	872.887
0.441655	872.979	872.881
0.453592	872.978	872.876
0.465528	872.976	872.87
0.477465	872.975	872.864
0.489401	872.973	872.858
0.501338	872.972	872.852
0.513275	872.97	872.845
0.525211	872.969	872.839
0.537148	872.967	872.832
0.549085	872.965	872.824
0.561021	872.963	872.817
0.572958	872.961	872.809
0.584894	872.959	872.802
0.596831	872.957	872.794
0.608768	872.955	872.785
0.620704	872.953	872.777
0.632641	872.95	872.768
0.644578	872.948	872.759
0.656514	872.945	872.749
0.668451	872.942	872.74
0.680387	872.94	872.73
0.692324	872.937	872.72
0.704261	872.934	872.709
0.716197	872.931	872.698
0.728134	872.928	872.687
0.74007	872.924	872.676
0.752007	872.921	872.664
0.763944	872.917	872.652
0.77588	872.914	872.64
0.787817	872.91	872.627
0.799754	872.906	872.614
0.81169	872.902	872.601
0.823627	872.898	872.587
0.835563	872.894	872.573
0.8475	872.889	872.559
0.859437	872.885	872.544
0.871373	872.88	872.529
0.88331	872.875	872.513
0.895247	872.87	872.497
0.907183	872.865	872.481
0.91912	872.859	872.464
0.931056	872.854	872.447
0.942993	872.848	872.43
0.95493	872.842	872.412
0.966866	872.836	872.393
0.978803	872.83	872.374
0.99074	872.824	872.355
1.00268	872.817	872.335
1.01461	872.811	872.315
1.02655	872.804	872.295
1.03849	872.796	872.273
1.05042	872.789	872.252
1.06236	872.781	872.23
1.0743	872.774	872.207
1.08623	872.766	872.184
1.09817	872.757	872.16
1.11011	872.749	872.136
1.12204	872.74	872.111
1.13398	872.731	872.086
1.14592	872.722	872.06
1.15785	872.713	872.034
1.16979	872.703	872.007
1.18173	872.693	871.98
1.19366	872.683	871.952
1.2056	872.673	871.923
1.21754	872.662	871.894
1.22947	872.651	871.864
1.24141	872.64	871.833
1.25335	872.628	871.802
1.26528	872.616	871.77
1.27722	872.604	871.738
1.28916	872.592	871.705
1.30109	872.579	871.671
1.31303	872.566	871.637
1.32496	872.553	871.602
1.3369	872.539	871.566
1.34884	872.525	871.529
1.36077	872.51	871.492
1.37271	872.496	871.454
1.38465	872.481	871.416
1.39658	872.465	871.376
1.40852	872.449	871.336
1.42046	872.433	871.295
1.43239	872.417	871.253
1.44433	872.4	871.211
1.45627	872.382	871.168
1.4682	872.365	871.124
1.48014	872.347	871.079
1.49208	872.328	871.033
1.50401	872.309	870.986
1.51595	872.29	870.939
1.52789	872.27	870.891
1.53982	872.25	870.842
1.55176	872.229	870.792
1.5637	872.208	870.741
1.57563	872.187	870.689
1.58757	872.165	870.636
1.59951	872.142	870.583
1.61144	872.119	870.528
1.62338	872.096	870.473
1.63532	872.072	870.416
1.64725	872.047	870.359
1.65919	872.022	870.3
1.67113	871.997	870.241
1.68306	871.971	870.181
1.695	871.945	870.119
1.70694	871.917	870.057
1.71887	871.89	869.994
1.73081	871.862	869.929
1.74275	871.833	869.864
1.75468	871.804	869.797
1.76662	871.774	869.729
1.77856	871.743	869.661
1.79049	871.712	869.591
1.80243	871.681	869.52
1.81437	871.648	869.448
1.8263	871.615	869.374
1.83824	871.582	869.3
1.85018	871.548	869.224
1.86211	871.513	869.148
1.87405	871.477	869.07
1.88599	871.441	868.991
1.89792	871.404	868.91
1.90986	871.367	868.829
1.9218	871.329	868.746
1.93373	871.29	868.662
1.94567	871.25	868.576
1.95761	871.21	868.49
1.96954	871.169	868.402
1.98148	871.127	868.313
1.99342	871.085	868.222
2.00535	871.041	868.131
2.01729	870.997	868.038
2.02923	870.952	867.943
2.04116	870.907	867.847
2.0531	870.86	867.75
2.06504	870.813	867.651
2.07697	870.765	867.551
2.08891	870.716	867.45
2.10085	870.666	867.347
2.11278	870.616	867.243
2.12472	870.564	867.137
2.13666	870.512	867.03
2.14859	870.459	866.921
2.16053	870.404	866.811
2.17246	870.349	866.7
2.1844	870.294	866.586
2.19634	870.237	866.472
2.20827	870.179	866.356
2.22021	870.12	866.238
2.23215	870.061	866.119
2.24408	870	865.998
2.25602	869.938	865.875
2.26796	869.876	865.751
2.27989	869.812	865.625
2.29183	869.748	865.498
2.30377	869.682	865.369
2.3157	869.615	865.238
2.32764	869.548	865.106
2.33958	869.479	864.972
2.35151	869.409	864.836
2.36345	869.338	864.699
2.37539	869.267	864.56
2.38732	869.193	864.419
2.39926	869.119	864.277
2.4112	869.044	864.132
2.42313	868.968	863.986
2.43507	868.89	863.838
2.44701	868.811	863.689
2.45894	868.732	863.537
2.47088	868.651	863.384
2.48282	868.568	863.229
2.49475	868.485	863.072
2.50669	868.4	862.913
2.51863	868.314	862.752
2.53056	868.227	862.59
2.5425	868.139	862.425
2.55444	868.049	862.259
2.56637	867.958	862.09
2.57831	867.866	861.92
2.59025	867.773	861.748
2.60218	867.678	861.574
2.61412	867.582	861.398
2.62606	867.485	861.22
2.63799	867.386	861.039
2.64993	867.286	860.857
2.66187	867.184	860.673
2.6738	867.081	860.487
2.68574	866.977	860.299
2.69768	866.871	860.108
2.70961	866.764	859.916
2.72155	866.656	859.722
2.73349	866.546	859.525
2.74542	866.435	859.326
2.75736	866.322	859.126
2.7693	866.207	858.923
2.78123	866.092	858.718
2.79317	865.974	858.511
2.80511	865.855	858.301
2.81704	865.735	858.09
2.82898	865.613	857.876
2.84092	865.49	857.66
2.85285	865.365	857.442
2.86479	865.238	857.222
2.87673	865.11	856.999
2.88866	864.98	856.774
2.9006	864.848	856.547
2.91254	864.715	856.318
2.92447	864.581	856.086
2.93641	864.444	855.852
2.94835	864.306	855.616
2.96028	864.167	855.377
2.97222	864.025	855.136
2.98416	863.882	854.893
2.99609	863.738	854.648
3.00803	863.591	854.4
3.01997	863.443	854.149
3.0319	863.293	853.897
3.04384	863.141	853.642
3.05577	862.987	853.384
3.06771	862.832	853.124
3.07965	862.675	852.862
3.09158	862.516	852.597
3.10352	862.355	852.33
3.11546	862.193	852.06
3.12739	862.028	851.788
3.13933	861.862	851.514
3.15127	861.694	851.237
3.1632	861.524	850.957
3.17514	861.352	850.675
3.18708	861.178	850.391
3.19901	861.002	850.104
3.21095	860.824	849.814
3.22289	860.645	849.522
3.23482	860.463	849.228
3.24676	860.279	848.93
3.2587	860.094	848.631
3.27063	859.906	848.328
3.28257	859.717	848.024
3.29451	859.525	847.716
3.30644	859.331	847.406
3.31838	859.136	847.093
3.33032	858.938	846.778
3.34225	858.738	846.46
3.35419	858.536	846.14
3.36613	858.332	845.816
3.37806	858.126	845.491
3.39	857.918	845.162
3.40194	857.708	844.831
3.41387	857.495	844.497
3.42581	857.281	844.161
3.43775	857.064	843.822
3.44968	856.845	843.48
3.46162	856.624	843.136
3.47356	856.401	842.788
3.48549	856.175	842.438
3.49743	855.947	842.086
3.50937	855.718	841.731
3.5213	855.485	841.372
3.53324	855.251	841.012
3.54518	855.014	840.648
3.55711	854.775	840.282
3.56905	854.534	839.913
3.58099	854.291	839.541
3.59292	854.045	839.167
3.60486	853.797	838.789
3.6168	853.546	838.409
3.62873	853.294	838.027
3.64067	853.039	837.641
3.65261	852.781	837.253
3.66454	852.521	836.861
3.67648	852.259	836.467
3.68842	851.995	836.071
3.70035	851.728	835.671
3.71229	851.458	835.269
3.72423	851.187	834.864
3.73616	850.912	834.456
3.7481	850.636	834.045
3.76004	850.357	833.631
3.77197	850.075	833.215
3.78391	849.791	832.795
3.79585	849.505	832.373
3.80778	849.216	831.948
3.81972	848.925	831.521
3.83166	848.631	831.09
3.84359	848.335	830.657
3.85553	848.036	830.22
3.86747	847.734	829.781
3.8794	847.43	829.339
3.89134	847.124	828.894
3.90327	846.815	828.447
3.91521	846.503	827.996
3.92715	846.189	827.543
3.93908	845.873	827.086
3.95102	845.553	826.627
3.96296	845.232	826.165
3.97489	844.907	825.701
3.98683	844.58	825.233
3.99877	844.251	824.762
4.0107	843.918	824.289
4.02264	843.584	823.813
4.03458	843.246	823.334
4.04651	842.906	822.852
4.05845	842.563	822.367
4.07039	842.218	821.879
4.08232	841.87	821.389
4.09426	841.519	820.896
4.1062	841.166	820.399
4.11813	840.81	819.9
4.13007	840.451	819.398
4.14201	840.089	818.894
4.15394	839.725	818.386
4.16588	839.358	817.875
4.17782	838.989	817.362
4.18975	838.617	816.846
4.20169	838.242	816.327
4.21363	837.864	815.805
4.22556	837.484	815.28
4.2375	837.101	814.753
4.24944	836.715	814.223
4.26137	836.326	813.689
4.27331	835.935	813.153
4.28525	835.541	812.615
4.29718	835.144	812.073
4.30912	834.744	811.528
4.32106	834.342	810.981
4.33299	833.937	810.431
4.34493	833.529	809.878
4.35687	833.119	809.323
4.3688	832.705	808.764
4.38074	832.289	808.203
4.39268	831.87	807.639
4.40461	831.448	807.072
4.41655	831.024	806.503
4.42849	830.596	805.93
4.44042	830.166	805.355
4.45236	829.733	804.777
4.4643	829.298	804.197
4.47623	828.859	803.613
4.48817	828.418	803.027
4.50011	827.974	802.438
4.51204	827.527	801.847
4.52398	827.077	801.252
4.53592	826.624	800.655
4.54785	826.169	800.056
4.55979	825.711	799.453
4.57173	825.25	798.848
4.58366	824.786	798.24
4.5956	824.319	797.63
4.60754	823.85	797.017
4.61947	823.378	796.401
4.63141	822.902	795.782
4.64335	822.425	795.161
4.65528	821.944	794.537
4.66722	821.46	793.911
4.67916	820.974	793.282
4.69109	820.485	792.65
4.70303	819.993	792.016
4.71497	819.498	791.379
4.7269	819.001	790.74
4.73884	818.5	790.098
4.75078	817.997	789.453
4.76271	817.491	788.806
4.77465	816.982	788.157
4.78658	816.47	787.504
4.79852	815.956	786.85
4.81046	815.439	786.192
4.82239	814.919	785.532
4.83433	814.396	784.87
4.84627	813.87	784.205
4.8582	813.342	783.538
4.87014	812.81	782.868
4.88208	812.276	782.196
4.89401	811.74	781.522
4.90595	811.2	780.844
4.91789	810.658	780.165
4.92982	810.112	779.483
4.94176	809.564	778.799
4.9537	809.014	778.112
4.96563	808.46	777.423
4.97757	807.904	776.731
4.98951	807.345	776.038
5.00144	806.783	775.341
5.01338	806.219	774.643
5.02532	805.652	773.942
5.03725	805.082	773.239
5.04919	804.509	772.534
5.06113	803.934	771.826
5.07306	803.356	771.116
5.085	802.775	770.404
5.09694	802.191	769.689
5.10887	801.605	768.973
5.12081	801.016	768.254
5.13275	800.424	767.533
5.14468	799.83	766.809
5.15662	799.233	766.084
5.16856	798.633	765.356
5.18049	798.031	764.627
5.19243	797.426	763.895
5.20437	796.818	763.161
5.2163	796.208	762.425
5.22824	795.595	761.686
5.24018	794.979	760.946
5.25211	794.361	760.204
5.26405	793.74	759.459
5.27599	793.117	758.713
5.28792	792.491	757.964
5.29986	791.862	757.214
5.3118	791.231	756.461
5.32373	790.597	755.707
5.33567	789.961	754.951
5.34761	789.322	754.192
5.35954	788.68	753.432
5.37148	788.036	752.67
5.38342	787.39	751.906
5.39535	786.741	751.14
5.40729	786.089	750.372
5.41923	785.435	749.603
5.43116	784.779	748.831
5.4431	784.12	748.058
5.45504	783.458	747.283
5.46697	782.794	746.506
5.47891	782.128	745.727
5.49085	781.459	744.947
5.50278	780.787	744.165
5.51472	780.114	743.381
5.52666	779.438	742.595
5.53859	778.759	741.808
5.55053	778.078	741.019
5.56247	777.395	740.229
5.5744	776.709	739.436
5.58634	776.021	738.643
5.59828	775.331	737.847
5.61021	774.638	737.05
5.62215	773.943	736.252
5.63408	773.246	735.452
5.64602	772.546	734.65
5.65796	771.844	733.847
5.66989	771.14	733.042
5.68183	770.433	732.236
5.69377	769.725	731.428
5.7057	769.014	730.619
5.71764	768.301	729.809
5.72958	767.585	728.997
5.74151	766.868	728.183
5.75345	766.148	727.369
5.76539	765.426	726.553
5.77732	764.702	725.735
5.78926	763.976	724.917
5.8012	763.248	724.097
5.81313	762.517	723.275
5.82507	761.785	722.453
5.83701	761.05	721.629
5.84894	760.313	720.804
5.86088	759.575	719.978
5.87282	758.834	719.15
5.88475	758.091	718.321
5.89669	757.346	717.492
5.90863	756.599	716.661
5.92056	755.85	715.829
5.9325	755.1	714.995
5.94444	754.347	714.161
5.95637	753.592	713.326
5.96831	752.835	712.489
5.98025	752.077	711.652
5.99218	751.316	710.813
6.00412	750.554	709.974
6.01606	749.79	709.133
6.02799	749.024	708.292
6.03993	748.256	707.449
6.05187	747.486	706.606
6.0638	746.715	705.762
6.07574	745.941	704.917
6.08768	745.166	704.071
6.09961	744.39	703.224
6.11155	743.611	702.376
6.12349	742.831	701.528
6.13542	742.049	700.679
6.14736	741.265	699.829
6.1593	740.48	698.978
6.17123	739.692	698.126
6.18317	738.904	697.274
6.19511	738.113	696.421
6.20704	737.322	695.567
6.21898	736.528	694.713
6.23092	735.733	693.858
6.24285	734.936	693.002
6.25479	734.138	692.146
6.26673	733.338	691.289
6.27866	732.537	690.431
6.2906	731.734	689.573
6.30254	730.93	688.715
6.31447	730.124	687.856
6.32641	729.317	686.996
6.33835	728.509	686.136
6.35028	727.699	685.275
6.36222	726.887	684.414
6.37416	726.075	683.553
6.38609	725.261	682.691
6.39803	724.445	681.829
6.40997	723.629	680.966
6.4219	722.811	680.103
6.43384	721.991	679.239
6.44578	721.171	678.376
6.45771	720.349	677.512
6.46965	719.526	676.647
6.48159	718.701	675.783
6.49352	717.876	674.918
6.50546	717.049	674.053
6.51739	716.221	673.187
6.52933	715.392	672.322
6.54127	714.562	671.456
6.5532	713.731	670.59
6.56514	712.899	669.724
6.57708	712.065	668.858
6.58901	711.231	667.991
6.60095	710.395	667.125
6.61289	709.559	666.258
6.62482	708.721	665.392
6.63676	707.883	664.525
6.6487	707.043	663.658
6.66063	706.203	662.792
6.67257	705.362	661.925
6.68451	704.519	661.058
6.69644	703.676	660.191
6.70838	702.832	659.325
6.72032	701.987	658.458
6.73225	701.142	657.592
6.74419	700.295	656.725
6.75613	699.448	655.859
6.76806	698.6	654.993
6.78	697.751	654.127
6.79194	696.901	653.261
6.80387	696.051	652.395
6.81581	695.2	651.53
6.82775	694.348	650.665
6.83968	693.496	649.799
6.85162	692.642	648.935
6.86356	691.789	648.07
6.87549	690.934	647.206
6.88743	690.079	646.342
6.89937	689.224	645.478
6.9113	688.368	644.615
6.92324	687.511	643.752
6.93518	686.654	642.889
6.94711	685.796	642.027
6.95905	684.938	641.165
6.97099	684.079	640.303
6.98292	683.22	639.442
6.99486	682.36	638.581
7.0068	681.5	637.721
7.01873	680.64	636.861
7.03067	679.779	636.002
7.04261	678.917	635.143
7.05454	678.056	634.284
7.06648	677.194	633.427
7.07842	676.332	632.569
7.09035	675.469	631.712
7.10229	674.606	630.856
7.11423	673.743	630
7.12616	672.88	629.145
7.1381	672.016	628.291
7.15004	671.152	627.437
7.16197	670.288	626.584
7.17391	669.424	625.731
7.18585	668.56	624.879
7.19778	667.695	624.027
7.20972	666.831	623.177
7.22166	665.966	622.327
7.23359	665.101	621.478
7.24553	664.236	620.629
7.25747	663.371	619.781
7.2694	662.506	618.934
7.28134	661.641	618.088
7.29328	660.776	617.242
7.30521	659.911	616.397
7.31715	659.046	615.553
7.32909	658.181	614.71
7.34102	657.316	613.868
7.35296	656.451	613.026
7.36489	655.586	612.185
7.37683	654.721	611.345
7.38877	653.857	610.506
7.4007	652.992	609.668
7.41264	652.128	608.831
7.42458	651.264	607.995
7.43651	650.4	607.159
7.44845	649.536	606.325
7.46039	648.673	605.491
7.47232	647.809	604.658
7.48426	646.946	603.827
7.4962	646.084	602.996
7.50813	645.221	602.166
7.52007	644.359	601.337
7.53201	643.497	600.509
7.54394	642.635	599.683
7.55588	641.774	598.857
7.56782	640.913	598.032
7.57975	640.053	597.208
7.59169	639.192	596.386
7.60363	638.333	595.564
7.61556	637.473	594.743
7.6275	636.614	593.924
7.63944	635.756	593.106
7.65137	634.898	592.288
7.66331	634.041	591.472
7.67525	633.183	590.657
7.68718	632.327	589.843
7.69912	631.471	589.03
7.71106	630.615	588.219
7.72299	629.761	587.408
7.73493	628.906	586.599
7.74687	628.052	585.79
7.7588	627.199	584.983
7.77074	626.346	584.177
7.78268	625.494	583.373
7.79461	624.643	582.569
7.80655	623.792	581.767
7.81849	622.942	580.966
7.83042	622.093	580.166
7.84236	621.244	579.368
7.8543	620.396	578.57
7.86623	619.549	577.774
7.87817	618.702	576.979
7.89011	617.856	576.186
7.90204	617.011	575.393
7.91398	616.167	574.602
7.92592	615.323	573.813
7.93785	614.48	573.024
7.94979	613.638	572.237
7.96173	612.797	571.451
7.97366	611.956	570.667
7.9856	611.117	569.883
7.99754	610.278	569.101
8.00947	609.44	568.321
8.02141	608.603	567.542
8.03335	607.767	566.764
8.04528	606.932	565.987
8.05722	606.098	565.212
8.06916	605.264	564.438
8.08109	604.432	563.666
8.09303	603.6	562.895
8.10497	602.769	562.125
8.1169	601.94	561.356
8.12884	601.111	560.59
8.14078	600.283	559.824
8.15271	599.457	559.06
8.16465	598.631	558.297
8.17659	597.806	557.536
8.18852	596.982	556.776
8.20046	596.16	556.017
8.2124	595.338	555.26
8.22433	594.518	554.504
8.23627	593.698	553.75
8.2482	592.88	552.997
8.26014	592.062	552.246
8.27208	591.246	551.496
8.28401	590.431	550.748
8.29595	589.617	550.001
8.30789	588.804	549.255
8.31982	587.992	548.511
8.33176	587.181	547.768
8.3437	586.372	547.027
8.35563	585.563	546.288
8.36757	584.756	545.549
8.37951	583.95	544.813
8.39144	583.145	544.077
8.40338	582.342	543.344
8.41532	581.539	542.611
8.42725	580.738	541.881
8.43919	579.938	541.151
8.45113	579.139	540.424
8.46306	578.341	539.697
8.475	577.545	538.972
8.48694	576.75	538.249
8.49887	575.956	537.527
8.51081	575.163	536.807
8.52275	574.372	536.088
8.53468	573.582	535.371
8.54662	572.793	534.655
8.55856	572.006	533.941
8.57049	571.219	533.229
8.58243	570.434	532.517
8.59437	569.651	531.808
8.6063	568.869	531.1
8.61824	568.088	530.393
8.63018	567.308	529.688
8.64211	566.53	528.985
8.65405	565.753	528.283
8.66599	564.977	527.582
8.67792	564.203	526.883
8.68986	563.43	526.186
8.7018	562.658	525.49
8.71373	561.888	524.796
8.72567	561.12	524.103
8.73761	560.352	523.412
8.74954	559.586	522.722
8.76148	558.822	522.034
8.77342	558.058	521.348
8.78535	557.297	520.663
8.79729	556.536	519.979
8.80923	555.777	519.297
8.82116	555.02	518.617
8.8331	554.264	517.938
8.84504	553.509	517.261
8.85697	552.756	516.585
8.86891	552.004	515.911
8.88085	551.253	515.238
8.89278	550.504	514.567
8.90472	549.757	513.898
8.91666	549.011	513.23
8.92859	548.266	512.563
8.94053	547.523	511.898
8.95247	546.782	511.235
8.9644	546.042	510.573
8.97634	545.303	509.913
8.98828	544.566	509.254
9.00021	543.83	508.597
9.01215	543.096	507.941
9.02409	542.363	507.287
9.03602	541.632	506.635
9.04796	540.902	505.984
9.0599	540.174	505.334
9.07183	539.447	504.687
9.08377	538.722	504.04
9.0957	537.998	503.395
9.10764	537.276	502.752
9.11958	536.555	502.11
9.13151	535.836	501.47
9.14345	535.118	500.832
9.15539	534.402	500.194
9.16732	533.687	499.559
9.17926	532.974	498.925
9.1912	532.262	498.292
9.20313	531.552	497.661
9.21507	530.844	497.032
9.22701	530.137	496.404
9.23894	529.431	495.778
9.25088	528.727	495.153
9.26282	528.025	494.53
9.27475	527.324	493.908
9.28669	526.625	493.287
9.29863	525.927	492.669
9.31056	525.231	492.051
9.3225	524.536	491.436
9.33444	523.843	490.821
9.34637	523.151	490.209
9.35831	522.461	489.598
9.37025	521.773	488.988
9.38218	521.086	488.38
9.39412	520.4	487.773
9.40606	519.716	487.168
9.41799	519.034	486.564
9.42993	518.353	485.962
9.44187	517.674	485.361
9.4538	516.996	484.762
9.46574	516.32	484.164
9.47768	515.646	483.568
9.48961	514.973	482.974
9.50155	514.301	482.38
9.51349	513.631	481.789
9.52542	512.963	481.198
9.53736	512.296	480.61
9.5493	511.631	480.022
9.56123	510.967	479.436
9.57317	510.305	478.852
9.58511	509.645	478.269
9.59704	508.986	477.688
9.60898	508.328	477.108
9.62092	507.673	476.529
9.63285	507.018	475.952
9.64479	506.365	475.377
9.65673	505.714	474.803
9.66866	505.065	474.23
9.6806	504.416	473.659
9.69254	503.77	473.089
9.70447	503.125	472.521
9.71641	502.481	471.954
9.72835	501.839	471.388
9.74028	501.199	470.824
9.75222	500.56	470.262
9.76416	499.923	469.701
9.77609	499.287	469.141
9.78803	498.653	468.582
9.79997	498.02	468.026
9.8119	497.389	467.47
9.82384	496.76	466.916
9.83578	496.131	466.363
9.84771	495.505	465.812
9.85965	494.88	465.262
9.87159	494.257	464.714
9.88352	493.635	464.167
9.89546	493.014	463.621
9.9074	492.395	463.077
9.91933	491.778	462.534
9.93127	491.162	461.993
9.94321	490.548	461.453
9.95514	489.935	460.914
9.96708	489.324	460.377
9.97901	488.714	459.841
9.99095	488.106	459.306
10.0029	487.499	458.773
10.0148	486.894	458.242
10.0268	486.29	457.711
10.0387	485.688	457.182
10.0506	485.088	456.654
10.0626	484.488	456.128
10.0745	483.891	455.603
10.0864	483.295	455.079
10.0984	482.7	454.557
10.1103	482.107	454.036
10.1223	481.515	453.516
10.1342	480.925	452.998
10.1461	480.336	452.481
10.1581	479.749	451.966
10.17	479.163	451.451
10.1819	478.579	450.938
10.1939	477.996	450.427
10.2058	477.415	449.916
10.2177	476.835	449.407
10.2297	476.257	448.9
10.2416	475.68	448.393
10.2536	475.105	447.888
10.2655	474.531	447.385
10.2774	473.958	446.882
10.2894	473.387	446.381
10.3013	472.818	445.881
10.3132	472.249	445.382
10.3252	471.683	444.885
10.3371	471.117	444.389
10.3491	470.554	443.894
10.361	469.991	443.401
10.3729	469.43	442.909
10.3849	468.871	442.418
10.3968	468.313	441.928
10.4087	467.756	441.44
10.4207	467.201	440.953
10.4326	466.647	440.467
10.4445	466.095	439.982
10.4565	465.544	439.499
10.4684	464.995	439.017
10.4804	464.447	438.536
10.4923	463.9	438.056
10.5042	463.355	437.578
10.5162	462.811	437.101
10.5281	462.268	436.625
10.54	461.727	436.15
10.552	461.187	435.677
10.5639	460.649	435.205
10.5758	460.112	434.734
10.5878	459.577	434.264
10.5997	459.043	433.795
10.6117	458.51	433.328
10.6236	457.978	432.862
10.6355	457.448	432.397
10.6475	456.92	431.933
10.6594	456.393	431.471
10.6713	455.867	431.01
10.6833	455.342	430.55
10.6952	454.819	430.091
10.7071	454.297	429.633
10.7191	453.777	429.176
10.731	453.257	428.721
10.743	452.74	428.267
10.7549	452.223	427.814
10.7668	451.708	427.362
10.7788	451.194	426.912
10.7907	450.682	426.462
10.8026	450.171	426.014
10.8146	449.661	425.567
10.8265	449.152	425.121
10.8385	448.645	424.676
10.8504	448.139	424.232
10.8623	447.635	423.79
10.8743	447.132	423.348
10.8862	446.63	422.908
10.8981	446.129	422.469
10.9101	445.63	422.031
10.922	445.132	421.594
10.9339	444.635	421.159
10.9459	444.14	420.724
10.9578	443.646	420.291
10.9698	443.153	419.859
10.9817	442.661	419.428
10.9936	442.171	418.998
11.0056	441.682	418.569
11.0175	441.194	418.141
11.0294	440.708	417.714
11.0414	440.222	417.289
11.0533	439.738	416.864
11.0652	439.256	416.441
11.0772	438.774	416.019
11.0891	438.294	415.598
11.1011	437.815	415.178
11.113	437.337	414.759
11.1249	436.861	414.341
11.1369	436.386	413.924
11.1488	435.912	413.509
11.1607	435.439	413.094
11.1727	434.967	412.681
11.1846	434.497	412.268
11.1966	434.028	411.857
11.2085	433.56	411.447
11.2204	433.094	411.038
11.2324	432.628	410.63
11.2443	432.164	410.223
11.2562	431.701	409.817
11.2682	431.239	409.412
11.2801	430.779	409.008
11.292	430.319	408.605
11.304	429.861	408.204
11.3159	429.404	407.803
11.3279	428.948	407.403
11.3398	428.494	407.005
11.3517	428.04	406.607
11.3637	427.588	406.211
11.3756	427.137	405.816
11.3875	426.687	405.421
11.3995	426.238	405.028
11.4114	425.791	404.636
11.4233	425.344	404.244
11.4353	424.899	403.854
11.4472	424.455	403.465
11.4592	424.012	403.077
11.4711	423.57	402.69
11.483	423.13	402.304
11.495	422.69	401.919
11.5069	422.252	401.535
11.5188	421.815	401.151
11.5308	421.379	400.769
11.5427	420.944	400.388
11.5546	420.51	400.008
11.5666	420.078	399.629
11.5785	419.646	399.251
11.5905	419.216	398.875
11.6024	418.787	398.499
11.6143	418.359	398.124
11.6263	417.932	397.75
11.6382	417.506	397.377
11.6501	417.081	397.005
11.6621	416.657	396.634
11.674	416.235	396.264
11.686	415.813	395.895
11.6979	415.393	395.527
11.7098	414.974	395.16
11.7218	414.556	394.793
11.7337	414.139	394.428
11.7456	413.723	394.064
11.7576	413.308	393.701
11.7695	412.894	393.339
11.7814	412.482	392.978
11.7934	412.07	392.618
11.8053	411.659	392.258
11.8173	411.25	391.9
11.8292	410.842	391.543
11.8411	410.434	391.187
11.8531	410.028	390.831
11.865	409.623	390.477
11.8769	409.219	390.123
11.8889	408.816	389.771
11.9008	408.414	389.419
11.9127	408.013	389.069
11.9247	407.613	388.719
11.9366	407.214	388.37
11.9486	406.817	388.023
11.9605	406.42	387.676
11.9724	406.024	387.33
11.9844	405.63	386.985
11.9963	405.236	386.641
12.0082	404.843	386.298
12.0202	404.452	385.956
12.0321	404.061	385.615
12.0441	403.672	385.274
12.056	403.284	384.935
12.0679	402.896	384.597
12.0799	402.51	384.259
12.0918	402.125	383.923
12.1037	401.74	383.587
12.1157	401.357	383.253
12.1276	400.975	382.919
12.1395	400.593	382.586
12.1515	400.213	382.254
12.1634	399.834	381.923
12.1754	399.456	381.593
12.1873	399.078	381.264
12.1992	398.702	380.936
12.2112	398.327	380.608
12.2231	397.953	380.282
12.235	397.58	379.956
12.247	397.207	379.632
12.2589	396.836	379.308
12.2708	396.466	378.985
12.2828	396.097	378.663
12.2947	395.728	378.342
12.3067	395.361	378.022
12.3186	394.995	377.703
12.3305	394.629	377.385
12.3425	394.265	377.067
12.3544	393.902	376.751
12.3663	393.539	376.435
12.3783	393.178	376.12
12.3902	392.817	375.807
12.4021	392.458	375.494
12.4141	392.099	375.182
12.426	391.742	374.87
12.438	391.385	374.56
12.4499	391.03	374.251
12.4618	390.675	373.942
12.4738	390.321	373.634
12.4857	389.968	373.327
12.4976	389.617	373.022
12.5096	389.266	372.716
12.5215	388.916	372.412
12.5335	388.567	372.109
12.5454	388.219	371.806
12.5573	387.872	371.505
12.5693	387.526	371.204
12.5812	387.18	370.904
12.5931	386.836	370.605
12.6051	386.493	370.307
12.617	386.151	370.01
12.6289	385.809	369.713
12.6409	385.469	369.418
12.6528	385.129	369.123
12.6648	384.79	368.829
12.6767	384.453	368.536
12.6886	384.116	368.244
12.7006	383.78	367.953
12.7125	383.445	367.662
12.7244	383.111	367.373
12.7364	382.778	367.084
12.7483	382.446	366.796
12.7602	382.115	366.509
12.7722	381.784	366.223
12.7841	381.455	365.937
12.7961	381.126	365.653
12.808	380.799	365.369
12.8199	380.472	365.086
12.8319	380.146	364.804
12.8438	379.821	364.523
12.8557	379.497	364.243
12.8677	379.174	363.963
12.8796	378.852	363.684
12.8916	378.531	363.406
12.9035	378.21	363.129
12.9154	377.891	362.853
12.9274	377.572	362.578
12.9393	377.254	362.303
12.9512	376.937	362.029
12.9632	376.621	361.756
12.9751	376.306	361.484
12.987	375.992	361.213
12.999	375.679	360.942
13.0109	375.367	360.673
13.0229	375.055	360.404
13.0348	374.744	360.136
13.0467	374.435	359.868
13.0587	374.126	359.602
13.0706	373.818	359.336
13.0825	373.511	359.071
13.0945	373.204	358.807
13.1064	372.899	358.544
13.1183	372.594	358.282
13.1303	372.291	358.02
13.1422	371.988	357.759
13.1542	371.686	357.499
13.1661	371.385	357.24
13.178	371.085	356.982
13.19	370.785	356.724
13.2019	370.487	356.467
13.2138	370.189	356.211
13.2258	369.893	355.956
13.2377	369.597	355.701
13.2496	369.302	355.448
13.2616	369.007	355.195
13.2735	368.714	354.943
13.2855	368.421	354.691
13.2974	368.13	354.441
13.3093	367.839	354.191
13.3213	367.549	353.942
13.3332	367.26	353.694
13.3451	366.972	353.446
13.3571	366.684	353.2
13.369	366.398	352.954
13.381	366.112	352.709
13.3929	365.827	352.464
13.4048	365.543	352.221
13.4168	365.26	351.978
13.4287	364.977	351.736
13.4406	364.696	351.495
13.4526	364.415	351.254
13.4645	364.135	351.014
13.4764	363.856	350.775
13.4884	363.578	350.537
13.5003	363.3	350.3
13.5123	363.023	350.063
13.5242	362.748	349.827
13.5361	362.473	349.592
13.5481	362.199	349.357
13.56	361.925	349.124
13.5719	361.653	348.891
13.5839	361.381	348.658
13.5958	361.11	348.427
13.6077	360.84	348.196
13.6197	360.571	347.966
13.6316	360.302	347.737
13.6436	360.035	347.509
13.6555	359.768	347.281
13.6674	359.502	347.054
13.6794	359.236	346.828
13.6913	358.972	346.602
13.7032	358.708	346.377
13.7152	358.446	346.153
13.7271	358.184	345.93
13.7391	357.922	345.708
13.751	357.662	345.486
13.7629	357.402	345.265
13.7749	357.143	345.044
13.7868	356.885	344.825
13.7987	356.628	344.606
13.8107	356.372	344.387
13.8226	356.116	344.17
13.8345	355.861	343.953
13.8465	355.607	343.737
13.8584	355.354	343.522
13.8704	355.101	343.307
13.8823	354.849	343.093
13.8942	354.598	342.88
13.9062	354.348	342.668
13.9181	354.099	342.456
13.93	353.85	342.245
13.942	353.602	342.034
13.9539	353.355	341.825
13.9658	353.109	341.616
13.9778	352.863	341.408
13.9897	352.619	341.2
14.0017	352.375	340.993
14.0136	352.131	340.787
14.0255	351.889	340.582
14.0375	351.647	340.377
14.0494	351.406	340.173
14.0613	351.166	339.97
14.0733	350.927	339.767
14.0852	350.688	339.565
14.0971	350.45	339.364
14.1091	350.213	339.163
14.121	349.977	338.963
14.133	349.741	338.764
14.1449	349.506	338.565
14.1568	349.272	338.368
14.1688	349.039	338.17
14.1807	348.806	337.974
14.1926	348.574	337.778
14.2046	348.343	337.583
14.2165	348.113	337.389
14.2285	347.883	337.195
14.2404	347.654	337.002
14.2523	347.426	336.809
14.2643	347.199	336.618
14.2762	346.972	336.426
14.2881	346.746	336.236
14.3001	346.521	336.046
14.312	346.296	335.857
14.3239	346.073	335.669
14.3359	345.85	335.481
14.3478	345.627	335.294
14.3598	345.406	335.107
14.3717	345.185	334.922
14.3836	344.965	334.736
14.3956	344.745	334.552
14.4075	344.527	334.368
14.4194	344.309	334.185
14.4314	344.092	334.002
14.4433	343.875	333.821
14.4552	343.659	333.639
14.4672	343.444	333.459
14.4791	343.23	333.279
14.4911	343.016	333.099
14.503	342.803	332.921
14.5149	342.591	332.743
14.5269	342.38	332.565
14.5388	342.169	332.389
14.5507	341.959	332.213
14.5627	341.75	332.037
14.5746	341.541	331.862
14.5866	341.333	331.688
14.5985	341.126	331.514
14.6104	340.919	331.341
14.6224	340.713	331.169
14.6343	340.508	330.997
14.6462	340.304	330.826
14.6582	340.1	330.656
14.6701	339.897	330.486
14.682	339.694	330.317
14.694	339.493	330.148
14.7059	339.292	329.98
14.7179	339.091	329.813
14.7298	338.892	329.646
14.7417	338.693	329.48
14.7537	338.494	329.314
14.7656	338.297	329.149
14.7775	338.1	328.985
14.7895	337.904	328.821
14.8014	337.708	328.658
14.8133	337.513	328.496
14.8253	337.319	328.334
14.8372	337.126	328.172
14.8492	336.933	328.012
14.8611	336.741	327.852
14.873	336.549	327.692
14.885	336.358	327.533
14.8969	336.168	327.375
14.9088	335.978	327.217
14.9208	335.79	327.06
14.9327	335.601	326.903
14.9446	335.414	326.747
14.9566	335.227	326.592
14.9685	335.041	326.437
14.9805	334.855	326.283
14.9924	334.67	326.129
15.0043	334.486	325.976
15.0163	334.302	325.824
15.0282	334.12	325.672
15.0401	333.937	325.52
15.0521	333.756	325.37
15.064	333.575	325.22
15.076	333.394	325.07
15.0879	333.214	324.921
15.0998	333.035	324.772
15.1118	332.857	324.624
15.1237	332.679	324.477
15.1356	332.502	324.33
15.1476	332.325	324.184
15.1595	332.15	324.038
15.1714	331.974	323.893
15.1834	331.8	323.749
15.1953	331.626	323.605
15.2073	331.452	323.461
15.2192	331.28	323.318
15.2311	331.107	323.176
15.2431	330.936	323.034
15.255	330.765	322.893
15.2669	330.595	322.752
15.2789	330.425	322.612
15.2908	330.256	322.472
15.3027	330.088	322.333
15.3147	329.92	322.195
15.3266	329.753	322.057
15.3386	329.586	321.919
15.3505	329.42	321.782
15.3624	329.255	321.646
15.3744	329.09	321.51
15.3863	328.926	321.375
15.3982	328.763	321.24
15.4102	328.6	321.106
15.4221	328.438	320.972
15.4341	328.276	320.839
15.446	328.115	320.706
15.4579	327.954	320.574
15.4699	327.794	320.442
15.4818	327.635	320.311
15.4937	327.476	320.181
15.5057	327.318	320.05
15.5176	327.161	319.921
15.5295	327.004	319.792
15.5415	326.847	319.663
15.5534	326.691	319.535
15.5654	326.536	319.408
15.5773	326.382	319.281
15.5892	326.228	319.154
15.6012	326.074	319.028
15.6131	325.921	318.903
15.625	325.769	318.778
15.637	325.617	318.653
15.6489	325.466	318.529
15.6608	325.316	318.406
15.6728	325.166	318.283
15.6847	325.016	318.16
15.6967	324.867	318.038
15.7086	324.719	317.917
15.7205	324.571	317.796
15.7325	324.424	317.675
15.7444	324.277	317.555
15.7563	324.131	317.435
15.7683	323.986	317.316
15.7802	323.841	317.198
15.7921	323.697	317.08
15.8041	323.553	316.962
15.816	323.41	316.845
15.828	323.267	316.728
15.8399	323.125	316.612
15.8518	322.983	316.496
15.8638	322.842	316.381
15.8757	322.701	316.266
15.8876	322.562	316.152
15.8996	322.422	316.038
15.9115	322.283	315.925
15.9235	322.145	315.812
15.9354	322.007	315.699
15.9473	321.87	315.587
15.9593	321.733	315.476
15.9712	321.597	315.365
15.9831	321.461	315.254
15.9951	321.326	315.144
16.007	321.191	315.034
16.0189	321.057	314.925
16.0309	320.924	314.816
16.0428	320.791	314.708
16.0548	320.658	314.6
16.0667	320.526	314.493
16.0786	320.395	314.386
16.0906	320.264	314.279
16.1025	320.133	314.173
16.1144	320.003	314.067
16.1264	319.874	313.962
16.1383	319.745	313.857
16.1502	319.617	313.753
16.1622	319.489	313.649
16.1741	319.362	313.546
16.1861	319.235	313.443
16.198	319.108	313.34
16.2099	318.983	313.238
16.2219	318.857	313.136
16.2338	318.732	313.035
16.2457	318.608	312.934
16.2577	318.484	312.834
16.2696	318.361	312.734
16.2816	318.238	312.634
16.2935	318.116	312.535
16.3054	317.994	312.436
16.3174	317.872	312.338
16.3293	317.752	312.24
16.3412	317.631	312.143
16.3532	317.511	312.046
16.3651	317.392	311.949
16.377	317.273	311.853
16.389	317.155	311.757
16.4009	317.037	311.661
16.4129	316.919	311.566
16.4248	316.802	311.472
16.4367	316.686	311.378
16.4487	316.57	311.284
16.4606	316.454	311.191
16.4725	316.339	311.098
16.4845	316.224	311.005
16.4964	316.11	310.913
16.5083	315.996	310.821
16.5203	315.883	310.73
16.5322	315.771	310.639
16.5442	315.658	310.548
16.5561	315.546	310.458
16.568	315.435	310.368
16.58	315.324	310.279
16.5919	315.214	310.19
16.6038	315.104	310.101
16.6158	314.994	310.013
16.6277	314.885	309.925
16.6396	314.776	309.838
16.6516	314.668	309.75
16.6635	314.561	309.664
16.6755	314.453	309.577
16.6874	314.346	309.491
16.6993	314.24	309.406
16.7113	314.134	309.321
16.7232	314.029	309.236
16.7351	313.924	309.151
16.7471	313.819	309.067
16.759	313.715	308.984
16.771	313.611	308.9
16.7829	313.508	308.817
16.7948	313.405	308.735
16.8068	313.303	308.653
16.8187	313.201	308.571
16.8306	313.099	308.489
16.8426	312.998	308.408
16.8545	312.897	308.327
16.8664	312.797	308.247
16.8784	312.697	308.167
16.8903	312.598	308.087
16.9023	312.499	308.008
16.9142	312.4	307.929
16.9261	312.302	307.85
16.9381	312.204	307.772
16.95	312.107	307.694
16.9619	312.01	307.616
16.9739	311.913	307.539
16.9858	311.817	307.462
16.9977	311.722	307.386
17.0097	311.626	307.31
17.0216	311.531	307.234
17.0336	311.437	307.158
17.0455	311.343	307.083
17.0574	311.249	307.008
17.0694	311.156	306.934
17.0813	311.063	306.86
17.0932	310.971	306.786
17.1052	310.879	306.712
17.1171	310.787	306.639
17.1291	310.696	306.566
17.141	310.605	306.494
17.1529	310.515	306.422
17.1649	310.425	306.35
17.1768	310.335	306.278
17.1887	310.246	306.207
17.2007	310.157	306.136
17.2126	310.068	306.066
17.2245	309.98	305.996
17.2365	309.892	305.926
17.2484	309.805	305.856
17.2604	309.718	305.787
17.2723	309.632	305.718
17.2842	309.545	305.65
17.2962	309.46	305.581
17.3081	309.374	305.513
17.32	309.289	305.446
17.332	309.204	305.378
17.3439	309.12	305.311
17.3558	309.036	305.245
17.3678	308.953	305.178
17.3797	308.869	305.112
17.3917	308.786	305.046
17.4036	308.704	304.981
17.4155	308.622	304.916
17.4275	308.54	304.851
17.4394	308.459	304.786
17.4513	308.378	304.722
17.4633	308.297	304.658
17.4752	308.217	304.594
17.4871	308.137	304.531
17.4991	308.057	304.468
17.511	307.978	304.405
17.523	307.899	304.343
17.5349	307.821	304.28
17.5468	307.743	304.219
17.5588	307.665	304.157
17.5707	307.587	304.096
17.5826	307.51	304.035
17.5946	307.433	303.974
17.6065	307.357	303.913
17.6185	307.281	303.853
17.6304	307.205	303.793
17.6423	307.13	303.734
17.6543	307.055	303.674
17.6662	306.98	303.615
17.6781	306.906	303.557
17.6901	306.832	303.498
17.702	306.758	303.44
17.7139	306.685	303.382
17.7259	306.612	303.324
17.7378	306.539	303.267
17.7498	306.467	303.21
17.7617	306.395	303.153
17.7736	306.323	303.097
17.7856	306.251	303.04
17.7975	306.18	302.984
17.8094	306.11	302.929
17.8214	306.039	302.873
17.8333	305.969	302.818
17.8452	305.899	302.763
17.8572	305.83	302.708
17.8691	305.761	302.654
17.8811	305.692	302.6
17.893	305.624	302.546
17.9049	305.555	302.492
17.9169	305.488	302.439
17.9288	305.42	302.386
17.9407	305.353	302.333
17.9527	305.286	302.28
17.9646	305.219	302.228
17.9766	305.153	302.176
17.9885	305.087	302.124
18.0004	305.021	302.072
18.0124	304.956	302.021
18.0243	304.891	301.97
18.0362	304.826	301.919
18.0482	304.762	301.869
18.0601	304.698	301.818
18.072	304.634	301.768
18.084	304.57	301.718
18.0959	304.507	301.669
18.1079	304.444	301.619
18.1198	304.381	301.57
18.1317	304.319	301.521
18.1437	304.257	301.473
18.1556	304.195	301.424
18.1675	304.133	301.376
18.1795	304.072	301.328
18.1914	304.011	301.28
18.2033	303.951	301.233
18.2153	303.89	301.186
18.2272	303.83	301.139
18.2392	303.77	301.092
18.2511	303.711	301.046
18.263	303.652	300.999
18.275	303.593	300.953
18.2869	303.534	300.907
18.2988	303.476	300.862
18.3108	303.418	300.816
18.3227	303.36	300.771
18.3346	303.302	300.726
18.3466	303.245	300.682
18.3585	303.188	300.637
18.3705	303.131	300.593
18.3824	303.075	300.549
18.3943	303.019	300.505
18.4063	302.963	300.461
18.4182	302.907	300.418
18.4301	302.852	300.375
18.4421	302.797	300.332
18.454	302.742	300.289
18.466	302.687	300.247
18.4779	302.633	300.204
18.4898	302.579	300.162
18.5018	302.525	300.121
18.5137	302.471	300.079
18.5256	302.418	300.037
18.5376	302.365	299.996
18.5495	302.312	299.955
18.5614	302.26	299.914
18.5734	302.208	299.874
18.5853	302.156	299.833
18.5973	302.104	299.793
18.6092	302.052	299.753
18.6211	302.001	299.713
18.6331	301.95	299.674
18.645	301.899	299.634
18.6569	301.849	299.595
18.6689	301.799	299.556
18.6808	301.749	299.517
18.6927	301.699	299.479
18.7047	301.649	299.44
18.7166	301.6	299.402
18.7286	301.551	299.364
18.7405	301.502	299.326
18.7524	301.454	299.289
18.7644	301.405	299.251
18.7763	301.357	299.214
18.7882	301.309	299.177
18.8002	301.262	299.14
18.8121	301.214	299.104
18.8241	301.167	299.067
18.836	301.12	299.031
18.8479	301.074	298.995
18.8599	301.027	298.959
18.8718	300.981	298.923
18.8837	300.935	298.888
18.8957	300.889	298.852
18.9076	300.844	298.817
18.9195	300.799	298.782
18.9315	300.754	298.748
18.9434	300.709	298.713
18.9554	300.664	298.678
18.9673	300.62	298.644
18.9792	300.576	298.61
18.9912	300.532	298.576
19.0031	300.488	298.543
19.015	300.444	298.509
19.027	300.401	298.476
19.0389	300.358	298.442
19.0508	300.315	298.409
19.0628	300.272	298.377
19.0747	300.23	298.344
19.0867	300.188	298.311
19.0986	300.146	298.279
19.1105	300.104	298.247
19.1225	300.062	298.215
19.1344	300.021	298.183
19.1463	299.98	298.152
19.1583	299.939	298.12
19.1702	299.898	298.089
19.1821	299.858	298.058
19.1941	299.817	298.027
19.206	299.777	297.996
19.218	299.737	297.965
19.2299	299.698	297.935
19.2418	299.658	297.904
19.2538	299.619	297.874
19.2657	299.58	297.844
19.2776	299.541	297.814
19.2896	299.502	297.785
19.3015	299.463	297.755
19.3135	299.425	297.726
19.3254	299.387	297.697
19.3373	299.349	297.668
19.3493	299.311	297.639
19.3612	299.274	297.61
19.3731	299.237	297.581
19.3851	299.199	297.553
19.397	299.162	297.525
19.4089	299.126	297.497
19.4209	299.089	297.469
19.4328	299.053	297.441
19.4448	299.016	297.413
19.4567	298.98	297.386
19.4686	298.945	297.358
19.4806	298.909	297.331
19.4925	298.874	297.304
19.5044	298.838	297.277
19.5164	298.803	297.25
19.5283	298.768	297.223
19.5402	298.734	297.197
19.5522	298.699	297.171
19.5641	298.665	297.144
19.5761	298.63	297.118
19.588	298.596	297.092
19.5999	298.563	297.067
19.6119	298.529	297.041
19.6238	298.496	297.016
19.6357	298.462	296.99
19.6477	298.429	296.965
19.6596	298.396	296.94
19.6716	298.363	296.915
19.6835	298.331	296.89
19.6954	298.298	296.866
19.7074	298.266	296.841
19.7193	298.234	296.817
19.7312	298.202	296.792
19.7432	298.17	296.768
19.7551	298.139	296.744
19.767	298.107	296.72
19.779	298.076	296.697
19.7909	298.045	296.673
19.8029	298.014	296.65
19.8148	297.983	296.626
19.8267	297.953	296.603
19.8387	297.922	296.58
19.8506	297.892	296.557
19.8625	297.862	296.534
19.8745	297.832	296.511
19.8864	297.802	296.489
19.8983	297.773	296.466
19.9103	297.743	296.444
19.9222	297.714	296.422
19.9342	297.685	296.4
19.9461	297.656	296.378
19.958	297.627	296.356
19.97	297.598	296.334
19.9819	297.57	296.313
19.9938	297.541	296.291
20.0058	297.513	296.27
20.0177	297.485	296.249
20.0296	297.457	296.228
20.0416	297.429	296.207
20.0535	297.402	296.186
20.0655	297.374	296.165
20.0774	297.347	296.145
20.0893	297.32	296.124
20.1013	297.293	296.104
20.1132	297.266	296.083
20.1251	297.239	296.063
20.1371	297.213	296.043
20.149	297.186	296.023
20.161	297.16	296.004
20.1729	297.134	295.984
20.1848	297.108	295.964
20.1968	297.082	295.945
20.2087	297.056	295.925
20.2206	297.03	295.906
20.2326	297.005	295.887
20.2445	296.98	295.868
20.2564	296.955	295.849
20.2684	296.93	295.83
20.2803	296.905	295.812
20.2923	296.88	295.793
20.3042	296.855	295.774
20.3161	296.831	295.756
20.3281	296.806	295.738
20.34	296.782	295.72
20.3519	296.758	295.702
20.3639	296.734	295.684
20.3758	296.71	295.666
20.3877	296.687	295.648
20.3997	296.663	295.63
20.4116	296.64	295.613
20.4236	296.616	295.595
20.4355	296.593	295.578
20.4474	296.57	295.561
20.4594	296.547	295.544
20.4713	296.525	295.527
20.4832	296.502	295.51
20.4952	296.479	295.493
20.5071	296.457	295.476
20.5191	296.435	295.459
20.531	296.413	295.443
20.5429	296.391	295.426
20.5549	296.369	295.41
20.5668	296.347	295.394
20.5787	296.325	295.378
20.5907	296.304	295.362
20.6026	296.282	295.346
20.6145	296.261	295.33
20.6265	296.24	295.314
20.6384	296.219	295.298
20.6504	296.198	295.283
20.6623	296.177	295.267
20.6742	296.156	295.252
20.6862	296.136	295.236
20.6981	296.115	295.221
20.71	296.095	295.206
20.722	296.075	295.191
20.7339	296.055	295.176
20.7458	296.035	295.161
20.7578	296.015	295.146
20.7697	295.995	295.132
20.7817	295.975	295.117
20.7936	295.956	295.102
20.8055	295.936	295.088
20.8175	295.917	295.074
20.8294	295.898	295.059
20.8413	295.879	295.045
20.8533	295.86	295.031
20.8652	295.841	295.017
20.8771	295.822	295.003
20.8891	295.804	294.989
20.901	295.785	294.976
20.913	295.767	294.962
20.9249	295.748	294.948
20.9368	295.73	294.935
20.9488	295.712	294.921
20.9607	295.694	294.908
20.9726	295.676	294.895
20.9846	295.658	294.882
20.9965	295.64	294.868
21.0085	295.623	294.855
21.0204	295.605	294.842
21.0323	295.588	294.83
21.0443	295.571	294.817
21.0562	295.553	294.804
21.0681	295.536	294.791
21.0801	295.519	294.779
21.092	295.502	294.766
21.1039	295.485	294.754
21.1159	295.469	294.742
21.1278	295.452	294.729
21.1398	295.436	294.717
21.1517	295.419	294.705
21.1636	295.403	294.693
21.1756	295.387	294.681
21.1875	295.371	294.669
21.1994	295.355	294.657
21.2114	295.339	294.646
21.2233	295.323	294.634
21.2352	295.307	294.622
21.2472	295.291	294.611
21.2591	295.276	294.6
21.2711	295.26	294.588
21.283	295.245	294.577
21.2949	295.23	294.566
21.3069	295.214	294.554
21.3188	295.199	294.543
21.3307	295.184	294.532
21.3427	295.169	294.521
21.3546	295.154	294.51
21.3666	295.14	294.5
21.3785	295.125	294.489
21.3904	295.11	294.478
21.4024	295.096	294.468
21.4143	295.082	294.457
21.4262	295.067	294.447
21.4382	295.053	294.436
21.4501	295.039	294.426
21.462	295.025	294.416
21.474	295.011	294.405
21.4859	294.997	294.395
21.4979	294.983	294.385
21.5098	294.969	294.375
21.5217	294.956	294.365
21.5337	294.942	294.355
21.5456	294.929	294.345
21.5575	294.915	294.336
21.5695	294.902	294.326
21.5814	294.889	294.316
21.5933	294.876	294.307
21.6053	294.863	294.297
21.6172	294.85	294.288
21.6292	294.837	294.278
21.6411	294.824	294.269
21.653	294.811	294.259
21.665	294.798	294.25
21.6769	294.786	294.241
21.6888	294.773	294.232
21.7008	294.761	294.223
21.7127	294.748	294.214
21.7246	294.736	294.205
21.7366	294.724	294.196
21.7485	294.712	294.187
21.7605	294.7	294.178
21.7724	294.688	294.17
21.7843	294.676	294.161
21.7963	294.664	294.153
21.8082	294.652	294.144
21.8201	294.64	294.135
21.8321	294.629	294.127
21.844	294.617	294.119
21.856	294.606	294.11
21.8679	294.594	294.102
21.8798	294.583	294.094
21.8918	294.572	294.086
21.9037	294.561	294.078
21.9156	294.549	294.07
21.9276	294.538	294.062
21.9395	294.527	294.054
21.9514	294.516	294.046
21.9634	294.506	294.038
21.9753	294.495	294.03
21.9873	294.484	294.022
21.9992	294.473	294.015
22.0111	294.463	294.007
22.0231	294.452	293.999
22.035	294.442	293.992
22.0469	294.431	293.984
22.0589	294.421	293.977
22.0708	294.411	293.97
22.0827	294.401	293.962
22.0947	294.39	293.955
22.1066	294.38	293.948
22.1186	294.37	293.94
22.1305	294.36	293.933
22.1424	294.351	293.926
22.1544	294.341	293.919
22.1663	294.331	293.912
22.1782	294.321	293.905
22.1902	294.312	293.898
22.2021	294.302	293.891
22.2141	294.293	293.885
22.226	294.283	293.878
22.2379	294.274	293.871
22.2499	294.264	293.864
22.2618	294.255	293.858
22.2737	294.246	293.851
22.2857	294.237	293.845
22.2976	294.228	293.838
22.3095	294.219	293.832
22.3215	294.21	293.825
22.3334	294.201	293.819
22.3454	294.192	293.812
22.3573	294.183	293.806
22.3692	294.174	293.8
22.3812	294.166	293.794
22.3931	294.157	293.788
22.405	294.148	293.781
22.417	294.14	293.775
22.4289	294.131	293.769
22.4408	294.123	293.763
22.4528	294.115	293.757
22.4647	294.106	293.751
22.4767	294.098	293.746
22.4886	294.09	293.74
22.5005	294.082	293.734
22.5125	294.074	293.728
22.5244	294.066	293.722
22.5363	294.058	293.717
22.5483	294.05	293.711
22.5602	294.042	293.706
22.5721	294.034	293.7
22.5841	294.026	293.694
22.596	294.019	293.689
22.608	294.011	293.683
22.6199	294.003	293.678
22.6318	293.996	293.673
22.6438	293.988	293.667
22.6557	293.981	293.662
22.6676	293.973	293.657
22.6796	293.966	293.652
22.6915	293.959	293.646
22.7035	293.951	293.641
22.7154	293.944	293.636
22.7273	293.937	293.631
22.7393	293.93	293.626
22.7512	293.923	293.621
22.7631	293.916	293.616
22.7751	293.909	293.611
22.787	293.902	293.606
22.7989	293.895	293.601
22.8109	293.888	293.597
22.8228	293.881	293.592
22.8348	293.874	293.587
22.8467	293.868	293.582
22.8586	293.861	293.578
22.8706	293.854	293.573
22.8825	293.848	293.568
22.8944	293.841	293.564
22.9064	293.835	293.559
22.9183	293.828	293.555
22.9302	293.822	293.55
22.9422	293.816	293.546
22.9541	293.809	293.541
22.9661	293.803	293.537
22.978	293.797	293.532
22.9899	293.791	293.528
23.0019	293.784	293.524
23.0138	293.778	293.519
23.0257	293.772	293.515
23.0377	293.766	293.511
23.0496	293.76	293.507
23.0616	293.754	293.503
23.0735	293.748	293.498
23.0854	293.743	293.494
23.0974	293.737	293.49
23.1093	293.731	293.486
23.1212	293.725	293.482
23.1332	293.72	293.478
23.1451	293.714	293.474
23.157	293.708	293.47
23.169	293.703	293.466
23.1809	293.697	293.463
23.1929	293.692	293.459
23.2048	293.686	293.455
23.2167	293.681	293.451
23.2287	293.675	293.447
23.2406	293.67	293.444
23.2525	293.665	293.44
23.2645	293.659	293.436
23.2764	293.654	293.433
23.2883	293.649	293.429
23.3003	293.644	293.425
23.3122	293.639	293.422
23.3242	293.633	293.418
23.3361	293.628	293.415
23.348	293.623	293.411
23.36	293.618	293.408
23.3719	293.613	293.404
23.3838	293.609	293.401
23.3958	293.604	293.398
23.4077	293.599	293.394
23.4196	293.594	293.391
23.4316	293.589	293.388
23.4435	293.584	293.384
23.4555	293.58	293.381
23.4674	293.575	293.378
23.4793	293.57	293.375
23.4913	293.566	293.371
23.5032	293.561	293.368
23.5151	293.557	293.365
23.5271	293.552	293.362
23.539	293.548	293.359
23.551	293.543	293.356
23.5629	293.539	293.353
23.5748	293.534	293.35
23.5868	293.53	293.347
23.5987	293.526	293.344
23.6106	293.521	293.341
23.6226	293.517	293.338
23.6345	293.513	293.335
23.6464	293.509	293.332
23.6584	293.504	293.329
23.6703	293.5	293.326
23.6823	293.496	293.324
23.6942	293.492	293.321
23.7061	293.488	293.318
23.7181	293.484	293.315
23.73	293.48	293.312
23.7419	293.476	293.31
23.7539	293.472	293.307
23.7658	293.468	293.304
23.7777	293.464	293.302
23.7897	293.46	293.299
23.8016	293.457	293.297
23.8136	293.453	293.294
23.8255	293.449	293.292
23.8374	293.445	293.289
23.8494	293.442	293.287
23.8613	293.438	293.286
23.8732	293.436	293.285
