0	873	873
0.0119366	873	873
0.0238732	873	873
0.0358099	873	873
0.0477465	873	873
0.0596831	873	873
0.0716197	873	873
0.0835563	873	873
0.095493	873	873
0.10743	873	873
0.119366	873	873
0.131303	873	873
0.143239	873	873
0.155176	873	873
0.167113	873	873
0.179049	873	873
0.190986	873	873
0.202923	873	873
0.214859	873	873
0.226796	873	873
0.238732	873	873
0.250669	873	873
0.262606	873	873
0.274542	873	873
0.286479	873	873
0.298416	873	873
0.310352	873	873
0.322289	873	873
0.334225	873	873
0.346162	873	873
0.358099	873	873
0.370035	873	873
0.381972	873	873
0.393908	873	873
0.405845	873	873
0.417782	873	873
0.429718	873	873
0.441655	873	873
0.453592	873	873
0.465528	873	873
0.477465	873	873
0.489401	873	873
0.501338	873	873
0.513275	873	873
0.525211	873	873
0.537148	873	873
0.549085	873	873
0.561021	873	873
0.572958	873	873
0.584894	873	873
0.596831	873	873
0.608768	873	873
0.620704	873	873
0.632641	873	873
0.644578	873	873
0.656514	873	873
0.668451	873	873
0.680387	873	873
0.692324	873	873
0.704261	873	873
0.716197	873	873
0.728134	873	873
0.74007	873	873
0.752007	873	873
0.763944	873	873
0.77588	873	873
0.787817	873	873
0.799754	873	873
0.81169	873	873
0.823627	873	873
0.835563	873	873
0.8475	872.999	872.999
0.859437	872.999	872.999
0.871373	872.999	872.999
0.88331	872.999	872.999
0.895247	872.999	872.999
0.907183	872.999	872.999
0.91912	872.999	872.999
0.931056	872.999	872.999
0.942993	872.999	872.999
0.95493	872.999	872.999
0.966866	872.999	872.999
0.978803	872.999	872.999
0.99074	872.999	872.999
1.00268	872.999	872.999
1.01461	872.999	872.999
1.02655	872.999	872.999
1.03849	872.999	872.999
1.05042	872.999	872.999
1.06236	872.999	872.999
1.0743	872.999	872.999
1.08623	872.999	872.999
1.09817	872.999	872.999
1.11011	872.999	872.999
1.12204	872.999	872.999
1.13398	872.999	872.999
1.14592	872.999	872.999
1.15785	872.998	872.998
1.16979	872.998	872.998
1.18173	872.998	872.998
1.19366	872.998	872.998
1.2056	872.998	872.998
1.21754	872.998	872.998
1.22947	872.998	872.998
1.24141	872.998	872.998
1.25335	872.998	872.998
1.26528	872.998	872.998
1.27722	872.998	872.998
1.28916	872.998	872.998
1.30109	872.998	872.998
1.31303	872.998	872.998
1.32496	872.997	872.997
1.3369	872.997	872.997
1.34884	872.997	872.997
1.36077	872.997	872.997
1.37271	872.997	872.997
1.38465	872.997	872.997
1.39658	872.997	872.997
1.40852	872.997	872.997
1.42046	872.997	872.997
1.43239	872.997	872.997
1.44433	872.996	872.996
1.45627	872.996	872.996
1.4682	872.996	872.996
1.48014	872.996	872.996
1.49208	872.996	872.996
1.50401	872.996	872.996
1.51595	872.996	872.996
1.52789	872.995	872.995
1.53982	872.995	872.995
1.55176	872.995	872.995
1.5637	872.995	872.995
1.57563	872.995	872.995
1.58757	872.995	872.995
1.59951	872.994	872.994
1.61144	872.994	872.994
1.62338	872.994	872.994
1.63532	872.994	872.994
1.64725	872.994	872.994
1.65919	872.994	872.994
1.67113	872.993	872.993
1.68306	872.993	872.993
1.695	872.993	872.993
1.70694	872.993	872.993
1.71887	872.992	872.992
1.73081	872.992	872.992
1.74275	872.992	872.992
1.75468	872.992	872.992
1.76662	872.991	872.991
1.77856	872.991	872.991
1.79049	872.991	872.991
1.80243	872.991	872.991
1.81437	872.99	872.99
1.8263	872.99	872.99
1.83824	872.99	872.99
1.85018	872.99	872.99
1.86211	872.989	872.989
1.87405	872.989	872.989
1.88599	872.989	872.989
1.89792	872.988	872.988
1.90986	872.988	872.988
1.9218	872.988	872.988
1.93373	872.987	872.987
1.94567	872.987	872.987
1.95761	872.986	872.986
1.96954	872.986	872.986
1.98148	872.986	872.986
1.99342	872.985	872.985
2.00535	872.985	872.985
2.01729	872.984	872.984
2.02923	872.984	872.984
2.04116	872.984	872.984
2.0531	872.983	872.983
2.06504	872.983	872.983
2.07697	872.982	872.982
2.08891	872.982	872.982
2.10085	872.981	872.981
2.11278	872.981	872.981
2.12472	872.98	872.98
2.13666	872.98	872.98
2.14859	872.979	872.979
2.16053	872.978	872.978
2.17246	872.978	872.978
2.1844	872.977	872.977
2.19634	872.977	872.977
2.20827	872.976	872.976
2.22021	872.975	872.975
2.23215	872.975	872.975
2.24408	872.974	872.974
2.25602	872.974	872.974
2.26796	872.973	872.973
2.27989	872.972	872.972
2.29183	872.971	872.971
2.30377	872.971	872.971
2.3157	872.97	872.97
2.32764	872.969	872.969
2.33958	872.968	872.968
2.35151	872.968	872.968
2.36345	872.967	872.967
2.37539	872.966	872.966
2.38732	872.965	872.965
2.39926	872.964	872.964
2.4112	872.963	872.963
2.42313	872.962	872.962
2.43507	872.962	872.961
2.44701	872.961	872.961
2.45894	872.96	872.96
2.47088	872.959	872.959
2.48282	872.958	872.958
2.49475	872.957	872.957
2.50669	872.956	872.956
2.51863	872.954	872.954
2.53056	872.953	872.953
2.5425	872.952	872.952
2.55444	872.951	872.951
2.56637	872.95	872.95
2.57831	872.949	872.949
2.59025	872.948	872.948
2.60218	872.946	872.946
2.61412	872.945	872.945
2.62606	872.944	872.944
2.63799	872.942	872.942
2.64993	872.941	872.941
2.66187	872.94	872.94
2.6738	872.938	872.938
2.68574	872.937	872.937
2.69768	872.936	872.935
2.70961	872.934	872.934
2.72155	872.933	872.933
2.73349	872.931	872.931
2.74542	872.929	872.929
2.75736	872.928	872.928
2.7693	872.926	872.926
2.78123	872.925	872.925
2.79317	872.923	872.923
2.80511	872.921	872.921
2.81704	872.919	872.919
2.82898	872.918	872.918
2.84092	872.916	872.916
2.85285	872.914	872.914
2.86479	872.912	872.912
2.87673	872.91	872.91
2.88866	872.908	872.908
2.9006	872.906	872.906
2.91254	872.904	872.904
2.92447	872.902	872.902
2.93641	872.9	872.9
2.94835	872.898	872.898
2.96028	872.896	872.896
2.97222	872.893	872.893
2.98416	872.891	872.891
2.99609	872.889	872.889
3.00803	872.887	872.887
3.01997	872.884	872.884
3.0319	872.882	872.882
3.04384	872.879	872.879
3.05577	872.877	872.877
3.06771	872.874	872.874
3.07965	872.872	872.872
3.09158	872.869	872.869
3.10352	872.866	872.866
3.11546	872.863	872.863
3.12739	872.861	872.861
3.13933	872.858	872.858
3.15127	872.855	872.855
3.1632	872.852	872.852
3.17514	872.849	872.849
3.18708	872.846	872.846
3.19901	872.843	872.843
3.21095	872.84	872.84
3.22289	872.836	872.836
3.23482	872.833	872.833
3.24676	872.83	872.83
3.2587	872.826	872.826
3.27063	872.823	872.823
3.28257	872.82	872.819
3.29451	872.816	872.816
3.30644	872.812	872.812
3.31838	872.809	872.809
3.33032	872.805	872.805
3.34225	872.801	872.801
3.35419	872.797	872.797
3.36613	872.793	872.793
3.37806	872.789	872.789
3.39	872.785	872.785
3.40194	872.781	872.781
3.41387	872.777	872.777
3.42581	872.773	872.773
3.43775	872.768	872.768
3.44968	872.764	872.764
3.46162	872.76	872.76
3.47356	872.755	872.755
3.48549	872.75	872.75
3.49743	872.746	872.746
3.50937	872.741	872.741
3.5213	872.736	872.736
3.53324	872.731	872.731
3.54518	872.726	872.726
3.55711	872.721	872.721
3.56905	872.716	872.716
3.58099	872.711	872.711
3.59292	872.706	872.705
3.60486	872.7	872.7
3.6168	872.695	872.695
3.62873	872.689	872.689
3.64067	872.684	872.683
3.65261	872.678	872.678
3.66454	872.672	872.672
3.67648	872.666	872.666
3.68842	872.66	872.66
3.70035	872.654	872.654
3.71229	872.648	872.648
3.72423	872.642	872.641
3.73616	872.635	872.635
3.7481	872.629	872.629
3.76004	872.622	872.622
3.77197	872.616	872.615
3.78391	872.609	872.609
3.79585	872.602	872.602
3.80778	872.595	872.595
3.81972	872.588	872.588
3.83166	872.581	872.581
3.84359	872.574	872.573
3.85553	872.566	872.566
3.86747	872.559	872.559
3.8794	872.551	872.551
3.89134	872.543	872.543
3.90327	872.536	872.535
3.91521	872.528	872.528
3.92715	872.52	872.52
3.93908	872.512	872.511
3.95102	872.503	872.503
3.96296	872.495	872.495
3.97489	872.486	872.486
3.98683	872.478	872.478
3.99877	872.469	872.469
4.0107	872.46	872.46
4.02264	872.451	872.451
4.03458	872.442	872.442
4.04651	872.433	872.433
4.05845	872.424	872.423
4.07039	872.414	872.414
4.08232	872.404	872.404
4.09426	872.395	872.394
4.1062	872.385	872.385
4.11813	872.375	872.375
4.13007	872.365	872.364
4.14201	872.354	872.354
4.15394	872.344	872.344
4.16588	872.333	872.333
4.17782	872.323	872.322
4.18975	872.312	872.311
4.20169	872.301	872.3
4.21363	872.29	872.289
4.22556	872.278	872.278
4.2375	872.267	872.266
4.24944	872.255	872.255
4.26137	872.243	872.243
4.27331	872.231	872.231
4.28525	872.219	872.219
4.29718	872.207	872.207
4.30912	872.195	872.194
4.32106	872.182	872.182
4.33299	872.169	872.169
4.34493	872.157	872.156
4.35687	872.144	872.143
4.3688	872.13	872.13
4.38074	872.117	872.117
4.39268	872.103	872.103
4.40461	872.09	872.089
4.41655	872.076	872.075
4.42849	872.062	872.061
4.44042	872.047	872.047
4.45236	872.033	872.033
4.4643	872.018	872.018
4.47623	872.004	872.003
4.48817	871.989	871.988
4.50011	871.973	871.973
4.51204	871.958	871.958
4.52398	871.942	871.942
4.53592	871.927	871.926
4.54785	871.911	871.91
4.55979	871.895	871.894
4.57173	871.878	871.878
4.58366	871.862	871.861
4.5956	871.845	871.845
4.60754	871.828	871.828
4.61947	871.811	871.81
4.63141	871.794	871.793
4.64335	871.776	871.775
4.65528	871.758	871.758
4.66722	871.74	871.74
4.67916	871.722	871.722
4.69109	871.704	871.703
4.70303	871.685	871.684
4.71497	871.666	871.666
4.7269	871.647	871.646
4.73884	871.628	871.627
4.75078	871.608	871.608
4.76271	871.588	871.588
4.77465	871.568	871.568
4.78658	871.548	871.548
4.79852	871.528	871.527
4.81046	871.507	871.506
4.82239	871.486	871.486
4.83433	871.465	871.464
4.84627	871.444	871.443
4.8582	871.422	871.421
4.87014	871.4	871.399
4.88208	871.378	871.377
4.89401	871.355	871.355
4.90595	871.333	871.332
4.91789	871.31	871.309
4.92982	871.287	871.286
4.94176	871.263	871.263
4.9537	871.24	871.239
4.96563	871.216	871.215
4.97757	871.191	871.191
4.98951	871.167	871.166
5.00144	871.142	871.141
5.01338	871.117	871.116
5.02532	871.092	871.091
5.03725	871.066	871.065
5.04919	871.04	871.04
5.06113	871.014	871.013
5.07306	870.988	870.987
5.085	870.961	870.96
5.09694	870.934	870.933
5.10887	870.907	870.906
5.12081	870.879	870.878
5.13275	870.851	870.85
5.14468	870.823	870.822
5.15662	870.795	870.794
5.16856	870.766	870.765
5.18049	870.737	870.736
5.19243	870.707	870.706
5.20437	870.678	870.677
5.2163	870.648	870.647
5.22824	870.617	870.616
5.24018	870.587	870.586
5.25211	870.556	870.555
5.26405	870.524	870.523
5.27599	870.493	870.492
5.28792	870.461	870.46
5.29986	870.428	870.428
5.3118	870.396	870.395
5.32373	870.363	870.362
5.33567	870.33	870.329
5.34761	870.296	870.295
5.35954	870.262	870.261
5.37148	870.228	870.227
5.38342	870.193	870.192
5.39535	870.158	870.157
5.40729	870.123	870.122
5.41923	870.087	870.086
5.43116	870.051	870.05
5.4431	870.015	870.014
5.45504	869.978	869.977
5.46697	869.941	869.94
5.47891	869.903	869.902
5.49085	869.866	869.865
5.50278	869.827	869.826
5.51472	869.789	869.788
5.52666	869.75	869.749
5.53859	869.711	869.709
5.55053	869.671	869.67
5.56247	869.631	869.63
5.5744	869.59	869.589
5.58634	869.549	869.548
5.59828	869.508	869.507
5.61021	869.466	869.465
5.62215	869.424	869.423
5.63408	869.382	869.381
5.64602	869.339	869.338
5.65796	869.296	869.295
5.66989	869.252	869.251
5.68183	869.208	869.207
5.69377	869.164	869.162
5.7057	869.119	869.117
5.71764	869.073	869.072
5.72958	869.028	869.026
5.74151	868.982	868.98
5.75345	868.935	868.934
5.76539	868.888	868.887
5.77732	868.841	868.839
5.78926	868.793	868.791
5.8012	868.744	868.743
5.81313	868.696	868.694
5.82507	868.647	868.645
5.83701	868.597	868.595
5.84894	868.547	868.545
5.86088	868.496	868.495
5.87282	868.446	868.444
5.88475	868.394	868.393
5.89669	868.342	868.341
5.90863	868.29	868.288
5.92056	868.237	868.236
5.9325	868.184	868.182
5.94444	868.13	868.129
5.95637	868.076	868.074
5.96831	868.021	868.02
5.98025	867.966	867.965
5.99218	867.911	867.909
6.00412	867.855	867.853
6.01606	867.798	867.796
6.02799	867.741	867.739
6.03993	867.683	867.682
6.05187	867.625	867.624
6.0638	867.567	867.565
6.07574	867.508	867.506
6.08768	867.448	867.447
6.09961	867.388	867.387
6.11155	867.328	867.326
6.12349	867.267	867.265
6.13542	867.205	867.204
6.14736	867.143	867.141
6.1593	867.081	867.079
6.17123	867.018	867.016
6.18317	866.954	866.952
6.19511	866.89	866.888
6.20704	866.825	866.823
6.21898	866.76	866.758
6.23092	866.695	866.693
6.24285	866.628	866.626
6.25479	866.562	866.56
6.26673	866.494	866.492
6.27866	866.427	866.424
6.2906	866.358	866.356
6.30254	866.289	866.287
6.31447	866.22	866.218
6.32641	866.15	866.148
6.33835	866.079	866.077
6.35028	866.008	866.006
6.36222	865.936	865.934
6.37416	865.864	865.862
6.38609	865.791	865.789
6.39803	865.718	865.716
6.40997	865.644	865.642
6.4219	865.569	865.567
6.43384	865.494	865.492
6.44578	865.419	865.416
6.45771	865.342	865.34
6.46965	865.265	865.263
6.48159	865.188	865.186
6.49352	865.11	865.108
6.50546	865.031	865.029
6.51739	864.952	864.95
6.52933	864.872	864.87
6.54127	864.792	864.79
6.5532	864.711	864.708
6.56514	864.629	864.627
6.57708	864.547	864.545
6.58901	864.464	864.462
6.60095	864.381	864.378
6.61289	864.297	864.294
6.62482	864.212	864.21
6.63676	864.127	864.124
6.6487	864.041	864.038
6.66063	863.955	863.952
6.67257	863.867	863.865
6.68451	863.78	863.777
6.69644	863.691	863.688
6.70838	863.602	863.599
6.72032	863.513	863.51
6.73225	863.422	863.419
6.74419	863.331	863.328
6.75613	863.24	863.237
6.76806	863.147	863.144
6.78	863.054	863.052
6.79194	862.961	862.958
6.80387	862.867	862.864
6.81581	862.772	862.769
6.82775	862.676	862.673
6.83968	862.58	862.577
6.85162	862.483	862.48
6.86356	862.386	862.383
6.87549	862.288	862.284
6.88743	862.189	862.186
6.89937	862.089	862.086
6.9113	861.989	861.986
6.92324	861.888	861.885
6.93518	861.787	861.783
6.94711	861.684	861.681
6.95905	861.581	861.578
6.97099	861.478	861.474
6.98292	861.373	861.37
6.99486	861.268	861.265
7.0068	861.163	861.159
7.01873	861.056	861.053
7.03067	860.949	860.946
7.04261	860.842	860.838
7.05454	860.733	860.73
7.06648	860.624	860.62
7.07842	860.514	860.51
7.09035	860.403	860.4
7.10229	860.292	860.288
7.11423	860.18	860.176
7.12616	860.067	860.064
7.1381	859.954	859.95
7.15004	859.84	859.836
7.16197	859.725	859.721
7.17391	859.609	859.605
7.18585	859.493	859.489
7.19778	859.376	859.372
7.20972	859.258	859.254
7.22166	859.139	859.135
7.23359	859.02	859.016
7.24553	858.9	858.896
7.25747	858.779	858.775
7.2694	858.657	858.654
7.28134	858.535	858.531
7.29328	858.412	858.408
7.30521	858.288	858.284
7.31715	858.164	858.16
7.32909	858.039	858.035
7.34102	857.913	857.909
7.35296	857.786	857.782
7.36489	857.658	857.654
7.37683	857.53	857.526
7.38877	857.401	857.397
7.4007	857.271	857.267
7.41264	857.141	857.136
7.42458	857.009	857.005
7.43651	856.877	856.873
7.44845	856.744	856.74
7.46039	856.611	856.606
7.47232	856.476	856.472
7.48426	856.341	856.337
7.4962	856.205	856.201
7.50813	856.068	856.064
7.52007	855.931	855.926
7.53201	855.793	855.788
7.54394	855.654	855.649
7.55588	855.514	855.509
7.56782	855.373	855.368
7.57975	855.232	855.227
7.59169	855.089	855.085
7.60363	854.946	854.942
7.61556	854.802	854.798
7.6275	854.658	854.653
7.63944	854.512	854.508
7.65137	854.366	854.361
7.66331	854.219	854.214
7.67525	854.071	854.066
7.68718	853.923	853.918
7.69912	853.773	853.768
7.71106	853.623	853.618
7.72299	853.472	853.467
7.73493	853.32	853.315
7.74687	853.168	853.162
7.7588	853.014	853.009
7.77074	852.86	852.855
7.78268	852.705	852.7
7.79461	852.549	852.544
7.80655	852.392	852.387
7.81849	852.235	852.229
7.83042	852.076	852.071
7.84236	851.917	851.912
7.8543	851.757	851.752
7.86623	851.596	851.591
7.87817	851.435	851.429
7.89011	851.272	851.267
7.90204	851.109	851.103
7.91398	850.945	850.939
7.92592	850.78	850.774
7.93785	850.614	850.608
7.94979	850.447	850.442
7.96173	850.28	850.274
7.97366	850.112	850.106
7.9856	849.943	849.937
7.99754	849.773	849.767
8.00947	849.602	849.596
8.02141	849.43	849.425
8.03335	849.258	849.252
8.04528	849.085	849.079
8.05722	848.911	848.905
8.06916	848.736	848.73
8.08109	848.56	848.554
8.09303	848.383	848.377
8.10497	848.206	848.2
8.1169	848.027	848.021
8.12884	847.848	847.842
8.14078	847.668	847.662
8.15271	847.487	847.481
8.16465	847.306	847.3
8.17659	847.123	847.117
8.18852	846.94	846.934
8.20046	846.756	846.749
8.2124	846.571	846.564
8.22433	846.385	846.378
8.23627	846.198	846.192
8.2482	846.01	846.004
8.26014	845.822	845.815
8.27208	845.632	845.626
8.28401	845.442	845.436
8.29595	845.251	845.245
8.30789	845.059	845.053
8.31982	844.867	844.86
8.33176	844.673	844.667
8.3437	844.479	844.472
8.35563	844.283	844.277
8.36757	844.087	844.081
8.37951	843.89	843.884
8.39144	843.692	843.686
8.40338	843.494	843.487
8.41532	843.294	843.287
8.42725	843.094	843.087
8.43919	842.893	842.886
8.45113	842.691	842.684
8.46306	842.488	842.481
8.475	842.284	842.277
8.48694	842.079	842.072
8.49887	841.874	841.867
8.51081	841.667	841.66
8.52275	841.46	841.453
8.53468	841.252	841.245
8.54662	841.043	841.036
8.55856	840.833	840.826
8.57049	840.623	840.615
8.58243	840.411	840.404
8.59437	840.199	840.191
8.6063	839.985	839.978
8.61824	839.771	839.764
8.63018	839.556	839.549
8.64211	839.341	839.333
8.65405	839.124	839.117
8.66599	838.907	838.899
8.67792	838.688	838.681
8.68986	838.469	838.462
8.7018	838.249	838.242
8.71373	838.028	838.021
8.72567	837.806	837.799
8.73761	837.584	837.576
8.74954	837.36	837.353
8.76148	837.136	837.128
8.77342	836.911	836.903
8.78535	836.685	836.677
8.79729	836.458	836.45
8.80923	836.231	836.223
8.82116	836.002	835.994
8.8331	835.773	835.765
8.84504	835.542	835.534
8.85697	835.311	835.303
8.86891	835.079	835.071
8.88085	834.847	834.839
8.89278	834.613	834.605
8.90472	834.379	834.37
8.91666	834.143	834.135
8.92859	833.907	833.899
8.94053	833.67	833.662
8.95247	833.432	833.424
8.9644	833.194	833.185
8.97634	832.954	832.946
8.98828	832.714	832.706
9.00021	832.473	832.464
9.01215	832.231	832.222
9.02409	831.988	831.98
9.03602	831.744	831.736
9.04796	831.5	831.491
9.0599	831.254	831.246
9.07183	831.008	831
9.08377	830.761	830.753
9.0957	830.514	830.505
9.10764	830.265	830.256
9.11958	830.015	830.007
9.13151	829.765	829.756
9.14345	829.514	829.505
9.15539	829.262	829.253
9.16732	829.009	829
9.17926	828.756	828.747
9.1912	828.501	828.492
9.20313	828.246	828.237
9.21507	827.99	827.981
9.22701	827.733	827.724
9.23894	827.475	827.466
9.25088	827.217	827.208
9.26282	826.958	826.949
9.27475	826.698	826.688
9.28669	826.437	826.427
9.29863	826.175	826.166
9.31056	825.912	825.903
9.3225	825.649	825.64
9.33444	825.385	825.376
9.34637	825.12	825.111
9.35831	824.854	824.845
9.37025	824.588	824.578
9.38218	824.32	824.311
9.39412	824.052	824.043
9.40606	823.783	823.774
9.41799	823.513	823.504
9.42993	823.243	823.233
9.44187	822.972	822.962
9.4538	822.699	822.69
9.46574	822.427	822.417
9.47768	822.153	822.143
9.48961	821.878	821.869
9.50155	821.603	821.594
9.51349	821.327	821.317
9.52542	821.05	821.041
9.53736	820.773	820.763
9.5493	820.494	820.485
9.56123	820.215	820.206
9.57317	819.935	819.926
9.58511	819.655	819.645
9.59704	819.373	819.363
9.60898	819.091	819.081
9.62092	818.808	818.798
9.63285	818.525	818.515
9.64479	818.24	818.23
9.65673	817.955	817.945
9.66866	817.669	817.659
9.6806	817.382	817.372
9.69254	817.095	817.084
9.70447	816.806	816.796
9.71641	816.517	816.507
9.72835	816.228	816.217
9.74028	815.937	815.927
9.75222	815.646	815.636
9.76416	815.354	815.344
9.77609	815.061	815.051
9.78803	814.768	814.757
9.79997	814.474	814.463
9.8119	814.179	814.168
9.82384	813.883	813.873
9.83578	813.587	813.576
9.84771	813.29	813.279
9.85965	812.992	812.981
9.87159	812.693	812.683
9.88352	812.394	812.384
9.89546	812.094	812.084
9.9074	811.794	811.783
9.91933	811.492	811.482
9.93127	811.19	811.179
9.94321	810.887	810.877
9.95514	810.584	810.573
9.96708	810.28	810.269
9.97901	809.975	809.964
9.99095	809.669	809.658
10.0029	809.363	809.352
10.0148	809.056	809.045
10.0268	808.748	808.737
10.0387	808.44	808.429
10.0506	808.131	808.12
10.0626	807.821	807.81
10.0745	807.511	807.5
10.0864	807.2	807.189
10.0984	806.888	806.877
10.1103	806.576	806.564
10.1223	806.263	806.251
10.1342	805.949	805.938
10.1461	805.634	805.623
10.1581	805.319	805.308
10.17	805.004	804.992
10.1819	804.687	804.676
10.1939	804.37	804.359
10.2058	804.052	804.041
10.2177	803.734	803.723
10.2297	803.415	803.404
10.2416	803.095	803.084
10.2536	802.775	802.764
10.2655	802.454	802.443
10.2774	802.133	802.121
10.2894	801.81	801.799
10.3013	801.488	801.476
10.3132	801.164	801.153
10.3252	800.84	800.828
10.3371	800.515	800.504
10.3491	800.19	800.178
10.361	799.864	799.852
10.3729	799.537	799.526
10.3849	799.21	799.199
10.3968	798.883	798.871
10.4087	798.554	798.542
10.4207	798.225	798.213
10.4326	797.896	797.884
10.4445	797.565	797.554
10.4565	797.235	797.223
10.4684	796.903	796.891
10.4804	796.571	796.559
10.4923	796.239	796.227
10.5042	795.906	795.894
10.5162	795.572	795.56
10.5281	795.238	795.226
10.54	794.903	794.891
10.552	794.567	794.555
10.5639	794.231	794.219
10.5758	793.895	793.883
10.5878	793.557	793.545
10.5997	793.22	793.208
10.6117	792.882	792.869
10.6236	792.543	792.53
10.6355	792.203	792.191
10.6475	791.863	791.851
10.6594	791.523	791.511
10.6713	791.182	791.17
10.6833	790.84	790.828
10.6952	790.498	790.486
10.7071	790.156	790.143
10.7191	789.812	789.8
10.731	789.469	789.456
10.743	789.124	789.112
10.7549	788.78	788.767
10.7668	788.434	788.422
10.7788	788.089	788.076
10.7907	787.742	787.73
10.8026	787.396	787.383
10.8146	787.048	787.036
10.8265	786.7	786.688
10.8385	786.352	786.339
10.8504	786.003	785.991
10.8623	785.654	785.641
10.8743	785.304	785.291
10.8862	784.954	784.941
10.8981	784.603	784.59
10.9101	784.252	784.239
10.922	783.9	783.887
10.9339	783.547	783.535
10.9459	783.195	783.182
10.9578	782.842	782.829
10.9698	782.488	782.475
10.9817	782.134	782.121
10.9936	781.779	781.766
11.0056	781.424	781.411
11.0175	781.068	781.056
11.0294	780.712	780.7
11.0414	780.356	780.343
11.0533	779.999	779.986
11.0652	779.642	779.629
11.0772	779.284	779.271
11.0891	778.926	778.913
11.1011	778.567	778.554
11.113	778.208	778.195
11.1249	777.848	777.835
11.1369	777.488	777.475
11.1488	777.128	777.115
11.1607	776.767	776.754
11.1727	776.406	776.393
11.1846	776.044	776.031
11.1966	775.682	775.669
11.2085	775.32	775.306
11.2204	774.957	774.943
11.2324	774.593	774.58
11.2443	774.23	774.216
11.2562	773.865	773.852
11.2682	773.501	773.488
11.2801	773.136	773.123
11.292	772.771	772.757
11.304	772.405	772.392
11.3159	772.039	772.026
11.3279	771.672	771.659
11.3398	771.306	771.292
11.3517	770.938	770.925
11.3637	770.571	770.557
11.3756	770.203	770.189
11.3875	769.834	769.821
11.3995	769.466	769.452
11.4114	769.097	769.083
11.4233	768.727	768.714
11.4353	768.357	768.344
11.4472	767.987	767.974
11.4592	767.617	767.603
11.4711	767.246	767.232
11.483	766.875	766.861
11.495	766.503	766.49
11.5069	766.131	766.118
11.5188	765.759	765.745
11.5308	765.386	765.373
11.5427	765.014	765
11.5546	764.64	764.627
11.5666	764.267	764.253
11.5785	763.893	763.879
11.5905	763.519	763.505
11.6024	763.144	763.131
11.6143	762.769	762.756
11.6263	762.394	762.381
11.6382	762.019	762.005
11.6501	761.643	761.629
11.6621	761.267	761.253
11.674	760.891	760.877
11.686	760.514	760.5
11.6979	760.137	760.123
11.7098	759.76	759.746
11.7218	759.382	759.368
11.7337	759.004	758.991
11.7456	758.626	758.612
11.7576	758.248	758.234
11.7695	757.869	757.855
11.7814	757.49	757.476
11.7934	757.111	757.097
11.8053	756.731	756.718
11.8173	756.352	756.338
11.8292	755.972	755.958
11.8411	755.591	755.577
11.8531	755.211	755.197
11.865	754.83	754.816
11.8769	754.449	754.435
11.8889	754.068	754.054
11.9008	753.686	753.672
11.9127	753.304	753.29
11.9247	752.922	752.908
11.9366	752.54	752.526
11.9486	752.157	752.143
11.9605	751.774	751.76
11.9724	751.391	751.377
11.9844	751.008	750.994
11.9963	750.625	750.611
12.0082	750.241	750.227
12.0202	749.857	749.843
12.0321	749.473	749.459
12.0441	749.088	749.074
12.056	748.704	748.69
12.0679	748.319	748.305
12.0799	747.934	747.92
12.0918	747.548	747.534
12.1037	747.163	747.149
12.1157	746.777	746.763
12.1276	746.391	746.377
12.1395	746.005	745.991
12.1515	745.619	745.605
12.1634	745.233	745.218
12.1754	744.846	744.832
12.1873	744.459	744.445
12.1992	744.072	744.058
12.2112	743.685	743.671
12.2231	743.297	743.283
12.235	742.91	742.896
12.247	742.522	742.508
12.2589	742.134	742.12
12.2708	741.746	741.732
12.2828	741.358	741.343
12.2947	740.969	740.955
12.3067	740.58	740.566
12.3186	740.192	740.177
12.3305	739.803	739.788
12.3425	739.413	739.399
12.3544	739.024	739.01
12.3663	738.635	738.62
12.3783	738.245	738.231
12.3902	737.855	737.841
12.4021	737.465	737.451
12.4141	737.075	737.061
12.426	736.685	736.671
12.438	736.295	736.28
12.4499	735.904	735.89
12.4618	735.513	735.499
12.4738	735.123	735.108
12.4857	734.732	734.717
12.4976	734.341	734.326
12.5096	733.949	733.935
12.5215	733.558	733.544
12.5335	733.167	733.152
12.5454	732.775	732.761
12.5573	732.383	732.369
12.5693	731.991	731.977
12.5812	731.6	731.585
12.5931	731.207	731.193
12.6051	730.815	730.801
12.617	730.423	730.409
12.6289	730.031	730.016
12.6409	729.638	729.624
12.6528	729.245	729.231
12.6648	728.853	728.838
12.6767	728.46	728.445
12.6886	728.067	728.052
12.7006	727.674	727.659
12.7125	727.281	727.266
12.7244	726.887	726.873
12.7364	726.494	726.479
12.7483	726.1	726.086
12.7602	725.707	725.692
12.7722	725.313	725.299
12.7841	724.92	724.905
12.7961	724.526	724.511
12.808	724.132	724.117
12.8199	723.738	723.723
12.8319	723.344	723.329
12.8438	722.95	722.935
12.8557	722.555	722.541
12.8677	722.161	722.147
12.8796	721.767	721.752
12.8916	721.372	721.358
12.9035	720.978	720.963
12.9154	720.583	720.569
12.9274	720.188	720.174
12.9393	719.794	719.779
12.9512	719.399	719.384
12.9632	719.004	718.99
12.9751	718.609	718.595
12.987	718.214	718.2
12.999	717.819	717.805
13.0109	717.424	717.409
13.0229	717.029	717.014
13.0348	716.634	716.619
13.0467	716.238	716.224
13.0587	715.843	715.828
13.0706	715.448	715.433
13.0825	715.052	715.038
13.0945	714.657	714.642
13.1064	714.261	714.247
13.1183	713.865	713.851
13.1303	713.47	713.455
13.1422	713.074	713.06
13.1542	712.678	712.664
13.1661	712.283	712.268
13.178	711.887	711.872
13.19	711.491	711.477
13.2019	711.095	711.081
13.2138	710.699	710.685
13.2258	710.303	710.289
13.2377	709.907	709.893
13.2496	709.511	709.497
13.2616	709.115	709.101
13.2735	708.719	708.705
13.2855	708.323	708.309
13.2974	707.927	707.913
13.3093	707.531	707.516
13.3213	707.135	707.12
13.3332	706.739	706.724
13.3451	706.342	706.328
13.3571	705.946	705.932
13.369	705.55	705.535
13.381	705.154	705.139
13.3929	704.757	704.743
13.4048	704.361	704.347
13.4168	703.965	703.95
13.4287	703.569	703.554
13.4406	703.172	703.158
13.4526	702.776	702.761
13.4645	702.379	702.365
13.4764	701.983	701.969
13.4884	701.587	701.572
13.5003	701.19	701.176
13.5123	700.794	700.779
13.5242	700.398	700.383
13.5361	700.001	699.987
13.5481	699.605	699.59
13.56	699.208	699.194
13.5719	698.812	698.797
13.5839	698.415	698.401
13.5958	698.019	698.004
13.6077	697.623	697.608
13.6197	697.226	697.212
13.6316	696.83	696.815
13.6436	696.433	696.419
13.6555	696.037	696.022
13.6674	695.641	695.626
13.6794	695.244	695.23
13.6913	694.848	694.833
13.7032	694.451	694.437
13.7152	694.055	694.04
13.7271	693.659	693.644
13.7391	693.262	693.248
13.751	692.866	692.851
13.7629	692.47	692.455
13.7749	692.073	692.059
13.7868	691.677	691.662
13.7987	691.281	691.266
13.8107	690.884	690.87
13.8226	690.488	690.473
13.8345	690.092	690.077
13.8465	689.695	689.681
13.8584	689.299	689.285
13.8704	688.903	688.888
13.8823	688.507	688.492
13.8942	688.111	688.096
13.9062	687.715	687.7
13.9181	687.318	687.304
13.93	686.922	686.908
13.942	686.526	686.512
13.9539	686.13	686.116
13.9658	685.734	685.719
13.9778	685.338	685.323
13.9897	684.942	684.927
14.0017	684.546	684.531
14.0136	684.15	684.135
14.0255	683.754	683.74
14.0375	683.358	683.344
14.0494	682.962	682.948
14.0613	682.566	682.552
14.0733	682.171	682.156
14.0852	681.775	681.76
14.0971	681.379	681.364
14.1091	680.983	680.969
14.121	680.588	680.573
14.133	680.192	680.177
14.1449	679.796	679.782
14.1568	679.401	679.386
14.1688	679.005	678.99
14.1807	678.609	678.595
14.1926	678.214	678.199
14.2046	677.818	677.804
14.2165	677.423	677.408
14.2285	677.027	677.013
14.2404	676.632	676.617
14.2523	676.237	676.222
14.2643	675.841	675.827
14.2762	675.446	675.431
14.2881	675.051	675.036
14.3001	674.655	674.641
14.312	674.26	674.246
14.3239	673.865	673.851
14.3359	673.47	673.455
14.3478	673.075	673.06
14.3598	672.68	672.665
14.3717	672.285	672.27
14.3836	671.89	671.875
14.3956	671.495	671.48
14.4075	671.1	671.085
14.4194	670.705	670.69
14.4314	670.31	670.295
14.4433	669.915	669.901
14.4552	669.52	669.506
14.4672	669.126	669.111
14.4791	668.731	668.716
14.4911	668.336	668.322
14.503	667.942	667.927
14.5149	667.547	667.533
14.5269	667.153	667.138
14.5388	666.758	666.743
14.5507	666.364	666.349
14.5627	665.969	665.955
14.5746	665.575	665.56
14.5866	665.18	665.166
14.5985	664.786	664.771
14.6104	664.392	664.377
14.6224	663.997	663.983
14.6343	663.603	663.589
14.6462	663.209	663.195
14.6582	662.815	662.8
14.6701	662.421	662.406
14.682	662.027	662.012
14.694	661.633	661.618
14.7059	661.239	661.224
14.7179	660.845	660.83
14.7298	660.451	660.437
14.7417	660.057	660.043
14.7537	659.663	659.649
14.7656	659.27	659.255
14.7775	658.876	658.861
14.7895	658.482	658.468
14.8014	658.089	658.074
14.8133	657.695	657.681
14.8253	657.301	657.287
14.8372	656.908	656.893
14.8492	656.514	656.5
14.8611	656.121	656.107
14.873	655.728	655.713
14.885	655.334	655.32
14.8969	654.941	654.926
14.9088	654.548	654.533
14.9208	654.154	654.14
14.9327	653.761	653.747
14.9446	653.368	653.354
14.9566	652.975	652.96
14.9685	652.582	652.567
14.9805	652.189	652.174
14.9924	651.796	651.781
15.0043	651.403	651.388
15.0163	651.01	650.995
15.0282	650.617	650.603
15.0401	650.224	650.21
15.0521	649.831	649.817
15.064	649.439	649.424
15.076	649.046	649.031
15.0879	648.653	648.639
15.0998	648.261	648.246
15.1118	647.868	647.854
15.1237	647.475	647.461
15.1356	647.083	647.068
15.1476	646.69	646.676
15.1595	646.298	646.284
15.1714	645.906	645.891
15.1834	645.513	645.499
15.1953	645.121	645.106
15.2073	644.729	644.714
15.2192	644.336	644.322
15.2311	643.944	643.93
15.2431	643.552	643.538
15.255	643.16	643.145
15.2669	642.768	642.753
15.2789	642.376	642.361
15.2908	641.984	641.969
15.3027	641.592	641.577
15.3147	641.2	641.185
15.3266	640.808	640.793
15.3386	640.416	640.402
15.3505	640.024	640.01
15.3624	639.632	639.618
15.3744	639.241	639.226
15.3863	638.849	638.834
15.3982	638.457	638.443
15.4102	638.065	638.051
15.4221	637.674	637.659
15.4341	637.282	637.268
15.446	636.891	636.876
15.4579	636.499	636.485
15.4699	636.108	636.093
15.4818	635.716	635.702
15.4937	635.325	635.31
15.5057	634.933	634.919
15.5176	634.542	634.528
15.5295	634.151	634.136
15.5415	633.76	633.745
15.5534	633.368	633.354
15.5654	632.977	632.963
15.5773	632.586	632.572
15.5892	632.195	632.18
15.6012	631.804	631.789
15.6131	631.413	631.398
15.625	631.022	631.007
15.637	630.631	630.616
15.6489	630.24	630.225
15.6608	629.849	629.834
15.6728	629.458	629.443
15.6847	629.067	629.052
15.6967	628.676	628.662
15.7086	628.285	628.271
15.7205	627.894	627.88
15.7325	627.504	627.489
15.7444	627.113	627.099
15.7563	626.722	626.708
15.7683	626.332	626.317
15.7802	625.941	625.927
15.7921	625.55	625.536
15.8041	625.16	625.145
15.816	624.769	624.755
15.828	624.379	624.364
15.8399	623.988	623.974
15.8518	623.598	623.583
15.8638	623.207	623.193
15.8757	622.817	622.803
15.8876	622.427	622.412
15.8996	622.036	622.022
15.9115	621.646	621.631
15.9235	621.256	621.241
15.9354	620.865	620.851
15.9473	620.475	620.461
15.9593	620.085	620.07
15.9712	619.695	619.68
15.9831	619.304	619.29
15.9951	618.914	618.9
16.007	618.524	618.51
16.0189	618.134	618.12
16.0309	617.744	617.73
16.0428	617.354	617.34
16.0548	616.964	616.95
16.0667	616.574	616.56
16.0786	616.184	616.17
16.0906	615.794	615.78
16.1025	615.404	615.39
16.1144	615.014	615
16.1264	614.625	614.61
16.1383	614.235	614.22
16.1502	613.845	613.831
16.1622	613.455	613.441
16.1741	613.065	613.051
16.1861	612.676	612.661
16.198	612.286	612.272
16.2099	611.896	611.882
16.2219	611.506	611.492
16.2338	611.117	611.103
16.2457	610.727	610.713
16.2577	610.338	610.323
16.2696	609.948	609.934
16.2816	609.558	609.544
16.2935	609.169	609.155
16.3054	608.779	608.765
16.3174	608.39	608.376
16.3293	608	607.986
16.3412	607.611	607.597
16.3532	607.221	607.207
16.3651	606.832	606.818
16.377	606.443	606.428
16.389	606.053	606.039
16.4009	605.664	605.65
16.4129	605.274	605.26
16.4248	604.885	604.871
16.4367	604.496	604.482
16.4487	604.107	604.092
16.4606	603.717	603.703
16.4725	603.328	603.314
16.4845	602.939	602.924
16.4964	602.55	602.535
16.5083	602.16	602.146
16.5203	601.771	601.757
16.5322	601.382	601.368
16.5442	600.993	600.979
16.5561	600.604	600.589
16.568	600.215	600.2
16.58	599.825	599.811
16.5919	599.436	599.422
16.6038	599.047	599.033
16.6158	598.658	598.644
16.6277	598.269	598.255
16.6396	597.88	597.866
16.6516	597.491	597.477
16.6635	597.102	597.088
16.6755	596.713	596.699
16.6874	596.324	596.31
16.6993	595.935	595.921
16.7113	595.546	595.532
16.7232	595.157	595.143
16.7351	594.769	594.754
16.7471	594.38	594.365
16.759	593.991	593.976
16.771	593.602	593.588
16.7829	593.213	593.199
16.7948	592.824	592.81
16.8068	592.435	592.421
16.8187	592.047	592.032
16.8306	591.658	591.644
16.8426	591.269	591.255
16.8545	590.88	590.866
16.8664	590.492	590.477
16.8784	590.103	590.089
16.8903	589.714	589.7
16.9023	589.325	589.311
16.9142	588.937	588.922
16.9261	588.548	588.534
16.9381	588.159	588.145
16.95	587.771	587.756
16.9619	587.382	587.368
16.9739	586.993	586.979
16.9858	586.605	586.591
16.9977	586.216	586.202
17.0097	585.828	585.813
17.0216	585.439	585.425
17.0336	585.05	585.036
17.0455	584.662	584.648
17.0574	584.273	584.259
17.0694	583.885	583.871
17.0813	583.496	583.482
17.0932	583.108	583.094
17.1052	582.719	582.705
17.1171	582.331	582.317
17.1291	581.942	581.928
17.141	581.554	581.54
17.1529	581.165	581.151
17.1649	580.777	580.763
17.1768	580.389	580.374
17.1887	580	579.986
17.2007	579.612	579.598
17.2126	579.223	579.209
17.2245	578.835	578.821
17.2365	578.447	578.432
17.2484	578.058	578.044
17.2604	577.67	577.656
17.2723	577.282	577.267
17.2842	576.893	576.879
17.2962	576.505	576.491
17.3081	576.117	576.102
17.32	575.728	575.714
17.332	575.34	575.326
17.3439	574.952	574.938
17.3558	574.564	574.549
17.3678	574.175	574.161
17.3797	573.787	573.773
17.3917	573.399	573.385
17.4036	573.011	572.997
17.4155	572.623	572.608
17.4275	572.234	572.22
17.4394	571.846	571.832
17.4513	571.458	571.444
17.4633	571.07	571.056
17.4752	570.682	570.668
17.4871	570.294	570.279
17.4991	569.906	569.891
17.511	569.518	569.503
17.523	569.129	569.115
17.5349	568.741	568.727
17.5468	568.353	568.339
17.5588	567.965	567.951
17.5707	567.577	567.563
17.5826	567.189	567.175
17.5946	566.801	566.787
17.6065	566.413	566.399
17.6185	566.025	566.011
17.6304	565.637	565.623
17.6423	565.249	565.235
17.6543	564.861	564.847
17.6662	564.473	564.459
17.6781	564.086	564.071
17.6901	563.698	563.683
17.702	563.31	563.295
17.7139	562.922	562.908
17.7259	562.534	562.52
17.7378	562.146	562.132
17.7498	561.758	561.744
17.7617	561.371	561.356
17.7736	560.983	560.968
17.7856	560.595	560.581
17.7975	560.207	560.193
17.8094	559.819	559.805
17.8214	559.432	559.417
17.8333	559.044	559.03
17.8452	558.656	558.642
17.8572	558.269	558.254
17.8691	557.881	557.867
17.8811	557.493	557.479
17.893	557.106	557.091
17.9049	556.718	556.704
17.9169	556.33	556.316
17.9288	555.943	555.928
17.9407	555.555	555.541
17.9527	555.168	555.153
17.9646	554.78	554.766
17.9766	554.392	554.378
17.9885	554.005	553.991
18.0004	553.617	553.603
18.0124	553.23	553.216
18.0243	552.842	552.828
18.0362	552.455	552.441
18.0482	552.068	552.053
18.0601	551.68	551.666
18.072	551.293	551.279
18.084	550.905	550.891
18.0959	550.518	550.504
18.1079	550.131	550.117
18.1198	549.743	549.729
18.1317	549.356	549.342
18.1437	548.969	548.955
18.1556	548.582	548.567
18.1675	548.194	548.18
18.1795	547.807	547.793
18.1914	547.42	547.406
18.2033	547.033	547.019
18.2153	546.646	546.632
18.2272	546.259	546.244
18.2392	545.872	545.857
18.2511	545.484	545.47
18.263	545.097	545.083
18.275	544.71	544.696
18.2869	544.323	544.309
18.2988	543.936	543.922
18.3108	543.55	543.535
18.3227	543.163	543.148
18.3346	542.776	542.761
18.3466	542.389	542.375
18.3585	542.002	541.988
18.3705	541.615	541.601
18.3824	541.228	541.214
18.3943	540.842	540.827
18.4063	540.455	540.441
18.4182	540.068	540.054
18.4301	539.681	539.667
18.4421	539.295	539.281
18.454	538.908	538.894
18.466	538.522	538.507
18.4779	538.135	538.121
18.4898	537.748	537.734
18.5018	537.362	537.348
18.5137	536.975	536.961
18.5256	536.589	536.575
18.5376	536.203	536.188
18.5495	535.816	535.802
18.5614	535.43	535.416
18.5734	535.043	535.029
18.5853	534.657	534.643
18.5973	534.271	534.257
18.6092	533.885	533.87
18.6211	533.499	533.484
18.6331	533.112	533.098
18.645	532.726	532.712
18.6569	532.34	532.326
18.6689	531.954	531.94
18.6808	531.568	531.554
18.6927	531.182	531.168
18.7047	530.796	530.782
18.7166	530.41	530.396
18.7286	530.024	530.01
18.7405	529.639	529.624
18.7524	529.253	529.239
18.7644	528.867	528.853
18.7763	528.481	528.467
18.7882	528.096	528.081
18.8002	527.71	527.696
18.8121	527.324	527.31
18.8241	526.939	526.925
18.836	526.553	526.539
18.8479	526.168	526.154
18.8599	525.782	525.768
18.8718	525.397	525.383
18.8837	525.012	524.998
18.8957	524.626	524.612
18.9076	524.241	524.227
18.9195	523.856	523.842
18.9315	523.471	523.457
18.9434	523.086	523.072
18.9554	522.701	522.687
18.9673	522.316	522.302
18.9792	521.931	521.917
18.9912	521.546	521.532
19.0031	521.161	521.147
19.015	520.776	520.762
19.027	520.391	520.377
19.0389	520.007	519.992
19.0508	519.622	519.608
19.0628	519.237	519.223
19.0747	518.853	518.839
19.0867	518.468	518.454
19.0986	518.084	518.07
19.1105	517.699	517.685
19.1225	517.315	517.301
19.1344	516.931	516.917
19.1463	516.547	516.532
19.1583	516.162	516.148
19.1702	515.778	515.764
19.1821	515.394	515.38
19.1941	515.01	514.996
19.206	514.626	514.612
19.218	514.242	514.228
19.2299	513.859	513.844
19.2418	513.475	513.461
19.2538	513.091	513.077
19.2657	512.707	512.693
19.2776	512.324	512.31
19.2896	511.94	511.926
19.3015	511.557	511.543
19.3135	511.173	511.159
19.3254	510.79	510.776
19.3373	510.407	510.393
19.3493	510.024	510.01
19.3612	509.641	509.626
19.3731	509.258	509.243
19.3851	508.875	508.86
19.397	508.492	508.477
19.4089	508.109	508.095
19.4209	507.726	507.712
19.4328	507.343	507.329
19.4448	506.961	506.947
19.4567	506.578	506.564
19.4686	506.196	506.181
19.4806	505.813	505.799
19.4925	505.431	505.417
19.5044	505.049	505.034
19.5164	504.666	504.652
19.5283	504.284	504.27
19.5402	503.902	503.888
19.5522	503.52	503.506
19.5641	503.138	503.124
19.5761	502.757	502.742
19.588	502.375	502.361
19.5999	501.993	501.979
19.6119	501.612	501.598
19.6238	501.23	501.216
19.6357	500.849	500.835
19.6477	500.467	500.453
19.6596	500.086	500.072
19.6716	499.705	499.691
19.6835	499.324	499.31
19.6954	498.943	498.929
19.7074	498.562	498.548
19.7193	498.181	498.167
19.7312	497.801	497.787
19.7432	497.42	497.406
19.7551	497.039	497.025
19.767	496.659	496.645
19.779	496.279	496.265
19.7909	495.898	495.884
19.8029	495.518	495.504
19.8148	495.138	495.124
19.8267	494.758	494.744
19.8387	494.378	494.364
19.8506	493.999	493.985
19.8625	493.619	493.605
19.8745	493.239	493.225
19.8864	492.86	492.846
19.8983	492.481	492.467
19.9103	492.101	492.087
19.9222	491.722	491.708
19.9342	491.343	491.329
19.9461	490.964	490.95
19.958	490.585	490.571
19.97	490.207	490.193
19.9819	489.828	489.814
19.9938	489.449	489.435
20.0058	489.071	489.057
20.0177	488.693	488.679
20.0296	488.314	488.3
20.0416	487.936	487.922
20.0535	487.558	487.544
20.0655	487.18	487.166
20.0774	486.803	486.789
20.0893	486.425	486.411
20.1013	486.047	486.033
20.1132	485.67	485.656
20.1251	485.293	485.279
20.1371	484.916	484.902
20.149	484.538	484.525
20.161	484.161	484.148
20.1729	483.785	483.771
20.1848	483.408	483.394
20.1968	483.031	483.017
20.2087	482.655	482.641
20.2206	482.279	482.265
20.2326	481.902	481.888
20.2445	481.526	481.512
20.2564	481.15	481.136
20.2684	480.774	480.761
20.2803	480.399	480.385
20.2923	480.023	480.009
20.3042	479.648	479.634
20.3161	479.272	479.259
20.3281	478.897	478.883
20.34	478.522	478.508
20.3519	478.147	478.133
20.3639	477.773	477.759
20.3758	477.398	477.384
20.3877	477.023	477.01
20.3997	476.649	476.635
20.4116	476.275	476.261
20.4236	475.901	475.887
20.4355	475.527	475.513
20.4474	475.153	475.139
20.4594	474.779	474.766
20.4713	474.406	474.392
20.4832	474.032	474.019
20.4952	473.659	473.645
20.5071	473.286	473.272
20.5191	472.913	472.899
20.531	472.54	472.527
20.5429	472.168	472.154
20.5549	471.795	471.782
20.5668	471.423	471.409
20.5787	471.051	471.037
20.5907	470.679	470.665
20.6026	470.307	470.293
20.6145	469.935	469.921
20.6265	469.564	469.55
20.6384	469.192	469.179
20.6504	468.821	468.807
20.6623	468.45	468.436
20.6742	468.079	468.065
20.6862	467.708	467.695
20.6981	467.338	467.324
20.71	466.967	466.954
20.722	466.597	466.583
20.7339	466.227	466.213
20.7458	465.857	465.843
20.7578	465.487	465.474
20.7697	465.118	465.104
20.7817	464.748	464.735
20.7936	464.379	464.365
20.8055	464.01	463.996
20.8175	463.641	463.628
20.8294	463.272	463.259
20.8413	462.904	462.89
20.8533	462.536	462.522
20.8652	462.167	462.154
20.8771	461.799	461.786
20.8891	461.432	461.418
20.901	461.064	461.05
20.913	460.696	460.683
20.9249	460.329	460.316
20.9368	459.962	459.949
20.9488	459.595	459.582
20.9607	459.229	459.215
20.9726	458.862	458.848
20.9846	458.496	458.482
20.9965	458.13	458.116
21.0085	457.764	457.75
21.0204	457.398	457.384
21.0323	457.032	457.019
21.0443	456.667	456.653
21.0562	456.302	456.288
21.0681	455.937	455.923
21.0801	455.572	455.558
21.092	455.207	455.194
21.1039	454.843	454.829
21.1159	454.479	454.465
21.1278	454.115	454.101
21.1398	453.751	453.738
21.1517	453.388	453.374
21.1636	453.024	453.011
21.1756	452.661	452.648
21.1875	452.298	452.285
21.1994	451.935	451.922
21.2114	451.573	451.559
21.2233	451.211	451.197
21.2352	450.848	450.835
21.2472	450.487	450.473
21.2591	450.125	450.111
21.2711	449.763	449.75
21.283	449.402	449.389
21.2949	449.041	449.028
21.3069	448.68	448.667
21.3188	448.32	448.307
21.3307	447.96	447.946
21.3427	447.599	447.586
21.3546	447.24	447.226
21.3666	446.88	446.867
21.3785	446.52	446.507
21.3904	446.161	446.148
21.4024	445.802	445.789
21.4143	445.444	445.43
21.4262	445.085	445.072
21.4382	444.727	444.713
21.4501	444.369	444.355
21.462	444.011	443.998
21.474	443.653	443.64
21.4859	443.296	443.283
21.4979	442.939	442.926
21.5098	442.582	442.569
21.5217	442.225	442.212
21.5337	441.869	441.856
21.5456	441.513	441.5
21.5575	441.157	441.144
21.5695	440.801	440.788
21.5814	440.446	440.433
21.5933	440.091	440.078
21.6053	439.736	439.723
21.6172	439.381	439.368
21.6292	439.027	439.014
21.6411	438.673	438.66
21.653	438.319	438.306
21.665	437.966	437.952
21.6769	437.612	437.599
21.6888	437.259	437.246
21.7008	436.906	436.893
21.7127	436.554	436.541
21.7246	436.201	436.188
21.7366	435.849	435.836
21.7485	435.498	435.484
21.7605	435.146	435.133
21.7724	434.795	434.782
21.7843	434.444	434.431
21.7963	434.093	434.08
21.8082	433.743	433.73
21.8201	433.393	433.38
21.8321	433.043	433.03
21.844	432.693	432.68
21.856	432.344	432.331
21.8679	431.995	431.982
21.8798	431.646	431.633
21.8918	431.297	431.284
21.9037	430.949	430.936
21.9156	430.601	430.588
21.9276	430.254	430.241
21.9395	429.906	429.893
21.9514	429.559	429.546
21.9634	429.212	429.2
21.9753	428.866	428.853
21.9873	428.52	428.507
21.9992	428.174	428.161
22.0111	427.828	427.815
22.0231	427.483	427.47
22.035	427.138	427.125
22.0469	426.793	426.78
22.0589	426.449	426.436
22.0708	426.105	426.092
22.0827	425.761	425.748
22.0947	425.417	425.404
22.1066	425.074	425.061
22.1186	424.731	424.718
22.1305	424.388	424.376
22.1424	424.046	424.033
22.1544	423.704	423.691
22.1663	423.362	423.35
22.1782	423.021	423.008
22.1902	422.68	422.667
22.2021	422.339	422.326
22.2141	421.999	421.986
22.226	421.659	421.646
22.2379	421.319	421.306
22.2499	420.979	420.967
22.2618	420.64	420.627
22.2737	420.301	420.289
22.2857	419.963	419.95
22.2976	419.624	419.612
22.3095	419.287	419.274
22.3215	418.949	418.936
22.3334	418.612	418.599
22.3454	418.275	418.262
22.3573	417.938	417.926
22.3692	417.602	417.589
22.3812	417.266	417.254
22.3931	416.931	416.918
22.405	416.595	416.583
22.417	416.26	416.248
22.4289	415.926	415.913
22.4408	415.592	415.579
22.4528	415.258	415.245
22.4647	414.924	414.912
22.4767	414.591	414.578
22.4886	414.258	414.246
22.5005	413.926	413.913
22.5125	413.593	413.581
22.5244	413.261	413.249
22.5363	412.93	412.918
22.5483	412.599	412.586
22.5602	412.268	412.256
22.5721	411.938	411.925
22.5841	411.608	411.595
22.596	411.278	411.265
22.608	410.948	410.936
22.6199	410.619	410.607
22.6318	410.291	410.278
22.6438	409.962	409.95
22.6557	409.635	409.622
22.6676	409.307	409.295
22.6796	408.98	408.967
22.6915	408.653	408.641
22.7035	408.326	408.314
22.7154	408	407.988
22.7273	407.675	407.662
22.7393	407.349	407.337
22.7512	407.024	407.012
22.7631	406.699	406.687
22.7751	406.375	406.363
22.787	406.051	406.039
22.7989	405.728	405.716
22.8109	405.405	405.393
22.8228	405.082	405.07
22.8348	404.76	404.747
22.8467	404.438	404.425
22.8586	404.116	404.104
22.8706	403.795	403.783
22.8825	403.474	403.462
22.8944	403.153	403.141
22.9064	402.833	402.821
22.9183	402.514	402.502
22.9302	402.194	402.182
22.9422	401.875	401.863
22.9541	401.557	401.545
22.9661	401.239	401.227
22.978	400.921	400.909
22.9899	400.604	400.592
23.0019	400.287	400.275
23.0138	399.97	399.958
23.0257	399.654	399.642
23.0377	399.338	399.326
23.0496	399.023	399.011
23.0616	398.708	398.696
23.0735	398.393	398.381
23.0854	398.079	398.067
23.0974	397.765	397.754
23.1093	397.452	397.44
23.1212	397.139	397.127
23.1332	396.827	396.815
23.1451	396.514	396.503
23.157	396.203	396.191
23.169	395.891	395.88
23.1809	395.581	395.569
23.1929	395.27	395.258
23.2048	394.96	394.948
23.2167	394.65	394.639
23.2287	394.341	394.33
23.2406	394.032	394.021
23.2525	393.724	393.712
23.2645	393.416	393.404
23.2764	393.109	393.097
23.2883	392.801	392.79
23.3003	392.495	392.483
23.3122	392.188	392.177
23.3242	391.883	391.871
23.3361	391.577	391.566
23.348	391.272	391.261
23.36	390.968	390.956
23.3719	390.664	390.652
23.3838	390.36	390.348
23.3958	390.057	390.045
23.4077	389.754	389.742
23.4196	389.451	389.44
23.4316	389.15	389.138
23.4435	388.848	388.837
23.4555	388.547	388.536
23.4674	388.246	388.235
23.4793	387.946	387.935
23.4913	387.646	387.635
23.5032	387.347	387.336
23.5151	387.048	387.037
23.5271	386.75	386.739
23.539	386.452	386.441
23.551	386.154	386.143
23.5629	385.857	385.846
23.5748	385.561	385.55
23.5868	385.265	385.253
23.5987	384.969	384.958
23.6106	384.674	384.662
23.6226	384.379	384.368
23.6345	384.085	384.073
23.6464	383.791	383.78
23.6584	383.498	383.486
23.6703	383.205	383.194
23.6823	382.913	382.902
23.6942	382.622	382.611
23.7061	382.333	382.321
23.7181	382.045	382.033
23.73	381.759	381.747
23.7419	381.478	381.465
23.7539	381.201	381.187
23.7658	380.932	380.917
23.7777	380.673	380.657
23.7897	380.427	380.41
23.8016	380.199	380.18
23.8136	379.995	379.973
23.8255	379.817	379.794
23.8374	379.673	379.648
23.8494	379.566	379.54
23.8613	379.5	379.473
23.8732	379.478	379.451
