0	873	873
0.0119366	873	873
0.0238732	873	873
0.0358099	873	873
0.0477465	873	873
0.0596831	873	873
0.0716197	873	873
0.0835563	873	873
0.095493	873	873
0.10743	873	873
0.119366	873	873
0.131303	873	873
0.143239	873	873
0.155176	873	873
0.167113	873	873
0.179049	873	873
0.190986	873	873
0.202923	873	873
0.214859	873	873
0.226796	873	873
0.238732	873	873
0.250669	873	873
0.262606	873	873
0.274542	873	873
0.286479	873	873
0.298416	873	873
0.310352	873	873
0.322289	873	873
0.334225	873	873
0.346162	873	873
0.358099	873	873
0.370035	873	873
0.381972	873	873
0.393908	873	873
0.405845	873	873
0.417782	873	873
0.429718	873	873
0.441655	873	873
0.453592	873	873
0.465528	873	873
0.477465	873	873
0.489401	873	873
0.501338	873	873
0.513275	873	873
0.525211	873	873
0.537148	873	873
0.549085	873	873
0.561021	873	873
0.572958	873	873
0.584894	873	873
0.596831	873	873
0.608768	873	873
0.620704	873	873
0.632641	873	873
0.644578	873	873
0.656514	873	873
0.668451	873	873
0.680387	873	873
0.692324	873	873
0.704261	873	873
0.716197	873	873
0.728134	873	873
0.74007	873	873
0.752007	873	873
0.763944	873	873
0.77588	873	873
0.787817	873	873
0.799754	873	873
0.81169	873	872.999
0.823627	873	872.999
0.835563	873	872.999
0.8475	873	872.999
0.859437	873	872.999
0.871373	873	872.999
0.88331	873	872.999
0.895247	872.999	872.999
0.907183	872.999	872.999
0.91912	872.999	872.999
0.931056	872.999	872.999
0.942993	872.999	872.999
0.95493	872.999	872.999
0.966866	872.999	872.999
0.978803	872.999	872.999
0.99074	872.999	872.999
1.00268	872.999	872.999
1.01461	872.999	872.999
1.02655	872.999	872.999
1.03849	872.999	872.999
1.05042	872.999	872.999
1.06236	872.999	872.999
1.0743	872.999	872.999
1.08623	872.999	872.999
1.09817	872.999	872.999
1.11011	872.999	872.999
1.12204	872.999	872.998
1.13398	872.999	872.998
1.14592	872.999	872.998
1.15785	872.999	872.998
1.16979	872.999	872.998
1.18173	872.999	872.998
1.19366	872.999	872.998
1.2056	872.998	872.998
1.21754	872.998	872.998
1.22947	872.998	872.998
1.24141	872.998	872.998
1.25335	872.998	872.998
1.26528	872.998	872.998
1.27722	872.998	872.998
1.28916	872.998	872.997
1.30109	872.998	872.997
1.31303	872.998	872.997
1.32496	872.998	872.997
1.3369	872.998	872.997
1.34884	872.998	872.997
1.36077	872.998	872.997
1.37271	872.997	872.997
1.38465	872.997	872.997
1.39658	872.997	872.997
1.40852	872.997	872.996
1.42046	872.997	872.996
1.43239	872.997	872.996
1.44433	872.997	872.996
1.45627	872.997	872.996
1.4682	872.997	872.996
1.48014	872.997	872.996
1.49208	872.996	872.995
1.50401	872.996	872.995
1.51595	872.996	872.995
1.52789	872.996	872.995
1.53982	872.996	872.995
1.55176	872.996	872.995
1.5637	872.996	872.994
1.57563	872.996	872.994
1.58757	872.995	872.994
1.59951	872.995	872.994
1.61144	872.995	872.994
1.62338	872.995	872.994
1.63532	872.995	872.993
1.64725	872.995	872.993
1.65919	872.994	872.993
1.67113	872.994	872.993
1.68306	872.994	872.992
1.695	872.994	872.992
1.70694	872.994	872.992
1.71887	872.993	872.992
1.73081	872.993	872.991
1.74275	872.993	872.991
1.75468	872.993	872.991
1.76662	872.993	872.991
1.77856	872.992	872.99
1.79049	872.992	872.99
1.80243	872.992	872.99
1.81437	872.992	872.989
1.8263	872.991	872.989
1.83824	872.991	872.989
1.85018	872.991	872.989
1.86211	872.991	872.988
1.87405	872.99	872.988
1.88599	872.99	872.987
1.89792	872.99	872.987
1.90986	872.99	872.987
1.9218	872.989	872.986
1.93373	872.989	872.986
1.94567	872.989	872.986
1.95761	872.988	872.985
1.96954	872.988	872.985
1.98148	872.988	872.984
1.99342	872.987	872.984
2.00535	872.987	872.983
2.01729	872.986	872.983
2.02923	872.986	872.982
2.04116	872.986	872.982
2.0531	872.985	872.982
2.06504	872.985	872.981
2.07697	872.984	872.98
2.08891	872.984	872.98
2.10085	872.984	872.979
2.11278	872.983	872.979
2.12472	872.983	872.978
2.13666	872.982	872.978
2.14859	872.982	872.977
2.16053	872.981	872.977
2.17246	872.981	872.976
2.1844	872.98	872.975
2.19634	872.98	872.975
2.20827	872.979	872.974
2.22021	872.979	872.973
2.23215	872.978	872.973
2.24408	872.977	872.972
2.25602	872.977	872.971
2.26796	872.976	872.97
2.27989	872.976	872.97
2.29183	872.975	872.969
2.30377	872.974	872.968
2.3157	872.974	872.967
2.32764	872.973	872.966
2.33958	872.972	872.966
2.35151	872.972	872.965
2.36345	872.971	872.964
2.37539	872.97	872.963
2.38732	872.969	872.962
2.39926	872.969	872.961
2.4112	872.968	872.96
2.42313	872.967	872.959
2.43507	872.966	872.958
2.44701	872.965	872.957
2.45894	872.964	872.956
2.47088	872.964	872.955
2.48282	872.963	872.954
2.49475	872.962	872.953
2.50669	872.961	872.952
2.51863	872.96	872.95
2.53056	872.959	872.949
2.5425	872.958	872.948
2.55444	872.957	872.947
2.56637	872.956	872.946
2.57831	872.955	872.944
2.59025	872.954	872.943
2.60218	872.953	872.942
2.61412	872.952	872.94
2.62606	872.95	872.939
2.63799	872.949	872.938
2.64993	872.948	872.936
2.66187	872.947	872.935
2.6738	872.946	872.933
2.68574	872.944	872.932
2.69768	872.943	872.93
2.70961	872.942	872.928
2.72155	872.94	872.927
2.73349	872.939	872.925
2.74542	872.938	872.923
2.75736	872.936	872.922
2.7693	872.935	872.92
2.78123	872.933	872.918
2.79317	872.932	872.916
2.80511	872.93	872.915
2.81704	872.929	872.913
2.82898	872.927	872.911
2.84092	872.925	872.909
2.85285	872.924	872.907
2.86479	872.922	872.905
2.87673	872.92	872.903
2.88866	872.918	872.901
2.9006	872.917	872.898
2.91254	872.915	872.896
2.92447	872.913	872.894
2.93641	872.911	872.892
2.94835	872.909	872.89
2.96028	872.907	872.887
2.97222	872.905	872.885
2.98416	872.903	872.882
2.99609	872.901	872.88
3.00803	872.899	872.877
3.01997	872.897	872.875
3.0319	872.895	872.872
3.04384	872.892	872.869
3.05577	872.89	872.867
3.06771	872.888	872.864
3.07965	872.885	872.861
3.09158	872.883	872.858
3.10352	872.881	872.855
3.11546	872.878	872.853
3.12739	872.876	872.85
3.13933	872.873	872.846
3.15127	872.87	872.843
3.1632	872.868	872.84
3.17514	872.865	872.837
3.18708	872.862	872.834
3.19901	872.859	872.83
3.21095	872.857	872.827
3.22289	872.854	872.824
3.23482	872.851	872.82
3.24676	872.848	872.816
3.2587	872.845	872.813
3.27063	872.842	872.809
3.28257	872.838	872.805
3.29451	872.835	872.802
3.30644	872.832	872.798
3.31838	872.829	872.794
3.33032	872.825	872.79
3.34225	872.822	872.786
3.35419	872.818	872.782
3.36613	872.815	872.777
3.37806	872.811	872.773
3.39	872.807	872.769
3.40194	872.804	872.764
3.41387	872.8	872.76
3.42581	872.796	872.755
3.43775	872.792	872.751
3.44968	872.788	872.746
3.46162	872.784	872.741
3.47356	872.78	872.736
3.48549	872.776	872.732
3.49743	872.771	872.727
3.50937	872.767	872.721
3.5213	872.763	872.716
3.53324	872.758	872.711
3.54518	872.754	872.706
3.55711	872.749	872.7
3.56905	872.744	872.695
3.58099	872.74	872.689
3.59292	872.735	872.684
3.60486	872.73	872.678
3.6168	872.725	872.672
3.62873	872.72	872.666
3.64067	872.715	872.66
3.65261	872.709	872.654
3.66454	872.704	872.648
3.67648	872.699	872.642
3.68842	872.693	872.635
3.70035	872.688	872.629
3.71229	872.682	872.622
3.72423	872.676	872.615
3.73616	872.67	872.609
3.7481	872.665	872.602
3.76004	872.659	872.595
3.77197	872.653	872.588
3.78391	872.646	872.58
3.79585	872.64	872.573
3.80778	872.634	872.566
3.81972	872.627	872.558
3.83166	872.621	872.551
3.84359	872.614	872.543
3.85553	872.607	872.535
3.86747	872.6	872.527
3.8794	872.594	872.519
3.89134	872.586	872.511
3.90327	872.579	872.503
3.91521	872.572	872.494
3.92715	872.565	872.486
3.93908	872.557	872.477
3.95102	872.55	872.468
3.96296	872.542	872.459
3.97489	872.534	872.45
3.98683	872.526	872.441
3.99877	872.518	872.432
4.0107	872.51	872.422
4.02264	872.502	872.413
4.03458	872.493	872.403
4.04651	872.485	872.393
4.05845	872.476	872.383
4.07039	872.468	872.373
4.08232	872.459	872.363
4.09426	872.45	872.353
4.1062	872.441	872.342
4.11813	872.431	872.332
4.13007	872.422	872.321
4.14201	872.413	872.31
4.15394	872.403	872.299
4.16588	872.393	872.288
4.17782	872.383	872.276
4.18975	872.373	872.265
4.20169	872.363	872.253
4.21363	872.353	872.241
4.22556	872.342	872.229
4.2375	872.332	872.217
4.24944	872.321	872.205
4.26137	872.31	872.192
4.27331	872.299	872.18
4.28525	872.288	872.167
4.29718	872.277	872.154
4.30912	872.265	872.141
4.32106	872.254	872.127
4.33299	872.242	872.114
4.34493	872.23	872.1
4.35687	872.218	872.086
4.3688	872.206	872.072
4.38074	872.194	872.058
4.39268	872.181	872.044
4.40461	872.168	872.029
4.41655	872.155	872.015
4.42849	872.142	872
4.44042	872.129	871.985
4.45236	872.116	871.969
4.4643	872.102	871.954
4.47623	872.089	871.938
4.48817	872.075	871.922
4.50011	872.061	871.906
4.51204	872.046	871.89
4.52398	872.032	871.874
4.53592	872.017	871.857
4.54785	872.003	871.84
4.55979	871.988	871.823
4.57173	871.973	871.806
4.58366	871.957	871.788
4.5956	871.942	871.771
4.60754	871.926	871.753
4.61947	871.91	871.735
4.63141	871.894	871.716
4.64335	871.878	871.698
4.65528	871.861	871.679
4.66722	871.844	871.66
4.67916	871.828	871.641
4.69109	871.81	871.621
4.70303	871.793	871.602
4.71497	871.776	871.582
4.7269	871.758	871.562
4.73884	871.74	871.541
4.75078	871.722	871.521
4.76271	871.703	871.5
4.77465	871.685	871.479
4.78658	871.666	871.458
4.79852	871.647	871.436
4.81046	871.628	871.414
4.82239	871.608	871.392
4.83433	871.588	871.37
4.84627	871.569	871.347
4.8582	871.548	871.324
4.87014	871.528	871.301
4.88208	871.507	871.278
4.89401	871.486	871.254
4.90595	871.465	871.23
4.91789	871.444	871.206
4.92982	871.422	871.182
4.94176	871.4	871.157
4.9537	871.378	871.132
4.96563	871.356	871.107
4.97757	871.333	871.082
4.98951	871.311	871.056
5.00144	871.287	871.03
5.01338	871.264	871.003
5.02532	871.24	870.977
5.03725	871.217	870.95
5.04919	871.192	870.923
5.06113	871.168	870.895
5.07306	871.143	870.867
5.085	871.118	870.839
5.09694	871.093	870.811
5.10887	871.068	870.782
5.12081	871.042	870.753
5.13275	871.016	870.724
5.14468	870.989	870.694
5.15662	870.963	870.664
5.16856	870.936	870.634
5.18049	870.908	870.604
5.19243	870.881	870.573
5.20437	870.853	870.541
5.2163	870.825	870.51
5.22824	870.797	870.478
5.24018	870.768	870.446
5.25211	870.739	870.413
5.26405	870.71	870.381
5.27599	870.68	870.347
5.28792	870.65	870.314
5.29986	870.62	870.28
5.3118	870.589	870.246
5.32373	870.558	870.211
5.33567	870.527	870.176
5.34761	870.496	870.141
5.35954	870.464	870.106
5.37148	870.432	870.07
5.38342	870.399	870.033
5.39535	870.366	869.997
5.40729	870.333	869.96
5.41923	870.3	869.922
5.43116	870.266	869.885
5.4431	870.232	869.846
5.45504	870.197	869.808
5.46697	870.162	869.769
5.47891	870.127	869.73
5.49085	870.092	869.69
5.50278	870.056	869.65
5.51472	870.019	869.61
5.52666	869.983	869.569
5.53859	869.946	869.528
5.55053	869.908	869.486
5.56247	869.871	869.444
5.5744	869.833	869.402
5.58634	869.794	869.359
5.59828	869.755	869.316
5.61021	869.716	869.272
5.62215	869.676	869.228
5.63408	869.636	869.184
5.64602	869.596	869.139
5.65796	869.555	869.094
5.66989	869.514	869.048
5.68183	869.473	869.002
5.69377	869.431	868.956
5.7057	869.389	868.909
5.71764	869.346	868.861
5.72958	869.303	868.814
5.74151	869.259	868.765
5.75345	869.215	868.717
5.76539	869.171	868.668
5.77732	869.126	868.618
5.78926	869.081	868.568
5.8012	869.035	868.518
5.81313	868.989	868.467
5.82507	868.943	868.415
5.83701	868.896	868.364
5.84894	868.849	868.311
5.86088	868.801	868.259
5.87282	868.753	868.205
5.88475	868.705	868.152
5.89669	868.656	868.098
5.90863	868.606	868.043
5.92056	868.556	867.988
5.9325	868.506	867.932
5.94444	868.455	867.876
5.95637	868.404	867.82
5.96831	868.352	867.763
5.98025	868.3	867.705
5.99218	868.247	867.647
6.00412	868.194	867.589
6.01606	868.141	867.53
6.02799	868.087	867.471
6.03993	868.032	867.411
6.05187	867.977	867.35
6.0638	867.922	867.289
6.07574	867.866	867.228
6.08768	867.81	867.166
6.09961	867.753	867.103
6.11155	867.696	867.04
6.12349	867.638	866.977
6.13542	867.58	866.913
6.14736	867.521	866.848
6.1593	867.461	866.783
6.17123	867.402	866.717
6.18317	867.341	866.651
6.19511	867.281	866.584
6.20704	867.219	866.517
6.21898	867.157	866.449
6.23092	867.095	866.381
6.24285	867.032	866.312
6.25479	866.969	866.243
6.26673	866.905	866.173
6.27866	866.841	866.102
6.2906	866.776	866.031
6.30254	866.71	865.959
6.31447	866.644	865.887
6.32641	866.578	865.814
6.33835	866.511	865.741
6.35028	866.443	865.667
6.36222	866.375	865.592
6.37416	866.306	865.517
6.38609	866.237	865.442
6.39803	866.167	865.365
6.40997	866.097	865.288
6.4219	866.026	865.211
6.43384	865.954	865.133
6.44578	865.882	865.054
6.45771	865.81	864.975
6.46965	865.737	864.895
6.48159	865.663	864.815
6.49352	865.589	864.734
6.50546	865.514	864.652
6.51739	865.438	864.57
6.52933	865.362	864.487
6.54127	865.286	864.404
6.5532	865.209	864.32
6.56514	865.131	864.235
6.57708	865.053	864.15
6.58901	864.974	864.064
6.60095	864.894	863.978
6.61289	864.814	863.89
6.62482	864.733	863.803
6.63676	864.652	863.714
6.6487	864.57	863.625
6.66063	864.487	863.535
6.67257	864.404	863.445
6.68451	864.32	863.354
6.69644	864.236	863.262
6.70838	864.151	863.17
6.72032	864.066	863.077
6.73225	863.979	862.984
6.74419	863.892	862.889
6.75613	863.805	862.794
6.76806	863.717	862.699
6.78	863.628	862.603
6.79194	863.539	862.506
6.80387	863.449	862.408
6.81581	863.358	862.31
6.82775	863.267	862.211
6.83968	863.175	862.112
6.85162	863.082	862.011
6.86356	862.989	861.91
6.87549	862.895	861.809
6.88743	862.8	861.706
6.89937	862.705	861.603
6.9113	862.609	861.5
6.92324	862.513	861.395
6.93518	862.416	861.29
6.94711	862.318	861.185
6.95905	862.219	861.078
6.97099	862.12	860.971
6.98292	862.02	860.863
6.99486	861.92	860.755
7.0068	861.818	860.645
7.01873	861.716	860.535
7.03067	861.614	860.425
7.04261	861.511	860.313
7.05454	861.407	860.201
7.06648	861.302	860.088
7.07842	861.197	859.975
7.09035	861.091	859.86
7.10229	860.984	859.745
7.11423	860.876	859.63
7.12616	860.768	859.513
7.1381	860.659	859.396
7.15004	860.55	859.278
7.16197	860.44	859.159
7.17391	860.329	859.04
7.18585	860.217	858.92
7.19778	860.104	858.799
7.20972	859.991	858.677
7.22166	859.878	858.555
7.23359	859.763	858.432
7.24553	859.648	858.308
7.25747	859.532	858.183
7.2694	859.415	858.058
7.28134	859.297	857.932
7.29328	859.179	857.805
7.30521	859.06	857.677
7.31715	858.941	857.549
7.32909	858.82	857.42
7.34102	858.699	857.29
7.35296	858.577	857.159
7.36489	858.455	857.028
7.37683	858.331	856.896
7.38877	858.207	856.763
7.4007	858.082	856.629
7.41264	857.957	856.494
7.42458	857.83	856.359
7.43651	857.703	856.223
7.44845	857.575	856.086
7.46039	857.447	855.948
7.47232	857.317	855.81
7.48426	857.187	855.671
7.4962	857.056	855.531
7.50813	856.924	855.39
7.52007	856.792	855.248
7.53201	856.659	855.106
7.54394	856.525	854.963
7.55588	856.39	854.819
7.56782	856.254	854.674
7.57975	856.118	854.528
7.59169	855.981	854.382
7.60363	855.843	854.235
7.61556	855.704	854.087
7.6275	855.565	853.938
7.63944	855.425	853.788
7.65137	855.284	853.638
7.66331	855.142	853.487
7.67525	854.999	853.335
7.68718	854.856	853.182
7.69912	854.711	853.028
7.71106	854.566	852.874
7.72299	854.421	852.718
7.73493	854.274	852.562
7.74687	854.127	852.405
7.7588	853.979	852.248
7.77074	853.83	852.089
7.78268	853.68	851.93
7.79461	853.529	851.77
7.80655	853.378	851.609
7.81849	853.225	851.447
7.83042	853.072	851.284
7.84236	852.919	851.121
7.8543	852.764	850.956
7.86623	852.608	850.791
7.87817	852.452	850.625
7.89011	852.295	850.458
7.90204	852.137	850.291
7.91398	851.978	850.122
7.92592	851.819	849.953
7.93785	851.659	849.783
7.94979	851.497	849.612
7.96173	851.335	849.44
7.97366	851.172	849.267
7.9856	851.009	849.094
7.99754	850.844	848.919
8.00947	850.679	848.744
8.02141	850.513	848.568
8.03335	850.346	848.391
8.04528	850.178	848.214
8.05722	850.009	848.035
8.06916	849.84	847.856
8.08109	849.67	847.675
8.09303	849.498	847.494
8.10497	849.326	847.312
8.1169	849.154	847.13
8.12884	848.98	846.946
8.14078	848.806	846.762
8.15271	848.63	846.576
8.16465	848.454	846.39
8.17659	848.277	846.203
8.18852	848.099	846.015
8.20046	847.92	845.826
8.2124	847.741	845.637
8.22433	847.561	845.446
8.23627	847.379	845.255
8.2482	847.197	845.063
8.26014	847.014	844.87
8.27208	846.831	844.676
8.28401	846.646	844.481
8.29595	846.461	844.286
8.30789	846.274	844.09
8.31982	846.087	843.892
8.33176	845.899	843.694
8.3437	845.71	843.495
8.35563	845.521	843.295
8.36757	845.33	843.095
8.37951	845.139	842.893
8.39144	844.946	842.691
8.40338	844.753	842.487
8.41532	844.559	842.283
8.42725	844.365	842.078
8.43919	844.169	841.873
8.45113	843.972	841.666
8.46306	843.775	841.458
8.475	843.577	841.25
8.48694	843.378	841.041
8.49887	843.178	840.831
8.51081	842.977	840.62
8.52275	842.775	840.408
8.53468	842.573	840.195
8.54662	842.37	839.982
8.55856	842.165	839.767
8.57049	841.96	839.552
8.58243	841.754	839.336
8.59437	841.548	839.119
8.6063	841.34	838.901
8.61824	841.132	838.683
8.63018	840.922	838.463
8.64211	840.712	838.243
8.65405	840.501	838.022
8.66599	840.289	837.8
8.67792	840.076	837.577
8.68986	839.863	837.353
8.7018	839.648	837.128
8.71373	839.433	836.903
8.72567	839.217	836.676
8.73761	839	836.449
8.74954	838.782	836.221
8.76148	838.563	835.992
8.77342	838.344	835.763
8.78535	838.123	835.532
8.79729	837.902	835.301
8.80923	837.68	835.068
8.82116	837.457	834.835
8.8331	837.233	834.601
8.84504	837.009	834.367
8.85697	836.783	834.131
8.86891	836.557	833.894
8.88085	836.33	833.657
8.89278	836.102	833.419
8.90472	835.873	833.18
8.91666	835.643	832.94
8.92859	835.412	832.699
8.94053	835.181	832.458
8.95247	834.949	832.216
8.9644	834.715	831.972
8.97634	834.481	831.728
8.98828	834.247	831.483
9.00021	834.011	831.238
9.01215	833.774	830.991
9.02409	833.537	830.744
9.03602	833.299	830.496
9.04796	833.06	830.247
9.0599	832.82	829.997
9.07183	832.579	829.746
9.08377	832.338	829.495
9.0957	832.095	829.242
9.10764	831.852	828.989
9.11958	831.608	828.735
9.13151	831.363	828.48
9.14345	831.118	828.225
9.15539	830.871	827.968
9.16732	830.624	827.711
9.17926	830.376	827.453
9.1912	830.127	827.194
9.20313	829.877	826.935
9.21507	829.626	826.674
9.22701	829.375	826.413
9.23894	829.122	826.151
9.25088	828.869	825.888
9.26282	828.615	825.624
9.27475	828.36	825.359
9.28669	828.105	825.094
9.29863	827.848	824.828
9.31056	827.591	824.561
9.3225	827.333	824.293
9.33444	827.074	824.025
9.34637	826.814	823.755
9.35831	826.554	823.485
9.37025	826.293	823.214
9.38218	826.031	822.943
9.39412	825.768	822.67
9.40606	825.504	822.397
9.41799	825.24	822.123
9.42993	824.974	821.848
9.44187	824.708	821.572
9.4538	824.441	821.296
9.46574	824.173	821.019
9.47768	823.905	820.741
9.48961	823.636	820.462
9.50155	823.366	820.182
9.51349	823.095	819.902
9.52542	822.823	819.621
9.53736	822.551	819.339
9.5493	822.277	819.057
9.56123	822.003	818.773
9.57317	821.728	818.489
9.58511	821.453	818.204
9.59704	821.176	817.919
9.60898	820.899	817.632
9.62092	820.621	817.345
9.63285	820.343	817.057
9.64479	820.063	816.769
9.65673	819.783	816.479
9.66866	819.502	816.189
9.6806	819.22	815.898
9.69254	818.938	815.607
9.70447	818.654	815.314
9.71641	818.37	815.021
9.72835	818.085	814.727
9.74028	817.8	814.433
9.75222	817.514	814.137
9.76416	817.226	813.841
9.77609	816.939	813.545
9.78803	816.65	813.247
9.79997	816.361	812.949
9.8119	816.071	812.65
9.82384	815.78	812.35
9.83578	815.488	812.05
9.84771	815.196	811.749
9.85965	814.903	811.447
9.87159	814.609	811.145
9.88352	814.315	810.841
9.89546	814.019	810.538
9.9074	813.723	810.233
9.91933	813.427	809.928
9.93127	813.129	809.622
9.94321	812.831	809.315
9.95514	812.532	809.008
9.96708	812.233	808.7
9.97901	811.932	808.391
9.99095	811.631	808.081
10.0029	811.33	807.771
10.0148	811.027	807.46
10.0268	810.724	807.149
10.0387	810.42	806.837
10.0506	810.116	806.524
10.0626	809.811	806.21
10.0745	809.505	805.896
10.0864	809.198	805.581
10.0984	808.891	805.266
10.1103	808.583	804.95
10.1223	808.274	804.633
10.1342	807.965	804.315
10.1461	807.655	803.997
10.1581	807.344	803.679
10.17	807.032	803.359
10.1819	806.72	803.039
10.1939	806.408	802.718
10.2058	806.094	802.397
10.2177	805.78	802.075
10.2297	805.465	801.753
10.2416	805.15	801.429
10.2536	804.834	801.105
10.2655	804.517	800.781
10.2774	804.2	800.456
10.2894	803.882	800.13
10.3013	803.563	799.804
10.3132	803.244	799.477
10.3252	802.924	799.149
10.3371	802.603	798.821
10.3491	802.282	798.492
10.361	801.96	798.163
10.3729	801.637	797.833
10.3849	801.314	797.502
10.3968	800.99	797.171
10.4087	800.666	796.839
10.4207	800.341	796.507
10.4326	800.015	796.174
10.4445	799.689	795.84
10.4565	799.362	795.506
10.4684	799.035	795.172
10.4804	798.707	794.836
10.4923	798.378	794.501
10.5042	798.049	794.164
10.5162	797.719	793.827
10.5281	797.388	793.49
10.54	797.057	793.151
10.552	796.725	792.813
10.5639	796.393	792.474
10.5758	796.06	792.134
10.5878	795.727	791.793
10.5997	795.393	791.453
10.6117	795.058	791.111
10.6236	794.723	790.769
10.6355	794.387	790.427
10.6475	794.051	790.084
10.6594	793.714	789.74
10.6713	793.377	789.396
10.6833	793.039	789.051
10.6952	792.7	788.706
10.7071	792.361	788.361
10.7191	792.021	788.015
10.731	791.681	787.668
10.743	791.34	787.321
10.7549	790.999	786.973
10.7668	790.657	786.625
10.7788	790.315	786.276
10.7907	789.972	785.927
10.8026	789.628	785.577
10.8146	789.284	785.227
10.8265	788.94	784.876
10.8385	788.595	784.525
10.8504	788.249	784.173
10.8623	787.903	783.821
10.8743	787.556	783.468
10.8862	787.209	783.115
10.8981	786.862	782.762
10.9101	786.513	782.408
10.922	786.165	782.053
10.9339	785.816	781.698
10.9459	785.466	781.343
10.9578	785.116	780.987
10.9698	784.765	780.63
10.9817	784.414	780.274
10.9936	784.063	779.916
11.0056	783.71	779.559
11.0175	783.358	779.2
11.0294	783.005	778.842
11.0414	782.651	778.483
11.0533	782.297	778.123
11.0652	781.943	777.763
11.0772	781.588	777.403
11.0891	781.233	777.042
11.1011	780.877	776.681
11.113	780.52	776.32
11.1249	780.164	775.958
11.1369	779.807	775.595
11.1488	779.449	775.232
11.1607	779.091	774.869
11.1727	778.732	774.505
11.1846	778.373	774.141
11.1966	778.014	773.777
11.2085	777.654	773.412
11.2204	777.294	773.047
11.2324	776.933	772.681
11.2443	776.572	772.315
11.2562	776.21	771.949
11.2682	775.849	771.582
11.2801	775.486	771.215
11.292	775.123	770.847
11.304	774.76	770.479
11.3159	774.397	770.111
11.3279	774.033	769.742
11.3398	773.668	769.373
11.3517	773.303	769.004
11.3637	772.938	768.634
11.3756	772.573	768.264
11.3875	772.207	767.893
11.3995	771.84	767.522
11.4114	771.474	767.151
11.4233	771.106	766.78
11.4353	770.739	766.408
11.4472	770.371	766.036
11.4592	770.003	765.663
11.4711	769.634	765.29
11.483	769.265	764.917
11.495	768.896	764.544
11.5069	768.526	764.17
11.5188	768.156	763.796
11.5308	767.786	763.421
11.5427	767.415	763.046
11.5546	767.044	762.671
11.5666	766.672	762.296
11.5785	766.301	761.92
11.5905	765.928	761.544
11.6024	765.556	761.167
11.6143	765.183	760.791
11.6263	764.81	760.414
11.6382	764.437	760.037
11.6501	764.063	759.659
11.6621	763.689	759.281
11.674	763.314	758.903
11.686	762.939	758.525
11.6979	762.564	758.146
11.7098	762.189	757.767
11.7218	761.813	757.388
11.7337	761.437	757.008
11.7456	761.061	756.629
11.7576	760.684	756.248
11.7695	760.307	755.868
11.7814	759.93	755.488
11.7934	759.553	755.107
11.8053	759.175	754.726
11.8173	758.797	754.344
11.8292	758.418	753.963
11.8411	758.04	753.581
11.8531	757.661	753.199
11.865	757.282	752.816
11.8769	756.902	752.434
11.8889	756.523	752.051
11.9008	756.143	751.668
11.9127	755.762	751.285
11.9247	755.382	750.901
11.9366	755.001	750.517
11.9486	754.62	750.133
11.9605	754.239	749.749
11.9724	753.857	749.365
11.9844	753.475	748.98
11.9963	753.093	748.595
12.0082	752.711	748.21
12.0202	752.328	747.825
12.0321	751.945	747.439
12.0441	751.562	747.054
12.056	751.179	746.668
12.0679	750.796	746.282
12.0799	750.412	745.895
12.0918	750.028	745.509
12.1037	749.644	745.122
12.1157	749.259	744.735
12.1276	748.875	744.348
12.1395	748.49	743.961
12.1515	748.105	743.573
12.1634	747.72	743.186
12.1754	747.334	742.798
12.1873	746.948	742.41
12.1992	746.563	742.022
12.2112	746.176	741.633
12.2231	745.79	741.245
12.235	745.404	740.856
12.247	745.017	740.467
12.2589	744.63	740.078
12.2708	744.243	739.689
12.2828	743.856	739.299
12.2947	743.468	738.91
12.3067	743.081	738.52
12.3186	742.693	738.13
12.3305	742.305	737.74
12.3425	741.917	737.35
12.3544	741.528	736.96
12.3663	741.14	736.57
12.3783	740.751	736.179
12.3902	740.362	735.788
12.4021	739.973	735.397
12.4141	739.584	735.006
12.426	739.195	734.615
12.438	738.805	734.224
12.4499	738.415	733.833
12.4618	738.026	733.441
12.4738	737.636	733.049
12.4857	737.245	732.658
12.4976	736.855	732.266
12.5096	736.465	731.874
12.5215	736.074	731.482
12.5335	735.683	731.089
12.5454	735.293	730.697
12.5573	734.902	730.304
12.5693	734.511	729.912
12.5812	734.119	729.519
12.5931	733.728	729.126
12.6051	733.336	728.733
12.617	732.945	728.34
12.6289	732.553	727.947
12.6409	732.161	727.554
12.6528	731.769	727.161
12.6648	731.377	726.767
12.6767	730.985	726.374
12.6886	730.592	725.98
12.7006	730.2	725.586
12.7125	729.807	725.192
12.7244	729.414	724.799
12.7364	729.022	724.405
12.7483	728.629	724.011
12.7602	728.236	723.616
12.7722	727.842	723.222
12.7841	727.449	722.828
12.7961	727.056	722.433
12.808	726.662	722.039
12.8199	726.269	721.644
12.8319	725.875	721.25
12.8438	725.482	720.855
12.8557	725.088	720.46
12.8677	724.694	720.066
12.8796	724.3	719.671
12.8916	723.906	719.276
12.9035	723.512	718.881
12.9154	723.117	718.486
12.9274	722.723	718.091
12.9393	722.329	717.695
12.9512	721.934	717.3
12.9632	721.54	716.905
12.9751	721.145	716.509
12.987	720.75	716.114
12.999	720.356	715.718
13.0109	719.961	715.323
13.0229	719.566	714.927
13.0348	719.171	714.532
13.0467	718.776	714.136
13.0587	718.381	713.74
13.0706	717.986	713.345
13.0825	717.59	712.949
13.0945	717.195	712.553
13.1064	716.8	712.157
13.1183	716.404	711.761
13.1303	716.009	711.365
13.1422	715.613	710.969
13.1542	715.218	710.573
13.1661	714.822	710.177
13.178	714.427	709.781
13.19	714.031	709.385
13.2019	713.635	708.989
13.2138	713.239	708.593
13.2258	712.844	708.197
13.2377	712.448	707.8
13.2496	712.052	707.404
13.2616	711.656	707.008
13.2735	711.26	706.611
13.2855	710.864	706.215
13.2974	710.468	705.819
13.3093	710.072	705.422
13.3213	709.676	705.026
13.3332	709.28	704.63
13.3451	708.883	704.233
13.3571	708.487	703.837
13.369	708.091	703.44
13.381	707.695	703.044
13.3929	707.298	702.648
13.4048	706.902	702.251
13.4168	706.506	701.855
13.4287	706.11	701.458
13.4406	705.713	701.062
13.4526	705.317	700.665
13.4645	704.92	700.269
13.4764	704.524	699.872
13.4884	704.128	699.476
13.5003	703.731	699.079
13.5123	703.335	698.683
13.5242	702.938	698.286
13.5361	702.542	697.89
13.5481	702.145	697.493
13.56	701.749	697.097
13.5719	701.352	696.7
13.5839	700.956	696.304
13.5958	700.559	695.907
13.6077	700.163	695.511
13.6197	699.766	695.114
13.6316	699.37	694.718
13.6436	698.973	694.321
13.6555	698.576	693.925
13.6674	698.18	693.528
13.6794	697.783	693.132
13.6913	697.387	692.735
13.7032	696.99	692.339
13.7152	696.594	691.943
13.7271	696.197	691.546
13.7391	695.801	691.15
13.751	695.404	690.754
13.7629	695.008	690.357
13.7749	694.611	689.961
13.7868	694.215	689.565
13.7987	693.818	689.168
13.8107	693.422	688.772
13.8226	693.025	688.376
13.8345	692.629	687.979
13.8465	692.232	687.583
13.8584	691.836	687.187
13.8704	691.439	686.791
13.8823	691.043	686.395
13.8942	690.647	685.999
13.9062	690.25	685.602
13.9181	689.854	685.206
13.93	689.457	684.81
13.942	689.061	684.414
13.9539	688.665	684.018
13.9658	688.269	683.622
13.9778	687.872	683.226
13.9897	687.476	682.83
14.0017	687.08	682.434
14.0136	686.684	682.039
14.0255	686.287	681.643
14.0375	685.891	681.247
14.0494	685.495	680.851
14.0613	685.099	680.455
14.0733	684.703	680.06
14.0852	684.307	679.664
14.0971	683.911	679.268
14.1091	683.515	678.872
14.121	683.119	678.477
14.133	682.723	678.081
14.1449	682.327	677.686
14.1568	681.931	677.29
14.1688	681.535	676.895
14.1807	681.139	676.499
14.1926	680.743	676.104
14.2046	680.347	675.708
14.2165	679.952	675.313
14.2285	679.556	674.918
14.2404	679.16	674.522
14.2523	678.764	674.127
14.2643	678.369	673.732
14.2762	677.973	673.337
14.2881	677.578	672.942
14.3001	677.182	672.546
14.312	676.786	672.151
14.3239	676.391	671.756
14.3359	675.995	671.361
14.3478	675.6	670.966
14.3598	675.205	670.571
14.3717	674.809	670.177
14.3836	674.414	669.782
14.3956	674.019	669.387
14.4075	673.623	668.992
14.4194	673.228	668.597
14.4314	672.833	668.203
14.4433	672.438	667.808
14.4552	672.043	667.413
14.4672	671.648	667.019
14.4791	671.253	666.624
14.4911	670.858	666.23
14.503	670.463	665.835
14.5149	670.068	665.441
14.5269	669.673	665.046
14.5388	669.278	664.652
14.5507	668.883	664.258
14.5627	668.488	663.863
14.5746	668.094	663.469
14.5866	667.699	663.075
14.5985	667.304	662.681
14.6104	666.91	662.287
14.6224	666.515	661.893
14.6343	666.12	661.499
14.6462	665.726	661.105
14.6582	665.331	660.711
14.6701	664.937	660.317
14.682	664.543	659.923
14.694	664.148	659.529
14.7059	663.754	659.135
14.7179	663.36	658.741
14.7298	662.965	658.348
14.7417	662.571	657.954
14.7537	662.177	657.56
14.7656	661.783	657.167
14.7775	661.389	656.773
14.7895	660.995	656.38
14.8014	660.601	655.986
14.8133	660.207	655.593
14.8253	659.813	655.2
14.8372	659.419	654.806
14.8492	659.025	654.413
14.8611	658.632	654.02
14.873	658.238	653.626
14.885	657.844	653.233
14.8969	657.451	652.84
14.9088	657.057	652.447
14.9208	656.663	652.054
14.9327	656.27	651.661
14.9446	655.876	651.268
14.9566	655.483	650.875
14.9685	655.089	650.482
14.9805	654.696	650.089
14.9924	654.303	649.696
15.0043	653.909	649.304
15.0163	653.516	648.911
15.0282	653.123	648.518
15.0401	652.73	648.126
15.0521	652.337	647.733
15.064	651.944	647.34
15.076	651.551	646.948
15.0879	651.158	646.555
15.0998	650.765	646.163
15.1118	650.372	645.77
15.1237	649.979	645.378
15.1356	649.586	644.986
15.1476	649.193	644.593
15.1595	648.8	644.201
15.1714	648.408	643.809
15.1834	648.015	643.417
15.1953	647.622	643.025
15.2073	647.23	642.633
15.2192	646.837	642.24
15.2311	646.445	641.848
15.2431	646.052	641.456
15.255	645.66	641.064
15.2669	645.267	640.673
15.2789	644.875	640.281
15.2908	644.483	639.889
15.3027	644.09	639.497
15.3147	643.698	639.105
15.3266	643.306	638.713
15.3386	642.914	638.322
15.3505	642.522	637.93
15.3624	642.129	637.538
15.3744	641.737	637.147
15.3863	641.345	636.755
15.3982	640.953	636.364
15.4102	640.561	635.972
15.4221	640.169	635.581
15.4341	639.778	635.189
15.446	639.386	634.798
15.4579	638.994	634.407
15.4699	638.602	634.015
15.4818	638.21	633.624
15.4937	637.819	633.233
15.5057	637.427	632.842
15.5176	637.036	632.45
15.5295	636.644	632.059
15.5415	636.252	631.668
15.5534	635.861	631.277
15.5654	635.469	630.886
15.5773	635.078	630.495
15.5892	634.687	630.104
15.6012	634.295	629.713
15.6131	633.904	629.322
15.625	633.513	628.931
15.637	633.121	628.54
15.6489	632.73	628.15
15.6608	632.339	627.759
15.6728	631.948	627.368
15.6847	631.557	626.977
15.6967	631.165	626.587
15.7086	630.774	626.196
15.7205	630.383	625.805
15.7325	629.992	625.415
15.7444	629.601	625.024
15.7563	629.21	624.633
15.7683	628.82	624.243
15.7802	628.429	623.852
15.7921	628.038	623.462
15.8041	627.647	623.072
15.816	627.256	622.681
15.828	626.866	622.291
15.8399	626.475	621.9
15.8518	626.084	621.51
15.8638	625.693	621.12
15.8757	625.303	620.729
15.8876	624.912	620.339
15.8996	624.522	619.949
15.9115	624.131	619.559
15.9235	623.741	619.169
15.9354	623.35	618.779
15.9473	622.96	618.388
15.9593	622.569	617.998
15.9712	622.179	617.608
15.9831	621.789	617.218
15.9951	621.398	616.828
16.007	621.008	616.438
16.0189	620.618	616.048
16.0309	620.227	615.658
16.0428	619.837	615.268
16.0548	619.447	614.878
16.0667	619.057	614.489
16.0786	618.667	614.099
16.0906	618.276	613.709
16.1025	617.886	613.319
16.1144	617.496	612.929
16.1264	617.106	612.54
16.1383	616.716	612.15
16.1502	616.326	611.76
16.1622	615.936	611.371
16.1741	615.546	610.981
16.1861	615.156	610.591
16.198	614.767	610.202
16.2099	614.377	609.812
16.2219	613.987	609.422
16.2338	613.597	609.033
16.2457	613.207	608.643
16.2577	612.817	608.254
16.2696	612.428	607.864
16.2816	612.038	607.475
16.2935	611.648	607.085
16.3054	611.259	606.696
16.3174	610.869	606.307
16.3293	610.479	605.917
16.3412	610.09	605.528
16.3532	609.7	605.138
16.3651	609.31	604.749
16.377	608.921	604.36
16.389	608.531	603.97
16.4009	608.142	603.581
16.4129	607.752	603.192
16.4248	607.363	602.803
16.4367	606.973	602.413
16.4487	606.584	602.024
16.4606	606.195	601.635
16.4725	605.805	601.246
16.4845	605.416	600.857
16.4964	605.026	600.468
16.5083	604.637	600.078
16.5203	604.248	599.689
16.5322	603.859	599.3
16.5442	603.469	598.911
16.5561	603.08	598.522
16.568	602.691	598.133
16.58	602.302	597.744
16.5919	601.912	597.355
16.6038	601.523	596.966
16.6158	601.134	596.577
16.6277	600.745	596.188
16.6396	600.356	595.799
16.6516	599.967	595.41
16.6635	599.577	595.021
16.6755	599.188	594.632
16.6874	598.799	594.243
16.6993	598.41	593.855
16.7113	598.021	593.466
16.7232	597.632	593.077
16.7351	597.243	592.688
16.7471	596.854	592.299
16.759	596.465	591.91
16.771	596.076	591.522
16.7829	595.687	591.133
16.7948	595.298	590.744
16.8068	594.909	590.355
16.8187	594.521	589.967
16.8306	594.132	589.578
16.8426	593.743	589.189
16.8545	593.354	588.8
16.8664	592.965	588.412
16.8784	592.576	588.023
16.8903	592.188	587.634
16.9023	591.799	587.246
16.9142	591.41	586.857
16.9261	591.021	586.469
16.9381	590.632	586.08
16.95	590.244	585.691
16.9619	589.855	585.303
16.9739	589.466	584.914
16.9858	589.078	584.526
16.9977	588.689	584.137
17.0097	588.3	583.749
17.0216	587.912	583.36
17.0336	587.523	582.972
17.0455	587.134	582.583
17.0574	586.746	582.195
17.0694	586.357	581.806
17.0813	585.969	581.418
17.0932	585.58	581.029
17.1052	585.191	580.641
17.1171	584.803	580.252
17.1291	584.414	579.864
17.141	584.026	579.475
17.1529	583.637	579.087
17.1649	583.249	578.699
17.1768	582.86	578.31
17.1887	582.472	577.922
17.2007	582.083	577.534
17.2126	581.695	577.145
17.2245	581.306	576.757
17.2365	580.918	576.369
17.2484	580.53	575.98
17.2604	580.141	575.592
17.2723	579.753	575.204
17.2842	579.364	574.816
17.2962	578.976	574.427
17.3081	578.588	574.039
17.32	578.199	573.651
17.332	577.811	573.263
17.3439	577.423	572.874
17.3558	577.034	572.486
17.3678	576.646	572.098
17.3797	576.258	571.71
17.3917	575.87	571.322
17.4036	575.481	570.934
17.4155	575.093	570.545
17.4275	574.705	570.157
17.4394	574.317	569.769
17.4513	573.928	569.381
17.4633	573.54	568.993
17.4752	573.152	568.605
17.4871	572.764	568.217
17.4991	572.376	567.829
17.511	571.988	567.441
17.523	571.599	567.053
17.5349	571.211	566.665
17.5468	570.823	566.277
17.5588	570.435	565.889
17.5707	570.047	565.501
17.5826	569.659	565.113
17.5946	569.271	564.725
17.6065	568.883	564.337
17.6185	568.495	563.949
17.6304	568.107	563.561
17.6423	567.719	563.173
17.6543	567.331	562.786
17.6662	566.943	562.398
17.6781	566.555	562.01
17.6901	566.167	561.622
17.702	565.779	561.234
17.7139	565.391	560.846
17.7259	565.003	560.459
17.7378	564.615	560.071
17.7498	564.227	559.683
17.7617	563.839	559.295
17.7736	563.451	558.908
17.7856	563.064	558.52
17.7975	562.676	558.132
17.8094	562.288	557.744
17.8214	561.9	557.357
17.8333	561.512	556.969
17.8452	561.125	556.582
17.8572	560.737	556.194
17.8691	560.349	555.806
17.8811	559.961	555.419
17.893	559.574	555.031
17.9049	559.186	554.644
17.9169	558.798	554.256
17.9288	558.411	553.869
17.9407	558.023	553.481
17.9527	557.635	553.094
17.9646	557.248	552.706
17.9766	556.86	552.319
17.9885	556.472	551.931
18.0004	556.085	551.544
18.0124	555.697	551.156
18.0243	555.31	550.769
18.0362	554.922	550.382
18.0482	554.535	549.994
18.0601	554.147	549.607
18.072	553.76	549.22
18.084	553.372	548.833
18.0959	552.985	548.445
18.1079	552.597	548.058
18.1198	552.21	547.671
18.1317	551.823	547.284
18.1437	551.435	546.897
18.1556	551.048	546.509
18.1675	550.661	546.122
18.1795	550.273	545.735
18.1914	549.886	545.348
18.2033	549.499	544.961
18.2153	549.112	544.574
18.2272	548.724	544.187
18.2392	548.337	543.8
18.2511	547.95	543.413
18.263	547.563	543.026
18.275	547.176	542.639
18.2869	546.789	542.253
18.2988	546.402	541.866
18.3108	546.014	541.479
18.3227	545.627	541.092
18.3346	545.24	540.705
18.3466	544.853	540.319
18.3585	544.466	539.932
18.3705	544.08	539.545
18.3824	543.693	539.159
18.3943	543.306	538.772
18.4063	542.919	538.385
18.4182	542.532	537.999
18.4301	542.145	537.612
18.4421	541.758	537.226
18.454	541.372	536.839
18.466	540.985	536.453
18.4779	540.598	536.066
18.4898	540.212	535.68
18.5018	539.825	535.294
18.5137	539.438	534.907
18.5256	539.052	534.521
18.5376	538.665	534.135
18.5495	538.279	533.749
18.5614	537.892	533.362
18.5734	537.506	532.976
18.5853	537.119	532.59
18.5973	536.733	532.204
18.6092	536.346	531.818
18.6211	535.96	531.432
18.6331	535.574	531.046
18.645	535.187	530.66
18.6569	534.801	530.274
18.6689	534.415	529.888
18.6808	534.029	529.502
18.6927	533.643	529.117
18.7047	533.256	528.731
18.7166	532.87	528.345
18.7286	532.484	527.96
18.7405	532.098	527.574
18.7524	531.712	527.188
18.7644	531.326	526.803
18.7763	530.94	526.417
18.7882	530.555	526.032
18.8002	530.169	525.646
18.8121	529.783	525.261
18.8241	529.397	524.876
18.836	529.011	524.49
18.8479	528.626	524.105
18.8599	528.24	523.72
18.8718	527.855	523.335
18.8837	527.469	522.95
18.8957	527.084	522.565
18.9076	526.698	522.18
18.9195	526.313	521.795
18.9315	525.927	521.41
18.9434	525.542	521.025
18.9554	525.157	520.64
18.9673	524.771	520.255
18.9792	524.386	519.871
18.9912	524.001	519.486
19.0031	523.616	519.102
19.015	523.231	518.717
19.027	522.846	518.332
19.0389	522.461	517.948
19.0508	522.076	517.564
19.0628	521.691	517.179
19.0747	521.306	516.795
19.0867	520.921	516.411
19.0986	520.537	516.027
19.1105	520.152	515.643
19.1225	519.767	515.258
19.1344	519.383	514.874
19.1463	518.998	514.491
19.1583	518.614	514.107
19.1702	518.229	513.723
19.1821	517.845	513.339
19.1941	517.461	512.955
19.206	517.076	512.572
19.218	516.692	512.188
19.2299	516.308	511.805
19.2418	515.924	511.421
19.2538	515.54	511.038
19.2657	515.156	510.655
19.2776	514.772	510.271
19.2896	514.388	509.888
19.3015	514.004	509.505
19.3135	513.621	509.122
19.3254	513.237	508.739
19.3373	512.853	508.356
19.3493	512.47	507.973
19.3612	512.086	507.59
19.3731	511.703	507.208
19.3851	511.32	506.825
19.397	510.936	506.443
19.4089	510.553	506.06
19.4209	510.17	505.678
19.4328	509.787	505.295
19.4448	509.404	504.913
19.4567	509.021	504.531
19.4686	508.638	504.149
19.4806	508.255	503.767
19.4925	507.872	503.385
19.5044	507.49	503.003
19.5164	507.107	502.621
19.5283	506.725	502.24
19.5402	506.342	501.858
19.5522	505.96	501.476
19.5641	505.577	501.095
19.5761	505.195	500.714
19.588	504.813	500.332
19.5999	504.431	499.951
19.6119	504.049	499.57
19.6238	503.667	499.189
19.6357	503.285	498.808
19.6477	502.903	498.427
19.6596	502.522	498.046
19.6716	502.14	497.666
19.6835	501.759	497.285
19.6954	501.377	496.904
19.7074	500.996	496.524
19.7193	500.614	496.144
19.7312	500.233	495.763
19.7432	499.852	495.383
19.7551	499.471	495.003
19.767	499.09	494.623
19.779	498.709	494.244
19.7909	498.329	493.864
19.8029	497.948	493.484
19.8148	497.567	493.105
19.8267	497.187	492.725
19.8387	496.806	492.346
19.8506	496.426	491.967
19.8625	496.046	491.587
19.8745	495.666	491.208
19.8864	495.286	490.829
19.8983	494.906	490.451
19.9103	494.526	490.072
19.9222	494.146	489.693
19.9342	493.767	489.315
19.9461	493.387	488.936
19.958	493.008	488.558
19.97	492.628	488.18
19.9819	492.249	487.802
19.9938	491.87	487.424
20.0058	491.491	487.046
20.0177	491.112	486.668
20.0296	490.733	486.29
20.0416	490.354	485.913
20.0535	489.976	485.536
20.0655	489.597	485.158
20.0774	489.219	484.781
20.0893	488.841	484.404
20.1013	488.462	484.027
20.1132	488.084	483.65
20.1251	487.706	483.274
20.1371	487.328	482.897
20.149	486.951	482.521
20.161	486.573	482.144
20.1729	486.196	481.768
20.1848	485.818	481.392
20.1968	485.441	481.016
20.2087	485.064	480.64
20.2206	484.687	480.265
20.2326	484.31	479.889
20.2445	483.933	479.514
20.2564	483.556	479.138
20.2684	483.18	478.763
20.2803	482.803	478.388
20.2923	482.427	478.013
20.3042	482.051	477.639
20.3161	481.675	477.264
20.3281	481.299	476.89
20.34	480.923	476.515
20.3519	480.547	476.141
20.3639	480.172	475.767
20.3758	479.796	475.393
20.3877	479.421	475.019
20.3997	479.046	474.646
20.4116	478.671	474.272
20.4236	478.296	473.899
20.4355	477.921	473.526
20.4474	477.547	473.153
20.4594	477.172	472.78
20.4713	476.798	472.407
20.4832	476.424	472.034
20.4952	476.049	471.662
20.5071	475.676	471.29
20.5191	475.302	470.917
20.531	474.928	470.545
20.5429	474.555	470.174
20.5549	474.181	469.802
20.5668	473.808	469.43
20.5787	473.435	469.059
20.5907	473.062	468.688
20.6026	472.689	468.317
20.6145	472.317	467.946
20.6265	471.944	467.575
20.6384	471.572	467.205
20.6504	471.2	466.834
20.6623	470.828	466.464
20.6742	470.456	466.094
20.6862	470.084	465.724
20.6981	469.713	465.354
20.71	469.341	464.985
20.722	468.97	464.616
20.7339	468.599	464.246
20.7458	468.228	463.877
20.7578	467.857	463.508
20.7697	467.487	463.14
20.7817	467.116	462.771
20.7936	466.746	462.403
20.8055	466.376	462.035
20.8175	466.006	461.667
20.8294	465.636	461.299
20.8413	465.267	460.931
20.8533	464.897	460.564
20.8652	464.528	460.197
20.8771	464.159	459.83
20.8891	463.79	459.463
20.901	463.422	459.096
20.913	463.053	458.73
20.9249	462.685	458.363
20.9368	462.316	457.997
20.9488	461.948	457.631
20.9607	461.581	457.266
20.9726	461.213	456.9
20.9846	460.846	456.535
20.9965	460.478	456.17
21.0085	460.111	455.805
21.0204	459.744	455.44
21.0323	459.378	455.076
21.0443	459.011	454.711
21.0562	458.645	454.347
21.0681	458.279	453.983
21.0801	457.913	453.619
21.092	457.547	453.256
21.1039	457.181	452.893
21.1159	456.816	452.53
21.1278	456.451	452.167
21.1398	456.086	451.804
21.1517	455.721	451.441
21.1636	455.356	451.079
21.1756	454.992	450.717
21.1875	454.628	450.355
21.1994	454.264	449.994
21.2114	453.9	449.632
21.2233	453.536	449.271
21.2352	453.173	448.91
21.2472	452.81	448.549
21.2591	452.447	448.189
21.2711	452.084	447.829
21.283	451.722	447.469
21.2949	451.359	447.109
21.3069	450.997	446.749
21.3188	450.635	446.39
21.3307	450.274	446.031
21.3427	449.912	445.672
21.3546	449.551	445.313
21.3666	449.19	444.954
21.3785	448.829	444.596
21.3904	448.469	444.238
21.4024	448.108	443.881
21.4143	447.748	443.523
21.4262	447.388	443.166
21.4382	447.029	442.809
21.4501	446.669	442.452
21.462	446.31	442.095
21.474	445.951	441.739
21.4859	445.592	441.383
21.4979	445.234	441.027
21.5098	444.875	440.672
21.5217	444.517	440.316
21.5337	444.159	439.961
21.5456	443.802	439.606
21.5575	443.444	439.252
21.5695	443.087	438.897
21.5814	442.73	438.543
21.5933	442.374	438.19
21.6053	442.017	437.836
21.6172	441.661	437.483
21.6292	441.305	437.13
21.6411	440.95	436.777
21.653	440.594	436.424
21.665	440.239	436.072
21.6769	439.884	435.72
21.6888	439.53	435.368
21.7008	439.175	435.017
21.7127	438.821	434.666
21.7246	438.467	434.315
21.7366	438.113	433.964
21.7485	437.76	433.614
21.7605	437.407	433.264
21.7724	437.054	432.914
21.7843	436.702	432.564
21.7963	436.349	432.215
21.8082	435.997	431.866
21.8201	435.645	431.517
21.8321	435.294	431.169
21.844	434.942	430.821
21.856	434.591	430.473
21.8679	434.241	430.125
21.8798	433.89	429.778
21.8918	433.54	429.431
21.9037	433.19	429.084
21.9156	432.84	428.738
21.9276	432.491	428.392
21.9395	432.142	428.046
21.9514	431.793	427.7
21.9634	431.445	427.355
21.9753	431.096	427.01
21.9873	430.748	426.666
21.9992	430.401	426.321
22.0111	430.053	425.977
22.0231	429.706	425.633
22.035	429.359	425.29
22.0469	429.013	424.947
22.0589	428.667	424.604
22.0708	428.321	424.261
22.0827	427.975	423.919
22.0947	427.63	423.577
22.1066	427.284	423.236
22.1186	426.94	422.894
22.1305	426.595	422.553
22.1424	426.251	422.213
22.1544	425.907	421.872
22.1663	425.563	421.532
22.1782	425.22	421.192
22.1902	424.877	420.853
22.2021	424.534	420.514
22.2141	424.192	420.175
22.226	423.85	419.837
22.2379	423.508	419.498
22.2499	423.167	419.161
22.2618	422.826	418.823
22.2737	422.485	418.486
22.2857	422.144	418.149
22.2976	421.804	417.813
22.3095	421.464	417.476
22.3215	421.125	417.141
22.3334	420.785	416.805
22.3454	420.447	416.47
22.3573	420.108	416.135
22.3692	419.77	415.801
22.3812	419.432	415.466
22.3931	419.094	415.133
22.405	418.757	414.799
22.417	418.42	414.466
22.4289	418.083	414.133
22.4408	417.747	413.801
22.4528	417.411	413.469
22.4647	417.075	413.137
22.4767	416.74	412.805
22.4886	416.405	412.474
22.5005	416.07	412.144
22.5125	415.736	411.813
22.5244	415.402	411.483
22.5363	415.068	411.154
22.5483	414.735	410.824
22.5602	414.402	410.496
22.5721	414.069	410.167
22.5841	413.737	409.839
22.596	413.405	409.511
22.608	413.074	409.183
22.6199	412.742	408.856
22.6318	412.411	408.529
22.6438	412.081	408.203
22.6557	411.751	407.877
22.6676	411.421	407.551
22.6796	411.091	407.226
22.6915	410.762	406.901
22.7035	410.434	406.577
22.7154	410.105	406.252
22.7273	409.777	405.929
22.7393	409.45	405.605
22.7512	409.122	405.282
22.7631	408.795	404.96
22.7751	408.469	404.637
22.787	408.142	404.315
22.7989	407.817	403.994
22.8109	407.491	403.673
22.8228	407.166	403.352
22.8348	406.841	403.031
22.8467	406.517	402.712
22.8586	406.193	402.392
22.8706	405.869	402.073
22.8825	405.546	401.754
22.8944	405.223	401.435
22.9064	404.901	401.117
22.9183	404.579	400.8
22.9302	404.257	400.482
22.9422	403.935	400.166
22.9541	403.615	399.849
22.9661	403.294	399.533
22.978	402.974	399.217
22.9899	402.654	398.902
23.0019	402.335	398.587
23.0138	402.015	398.273
23.0257	401.697	397.959
23.0377	401.379	397.645
23.0496	401.061	397.332
23.0616	400.743	397.019
23.0735	400.426	396.707
23.0854	400.109	396.395
23.0974	399.793	396.083
23.1093	399.477	395.772
23.1212	399.162	395.461
23.1332	398.847	395.151
23.1451	398.532	394.841
23.157	398.218	394.531
23.169	397.904	394.222
23.1809	397.59	393.914
23.1929	397.277	393.605
23.2048	396.965	393.297
23.2167	396.653	392.99
23.2287	396.341	392.683
23.2406	396.029	392.376
23.2525	395.718	392.07
23.2645	395.408	391.765
23.2764	395.098	391.459
23.2883	394.788	391.154
23.3003	394.478	390.85
23.3122	394.169	390.546
23.3242	393.861	390.242
23.3361	393.553	389.939
23.348	393.245	389.637
23.36	392.938	389.334
23.3719	392.631	389.032
23.3838	392.325	388.731
23.3958	392.019	388.43
23.4077	391.713	388.13
23.4196	391.408	387.83
23.4316	391.103	387.53
23.4435	390.799	387.231
23.4555	390.495	386.932
23.4674	390.192	386.634
23.4793	389.889	386.336
23.4913	389.587	386.039
23.5032	389.284	385.742
23.5151	388.983	385.445
23.5271	388.682	385.149
23.539	388.381	384.853
23.551	388.08	384.558
23.5629	387.781	384.264
23.5748	387.481	383.969
23.5868	387.182	383.676
23.5987	386.884	383.382
23.6106	386.585	383.089
23.6226	386.288	382.797
23.6345	385.991	382.505
23.6464	385.694	382.214
23.6584	385.397	381.923
23.6703	385.102	381.632
23.6823	384.806	381.342
23.6942	384.511	381.052
23.7061	384.217	380.763
23.7181	383.923	380.475
23.73	383.63	380.187
23.7419	383.337	379.9
23.7539	383.045	379.613
23.7658	382.754	379.328
23.7777	382.464	379.045
23.7897	382.178	378.765
23.8016	381.895	378.49
23.8136	381.62	378.224
23.8255	381.36	377.973
23.8374	381.127	377.749
23.8494	380.938	377.567
23.8613	380.813	377.447
23.8732	380.769	377.405
