0	821.234	831.707
0.0119366	821.126	831.664
0.0238732	820.905	831.554
0.0358099	820.678	831.405
0.0477465	820.45	831.234
0.0596831	820.222	831.05
0.0716197	819.993	830.859
0.0835563	819.763	830.664
0.095493	819.532	830.467
0.10743	819.301	830.268
0.119366	819.069	830.067
0.131303	818.836	829.866
0.143239	818.603	829.663
0.155176	818.369	829.461
0.167113	818.135	829.257
0.179049	817.9	829.053
0.190986	817.664	828.848
0.202923	817.428	828.642
0.214859	817.191	828.436
0.226796	816.954	828.23
0.238732	816.716	828.022
0.250669	816.477	827.814
0.262606	816.238	827.606
0.274542	815.998	827.397
0.286479	815.758	827.187
0.298416	815.517	826.976
0.310352	815.276	826.765
0.322289	815.033	826.554
0.334225	814.791	826.342
0.346162	814.547	826.129
0.358099	814.303	825.915
0.370035	814.059	825.701
0.381972	813.814	825.487
0.393908	813.568	825.271
0.405845	813.322	825.055
0.417782	813.075	824.839
0.429718	812.827	824.622
0.441655	812.579	824.404
0.453592	812.33	824.186
0.465528	812.081	823.967
0.477465	811.831	823.747
0.489401	811.581	823.527
0.501338	811.33	823.306
0.513275	811.078	823.085
0.525211	810.826	822.863
0.537148	810.573	822.64
0.549085	810.32	822.417
0.561021	810.066	822.193
0.572958	809.811	821.969
0.584894	809.556	821.744
0.596831	809.3	821.518
0.608768	809.044	821.292
0.620704	808.787	821.065
0.632641	808.53	820.838
0.644578	808.272	820.61
0.656514	808.013	820.381
0.668451	807.754	820.152
0.680387	807.494	819.922
0.692324	807.234	819.691
0.704261	806.973	819.46
0.716197	806.711	819.229
0.728134	806.449	818.996
0.74007	806.186	818.763
0.752007	805.923	818.53
0.763944	805.659	818.296
0.77588	805.395	818.061
0.787817	805.13	817.826
0.799754	804.864	817.59
0.81169	804.598	817.353
0.823627	804.331	817.116
0.835563	804.064	816.878
0.8475	803.796	816.64
0.859437	803.528	816.401
0.871373	803.259	816.162
0.88331	802.99	815.921
0.895247	802.719	815.681
0.907183	802.449	815.439
0.91912	802.178	815.197
0.931056	801.906	814.955
0.942993	801.633	814.712
0.95493	801.361	814.468
0.966866	801.087	814.224
0.978803	800.813	813.979
0.99074	800.538	813.733
1.00268	800.263	813.487
1.01461	799.988	813.241
1.02655	799.711	812.993
1.03849	799.435	812.745
1.05042	799.157	812.497
1.06236	798.879	812.248
1.0743	798.601	811.998
1.08623	798.322	811.748
1.09817	798.042	811.497
1.11011	797.762	811.246
1.12204	797.481	810.994
1.13398	797.2	810.741
1.14592	796.919	810.488
1.15785	796.636	810.234
1.16979	796.353	809.98
1.18173	796.07	809.725
1.19366	795.786	809.469
1.2056	795.502	809.213
1.21754	795.217	808.956
1.22947	794.931	808.699
1.24141	794.645	808.441
1.25335	794.358	808.183
1.26528	794.071	807.923
1.27722	793.784	807.664
1.28916	793.495	807.404
1.30109	793.207	807.143
1.31303	792.917	806.881
1.32496	792.627	806.62
1.3369	792.337	806.357
1.34884	792.046	806.094
1.36077	791.755	805.83
1.37271	791.463	805.566
1.38465	791.17	805.301
1.39658	790.877	805.036
1.40852	790.584	804.77
1.42046	790.29	804.503
1.43239	789.995	804.236
1.44433	789.7	803.968
1.45627	789.405	803.7
1.4682	789.109	803.431
1.48014	788.812	803.162
1.49208	788.515	802.892
1.50401	788.217	802.621
1.51595	787.919	802.35
1.52789	787.62	802.079
1.53982	787.321	801.806
1.55176	787.022	801.534
1.5637	786.721	801.26
1.57563	786.421	800.986
1.58757	786.12	800.712
1.59951	785.818	800.437
1.61144	785.516	800.161
1.62338	785.213	799.885
1.63532	784.91	799.608
1.64725	784.606	799.331
1.65919	784.302	799.053
1.67113	783.997	798.775
1.68306	783.692	798.496
1.695	783.386	798.217
1.70694	783.08	797.937
1.71887	782.773	797.656
1.73081	782.466	797.375
1.74275	782.159	797.093
1.75468	781.85	796.811
1.76662	781.542	796.528
1.77856	781.233	796.245
1.79049	780.923	795.961
1.80243	780.613	795.677
1.81437	780.302	795.392
1.8263	779.991	795.106
1.83824	779.68	794.82
1.85018	779.368	794.534
1.86211	779.055	794.247
1.87405	778.742	793.959
1.88599	778.429	793.671
1.89792	778.115	793.382
1.90986	777.801	793.093
1.9218	777.486	792.803
1.93373	777.171	792.513
1.94567	776.855	792.222
1.95761	776.539	791.931
1.96954	776.222	791.639
1.98148	775.905	791.346
1.99342	775.587	791.054
2.00535	775.269	790.76
2.01729	774.951	790.466
2.02923	774.632	790.172
2.04116	774.312	789.877
2.0531	773.992	789.581
2.06504	773.672	789.285
2.07697	773.351	788.988
2.08891	773.03	788.691
2.10085	772.708	788.394
2.11278	772.386	788.096
2.12472	772.063	787.797
2.13666	771.74	787.498
2.14859	771.417	787.198
2.16053	771.093	786.898
2.17246	770.769	786.597
2.1844	770.444	786.296
2.19634	770.118	785.994
2.20827	769.793	785.692
2.22021	769.467	785.389
2.23215	769.14	785.086
2.24408	768.813	784.783
2.25602	768.486	784.478
2.26796	768.158	784.174
2.27989	767.83	783.868
2.29183	767.501	783.563
2.30377	767.172	783.257
2.3157	766.842	782.95
2.32764	766.512	782.643
2.33958	766.182	782.335
2.35151	765.851	782.027
2.36345	765.52	781.718
2.37539	765.188	781.409
2.38732	764.856	781.099
2.39926	764.524	780.789
2.4112	764.191	780.479
2.42313	763.858	780.168
2.43507	763.524	779.856
2.44701	763.19	779.544
2.45894	762.855	779.232
2.47088	762.52	778.919
2.48282	762.185	778.605
2.49475	761.849	778.291
2.50669	761.513	777.977
2.51863	761.177	777.662
2.53056	760.84	777.347
2.5425	760.503	777.031
2.55444	760.165	776.714
2.56637	759.827	776.398
2.57831	759.488	776.08
2.59025	759.149	775.763
2.60218	758.81	775.445
2.61412	758.471	775.126
2.62606	758.131	774.807
2.63799	757.79	774.487
2.64993	757.449	774.168
2.66187	757.108	773.847
2.6738	756.767	773.526
2.68574	756.425	773.205
2.69768	756.082	772.883
2.70961	755.74	772.561
2.72155	755.397	772.238
2.73349	755.053	771.915
2.74542	754.709	771.591
2.75736	754.365	771.267
2.7693	754.021	770.943
2.78123	753.676	770.618
2.79317	753.331	770.293
2.80511	752.985	769.967
2.81704	752.639	769.641
2.82898	752.293	769.314
2.84092	751.946	768.987
2.85285	751.599	768.66
2.86479	751.252	768.332
2.87673	750.904	768.003
2.88866	750.556	767.674
2.9006	750.207	767.345
2.91254	749.859	767.016
2.92447	749.509	766.686
2.93641	749.16	766.355
2.94835	748.81	766.024
2.96028	748.46	765.693
2.97222	748.109	765.361
2.98416	747.759	765.029
2.99609	747.407	764.696
3.00803	747.056	764.363
3.01997	746.704	764.03
3.0319	746.352	763.696
3.04384	745.999	763.362
3.05577	745.647	763.027
3.06771	745.293	762.692
3.07965	744.94	762.357
3.09158	744.586	762.021
3.10352	744.232	761.685
3.11546	743.877	761.348
3.12739	743.523	761.011
3.13933	743.168	760.674
3.15127	742.812	760.336
3.1632	742.456	759.997
3.17514	742.1	759.659
3.18708	741.744	759.32
3.19901	741.387	758.98
3.21095	741.03	758.641
3.22289	740.673	758.3
3.23482	740.315	757.96
3.24676	739.957	757.619
3.2587	739.599	757.278
3.27063	739.241	756.936
3.28257	738.882	756.594
3.29451	738.523	756.251
3.30644	738.163	755.909
3.31838	737.804	755.565
3.33032	737.444	755.222
3.34225	737.083	754.878
3.35419	736.723	754.534
3.36613	736.362	754.189
3.37806	736.001	753.844
3.39	735.639	753.498
3.40194	735.278	753.153
3.41387	734.916	752.806
3.42581	734.553	752.46
3.43775	734.191	752.113
3.44968	733.828	751.766
3.46162	733.465	751.418
3.47356	733.101	751.07
3.48549	732.738	750.722
3.49743	732.374	750.373
3.50937	732.009	750.025
3.5213	731.645	749.675
3.53324	731.28	749.326
3.54518	730.915	748.976
3.55711	730.55	748.625
3.56905	730.184	748.274
3.58099	729.818	747.923
3.59292	729.452	747.572
3.60486	729.086	747.22
3.6168	728.719	746.868
3.62873	728.353	746.516
3.64067	727.985	746.163
3.65261	727.618	745.81
3.66454	727.251	745.457
3.67648	726.883	745.103
3.68842	726.515	744.749
3.70035	726.146	744.395
3.71229	725.778	744.04
3.72423	725.409	743.685
3.73616	725.04	743.33
3.7481	724.67	742.974
3.76004	724.301	742.618
3.77197	723.931	742.262
3.78391	723.561	741.905
3.79585	723.191	741.548
3.80778	722.82	741.191
3.81972	722.449	740.834
3.83166	722.078	740.476
3.84359	721.707	740.118
3.85553	721.336	739.759
3.86747	720.964	739.401
3.8794	720.592	739.042
3.89134	720.22	738.682
3.90327	719.848	738.323
3.91521	719.475	737.963
3.92715	719.102	737.602
3.93908	718.729	737.242
3.95102	718.356	736.881
3.96296	717.983	736.52
3.97489	717.609	736.159
3.98683	717.235	735.797
3.99877	716.861	735.435
4.0107	716.487	735.073
4.02264	716.112	734.71
4.03458	715.738	734.347
4.04651	715.363	733.984
4.05845	714.988	733.621
4.07039	714.612	733.257
4.08232	714.237	732.893
4.09426	713.861	732.529
4.1062	713.485	732.165
4.11813	713.109	731.8
4.13007	712.733	731.435
4.14201	712.356	731.07
4.15394	711.98	730.704
4.16588	711.603	730.338
4.17782	711.226	729.972
4.18975	710.848	729.606
4.20169	710.471	729.239
4.21363	710.093	728.873
4.22556	709.715	728.506
4.2375	709.337	728.138
4.24944	708.959	727.771
4.26137	708.581	727.403
4.27331	708.202	727.035
4.28525	707.824	726.666
4.29718	707.445	726.298
4.30912	707.066	725.929
4.32106	706.686	725.56
4.33299	706.307	725.19
4.34493	705.927	724.821
4.35687	705.548	724.451
4.3688	705.168	724.081
4.38074	704.788	723.711
4.39268	704.407	723.34
4.40461	704.027	722.969
4.41655	703.646	722.598
4.42849	703.266	722.227
4.44042	702.885	721.855
4.45236	702.504	721.484
4.4643	702.123	721.112
4.47623	701.741	720.74
4.48817	701.36	720.367
4.50011	700.978	719.995
4.51204	700.596	719.622
4.52398	700.214	719.249
4.53592	699.832	718.876
4.54785	699.45	718.502
4.55979	699.067	718.128
4.57173	698.685	717.755
4.58366	698.302	717.38
4.5956	697.919	717.006
4.60754	697.536	716.632
4.61947	697.153	716.257
4.63141	696.77	715.882
4.64335	696.386	715.507
4.65528	696.003	715.131
4.66722	695.619	714.756
4.67916	695.235	714.38
4.69109	694.851	714.004
4.70303	694.467	713.628
4.71497	694.083	713.251
4.7269	693.698	712.875
4.73884	693.314	712.498
4.75078	692.929	712.121
4.76271	692.545	711.744
4.77465	692.16	711.367
4.78658	691.775	710.989
4.79852	691.389	710.612
4.81046	691.004	710.234
4.82239	690.619	709.856
4.83433	690.233	709.477
4.84627	689.848	709.099
4.8582	689.462	708.72
4.87014	689.076	708.341
4.88208	688.69	707.962
4.89401	688.304	707.583
4.90595	687.918	707.204
4.91789	687.532	706.824
4.92982	687.145	706.445
4.94176	686.759	706.065
4.9537	686.372	705.685
4.96563	685.985	705.305
4.97757	685.599	704.924
4.98951	685.212	704.544
5.00144	684.825	704.163
5.01338	684.438	703.782
5.02532	684.05	703.401
5.03725	683.663	703.02
5.04919	683.276	702.639
5.06113	682.888	702.257
5.07306	682.5	701.876
5.085	682.113	701.494
5.09694	681.725	701.112
5.10887	681.337	700.73
5.12081	680.949	700.348
5.13275	680.561	699.965
5.14468	680.173	699.583
5.15662	679.784	699.2
5.16856	679.396	698.817
5.18049	679.007	698.434
5.19243	678.619	698.051
5.20437	678.23	697.668
5.2163	677.842	697.284
5.22824	677.453	696.901
5.24018	677.064	696.517
5.25211	676.675	696.133
5.26405	676.286	695.749
5.27599	675.897	695.365
5.28792	675.508	694.981
5.29986	675.118	694.596
5.3118	674.729	694.212
5.32373	674.34	693.827
5.33567	673.95	693.443
5.34761	673.56	693.058
5.35954	673.171	692.673
5.37148	672.781	692.288
5.38342	672.391	691.902
5.39535	672.001	691.517
5.40729	671.612	691.131
5.41923	671.222	690.746
5.43116	670.832	690.36
5.4431	670.441	689.974
5.45504	670.051	689.588
5.46697	669.661	689.202
5.47891	669.271	688.816
5.49085	668.88	688.43
5.50278	668.49	688.043
5.51472	668.099	687.657
5.52666	667.709	687.27
5.53859	667.318	686.883
5.55053	666.928	686.496
5.56247	666.537	686.109
5.5744	666.146	685.722
5.58634	665.755	685.335
5.59828	665.364	684.948
5.61021	664.974	684.56
5.62215	664.583	684.173
5.63408	664.192	683.785
5.64602	663.8	683.397
5.65796	663.409	683.01
5.66989	663.018	682.622
5.68183	662.627	682.234
5.69377	662.236	681.846
5.7057	661.844	681.458
5.71764	661.453	681.069
5.72958	661.062	680.681
5.74151	660.67	680.293
5.75345	660.279	679.904
5.76539	659.887	679.515
5.77732	659.496	679.127
5.78926	659.104	678.738
5.8012	658.712	678.349
5.81313	658.321	677.96
5.82507	657.929	677.571
5.83701	657.537	677.182
5.84894	657.145	676.793
5.86088	656.754	676.403
5.87282	656.362	676.014
5.88475	655.97	675.625
5.89669	655.578	675.235
5.90863	655.186	674.845
5.92056	654.794	674.456
5.9325	654.402	674.066
5.94444	654.01	673.676
5.95637	653.618	673.286
5.96831	653.226	672.896
5.98025	652.834	672.506
5.99218	652.442	672.116
6.00412	652.049	671.726
6.01606	651.657	671.336
6.02799	651.265	670.946
6.03993	650.873	670.555
6.05187	650.481	670.165
6.0638	650.088	669.774
6.07574	649.696	669.384
6.08768	649.304	668.993
6.09961	648.911	668.603
6.11155	648.519	668.212
6.12349	648.127	667.821
6.13542	647.734	667.43
6.14736	647.342	667.039
6.1593	646.949	666.648
6.17123	646.557	666.257
6.18317	646.164	665.866
6.19511	645.772	665.475
6.20704	645.379	665.084
6.21898	644.987	664.693
6.23092	644.594	664.302
6.24285	644.202	663.91
6.25479	643.809	663.519
6.26673	643.417	663.128
6.27866	643.024	662.736
6.2906	642.632	662.345
6.30254	642.239	661.953
6.31447	641.847	661.562
6.32641	641.454	661.17
6.33835	641.061	660.778
6.35028	640.669	660.387
6.36222	640.276	659.995
6.37416	639.884	659.603
6.38609	639.491	659.211
6.39803	639.099	658.819
6.40997	638.706	658.427
6.4219	638.313	658.036
6.43384	637.921	657.644
6.44578	637.528	657.252
6.45771	637.135	656.86
6.46965	636.743	656.467
6.48159	636.35	656.075
6.49352	635.958	655.683
6.50546	635.565	655.291
6.51739	635.172	654.899
6.52933	634.78	654.507
6.54127	634.387	654.114
6.5532	633.995	653.722
6.56514	633.602	653.33
6.57708	633.21	652.938
6.58901	632.817	652.545
6.60095	632.424	652.153
6.61289	632.032	651.76
6.62482	631.639	651.368
6.63676	631.247	650.976
6.6487	630.854	650.583
6.66063	630.462	650.191
6.67257	630.069	649.798
6.68451	629.677	649.406
6.69644	629.284	649.013
6.70838	628.892	648.62
6.72032	628.499	648.228
6.73225	628.107	647.835
6.74419	627.714	647.443
6.75613	627.322	647.05
6.76806	626.93	646.657
6.78	626.537	646.265
6.79194	626.145	645.872
6.80387	625.753	645.479
6.81581	625.36	645.087
6.82775	624.968	644.694
6.83968	624.576	644.301
6.85162	624.183	643.909
6.86356	623.791	643.516
6.87549	623.399	643.123
6.88743	623.006	642.73
6.89937	622.614	642.338
6.9113	622.222	641.945
6.92324	621.83	641.552
6.93518	621.438	641.159
6.94711	621.045	640.767
6.95905	620.653	640.374
6.97099	620.261	639.981
6.98292	619.869	639.588
6.99486	619.477	639.195
7.0068	619.085	638.803
7.01873	618.693	638.41
7.03067	618.301	638.017
7.04261	617.909	637.624
7.05454	617.517	637.231
7.06648	617.125	636.839
7.07842	616.733	636.446
7.09035	616.341	636.053
7.10229	615.95	635.66
7.11423	615.558	635.268
7.12616	615.166	634.875
7.1381	614.774	634.482
7.15004	614.382	634.089
7.16197	613.991	633.697
7.17391	613.599	633.304
7.18585	613.207	632.911
7.19778	612.816	632.518
7.20972	612.424	632.126
7.22166	612.033	631.733
7.23359	611.641	631.34
7.24553	611.25	630.947
7.25747	610.858	630.555
7.2694	610.467	630.162
7.28134	610.075	629.769
7.29328	609.684	629.377
7.30521	609.292	628.984
7.31715	608.901	628.592
7.32909	608.51	628.199
7.34102	608.118	627.806
7.35296	607.727	627.414
7.36489	607.336	627.021
7.37683	606.945	626.629
7.38877	606.554	626.236
7.4007	606.163	625.844
7.41264	605.772	625.451
7.42458	605.38	625.059
7.43651	604.989	624.666
7.44845	604.598	624.274
7.46039	604.208	623.881
7.47232	603.817	623.489
7.48426	603.426	623.096
7.4962	603.035	622.704
7.50813	602.644	622.312
7.52007	602.253	621.919
7.53201	601.863	621.527
7.54394	601.472	621.135
7.55588	601.081	620.742
7.56782	600.691	620.35
7.57975	600.3	619.958
7.59169	599.909	619.566
7.60363	599.519	619.173
7.61556	599.128	618.781
7.6275	598.738	618.389
7.63944	598.348	617.997
7.65137	597.957	617.605
7.66331	597.567	617.213
7.67525	597.177	616.821
7.68718	596.786	616.429
7.69912	596.396	616.037
7.71106	596.006	615.645
7.72299	595.616	615.253
7.73493	595.226	614.861
7.74687	594.836	614.469
7.7588	594.446	614.077
7.77074	594.056	613.685
7.78268	593.666	613.294
7.79461	593.276	612.902
7.80655	592.886	612.51
7.81849	592.496	612.118
7.83042	592.106	611.727
7.84236	591.716	611.335
7.8543	591.327	610.943
7.86623	590.937	610.552
7.87817	590.547	610.16
7.89011	590.158	609.769
7.90204	589.768	609.377
7.91398	589.379	608.986
7.92592	588.989	608.594
7.93785	588.6	608.203
7.94979	588.21	607.812
7.96173	587.821	607.42
7.97366	587.432	607.029
7.9856	587.042	606.638
7.99754	586.653	606.246
8.00947	586.264	605.855
8.02141	585.875	605.464
8.03335	585.486	605.073
8.04528	585.097	604.682
8.05722	584.708	604.291
8.06916	584.319	603.9
8.08109	583.93	603.509
8.09303	583.541	603.118
8.10497	583.152	602.727
8.1169	582.763	602.336
8.12884	582.374	601.945
8.14078	581.985	601.554
8.15271	581.597	601.163
8.16465	581.208	600.773
8.17659	580.819	600.382
8.18852	580.431	599.991
8.20046	580.042	599.601
8.2124	579.654	599.21
8.22433	579.265	598.82
8.23627	578.877	598.429
8.2482	578.488	598.039
8.26014	578.1	597.648
8.27208	577.712	597.258
8.28401	577.323	596.867
8.29595	576.935	596.477
8.30789	576.547	596.087
8.31982	576.159	595.696
8.33176	575.771	595.306
8.3437	575.383	594.916
8.35563	574.994	594.526
8.36757	574.606	594.136
8.37951	574.218	593.746
8.39144	573.831	593.356
8.40338	573.443	592.966
8.41532	573.055	592.576
8.42725	572.667	592.186
8.43919	572.279	591.796
8.45113	571.891	591.406
8.46306	571.504	591.016
8.475	571.116	590.627
8.48694	570.729	590.237
8.49887	570.341	589.847
8.51081	569.953	589.458
8.52275	569.566	589.068
8.53468	569.178	588.678
8.54662	568.791	588.289
8.55856	568.404	587.899
8.57049	568.016	587.51
8.58243	567.629	587.121
8.59437	567.242	586.731
8.6063	566.854	586.342
8.61824	566.467	585.953
8.63018	566.08	585.564
8.64211	565.693	585.174
8.65405	565.306	584.785
8.66599	564.919	584.396
8.67792	564.532	584.007
8.68986	564.145	583.618
8.7018	563.758	583.229
8.71373	563.371	582.84
8.72567	562.984	582.451
8.73761	562.597	582.062
8.74954	562.21	581.674
8.76148	561.823	581.285
8.77342	561.437	580.896
8.78535	561.05	580.507
8.79729	560.663	580.119
8.80923	560.277	579.73
8.82116	559.89	579.342
8.8331	559.504	578.953
8.84504	559.117	578.564
8.85697	558.73	578.176
8.86891	558.344	577.788
8.88085	557.957	577.399
8.89278	557.571	577.011
8.90472	557.185	576.623
8.91666	556.798	576.234
8.92859	556.412	575.846
8.94053	556.026	575.458
8.95247	555.639	575.07
8.9644	555.253	574.682
8.97634	554.867	574.294
8.98828	554.481	573.906
9.00021	554.095	573.518
9.01215	553.709	573.13
9.02409	553.322	572.742
9.03602	552.936	572.354
9.04796	552.55	571.966
9.0599	552.164	571.579
9.07183	551.778	571.191
9.08377	551.392	570.803
9.0957	551.006	570.415
9.10764	550.621	570.028
9.11958	550.235	569.64
9.13151	549.849	569.253
9.14345	549.463	568.865
9.15539	549.077	568.478
9.16732	548.691	568.09
9.17926	548.306	567.703
9.1912	547.92	567.316
9.20313	547.534	566.928
9.21507	547.149	566.541
9.22701	546.763	566.154
9.23894	546.377	565.767
9.25088	545.992	565.379
9.26282	545.606	564.992
9.27475	545.221	564.605
9.28669	544.835	564.218
9.29863	544.449	563.831
9.31056	544.064	563.444
9.3225	543.678	563.057
9.33444	543.293	562.67
9.34637	542.908	562.283
9.35831	542.522	561.897
9.37025	542.137	561.51
9.38218	541.751	561.123
9.39412	541.366	560.736
9.40606	540.981	560.35
9.41799	540.595	559.963
9.42993	540.21	559.576
9.44187	539.825	559.19
9.4538	539.439	558.803
9.46574	539.054	558.417
9.47768	538.669	558.03
9.48961	538.283	557.644
9.50155	537.898	557.257
9.51349	537.513	556.871
9.52542	537.128	556.484
9.53736	536.743	556.098
9.5493	536.357	555.712
9.56123	535.972	555.326
9.57317	535.587	554.939
9.58511	535.202	554.553
9.59704	534.817	554.167
9.60898	534.432	553.781
9.62092	534.047	553.395
9.63285	533.661	553.008
9.64479	533.276	552.622
9.65673	532.891	552.236
9.66866	532.506	551.85
9.6806	532.121	551.464
9.69254	531.736	551.078
9.70447	531.351	550.692
9.71641	530.966	550.307
9.72835	530.581	549.921
9.74028	530.196	549.535
9.75222	529.811	549.149
9.76416	529.426	548.763
9.77609	529.041	548.377
9.78803	528.656	547.992
9.79997	528.271	547.606
9.8119	527.886	547.22
9.82384	527.501	546.835
9.83578	527.115	546.449
9.84771	526.73	546.063
9.85965	526.345	545.678
9.87159	525.96	545.292
9.88352	525.575	544.907
9.89546	525.19	544.521
9.9074	524.805	544.136
9.91933	524.42	543.75
9.93127	524.035	543.365
9.94321	523.65	542.979
9.95514	523.265	542.594
9.96708	522.88	542.208
9.97901	522.495	541.823
9.99095	522.11	541.437
10.0029	521.725	541.052
10.0148	521.34	540.667
10.0268	520.955	540.281
10.0387	520.57	539.896
10.0506	520.185	539.511
10.0626	519.799	539.126
10.0745	519.414	538.74
10.0864	519.029	538.355
10.0984	518.644	537.97
10.1103	518.259	537.585
10.1223	517.874	537.199
10.1342	517.489	536.814
10.1461	517.103	536.429
10.1581	516.718	536.044
10.17	516.333	535.659
10.1819	515.948	535.274
10.1939	515.563	534.889
10.2058	515.177	534.503
10.2177	514.792	534.118
10.2297	514.407	533.733
10.2416	514.022	533.348
10.2536	513.636	532.963
10.2655	513.251	532.578
10.2774	512.866	532.193
10.2894	512.48	531.808
10.3013	512.095	531.423
10.3132	511.71	531.038
10.3252	511.324	530.653
10.3371	510.939	530.268
10.3491	510.553	529.883
10.361	510.168	529.498
10.3729	509.782	529.113
10.3849	509.397	528.728
10.3968	509.011	528.343
10.4087	508.626	527.958
10.4207	508.24	527.573
10.4326	507.855	527.188
10.4445	507.469	526.803
10.4565	507.083	526.418
10.4684	506.698	526.033
10.4804	506.312	525.648
10.4923	505.926	525.263
10.5042	505.54	524.878
10.5162	505.155	524.493
10.5281	504.769	524.108
10.54	504.383	523.723
10.552	503.997	523.338
10.5639	503.611	522.953
10.5758	503.225	522.568
10.5878	502.839	522.183
10.5997	502.453	521.798
10.6117	502.067	521.413
10.6236	501.681	521.028
10.6355	501.295	520.643
10.6475	500.909	520.258
10.6594	500.523	519.873
10.6713	500.137	519.488
10.6833	499.751	519.103
10.6952	499.364	518.718
10.7071	498.978	518.333
10.7191	498.592	517.948
10.731	498.206	517.563
10.743	497.819	517.178
10.7549	497.433	516.793
10.7668	497.046	516.408
10.7788	496.66	516.022
10.7907	496.273	515.637
10.8026	495.887	515.252
10.8146	495.5	514.867
10.8265	495.114	514.482
10.8385	494.727	514.097
10.8504	494.34	513.711
10.8623	493.954	513.326
10.8743	493.567	512.941
10.8862	493.18	512.556
10.8981	492.793	512.171
10.9101	492.406	511.785
10.922	492.019	511.4
10.9339	491.632	511.015
10.9459	491.245	510.629
10.9578	490.858	510.244
10.9698	490.471	509.859
10.9817	490.084	509.473
10.9936	489.697	509.088
11.0056	489.31	508.702
11.0175	488.922	508.317
11.0294	488.535	507.931
11.0414	488.148	507.546
11.0533	487.76	507.16
11.0652	487.373	506.775
11.0772	486.986	506.389
11.0891	486.598	506.004
11.1011	486.21	505.618
11.113	485.823	505.233
11.1249	485.435	504.847
11.1369	485.047	504.461
11.1488	484.66	504.075
11.1607	484.272	503.69
11.1727	483.884	503.304
11.1846	483.496	502.918
11.1966	483.108	502.532
11.2085	482.72	502.147
11.2204	482.332	501.761
11.2324	481.944	501.375
11.2443	481.556	500.989
11.2562	481.168	500.603
11.2682	480.78	500.217
11.2801	480.392	499.831
11.292	480.003	499.445
11.304	479.615	499.059
11.3159	479.227	498.673
11.3279	478.838	498.286
11.3398	478.45	497.9
11.3517	478.061	497.514
11.3637	477.673	497.128
11.3756	477.284	496.741
11.3875	476.895	496.355
11.3995	476.507	495.969
11.4114	476.118	495.582
11.4233	475.729	495.196
11.4353	475.34	494.809
11.4472	474.951	494.423
11.4592	474.563	494.036
11.4711	474.174	493.65
11.483	473.785	493.263
11.495	473.395	492.877
11.5069	473.006	492.49
11.5188	472.617	492.103
11.5308	472.228	491.716
11.5427	471.839	491.33
11.5546	471.449	490.943
11.5666	471.06	490.556
11.5785	470.671	490.169
11.5905	470.281	489.782
11.6024	469.892	489.395
11.6143	469.502	489.008
11.6263	469.113	488.621
11.6382	468.723	488.234
11.6501	468.333	487.847
11.6621	467.944	487.459
11.674	467.554	487.072
11.686	467.164	486.685
11.6979	466.774	486.297
11.7098	466.384	485.91
11.7218	465.994	485.523
11.7337	465.605	485.135
11.7456	465.215	484.748
11.7576	464.824	484.36
11.7695	464.434	483.972
11.7814	464.044	483.585
11.7934	463.654	483.197
11.8053	463.264	482.809
11.8173	462.874	482.422
11.8292	462.483	482.034
11.8411	462.093	481.646
11.8531	461.703	481.258
11.865	461.312	480.87
11.8769	460.922	480.482
11.8889	460.531	480.094
11.9008	460.141	479.706
11.9127	459.75	479.318
11.9247	459.36	478.93
11.9366	458.969	478.541
11.9486	458.579	478.153
11.9605	458.188	477.765
11.9724	457.797	477.377
11.9844	457.406	476.988
11.9963	457.016	476.6
12.0082	456.625	476.211
12.0202	456.234	475.823
12.0321	455.843	475.434
12.0441	455.452	475.045
12.056	455.061	474.657
12.0679	454.67	474.268
12.0799	454.279	473.879
12.0918	453.888	473.49
12.1037	453.497	473.102
12.1157	453.106	472.713
12.1276	452.715	472.324
12.1395	452.324	471.935
12.1515	451.933	471.546
12.1634	451.542	471.157
12.1754	451.151	470.767
12.1873	450.76	470.378
12.1992	450.368	469.989
12.2112	449.977	469.6
12.2231	449.586	469.21
12.235	449.195	468.821
12.247	448.804	468.432
12.2589	448.412	468.042
12.2708	448.021	467.653
12.2828	447.63	467.263
12.2947	447.238	466.874
12.3067	446.847	466.484
12.3186	446.456	466.094
12.3305	446.065	465.705
12.3425	445.673	465.315
12.3544	445.282	464.925
12.3663	444.891	464.535
12.3783	444.499	464.146
12.3902	444.108	463.756
12.4021	443.716	463.366
12.4141	443.325	462.976
12.426	442.934	462.586
12.438	442.542	462.196
12.4499	442.151	461.806
12.4618	441.76	461.416
12.4738	441.369	461.025
12.4857	440.977	460.635
12.4976	440.586	460.245
12.5096	440.195	459.855
12.5215	439.803	459.464
12.5335	439.412	459.074
12.5454	439.021	458.684
12.5573	438.63	458.293
12.5693	438.238	457.903
12.5812	437.847	457.512
12.5931	437.456	457.122
12.6051	437.065	456.731
12.617	436.674	456.341
12.6289	436.283	455.95
12.6409	435.892	455.559
12.6528	435.501	455.169
12.6648	435.11	454.778
12.6767	434.719	454.387
12.6886	434.328	453.997
12.7006	433.937	453.606
12.7125	433.546	453.215
12.7244	433.155	452.824
12.7364	432.764	452.433
12.7483	432.374	452.043
12.7602	431.983	451.652
12.7722	431.592	451.261
12.7841	431.202	450.87
12.7961	430.811	450.479
12.808	430.421	450.088
12.8199	430.03	449.697
12.8319	429.64	449.306
12.8438	429.25	448.915
12.8557	428.859	448.524
12.8677	428.469	448.133
12.8796	428.079	447.742
12.8916	427.689	447.351
12.9035	427.299	446.96
12.9154	426.909	446.569
12.9274	426.519	446.178
12.9393	426.129	445.786
12.9512	425.739	445.395
12.9632	425.35	445.004
12.9751	424.96	444.613
12.987	424.571	444.222
12.999	424.181	443.831
13.0109	423.792	443.44
13.0229	423.403	443.049
13.0348	423.014	442.658
13.0467	422.625	442.266
13.0587	422.236	441.875
13.0706	421.847	441.484
13.0825	421.458	441.093
13.0945	421.069	440.702
13.1064	420.681	440.311
13.1183	420.292	439.92
13.1303	419.904	439.529
13.1422	419.516	439.138
13.1542	419.128	438.747
13.1661	418.739	438.356
13.178	418.352	437.965
13.19	417.964	437.574
13.2019	417.576	437.183
13.2138	417.189	436.792
13.2258	416.801	436.401
13.2377	416.414	436.01
13.2496	416.027	435.619
13.2616	415.64	435.228
13.2735	415.253	434.837
13.2855	414.866	434.447
13.2974	414.48	434.056
13.3093	414.093	433.665
13.3213	413.707	433.275
13.3332	413.321	432.884
13.3451	412.935	432.493
13.3571	412.549	432.103
13.369	412.163	431.712
13.381	411.778	431.322
13.3929	411.392	430.931
13.4048	411.007	430.541
13.4168	410.622	430.151
13.4287	410.237	429.76
13.4406	409.853	429.37
13.4526	409.468	428.98
13.4645	409.084	428.59
13.4764	408.7	428.2
13.4884	408.316	427.81
13.5003	407.932	427.42
13.5123	407.548	427.03
13.5242	407.165	426.64
13.5361	406.782	426.251
13.5481	406.399	425.861
13.56	406.016	425.471
13.5719	405.634	425.082
13.5839	405.251	424.692
13.5958	404.869	424.303
13.6077	404.487	423.914
13.6197	404.105	423.525
13.6316	403.724	423.135
13.6436	403.343	422.746
13.6555	402.962	422.358
13.6674	402.581	421.969
13.6794	402.2	421.58
13.6913	401.82	421.191
13.7032	401.44	420.803
13.7152	401.06	420.414
13.7271	400.68	420.026
13.7391	400.301	419.638
13.751	399.922	419.25
13.7629	399.543	418.862
13.7749	399.164	418.474
13.7868	398.786	418.086
13.7987	398.408	417.698
13.8107	398.03	417.311
13.8226	397.653	416.923
13.8345	397.275	416.536
13.8465	396.898	416.149
13.8584	396.522	415.762
13.8704	396.145	415.375
13.8823	395.769	414.988
13.8942	395.393	414.601
13.9062	395.018	414.215
13.9181	394.643	413.828
13.93	394.268	413.442
13.942	393.893	413.056
13.9539	393.519	412.67
13.9658	393.145	412.284
13.9778	392.771	411.899
13.9897	392.398	411.513
14.0017	392.025	411.128
14.0136	391.652	410.743
14.0255	391.28	410.358
14.0375	390.907	409.973
14.0494	390.536	409.588
14.0613	390.164	409.204
14.0733	389.793	408.82
14.0852	389.423	408.436
14.0971	389.052	408.052
14.1091	388.682	407.668
14.121	388.313	407.284
14.133	387.943	406.901
14.1449	387.574	406.518
14.1568	387.206	406.135
14.1688	386.838	405.752
14.1807	386.47	405.37
14.1926	386.102	404.987
14.2046	385.735	404.605
14.2165	385.369	404.223
14.2285	385.003	403.841
14.2404	384.637	403.46
14.2523	384.271	403.079
14.2643	383.906	402.698
14.2762	383.541	402.317
14.2881	383.177	401.936
14.3001	382.813	401.556
14.312	382.45	401.176
14.3239	382.087	400.796
14.3359	381.724	400.416
14.3478	381.362	400.037
14.3598	381	399.658
14.3717	380.639	399.279
14.3836	380.278	398.9
14.3956	379.918	398.522
14.4075	379.558	398.144
14.4194	379.198	397.766
14.4314	378.839	397.388
14.4433	378.48	397.011
14.4552	378.122	396.634
14.4672	377.765	396.257
14.4791	377.407	395.88
14.4911	377.05	395.504
14.503	376.694	395.128
14.5149	376.338	394.753
14.5269	375.983	394.377
14.5388	375.628	394.002
14.5507	375.274	393.628
14.5627	374.92	393.253
14.5746	374.566	392.879
14.5866	374.214	392.505
14.5985	373.861	392.132
14.6104	373.509	391.759
14.6224	373.158	391.386
14.6343	372.807	391.013
14.6462	372.457	390.641
14.6582	372.107	390.269
14.6701	371.758	389.898
14.682	371.409	389.527
14.694	371.061	389.156
14.7059	370.713	388.785
14.7179	370.366	388.415
14.7298	370.019	388.045
14.7417	369.673	387.676
14.7537	369.328	387.307
14.7656	368.983	386.938
14.7775	368.638	386.57
14.7895	368.294	386.202
14.8014	367.951	385.834
14.8133	367.608	385.467
14.8253	367.266	385.1
14.8372	366.925	384.734
14.8492	366.584	384.368
14.8611	366.243	384.002
14.873	365.904	383.637
14.885	365.564	383.272
14.8969	365.226	382.907
14.9088	364.888	382.543
14.9208	364.55	382.18
14.9327	364.213	381.816
14.9446	363.877	381.453
14.9566	363.542	381.091
14.9685	363.207	380.729
14.9805	362.872	380.368
14.9924	362.539	380.006
15.0043	362.206	379.646
15.0163	361.873	379.286
15.0282	361.541	378.926
15.0401	361.21	378.566
15.0521	360.88	378.208
15.064	360.55	377.849
15.076	360.22	377.491
15.0879	359.892	377.134
15.0998	359.564	376.777
15.1118	359.237	376.42
15.1237	358.91	376.064
15.1356	358.584	375.708
15.1476	358.259	375.353
15.1595	357.934	374.998
15.1714	357.61	374.644
15.1834	357.287	374.291
15.1953	356.964	373.937
15.2073	356.642	373.585
15.2192	356.321	373.233
15.2311	356.001	372.881
15.2431	355.681	372.53
15.255	355.362	372.179
15.2669	355.043	371.829
15.2789	354.726	371.479
15.2908	354.409	371.13
15.3027	354.093	370.782
15.3147	353.777	370.434
15.3266	353.462	370.086
15.3386	353.148	369.739
15.3505	352.835	369.393
15.3624	352.522	369.047
15.3744	352.21	368.702
15.3863	351.899	368.357
15.3982	351.588	368.013
15.4102	351.279	367.669
15.4221	350.97	367.326
15.4341	350.662	366.984
15.446	350.354	366.642
15.4579	350.047	366.301
15.4699	349.742	365.96
15.4818	349.436	365.62
15.4937	349.132	365.28
15.5057	348.828	364.941
15.5176	348.525	364.603
15.5295	348.223	364.265
15.5415	347.922	363.928
15.5534	347.621	363.592
15.5654	347.322	363.256
15.5773	347.023	362.92
15.5892	346.725	362.586
15.6012	346.427	362.252
15.6131	346.131	361.918
15.625	345.835	361.585
15.637	345.54	361.253
15.6489	345.246	360.922
15.6608	344.952	360.591
15.6728	344.66	360.26
15.6847	344.368	359.931
15.6967	344.077	359.602
15.7086	343.787	359.273
15.7205	343.497	358.946
15.7325	343.209	358.619
15.7444	342.921	358.292
15.7563	342.634	357.967
15.7683	342.348	357.642
15.7802	342.063	357.318
15.7921	341.779	356.994
15.8041	341.495	356.671
15.816	341.213	356.349
15.828	340.931	356.027
15.8399	340.65	355.706
15.8518	340.37	355.386
15.8638	340.09	355.067
15.8757	339.812	354.748
15.8876	339.534	354.43
15.8996	339.257	354.112
15.9115	338.982	353.796
15.9235	338.707	353.48
15.9354	338.432	353.165
15.9473	338.159	352.85
15.9593	337.887	352.536
15.9712	337.615	352.223
15.9831	337.344	351.911
15.9951	337.075	351.599
16.007	336.806	351.289
16.0189	336.538	350.978
16.0309	336.27	350.669
16.0428	336.004	350.361
16.0548	335.739	350.053
16.0667	335.474	349.746
16.0786	335.21	349.439
16.0906	334.948	349.134
16.1025	334.686	348.829
16.1144	334.425	348.525
16.1264	334.165	348.222
16.1383	333.906	347.919
16.1502	333.647	347.617
16.1622	333.39	347.317
16.1741	333.133	347.016
16.1861	332.878	346.717
16.198	332.623	346.419
16.2099	332.369	346.121
16.2219	332.117	345.824
16.2338	331.865	345.528
16.2457	331.614	345.232
16.2577	331.364	344.938
16.2696	331.114	344.644
16.2816	330.866	344.351
16.2935	330.619	344.059
16.3054	330.372	343.767
16.3174	330.127	343.477
16.3293	329.882	343.187
16.3412	329.638	342.898
16.3532	329.396	342.61
16.3651	329.154	342.323
16.377	328.913	342.037
16.389	328.673	341.751
16.4009	328.434	341.466
16.4129	328.196	341.183
16.4248	327.959	340.9
16.4367	327.722	340.617
16.4487	327.487	340.336
16.4606	327.253	340.056
16.4725	327.019	339.776
16.4845	326.787	339.497
16.4964	326.555	339.219
16.5083	326.324	338.942
16.5203	326.095	338.666
16.5322	325.866	338.391
16.5442	325.638	338.116
16.5561	325.411	337.842
16.568	325.185	337.57
16.58	324.96	337.298
16.5919	324.736	337.027
16.6038	324.513	336.757
16.6158	324.291	336.487
16.6277	324.07	336.219
16.6396	323.85	335.952
16.6516	323.63	335.685
16.6635	323.412	335.419
16.6755	323.194	335.154
16.6874	322.978	334.891
16.6993	322.762	334.627
16.7113	322.548	334.365
16.7232	322.334	334.104
16.7351	322.122	333.844
16.7471	321.91	333.584
16.759	321.699	333.326
16.771	321.489	333.068
16.7829	321.28	332.811
16.7948	321.072	332.556
16.8068	320.865	332.301
16.8187	320.659	332.047
16.8306	320.454	331.794
16.8426	320.25	331.541
16.8545	320.047	331.29
16.8664	319.845	331.04
16.8784	319.644	330.79
16.8903	319.443	330.542
16.9023	319.244	330.294
16.9142	319.045	330.048
16.9261	318.848	329.802
16.9381	318.651	329.557
16.95	318.456	329.313
16.9619	318.261	329.07
16.9739	318.068	328.828
16.9858	317.875	328.587
16.9977	317.683	328.347
17.0097	317.492	328.108
17.0216	317.302	327.87
17.0336	317.113	327.632
17.0455	316.925	327.396
17.0574	316.738	327.16
17.0694	316.552	326.926
17.0813	316.367	326.692
17.0932	316.183	326.46
17.1052	316	326.228
17.1171	315.817	325.997
17.1291	315.636	325.767
17.141	315.455	325.538
17.1529	315.276	325.31
17.1649	315.097	325.083
17.1768	314.92	324.857
17.1887	314.743	324.632
17.2007	314.567	324.408
17.2126	314.392	324.185
17.2245	314.219	323.963
17.2365	314.046	323.742
17.2484	313.874	323.521
17.2604	313.703	323.302
17.2723	313.532	323.083
17.2842	313.363	322.866
17.2962	313.195	322.649
17.3081	313.028	322.434
17.32	312.861	322.219
17.332	312.696	322.006
17.3439	312.531	321.793
17.3558	312.367	321.581
17.3678	312.205	321.37
17.3797	312.043	321.161
17.3917	311.882	320.952
17.4036	311.722	320.744
17.4155	311.563	320.537
17.4275	311.405	320.331
17.4394	311.248	320.126
17.4513	311.091	319.922
17.4633	310.936	319.719
17.4752	310.781	319.516
17.4871	310.628	319.315
17.4991	310.475	319.115
17.511	310.323	318.916
17.523	310.172	318.717
17.5349	310.022	318.52
17.5468	309.873	318.324
17.5588	309.725	318.128
17.5707	309.578	317.934
17.5826	309.431	317.74
17.5946	309.286	317.547
17.6065	309.141	317.356
17.6185	308.998	317.165
17.6304	308.855	316.975
17.6423	308.713	316.787
17.6543	308.572	316.599
17.6662	308.431	316.412
17.6781	308.292	316.226
17.6901	308.154	316.041
17.702	308.016	315.857
17.7139	307.879	315.674
17.7259	307.744	315.492
17.7378	307.609	315.311
17.7498	307.475	315.13
17.7617	307.341	314.951
17.7736	307.209	314.773
17.7856	307.078	314.595
17.7975	306.947	314.419
17.8094	306.817	314.244
17.8214	306.688	314.069
17.8333	306.56	313.895
17.8452	306.433	313.723
17.8572	306.306	313.551
17.8691	306.181	313.38
17.8811	306.056	313.21
17.893	305.932	313.041
17.9049	305.809	312.874
17.9169	305.687	312.706
17.9288	305.566	312.54
17.9407	305.445	312.375
17.9527	305.326	312.211
17.9646	305.207	312.048
17.9766	305.089	311.885
17.9885	304.971	311.724
18.0004	304.855	311.563
18.0124	304.739	311.404
18.0243	304.625	311.245
18.0362	304.511	311.087
18.0482	304.397	310.931
18.0601	304.285	310.775
18.072	304.174	310.62
18.084	304.063	310.466
18.0959	303.953	310.312
18.1079	303.844	310.16
18.1198	303.735	310.009
18.1317	303.628	309.858
18.1437	303.521	309.709
18.1556	303.415	309.56
18.1675	303.31	309.413
18.1795	303.205	309.266
18.1914	303.101	309.12
18.2033	302.998	308.975
18.2153	302.896	308.831
18.2272	302.795	308.688
18.2392	302.694	308.545
18.2511	302.594	308.404
18.263	302.495	308.263
18.275	302.397	308.124
18.2869	302.299	307.985
18.2988	302.202	307.847
18.3108	302.106	307.71
18.3227	302.011	307.574
18.3346	301.916	307.439
18.3466	301.822	307.304
18.3585	301.729	307.171
18.3705	301.637	307.038
18.3824	301.545	306.906
18.3943	301.454	306.776
18.4063	301.364	306.646
18.4182	301.274	306.516
18.4301	301.185	306.388
18.4421	301.097	306.261
18.454	301.01	306.134
18.466	300.923	306.008
18.4779	300.837	305.883
18.4898	300.752	305.759
18.5018	300.667	305.636
18.5137	300.583	305.514
18.5256	300.5	305.392
18.5376	300.417	305.272
18.5495	300.336	305.152
18.5614	300.254	305.033
18.5734	300.174	304.915
18.5853	300.094	304.797
18.5973	300.015	304.681
18.6092	299.936	304.565
18.6211	299.859	304.45
18.6331	299.781	304.336
18.645	299.705	304.223
18.6569	299.629	304.111
18.6689	299.554	303.999
18.6808	299.479	303.888
18.6927	299.405	303.778
18.7047	299.332	303.669
18.7166	299.259	303.561
18.7286	299.187	303.453
18.7405	299.116	303.347
18.7524	299.045	303.241
18.7644	298.975	303.135
18.7763	298.906	303.031
18.7882	298.837	302.927
18.8002	298.768	302.824
18.8121	298.701	302.722
18.8241	298.634	302.621
18.836	298.567	302.52
18.8479	298.501	302.421
18.8599	298.436	302.322
18.8718	298.372	302.223
18.8837	298.307	302.126
18.8957	298.244	302.029
18.9076	298.181	301.933
18.9195	298.119	301.838
18.9315	298.057	301.743
18.9434	297.996	301.65
18.9554	297.935	301.557
18.9673	297.875	301.465
18.9792	297.816	301.373
18.9912	297.757	301.282
19.0031	297.699	301.192
19.015	297.641	301.103
19.027	297.584	301.014
19.0389	297.527	300.926
19.0508	297.471	300.839
19.0628	297.415	300.753
19.0747	297.36	300.667
19.0867	297.306	300.582
19.0986	297.252	300.497
19.1105	297.198	300.414
19.1225	297.145	300.331
19.1344	297.093	300.249
19.1463	297.041	300.167
19.1583	296.989	300.086
19.1702	296.939	300.006
19.1821	296.888	299.927
19.1941	296.838	299.848
19.206	296.789	299.77
19.218	296.74	299.692
19.2299	296.692	299.615
19.2418	296.644	299.539
19.2538	296.596	299.464
19.2657	296.55	299.389
19.2776	296.503	299.315
19.2896	296.457	299.241
19.3015	296.412	299.168
19.3135	296.367	299.096
19.3254	296.322	299.024
19.3373	296.278	298.953
19.3493	296.235	298.883
19.3612	296.191	298.813
19.3731	296.149	298.744
19.3851	296.106	298.676
19.397	296.065	298.608
19.4089	296.023	298.541
19.4209	295.982	298.474
19.4328	295.942	298.408
19.4448	295.902	298.343
19.4567	295.862	298.278
19.4686	295.823	298.214
19.4806	295.784	298.15
19.4925	295.746	298.087
19.5044	295.708	298.025
19.5164	295.671	297.963
19.5283	295.634	297.902
19.5402	295.597	297.841
19.5522	295.561	297.781
19.5641	295.525	297.722
19.5761	295.489	297.663
19.588	295.454	297.604
19.5999	295.42	297.547
19.6119	295.385	297.489
19.6238	295.351	297.433
19.6357	295.318	297.377
19.6477	295.285	297.321
19.6596	295.252	297.266
19.6716	295.22	297.211
19.6835	295.188	297.157
19.6954	295.156	297.104
19.7074	295.125	297.051
19.7193	295.094	296.999
19.7312	295.063	296.947
19.7432	295.033	296.896
19.7551	295.003	296.845
19.767	294.974	296.795
19.779	294.945	296.745
19.7909	294.916	296.696
19.8029	294.888	296.647
19.8148	294.86	296.599
19.8267	294.832	296.551
19.8387	294.804	296.504
19.8506	294.777	296.457
19.8625	294.751	296.411
19.8745	294.724	296.365
19.8864	294.698	296.32
19.8983	294.672	296.275
19.9103	294.647	296.23
19.9222	294.622	296.186
19.9342	294.597	296.143
19.9461	294.572	296.1
19.958	294.548	296.058
19.97	294.524	296.016
19.9819	294.501	295.974
19.9938	294.477	295.933
20.0058	294.454	295.892
20.0177	294.431	295.852
20.0296	294.409	295.812
20.0416	294.387	295.773
20.0535	294.365	295.734
20.0655	294.343	295.695
20.0774	294.322	295.657
20.0893	294.301	295.62
20.1013	294.28	295.582
20.1132	294.26	295.546
20.1251	294.239	295.509
20.1371	294.22	295.473
20.149	294.2	295.438
20.161	294.18	295.403
20.1729	294.161	295.368
20.1848	294.142	295.334
20.1968	294.124	295.3
20.2087	294.105	295.266
20.2206	294.087	295.233
20.2326	294.069	295.2
20.2445	294.051	295.168
20.2564	294.034	295.136
20.2684	294.017	295.104
20.2803	294	295.073
20.2923	293.983	295.042
20.3042	293.966	295.011
20.3161	293.95	294.981
20.3281	293.934	294.951
20.34	293.918	294.922
20.3519	293.903	294.893
20.3639	293.887	294.864
20.3758	293.872	294.836
20.3877	293.857	294.808
20.3997	293.842	294.78
20.4116	293.828	294.753
20.4236	293.813	294.726
20.4355	293.799	294.699
20.4474	293.785	294.673
20.4594	293.772	294.646
20.4713	293.758	294.621
20.4832	293.745	294.595
20.4952	293.732	294.57
20.5071	293.719	294.546
20.5191	293.706	294.521
20.531	293.693	294.497
20.5429	293.681	294.473
20.5549	293.669	294.45
20.5668	293.657	294.427
20.5787	293.645	294.404
20.5907	293.633	294.381
20.6026	293.622	294.359
20.6145	293.61	294.337
20.6265	293.599	294.315
20.6384	293.588	294.294
20.6504	293.577	294.272
20.6623	293.567	294.251
20.6742	293.556	294.231
20.6862	293.546	294.211
20.6981	293.536	294.19
20.71	293.526	294.171
20.722	293.516	294.151
20.7339	293.506	294.132
20.7458	293.497	294.113
20.7578	293.487	294.094
20.7697	293.478	294.076
20.7817	293.469	294.057
20.7936	293.46	294.039
20.8055	293.451	294.022
20.8175	293.442	294.004
20.8294	293.434	293.987
20.8413	293.425	293.97
20.8533	293.417	293.953
20.8652	293.409	293.937
20.8771	293.401	293.92
20.8891	293.393	293.904
20.901	293.385	293.889
20.913	293.378	293.873
20.9249	293.37	293.858
20.9368	293.363	293.842
20.9488	293.356	293.828
20.9607	293.349	293.813
20.9726	293.342	293.798
20.9846	293.335	293.784
20.9965	293.328	293.77
21.0085	293.321	293.756
21.0204	293.315	293.742
21.0323	293.308	293.729
21.0443	293.302	293.716
21.0562	293.296	293.703
21.0681	293.29	293.69
21.0801	293.284	293.677
21.092	293.278	293.664
21.1039	293.272	293.652
21.1159	293.266	293.64
21.1278	293.261	293.628
21.1398	293.255	293.616
21.1517	293.25	293.605
21.1636	293.244	293.593
21.1756	293.239	293.582
21.1875	293.234	293.571
21.1994	293.229	293.56
21.2114	293.224	293.55
21.2233	293.219	293.539
21.2352	293.215	293.529
21.2472	293.21	293.518
21.2591	293.205	293.508
21.2711	293.201	293.499
21.283	293.196	293.489
21.2949	293.192	293.479
21.3069	293.188	293.47
21.3188	293.184	293.461
21.3307	293.18	293.451
21.3427	293.176	293.443
21.3546	293.172	293.434
21.3666	293.168	293.425
21.3785	293.164	293.417
21.3904	293.16	293.408
21.4024	293.157	293.4
21.4143	293.153	293.392
21.4262	293.149	293.384
21.4382	293.146	293.376
21.4501	293.143	293.368
21.462	293.139	293.361
21.474	293.136	293.353
21.4859	293.133	293.346
21.4979	293.13	293.339
21.5098	293.127	293.332
21.5217	293.124	293.325
21.5337	293.121	293.318
21.5456	293.118	293.311
21.5575	293.115	293.305
21.5695	293.112	293.298
21.5814	293.11	293.292
21.5933	293.107	293.286
21.6053	293.104	293.279
21.6172	293.102	293.273
21.6292	293.099	293.267
21.6411	293.097	293.262
21.653	293.095	293.256
21.665	293.092	293.25
21.6769	293.09	293.245
21.6888	293.088	293.239
21.7008	293.085	293.234
21.7127	293.083	293.229
21.7246	293.081	293.224
21.7366	293.079	293.219
21.7485	293.077	293.214
21.7605	293.075	293.209
21.7724	293.073	293.204
21.7843	293.071	293.2
21.7963	293.069	293.195
21.8082	293.068	293.191
21.8201	293.066	293.186
21.8321	293.064	293.182
21.844	293.062	293.178
21.856	293.061	293.174
21.8679	293.059	293.169
21.8798	293.058	293.165
21.8918	293.056	293.162
21.9037	293.055	293.158
21.9156	293.053	293.154
21.9276	293.052	293.15
21.9395	293.05	293.147
21.9514	293.049	293.143
21.9634	293.048	293.14
21.9753	293.046	293.136
21.9873	293.045	293.133
21.9992	293.044	293.13
22.0111	293.042	293.127
22.0231	293.041	293.123
22.035	293.04	293.12
22.0469	293.039	293.117
22.0589	293.038	293.114
22.0708	293.037	293.112
22.0827	293.036	293.109
22.0947	293.035	293.106
22.1066	293.034	293.103
22.1186	293.033	293.101
22.1305	293.032	293.098
22.1424	293.031	293.096
22.1544	293.03	293.093
22.1663	293.029	293.091
22.1782	293.028	293.088
22.1902	293.027	293.086
22.2021	293.027	293.084
22.2141	293.026	293.081
22.226	293.025	293.079
22.2379	293.024	293.077
22.2499	293.023	293.075
22.2618	293.023	293.073
22.2737	293.022	293.071
22.2857	293.021	293.069
22.2976	293.021	293.067
22.3095	293.02	293.065
22.3215	293.019	293.064
22.3334	293.019	293.062
22.3454	293.018	293.06
22.3573	293.018	293.058
22.3692	293.017	293.057
22.3812	293.016	293.055
22.3931	293.016	293.054
22.405	293.015	293.052
22.417	293.015	293.051
22.4289	293.014	293.049
22.4408	293.014	293.048
22.4528	293.013	293.046
22.4647	293.013	293.045
22.4767	293.013	293.044
22.4886	293.012	293.042
22.5005	293.012	293.041
22.5125	293.011	293.04
22.5244	293.011	293.039
22.5363	293.011	293.038
22.5483	293.01	293.036
22.5602	293.01	293.035
22.5721	293.009	293.034
22.5841	293.009	293.033
22.596	293.009	293.032
22.608	293.009	293.031
22.6199	293.008	293.03
22.6318	293.008	293.029
22.6438	293.008	293.028
22.6557	293.007	293.027
22.6676	293.007	293.026
22.6796	293.007	293.026
22.6915	293.007	293.025
22.7035	293.006	293.024
22.7154	293.006	293.023
22.7273	293.006	293.022
22.7393	293.006	293.022
22.7512	293.005	293.021
22.7631	293.005	293.02
22.7751	293.005	293.02
22.787	293.005	293.019
22.7989	293.005	293.018
22.8109	293.004	293.018
22.8228	293.004	293.017
22.8348	293.004	293.016
22.8467	293.004	293.016
22.8586	293.004	293.015
22.8706	293.004	293.015
22.8825	293.003	293.014
22.8944	293.003	293.014
22.9064	293.003	293.013
22.9183	293.003	293.013
22.9302	293.003	293.012
22.9422	293.003	293.012
22.9541	293.003	293.011
22.9661	293.003	293.011
22.978	293.002	293.011
22.9899	293.002	293.01
23.0019	293.002	293.01
23.0138	293.002	293.009
23.0257	293.002	293.009
23.0377	293.002	293.009
23.0496	293.002	293.008
23.0616	293.002	293.008
23.0735	293.002	293.008
23.0854	293.002	293.007
23.0974	293.001	293.007
23.1093	293.001	293.007
23.1212	293.001	293.007
23.1332	293.001	293.006
23.1451	293.001	293.006
23.157	293.001	293.006
23.169	293.001	293.005
23.1809	293.001	293.005
23.1929	293.001	293.005
23.2048	293.001	293.005
23.2167	293.001	293.005
23.2287	293.001	293.004
23.2406	293.001	293.004
23.2525	293.001	293.004
23.2645	293.001	293.004
23.2764	293.001	293.004
23.2883	293.001	293.003
23.3003	293.001	293.003
23.3122	293.001	293.003
23.3242	293.001	293.003
23.3361	293.001	293.003
23.348	293	293.003
23.36	293	293.003
23.3719	293	293.002
23.3838	293	293.002
23.3958	293	293.002
23.4077	293	293.002
23.4196	293	293.002
23.4316	293	293.002
23.4435	293	293.002
23.4555	293	293.002
23.4674	293	293.002
23.4793	293	293.002
23.4913	293	293.001
23.5032	293	293.001
23.5151	293	293.001
23.5271	293	293.001
23.539	293	293.001
23.551	293	293.001
23.5629	293	293.001
23.5748	293	293.001
23.5868	293	293.001
23.5987	293	293.001
23.6106	293	293.001
23.6226	293	293.001
23.6345	293	293.001
23.6464	293	293.001
23.6584	293	293.001
23.6703	293	293.001
23.6823	293	293
23.6942	293	293
23.7061	293	293
23.7181	293	293
23.73	293	293
23.7419	293	293
23.7539	293	293
23.7658	293	293
23.7777	293	293
23.7897	293	293
23.8016	293	293
23.8136	293	293
23.8255	293	293
23.8374	293	293
23.8494	293	293
23.8613	293	293
23.8732	293	293
