0	863.857	866.863
0.0119366	863.823	866.851
0.0238732	863.754	866.82
0.0358099	863.683	866.779
0.0477465	863.611	866.733
0.0596831	863.539	866.684
0.0716197	863.467	866.633
0.0835563	863.394	866.58
0.095493	863.32	866.527
0.10743	863.246	866.474
0.119366	863.172	866.42
0.131303	863.097	866.366
0.143239	863.022	866.311
0.155176	862.946	866.256
0.167113	862.87	866.2
0.179049	862.793	866.144
0.190986	862.716	866.088
0.202923	862.639	866.032
0.214859	862.561	865.975
0.226796	862.483	865.917
0.238732	862.404	865.86
0.250669	862.324	865.802
0.262606	862.245	865.743
0.274542	862.164	865.684
0.286479	862.084	865.625
0.298416	862.003	865.565
0.310352	861.921	865.506
0.322289	861.839	865.445
0.334225	861.756	865.384
0.346162	861.673	865.323
0.358099	861.59	865.262
0.370035	861.506	865.2
0.381972	861.422	865.138
0.393908	861.337	865.075
0.405845	861.251	865.012
0.417782	861.165	864.948
0.429718	861.079	864.884
0.441655	860.992	864.82
0.453592	860.905	864.755
0.465528	860.817	864.69
0.477465	860.729	864.625
0.489401	860.64	864.559
0.501338	860.551	864.493
0.513275	860.461	864.426
0.525211	860.371	864.359
0.537148	860.28	864.291
0.549085	860.189	864.223
0.561021	860.097	864.155
0.572958	860.005	864.086
0.584894	859.912	864.017
0.596831	859.819	863.947
0.608768	859.726	863.877
0.620704	859.631	863.806
0.632641	859.537	863.736
0.644578	859.441	863.664
0.656514	859.346	863.592
0.668451	859.249	863.52
0.680387	859.153	863.448
0.692324	859.055	863.374
0.704261	858.958	863.301
0.716197	858.859	863.227
0.728134	858.76	863.153
0.74007	858.661	863.078
0.752007	858.561	863.003
0.763944	858.461	862.927
0.77588	858.36	862.851
0.787817	858.258	862.774
0.799754	858.156	862.697
0.81169	858.054	862.619
0.823627	857.951	862.541
0.835563	857.847	862.463
0.8475	857.743	862.384
0.859437	857.639	862.305
0.871373	857.534	862.225
0.88331	857.428	862.145
0.895247	857.322	862.064
0.907183	857.215	861.983
0.91912	857.108	861.901
0.931056	857	861.819
0.942993	856.891	861.737
0.95493	856.782	861.654
0.966866	856.673	861.57
0.978803	856.563	861.486
0.99074	856.452	861.402
1.00268	856.341	861.317
1.01461	856.229	861.231
1.02655	856.117	861.145
1.03849	856.004	861.059
1.05042	855.891	860.972
1.06236	855.777	860.885
1.0743	855.663	860.797
1.08623	855.548	860.709
1.09817	855.432	860.62
1.11011	855.316	860.531
1.12204	855.199	860.441
1.13398	855.082	860.35
1.14592	854.964	860.26
1.15785	854.846	860.168
1.16979	854.727	860.077
1.18173	854.607	859.984
1.19366	854.487	859.892
1.2056	854.366	859.798
1.21754	854.245	859.705
1.22947	854.123	859.61
1.24141	854.001	859.516
1.25335	853.878	859.42
1.26528	853.754	859.324
1.27722	853.63	859.228
1.28916	853.506	859.131
1.30109	853.38	859.034
1.31303	853.254	858.936
1.32496	853.128	858.838
1.3369	853.001	858.739
1.34884	852.873	858.639
1.36077	852.745	858.54
1.37271	852.616	858.439
1.38465	852.487	858.338
1.39658	852.357	858.237
1.40852	852.226	858.135
1.42046	852.095	858.032
1.43239	851.963	857.929
1.44433	851.831	857.825
1.45627	851.698	857.721
1.4682	851.564	857.617
1.48014	851.43	857.511
1.49208	851.295	857.406
1.50401	851.16	857.299
1.51595	851.024	857.192
1.52789	850.888	857.085
1.53982	850.75	856.977
1.55176	850.613	856.869
1.5637	850.474	856.76
1.57563	850.335	856.65
1.58757	850.196	856.54
1.59951	850.055	856.429
1.61144	849.915	856.318
1.62338	849.773	856.206
1.63532	849.631	856.094
1.64725	849.488	855.981
1.65919	849.345	855.868
1.67113	849.201	855.754
1.68306	849.057	855.639
1.695	848.912	855.524
1.70694	848.766	855.409
1.71887	848.62	855.292
1.73081	848.473	855.176
1.74275	848.325	855.058
1.75468	848.177	854.94
1.76662	848.028	854.822
1.77856	847.879	854.703
1.79049	847.728	854.583
1.80243	847.578	854.463
1.81437	847.426	854.342
1.8263	847.274	854.221
1.83824	847.122	854.099
1.85018	846.969	853.976
1.86211	846.815	853.853
1.87405	846.66	853.73
1.88599	846.505	853.605
1.89792	846.349	853.481
1.90986	846.193	853.355
1.9218	846.036	853.229
1.93373	845.878	853.103
1.94567	845.72	852.976
1.95761	845.561	852.848
1.96954	845.402	852.719
1.98148	845.242	852.591
1.99342	845.081	852.461
2.00535	844.919	852.331
2.01729	844.757	852.2
2.02923	844.595	852.069
2.04116	844.431	851.937
2.0531	844.267	851.805
2.06504	844.102	851.672
2.07697	843.937	851.538
2.08891	843.771	851.404
2.10085	843.605	851.269
2.11278	843.437	851.133
2.12472	843.27	850.997
2.13666	843.101	850.86
2.14859	842.932	850.723
2.16053	842.762	850.585
2.17246	842.592	850.447
2.1844	842.421	850.308
2.19634	842.249	850.168
2.20827	842.076	850.028
2.22021	841.903	849.887
2.23215	841.73	849.745
2.24408	841.555	849.603
2.25602	841.38	849.46
2.26796	841.205	849.317
2.27989	841.028	849.173
2.29183	840.852	849.028
2.30377	840.674	848.883
2.3157	840.496	848.737
2.32764	840.317	848.591
2.33958	840.137	848.443
2.35151	839.957	848.296
2.36345	839.776	848.147
2.37539	839.595	847.998
2.38732	839.413	847.849
2.39926	839.23	847.699
2.4112	839.046	847.548
2.42313	838.862	847.396
2.43507	838.677	847.244
2.44701	838.492	847.091
2.45894	838.306	846.938
2.47088	838.119	846.784
2.48282	837.932	846.629
2.49475	837.744	846.474
2.50669	837.555	846.318
2.51863	837.365	846.162
2.53056	837.175	846.005
2.5425	836.985	845.847
2.55444	836.793	845.688
2.56637	836.601	845.529
2.57831	836.409	845.37
2.59025	836.215	845.209
2.60218	836.021	845.048
2.61412	835.827	844.887
2.62606	835.631	844.724
2.63799	835.435	844.562
2.64993	835.239	844.398
2.66187	835.041	844.234
2.6738	834.843	844.069
2.68574	834.645	843.904
2.69768	834.445	843.737
2.70961	834.245	843.571
2.72155	834.045	843.403
2.73349	833.844	843.235
2.74542	833.642	843.067
2.75736	833.439	842.897
2.7693	833.236	842.727
2.78123	833.032	842.557
2.79317	832.827	842.385
2.80511	832.622	842.213
2.81704	832.416	842.041
2.82898	832.21	841.868
2.84092	832.002	841.694
2.85285	831.795	841.519
2.86479	831.586	841.344
2.87673	831.377	841.168
2.88866	831.167	840.992
2.9006	830.956	840.814
2.91254	830.745	840.637
2.92447	830.533	840.458
2.93641	830.321	840.279
2.94835	830.108	840.099
2.96028	829.894	839.919
2.97222	829.679	839.738
2.98416	829.464	839.556
2.99609	829.248	839.374
3.00803	829.032	839.191
3.01997	828.815	839.007
3.0319	828.597	838.823
3.04384	828.379	838.638
3.05577	828.16	838.452
3.06771	827.94	838.266
3.07965	827.719	838.079
3.09158	827.498	837.891
3.10352	827.277	837.703
3.11546	827.054	837.514
3.12739	826.831	837.324
3.13933	826.608	837.134
3.15127	826.383	836.943
3.1632	826.158	836.751
3.17514	825.933	836.559
3.18708	825.706	836.366
3.19901	825.479	836.172
3.21095	825.252	835.978
3.22289	825.023	835.783
3.23482	824.794	835.588
3.24676	824.565	835.391
3.2587	824.335	835.195
3.27063	824.104	834.997
3.28257	823.872	834.799
3.29451	823.64	834.6
3.30644	823.407	834.4
3.31838	823.174	834.2
3.33032	822.94	833.999
3.34225	822.705	833.798
3.35419	822.469	833.595
3.36613	822.233	833.393
3.37806	821.996	833.189
3.39	821.759	832.985
3.40194	821.521	832.78
3.41387	821.282	832.575
3.42581	821.043	832.368
3.43775	820.803	832.161
3.44968	820.562	831.954
3.46162	820.321	831.746
3.47356	820.079	831.537
3.48549	819.837	831.327
3.49743	819.594	831.117
3.50937	819.35	830.907
3.5213	819.105	830.695
3.53324	818.86	830.483
3.54518	818.614	830.27
3.55711	818.368	830.057
3.56905	818.121	829.843
3.58099	817.873	829.628
3.59292	817.625	829.412
3.60486	817.376	829.196
3.6168	817.127	828.979
3.62873	816.876	828.762
3.64067	816.626	828.544
3.65261	816.374	828.325
3.66454	816.122	828.106
3.67648	815.869	827.886
3.68842	815.616	827.665
3.70035	815.362	827.443
3.71229	815.107	827.221
3.72423	814.852	826.999
3.73616	814.596	826.775
3.7481	814.34	826.551
3.76004	814.083	826.327
3.77197	813.825	826.101
3.78391	813.567	825.875
3.79585	813.308	825.649
3.80778	813.048	825.421
3.81972	812.788	825.193
3.83166	812.527	824.965
3.84359	812.265	824.735
3.85553	812.003	824.506
3.86747	811.741	824.275
3.8794	811.477	824.044
3.89134	811.213	823.812
3.90327	810.949	823.579
3.91521	810.684	823.346
3.92715	810.418	823.112
3.93908	810.152	822.878
3.95102	809.885	822.642
3.96296	809.617	822.407
3.97489	809.349	822.17
3.98683	809.08	821.933
3.99877	808.811	821.695
4.0107	808.541	821.457
4.02264	808.27	821.218
4.03458	807.999	820.978
4.04651	807.727	820.738
4.05845	807.454	820.497
4.07039	807.181	820.255
4.08232	806.908	820.013
4.09426	806.633	819.77
4.1062	806.359	819.526
4.11813	806.083	819.282
4.13007	805.807	819.037
4.14201	805.531	818.792
4.15394	805.253	818.546
4.16588	804.976	818.299
4.17782	804.697	818.051
4.18975	804.418	817.803
4.20169	804.139	817.555
4.21363	803.859	817.305
4.22556	803.578	817.055
4.2375	803.297	816.805
4.24944	803.015	816.554
4.26137	802.732	816.302
4.27331	802.449	816.049
4.28525	802.166	815.796
4.29718	801.881	815.542
4.30912	801.597	815.288
4.32106	801.311	815.033
4.33299	801.025	814.777
4.34493	800.739	814.521
4.35687	800.452	814.264
4.3688	800.164	814.006
4.38074	799.876	813.748
4.39268	799.587	813.489
4.40461	799.298	813.23
4.41655	799.008	812.97
4.42849	798.717	812.709
4.44042	798.426	812.448
4.45236	798.135	812.186
4.4643	797.843	811.924
4.47623	797.55	811.66
4.48817	797.257	811.397
4.50011	796.963	811.132
4.51204	796.669	810.867
4.52398	796.374	810.602
4.53592	796.078	810.335
4.54785	795.782	810.069
4.55979	795.486	809.801
4.57173	795.189	809.533
4.58366	794.891	809.264
4.5956	794.593	808.995
4.60754	794.294	808.725
4.61947	793.995	808.455
4.63141	793.695	808.184
4.64335	793.395	807.912
4.65528	793.094	807.64
4.66722	792.792	807.367
4.67916	792.49	807.093
4.69109	792.188	806.819
4.70303	791.885	806.544
4.71497	791.581	806.269
4.7269	791.277	805.993
4.73884	790.973	805.717
4.75078	790.668	805.439
4.76271	790.362	805.162
4.77465	790.056	804.883
4.78658	789.749	804.605
4.79852	789.442	804.325
4.81046	789.134	804.045
4.82239	788.826	803.764
4.83433	788.517	803.483
4.84627	788.208	803.201
4.8582	787.898	802.919
4.87014	787.588	802.636
4.88208	787.277	802.353
4.89401	786.966	802.068
4.90595	786.654	801.784
4.91789	786.342	801.498
4.92982	786.029	801.213
4.94176	785.716	800.926
4.9537	785.402	800.639
4.96563	785.088	800.351
4.97757	784.773	800.063
4.98951	784.458	799.775
5.00144	784.142	799.485
5.01338	783.826	799.195
5.02532	783.509	798.905
5.03725	783.192	798.614
5.04919	782.874	798.323
5.06113	782.556	798.03
5.07306	782.238	797.738
5.085	781.918	797.444
5.09694	781.599	797.151
5.10887	781.279	796.856
5.12081	780.958	796.561
5.13275	780.637	796.266
5.14468	780.316	795.97
5.15662	779.994	795.673
5.16856	779.671	795.376
5.18049	779.348	795.079
5.19243	779.025	794.781
5.20437	778.701	794.482
5.2163	778.377	794.183
5.22824	778.052	793.883
5.24018	777.727	793.582
5.25211	777.401	793.281
5.26405	777.075	792.98
5.27599	776.749	792.678
5.28792	776.422	792.376
5.29986	776.094	792.073
5.3118	775.766	791.769
5.32373	775.438	791.465
5.33567	775.109	791.16
5.34761	774.78	790.855
5.35954	774.45	790.549
5.37148	774.12	790.243
5.38342	773.79	789.937
5.39535	773.459	789.629
5.40729	773.127	789.322
5.41923	772.795	789.013
5.43116	772.463	788.704
5.4431	772.13	788.395
5.45504	771.797	788.085
5.46697	771.464	787.775
5.47891	771.13	787.464
5.49085	770.795	787.153
5.50278	770.461	786.841
5.51472	770.125	786.529
5.52666	769.79	786.216
5.53859	769.454	785.902
5.55053	769.117	785.589
5.56247	768.78	785.274
5.5744	768.443	784.959
5.58634	768.105	784.644
5.59828	767.767	784.328
5.61021	767.429	784.012
5.62215	767.09	783.695
5.63408	766.75	783.378
5.64602	766.411	783.06
5.65796	766.071	782.742
5.66989	765.73	782.423
5.68183	765.389	782.104
5.69377	765.048	781.784
5.7057	764.706	781.464
5.71764	764.364	781.143
5.72958	764.022	780.822
5.74151	763.679	780.5
5.75345	763.336	780.178
5.76539	762.992	779.856
5.77732	762.648	779.533
5.78926	762.304	779.209
5.8012	761.959	778.885
5.81313	761.614	778.561
5.82507	761.269	778.236
5.83701	760.923	777.911
5.84894	760.577	777.585
5.86088	760.23	777.259
5.87282	759.883	776.932
5.88475	759.536	776.605
5.89669	759.188	776.277
5.90863	758.84	775.949
5.92056	758.492	775.621
5.9325	758.143	775.292
5.94444	757.794	774.962
5.95637	757.445	774.632
5.96831	757.095	774.302
5.98025	756.745	773.971
5.99218	756.395	773.64
6.00412	756.044	773.309
6.01606	755.693	772.977
6.02799	755.341	772.644
6.03993	754.989	772.311
6.05187	754.637	771.978
6.0638	754.285	771.644
6.07574	753.932	771.31
6.08768	753.579	770.976
6.09961	753.225	770.641
6.11155	752.871	770.305
6.12349	752.517	769.969
6.13542	752.163	769.633
6.14736	751.808	769.296
6.1593	751.453	768.959
6.17123	751.097	768.622
6.18317	750.742	768.284
6.19511	750.386	767.946
6.20704	750.029	767.607
6.21898	749.673	767.268
6.23092	749.316	766.928
6.24285	748.958	766.588
6.25479	748.601	766.248
6.26673	748.243	765.907
6.27866	747.884	765.566
6.2906	747.526	765.225
6.30254	747.167	764.883
6.31447	746.808	764.541
6.32641	746.449	764.198
6.33835	746.089	763.855
6.35028	745.729	763.512
6.36222	745.369	763.168
6.37416	745.008	762.824
6.38609	744.647	762.479
6.39803	744.286	762.134
6.40997	743.924	761.789
6.4219	743.563	761.443
6.43384	743.201	761.097
6.44578	742.838	760.751
6.45771	742.476	760.404
6.46965	742.113	760.057
6.48159	741.75	759.709
6.49352	741.386	759.361
6.50546	741.023	759.013
6.51739	740.659	758.664
6.52933	740.295	758.315
6.54127	739.93	757.966
6.5532	739.565	757.616
6.56514	739.2	757.266
6.57708	738.835	756.916
6.58901	738.47	756.565
6.60095	738.104	756.214
6.61289	737.738	755.863
6.62482	737.372	755.511
6.63676	737.005	755.159
6.6487	736.638	754.807
6.66063	736.271	754.454
6.67257	735.904	754.101
6.68451	735.536	753.747
6.69644	735.169	753.394
6.70838	734.801	753.039
6.72032	734.432	752.685
6.73225	734.064	752.33
6.74419	733.695	751.975
6.75613	733.326	751.62
6.76806	732.957	751.264
6.78	732.587	750.908
6.79194	732.218	750.552
6.80387	731.848	750.195
6.81581	731.478	749.838
6.82775	731.107	749.481
6.83968	730.737	749.123
6.85162	730.366	748.765
6.86356	729.995	748.407
6.87549	729.624	748.049
6.88743	729.252	747.69
6.89937	728.881	747.331
6.9113	728.509	746.971
6.92324	728.137	746.612
6.93518	727.764	746.252
6.94711	727.392	745.891
6.95905	727.019	745.531
6.97099	726.646	745.17
6.98292	726.273	744.809
6.99486	725.9	744.447
7.0068	725.526	744.085
7.01873	725.152	743.723
7.03067	724.778	743.361
7.04261	724.404	742.998
7.05454	724.03	742.636
7.06648	723.655	742.272
7.07842	723.28	741.909
7.09035	722.905	741.545
7.10229	722.53	741.181
7.11423	722.155	740.817
7.12616	721.779	740.453
7.1381	721.404	740.088
7.15004	721.028	739.723
7.16197	720.652	739.357
7.17391	720.276	738.992
7.18585	719.899	738.626
7.19778	719.523	738.26
7.20972	719.146	737.894
7.22166	718.769	737.527
7.23359	718.392	737.16
7.24553	718.014	736.793
7.25747	717.637	736.426
7.2694	717.259	736.058
7.28134	716.881	735.69
7.29328	716.503	735.322
7.30521	716.125	734.954
7.31715	715.747	734.585
7.32909	715.368	734.216
7.34102	714.99	733.847
7.35296	714.611	733.478
7.36489	714.232	733.109
7.37683	713.853	732.739
7.38877	713.474	732.369
7.4007	713.094	731.999
7.41264	712.714	731.628
7.42458	712.335	731.257
7.43651	711.955	730.887
7.44845	711.575	730.515
7.46039	711.195	730.144
7.47232	710.814	729.772
7.48426	710.434	729.401
7.4962	710.053	729.029
7.50813	709.672	728.656
7.52007	709.291	728.284
7.53201	708.91	727.911
7.54394	708.529	727.539
7.55588	708.148	727.165
7.56782	707.766	726.792
7.57975	707.385	726.419
7.59169	707.003	726.045
7.60363	706.621	725.671
7.61556	706.239	725.297
7.6275	705.857	724.923
7.63944	705.475	724.548
7.65137	705.092	724.174
7.66331	704.71	723.799
7.67525	704.327	723.424
7.68718	703.944	723.048
7.69912	703.561	722.673
7.71106	703.178	722.297
7.72299	702.795	721.921
7.73493	702.412	721.545
7.74687	702.029	721.169
7.7588	701.645	720.793
7.77074	701.261	720.416
7.78268	700.878	720.039
7.79461	700.494	719.663
7.80655	700.11	719.285
7.81849	699.726	718.908
7.83042	699.342	718.531
7.84236	698.957	718.153
7.8543	698.573	717.775
7.86623	698.189	717.397
7.87817	697.804	717.019
7.89011	697.419	716.641
7.90204	697.034	716.262
7.91398	696.649	715.884
7.92592	696.264	715.505
7.93785	695.879	715.126
7.94979	695.494	714.747
7.96173	695.109	714.367
7.97366	694.723	713.988
7.9856	694.338	713.608
7.99754	693.952	713.229
8.00947	693.567	712.849
8.02141	693.181	712.469
8.03335	692.795	712.088
8.04528	692.409	711.708
8.05722	692.023	711.328
8.06916	691.637	710.947
8.08109	691.251	710.566
8.09303	690.864	710.185
8.10497	690.478	709.804
8.1169	690.091	709.423
8.12884	689.705	709.041
8.14078	689.318	708.66
8.15271	688.931	708.278
8.16465	688.545	707.896
8.17659	688.158	707.515
8.18852	687.771	707.133
8.20046	687.384	706.75
8.2124	686.997	706.368
8.22433	686.609	705.986
8.23627	686.222	705.603
8.2482	685.835	705.22
8.26014	685.447	704.837
8.27208	685.06	704.454
8.28401	684.672	704.071
8.29595	684.285	703.688
8.30789	683.897	703.305
8.31982	683.509	702.921
8.33176	683.121	702.538
8.3437	682.733	702.154
8.35563	682.345	701.77
8.36757	681.957	701.386
8.37951	681.569	701.002
8.39144	681.181	700.618
8.40338	680.793	700.234
8.41532	680.405	699.85
8.42725	680.016	699.465
8.43919	679.628	699.081
8.45113	679.24	698.696
8.46306	678.851	698.311
8.475	678.462	697.926
8.48694	678.074	697.541
8.49887	677.685	697.156
8.51081	677.296	696.771
8.52275	676.908	696.386
8.53468	676.519	696
8.54662	676.13	695.615
8.55856	675.741	695.229
8.57049	675.352	694.843
8.58243	674.963	694.458
8.59437	674.574	694.072
8.6063	674.185	693.686
8.61824	673.796	693.3
8.63018	673.406	692.914
8.64211	673.017	692.527
8.65405	672.628	692.141
8.66599	672.238	691.755
8.67792	671.849	691.368
8.68986	671.46	690.981
8.7018	671.07	690.595
8.71373	670.681	690.208
8.72567	670.291	689.821
8.73761	669.901	689.434
8.74954	669.512	689.047
8.76148	669.122	688.66
8.77342	668.732	688.273
8.78535	668.343	687.886
8.79729	667.953	687.498
8.80923	667.563	687.111
8.82116	667.173	686.724
8.8331	666.783	686.336
8.84504	666.393	685.948
8.85697	666.003	685.561
8.86891	665.614	685.173
8.88085	665.223	684.785
8.89278	664.833	684.397
8.90472	664.443	684.009
8.91666	664.053	683.621
8.92859	663.663	683.233
8.94053	663.273	682.845
8.95247	662.883	682.457
8.9644	662.493	682.069
8.97634	662.102	681.68
8.98828	661.712	681.292
9.00021	661.322	680.903
9.01215	660.931	680.515
9.02409	660.541	680.126
9.03602	660.151	679.738
9.04796	659.76	679.349
9.0599	659.37	678.96
9.07183	658.98	678.571
9.08377	658.589	678.183
9.0957	658.199	677.794
9.10764	657.808	677.405
9.11958	657.418	677.016
9.13151	657.027	676.627
9.14345	656.637	676.237
9.15539	656.246	675.848
9.16732	655.855	675.459
9.17926	655.465	675.07
9.1912	655.074	674.68
9.20313	654.684	674.291
9.21507	654.293	673.902
9.22701	653.902	673.512
9.23894	653.512	673.123
9.25088	653.121	672.733
9.26282	652.73	672.344
9.27475	652.34	671.954
9.28669	651.949	671.564
9.29863	651.558	671.175
9.31056	651.168	670.785
9.3225	650.777	670.395
9.33444	650.386	670.005
9.34637	649.995	669.615
9.35831	649.605	669.226
9.37025	649.214	668.836
9.38218	648.823	668.446
9.39412	648.432	668.056
9.40606	648.041	667.666
9.41799	647.651	667.276
9.42993	647.26	666.886
9.44187	646.869	666.495
9.4538	646.478	666.105
9.46574	646.087	665.715
9.47768	645.696	665.325
9.48961	645.306	664.935
9.50155	644.915	664.544
9.51349	644.524	664.154
9.52542	644.133	663.764
9.53736	643.742	663.373
9.5493	643.351	662.983
9.56123	642.961	662.593
9.57317	642.57	662.202
9.58511	642.179	661.812
9.59704	641.788	661.421
9.60898	641.397	661.031
9.62092	641.006	660.64
9.63285	640.616	660.25
9.64479	640.225	659.859
9.65673	639.834	659.468
9.66866	639.443	659.078
9.6806	639.052	658.687
9.69254	638.661	658.297
9.70447	638.271	657.906
9.71641	637.88	657.515
9.72835	637.489	657.125
9.74028	637.098	656.734
9.75222	636.707	656.343
9.76416	636.317	655.952
9.77609	635.926	655.562
9.78803	635.535	655.171
9.79997	635.144	654.78
9.8119	634.753	654.389
9.82384	634.363	653.998
9.83578	633.972	653.608
9.84771	633.581	653.217
9.85965	633.19	652.826
9.87159	632.8	652.435
9.88352	632.409	652.044
9.89546	632.018	651.653
9.9074	631.628	651.262
9.91933	631.237	650.872
9.93127	630.846	650.481
9.94321	630.455	650.09
9.95514	630.065	649.699
9.96708	629.674	649.308
9.97901	629.284	648.917
9.99095	628.893	648.526
10.0029	628.502	648.135
10.0148	628.112	647.744
10.0268	627.721	647.353
10.0387	627.33	646.962
10.0506	626.94	646.571
10.0626	626.549	646.18
10.0745	626.159	645.789
10.0864	625.768	645.398
10.0984	625.378	645.007
10.1103	624.987	644.616
10.1223	624.597	644.225
10.1342	624.206	643.834
10.1461	623.816	643.444
10.1581	623.425	643.053
10.17	623.035	642.662
10.1819	622.645	642.271
10.1939	622.254	641.88
10.2058	621.864	641.489
10.2177	621.473	641.098
10.2297	621.083	640.707
10.2416	620.693	640.316
10.2536	620.302	639.925
10.2655	619.912	639.534
10.2774	619.522	639.143
10.2894	619.132	638.752
10.3013	618.741	638.361
10.3132	618.351	637.97
10.3252	617.961	637.579
10.3371	617.571	637.188
10.3491	617.181	636.797
10.361	616.79	636.406
10.3729	616.4	636.015
10.3849	616.01	635.625
10.3968	615.62	635.234
10.4087	615.23	634.843
10.4207	614.84	634.452
10.4326	614.45	634.061
10.4445	614.06	633.67
10.4565	613.67	633.279
10.4684	613.28	632.889
10.4804	612.89	632.498
10.4923	612.5	632.107
10.5042	612.11	631.716
10.5162	611.721	631.325
10.5281	611.331	630.935
10.54	610.941	630.544
10.552	610.551	630.153
10.5639	610.161	629.762
10.5758	609.772	629.371
10.5878	609.382	628.981
10.5997	608.992	628.59
10.6117	608.602	628.199
10.6236	608.213	627.809
10.6355	607.823	627.418
10.6475	607.434	627.027
10.6594	607.044	626.637
10.6713	606.654	626.246
10.6833	606.265	625.855
10.6952	605.875	625.465
10.7071	605.486	625.074
10.7191	605.097	624.684
10.731	604.707	624.293
10.743	604.318	623.903
10.7549	603.928	623.512
10.7668	603.539	623.122
10.7788	603.15	622.731
10.7907	602.76	622.341
10.8026	602.371	621.95
10.8146	601.982	621.56
10.8265	601.593	621.169
10.8385	601.204	620.779
10.8504	600.814	620.389
10.8623	600.425	619.998
10.8743	600.036	619.608
10.8862	599.647	619.218
10.8981	599.258	618.827
10.9101	598.869	618.437
10.922	598.48	618.047
10.9339	598.091	617.656
10.9459	597.702	617.266
10.9578	597.313	616.876
10.9698	596.924	616.486
10.9817	596.536	616.096
10.9936	596.147	615.706
11.0056	595.758	615.315
11.0175	595.369	614.925
11.0294	594.981	614.535
11.0414	594.592	614.145
11.0533	594.203	613.755
11.0652	593.815	613.365
11.0772	593.426	612.975
11.0891	593.038	612.585
11.1011	592.649	612.195
11.113	592.261	611.805
11.1249	591.872	611.415
11.1369	591.484	611.026
11.1488	591.095	610.636
11.1607	590.707	610.246
11.1727	590.319	609.856
11.1846	589.93	609.466
11.1966	589.542	609.077
11.2085	589.154	608.687
11.2204	588.766	608.297
11.2324	588.378	607.908
11.2443	587.989	607.518
11.2562	587.601	607.128
11.2682	587.213	606.739
11.2801	586.825	606.349
11.292	586.437	605.96
11.304	586.049	605.57
11.3159	585.661	605.181
11.3279	585.273	604.791
11.3398	584.886	604.402
11.3517	584.498	604.012
11.3637	584.11	603.623
11.3756	583.722	603.233
11.3875	583.334	602.844
11.3995	582.947	602.455
11.4114	582.559	602.066
11.4233	582.172	601.676
11.4353	581.784	601.287
11.4472	581.396	600.898
11.4592	581.009	600.509
11.4711	580.621	600.12
11.483	580.234	599.731
11.495	579.847	599.341
11.5069	579.459	598.952
11.5188	579.072	598.563
11.5308	578.685	598.174
11.5427	578.297	597.785
11.5546	577.91	597.396
11.5666	577.523	597.008
11.5785	577.136	596.619
11.5905	576.749	596.23
11.6024	576.361	595.841
11.6143	575.974	595.452
11.6263	575.587	595.064
11.6382	575.2	594.675
11.6501	574.813	594.286
11.6621	574.426	593.898
11.674	574.04	593.509
11.686	573.653	593.12
11.6979	573.266	592.732
11.7098	572.879	592.343
11.7218	572.492	591.955
11.7337	572.106	591.566
11.7456	571.719	591.178
11.7576	571.332	590.789
11.7695	570.946	590.401
11.7814	570.559	590.013
11.7934	570.173	589.624
11.8053	569.786	589.236
11.8173	569.4	588.848
11.8292	569.013	588.46
11.8411	568.627	588.071
11.8531	568.241	587.683
11.865	567.854	587.295
11.8769	567.468	586.907
11.8889	567.082	586.519
11.9008	566.696	586.131
11.9127	566.309	585.743
11.9247	565.923	585.355
11.9366	565.537	584.967
11.9486	565.151	584.579
11.9605	564.765	584.192
11.9724	564.379	583.804
11.9844	563.993	583.416
11.9963	563.607	583.028
12.0082	563.221	582.64
12.0202	562.835	582.253
12.0321	562.449	581.865
12.0441	562.064	581.478
12.056	561.678	581.09
12.0679	561.292	580.702
12.0799	560.906	580.315
12.0918	560.521	579.927
12.1037	560.135	579.54
12.1157	559.75	579.153
12.1276	559.364	578.765
12.1395	558.978	578.378
12.1515	558.593	577.991
12.1634	558.207	577.603
12.1754	557.822	577.216
12.1873	557.437	576.829
12.1992	557.051	576.442
12.2112	556.666	576.055
12.2231	556.281	575.667
12.235	555.895	575.28
12.247	555.51	574.893
12.2589	555.125	574.506
12.2708	554.74	574.119
12.2828	554.355	573.732
12.2947	553.969	573.346
12.3067	553.584	572.959
12.3186	553.199	572.572
12.3305	552.814	572.185
12.3425	552.429	571.798
12.3544	552.044	571.412
12.3663	551.659	571.025
12.3783	551.274	570.638
12.3902	550.889	570.252
12.4021	550.505	569.865
12.4141	550.12	569.479
12.426	549.735	569.092
12.438	549.35	568.706
12.4499	548.965	568.319
12.4618	548.581	567.933
12.4738	548.196	567.546
12.4857	547.811	567.16
12.4976	547.427	566.774
12.5096	547.042	566.387
12.5215	546.657	566.001
12.5335	546.273	565.615
12.5454	545.888	565.229
12.5573	545.504	564.843
12.5693	545.119	564.457
12.5812	544.735	564.071
12.5931	544.35	563.685
12.6051	543.966	563.299
12.617	543.581	562.913
12.6289	543.197	562.527
12.6409	542.813	562.141
12.6528	542.428	561.755
12.6648	542.044	561.369
12.6767	541.66	560.983
12.6886	541.275	560.597
12.7006	540.891	560.212
12.7125	540.507	559.826
12.7244	540.122	559.44
12.7364	539.738	559.055
12.7483	539.354	558.669
12.7602	538.97	558.283
12.7722	538.586	557.898
12.7841	538.201	557.512
12.7961	537.817	557.127
12.808	537.433	556.741
12.8199	537.049	556.356
12.8319	536.665	555.971
12.8438	536.281	555.585
12.8557	535.896	555.2
12.8677	535.512	554.815
12.8796	535.128	554.429
12.8916	534.744	554.044
12.9035	534.36	553.659
12.9154	533.976	553.274
12.9274	533.592	552.889
12.9393	533.208	552.503
12.9512	532.824	552.118
12.9632	532.44	551.733
12.9751	532.056	551.348
12.987	531.672	550.963
12.999	531.288	550.578
13.0109	530.904	550.193
13.0229	530.52	549.808
13.0348	530.135	549.423
13.0467	529.751	549.039
13.0587	529.367	548.654
13.0706	528.983	548.269
13.0825	528.599	547.884
13.0945	528.215	547.499
13.1064	527.831	547.114
13.1183	527.447	546.73
13.1303	527.063	546.345
13.1422	526.679	545.96
13.1542	526.295	545.576
13.1661	525.911	545.191
13.178	525.527	544.806
13.19	525.142	544.422
13.2019	524.758	544.037
13.2138	524.374	543.653
13.2258	523.99	543.268
13.2377	523.606	542.884
13.2496	523.222	542.499
13.2616	522.837	542.115
13.2735	522.453	541.73
13.2855	522.069	541.346
13.2974	521.685	540.961
13.3093	521.3	540.577
13.3213	520.916	540.192
13.3332	520.532	539.808
13.3451	520.147	539.424
13.3571	519.763	539.039
13.369	519.379	538.655
13.381	518.994	538.271
13.3929	518.61	537.886
13.4048	518.225	537.502
13.4168	517.841	537.118
13.4287	517.456	536.733
13.4406	517.071	536.349
13.4526	516.687	535.965
13.4645	516.302	535.581
13.4764	515.917	535.196
13.4884	515.533	534.812
13.5003	515.148	534.428
13.5123	514.763	534.044
13.5242	514.378	533.66
13.5361	513.993	533.275
13.5481	513.608	532.891
13.56	513.223	532.507
13.5719	512.838	532.123
13.5839	512.453	531.739
13.5958	512.068	531.354
13.6077	511.683	530.97
13.6197	511.298	530.586
13.6316	510.913	530.202
13.6436	510.527	529.818
13.6555	510.142	529.434
13.6674	509.756	529.049
13.6794	509.371	528.665
13.6913	508.985	528.281
13.7032	508.6	527.897
13.7152	508.214	527.513
13.7271	507.828	527.128
13.7391	507.443	526.744
13.751	507.057	526.36
13.7629	506.671	525.976
13.7749	506.285	525.592
13.7868	505.899	525.207
13.7987	505.513	524.823
13.8107	505.127	524.439
13.8226	504.74	524.055
13.8345	504.354	523.67
13.8465	503.968	523.286
13.8584	503.581	522.902
13.8704	503.194	522.517
13.8823	502.808	522.133
13.8942	502.421	521.749
13.9062	502.034	521.364
13.9181	501.647	520.98
13.93	501.26	520.595
13.942	500.873	520.211
13.9539	500.486	519.826
13.9658	500.099	519.442
13.9778	499.712	519.057
13.9897	499.324	518.673
14.0017	498.937	518.288
14.0136	498.549	517.904
14.0255	498.161	517.519
14.0375	497.774	517.134
14.0494	497.386	516.75
14.0613	496.998	516.365
14.0733	496.61	515.98
14.0852	496.221	515.596
14.0971	495.833	515.211
14.1091	495.445	514.826
14.121	495.056	514.441
14.133	494.667	514.056
14.1449	494.279	513.671
14.1568	493.89	513.286
14.1688	493.501	512.901
14.1807	493.112	512.516
14.1926	492.723	512.131
14.2046	492.333	511.746
14.2165	491.944	511.36
14.2285	491.554	510.975
14.2404	491.165	510.59
14.2523	490.775	510.204
14.2643	490.385	509.819
14.2762	489.995	509.433
14.2881	489.604	509.048
14.3001	489.214	508.662
14.312	488.824	508.277
14.3239	488.433	507.891
14.3359	488.042	507.505
14.3478	487.652	507.119
14.3598	487.26	506.733
14.3717	486.869	506.347
14.3836	486.478	505.961
14.3956	486.087	505.575
14.4075	485.695	505.189
14.4194	485.303	504.803
14.4314	484.911	504.417
14.4433	484.519	504.03
14.4552	484.127	503.644
14.4672	483.735	503.257
14.4791	483.343	502.871
14.4911	482.95	502.484
14.503	482.557	502.097
14.5149	482.164	501.711
14.5269	481.771	501.324
14.5388	481.378	500.937
14.5507	480.984	500.55
14.5627	480.591	500.163
14.5746	480.197	499.775
14.5866	479.803	499.388
14.5985	479.409	499.001
14.6104	479.015	498.613
14.6224	478.621	498.226
14.6343	478.226	497.838
14.6462	477.831	497.45
14.6582	477.436	497.062
14.6701	477.041	496.674
14.682	476.646	496.286
14.694	476.25	495.898
14.7059	475.855	495.51
14.7179	475.459	495.122
14.7298	475.063	494.733
14.7417	474.667	494.345
14.7537	474.27	493.956
14.7656	473.874	493.567
14.7775	473.477	493.178
14.7895	473.08	492.789
14.8014	472.683	492.4
14.8133	472.286	492.011
14.8253	471.888	491.622
14.8372	471.491	491.232
14.8492	471.093	490.843
14.8611	470.695	490.453
14.873	470.296	490.063
14.885	469.898	489.673
14.8969	469.499	489.283
14.9088	469.1	488.893
14.9208	468.701	488.503
14.9327	468.302	488.112
14.9446	467.902	487.722
14.9566	467.503	487.331
14.9685	467.103	486.94
14.9805	466.703	486.549
14.9924	466.303	486.158
15.0043	465.902	485.767
15.0163	465.501	485.375
15.0282	465.1	484.984
15.0401	464.699	484.592
15.0521	464.298	484.2
15.064	463.896	483.808
15.076	463.495	483.416
15.0879	463.093	483.024
15.0998	462.69	482.632
15.1118	462.288	482.239
15.1237	461.885	481.846
15.1356	461.482	481.454
15.1476	461.079	481.061
15.1595	460.676	480.667
15.1714	460.273	480.274
15.1834	459.869	479.881
15.1953	459.465	479.487
15.2073	459.061	479.093
15.2192	458.656	478.699
15.2311	458.252	478.305
15.2431	457.847	477.911
15.255	457.442	477.516
15.2669	457.037	477.122
15.2789	456.631	476.727
15.2908	456.225	476.332
15.3027	455.819	475.937
15.3147	455.413	475.542
15.3266	455.007	475.146
15.3386	454.6	474.75
15.3505	454.193	474.355
15.3624	453.786	473.959
15.3744	453.379	473.562
15.3863	452.971	473.166
15.3982	452.564	472.769
15.4102	452.156	472.373
15.4221	451.747	471.976
15.4341	451.339	471.579
15.446	450.93	471.181
15.4579	450.521	470.784
15.4699	450.112	470.386
15.4818	449.703	469.988
15.4937	449.293	469.59
15.5057	448.884	469.192
15.5176	448.474	468.794
15.5295	448.063	468.395
15.5415	447.653	467.996
15.5534	447.242	467.597
15.5654	446.831	467.198
15.5773	446.42	466.798
15.5892	446.009	466.399
15.6012	445.597	465.999
15.6131	445.185	465.599
15.625	444.773	465.199
15.637	444.361	464.798
15.6489	443.948	464.398
15.6608	443.536	463.997
15.6728	443.123	463.596
15.6847	442.709	463.194
15.6967	442.296	462.793
15.7086	441.882	462.391
15.7205	441.469	461.989
15.7325	441.055	461.587
15.7444	440.64	461.185
15.7563	440.226	460.782
15.7683	439.811	460.38
15.7802	439.396	459.977
15.7921	438.981	459.573
15.8041	438.566	459.17
15.816	438.15	458.766
15.828	437.734	458.363
15.8399	437.318	457.958
15.8518	436.902	457.554
15.8638	436.486	457.15
15.8757	436.069	456.745
15.8876	435.653	456.34
15.8996	435.236	455.935
15.9115	434.818	455.53
15.9235	434.401	455.124
15.9354	433.983	454.718
15.9473	433.566	454.312
15.9593	433.148	453.906
15.9712	432.729	453.499
15.9831	432.311	453.093
15.9951	431.893	452.686
16.007	431.474	452.279
16.0189	431.055	451.871
16.0309	430.636	451.464
16.0428	430.216	451.056
16.0548	429.797	450.648
16.0667	429.377	450.24
16.0786	428.958	449.831
16.0906	428.538	449.422
16.1025	428.117	449.014
16.1144	427.697	448.604
16.1264	427.276	448.195
16.1383	426.856	447.785
16.1502	426.435	447.376
16.1622	426.014	446.966
16.1741	425.593	446.555
16.1861	425.171	446.145
16.198	424.75	445.734
16.2099	424.328	445.323
16.2219	423.907	444.912
16.2338	423.485	444.501
16.2457	423.063	444.089
16.2577	422.64	443.677
16.2696	422.218	443.265
16.2816	421.796	442.853
16.2935	421.373	442.44
16.3054	420.95	442.028
16.3174	420.527	441.615
16.3293	420.104	441.202
16.3412	419.681	440.788
16.3532	419.258	440.375
16.3651	418.835	439.961
16.377	418.411	439.547
16.389	417.988	439.133
16.4009	417.564	438.718
16.4129	417.14	438.304
16.4248	416.717	437.889
16.4367	416.293	437.474
16.4487	415.869	437.058
16.4606	415.445	436.643
16.4725	415.02	436.227
16.4845	414.596	435.811
16.4964	414.172	435.395
16.5083	413.747	434.979
16.5203	413.323	434.563
16.5322	412.898	434.146
16.5442	412.474	433.729
16.5561	412.049	433.312
16.568	411.624	432.895
16.58	411.199	432.477
16.5919	410.775	432.059
16.6038	410.35	431.642
16.6158	409.925	431.224
16.6277	409.5	430.805
16.6396	409.075	430.387
16.6516	408.65	429.968
16.6635	408.225	429.549
16.6755	407.8	429.131
16.6874	407.375	428.711
16.6993	406.95	428.292
16.7113	406.525	427.873
16.7232	406.1	427.453
16.7351	405.675	427.033
16.7471	405.25	426.613
16.759	404.825	426.193
16.771	404.4	425.772
16.7829	403.975	425.352
16.7948	403.55	424.931
16.8068	403.125	424.511
16.8187	402.701	424.09
16.8306	402.276	423.668
16.8426	401.851	423.247
16.8545	401.426	422.826
16.8664	401.002	422.404
16.8784	400.577	421.982
16.8903	400.153	421.561
16.9023	399.728	421.139
16.9142	399.304	420.717
16.9261	398.88	420.294
16.9381	398.456	419.872
16.95	398.032	419.449
16.9619	397.608	419.027
16.9739	397.184	418.604
16.9858	396.76	418.181
16.9977	396.337	417.758
17.0097	395.913	417.335
17.0216	395.49	416.912
17.0336	395.067	416.489
17.0455	394.644	416.065
17.0574	394.221	415.642
17.0694	393.798	415.218
17.0813	393.376	414.795
17.0932	392.954	414.371
17.1052	392.531	413.947
17.1171	392.109	413.523
17.1291	391.687	413.099
17.141	391.266	412.675
17.1529	390.844	412.251
17.1649	390.423	411.827
17.1768	390.002	411.402
17.1887	389.581	410.978
17.2007	389.161	410.554
17.2126	388.74	410.129
17.2245	388.32	409.705
17.2365	387.9	409.28
17.2484	387.481	408.856
17.2604	387.061	408.431
17.2723	386.642	408.007
17.2842	386.223	407.582
17.2962	385.805	407.158
17.3081	385.387	406.733
17.32	384.969	406.308
17.332	384.551	405.884
17.3439	384.133	405.459
17.3558	383.716	405.034
17.3678	383.3	404.61
17.3797	382.883	404.185
17.3917	382.467	403.76
17.4036	382.051	403.336
17.4155	381.636	402.911
17.4275	381.221	402.487
17.4394	380.806	402.062
17.4513	380.391	401.638
17.4633	379.977	401.213
17.4752	379.564	400.789
17.4871	379.15	400.365
17.4991	378.738	399.94
17.511	378.325	399.516
17.523	377.913	399.092
17.5349	377.501	398.668
17.5468	377.09	398.244
17.5588	376.679	397.82
17.5707	376.269	397.397
17.5826	375.859	396.973
17.5946	375.449	396.549
17.6065	375.04	396.126
17.6185	374.632	395.703
17.6304	374.224	395.279
17.6423	373.816	394.856
17.6543	373.409	394.433
17.6662	373.002	394.011
17.6781	372.596	393.588
17.6901	372.19	393.165
17.702	371.785	392.743
17.7139	371.38	392.321
17.7259	370.976	391.899
17.7378	370.573	391.477
17.7498	370.17	391.055
17.7617	369.767	390.634
17.7736	369.365	390.213
17.7856	368.964	389.791
17.7975	368.563	389.371
17.8094	368.163	388.95
17.8214	367.763	388.529
17.8333	367.364	388.109
17.8452	366.966	387.689
17.8572	366.568	387.269
17.8691	366.17	386.85
17.8811	365.774	386.431
17.893	365.378	386.011
17.9049	364.982	385.593
17.9169	364.588	385.174
17.9288	364.194	384.756
17.9407	363.8	384.338
17.9527	363.407	383.92
17.9646	363.015	383.503
17.9766	362.624	383.086
17.9885	362.233	382.669
18.0004	361.843	382.253
18.0124	361.454	381.836
18.0243	361.065	381.421
18.0362	360.677	381.005
18.0482	360.29	380.59
18.0601	359.904	380.175
18.072	359.518	379.761
18.084	359.133	379.347
18.0959	358.749	378.933
18.1079	358.366	378.52
18.1198	357.983	378.107
18.1317	357.601	377.694
18.1437	357.22	377.282
18.1556	356.84	376.87
18.1675	356.46	376.459
18.1795	356.081	376.048
18.1914	355.703	375.638
18.2033	355.326	375.227
18.2153	354.95	374.818
18.2272	354.575	374.409
18.2392	354.2	374
18.2511	353.826	373.592
18.263	353.453	373.184
18.275	353.081	372.776
18.2869	352.71	372.37
18.2988	352.34	371.963
18.3108	351.97	371.557
18.3227	351.602	371.152
18.3346	351.234	370.747
18.3466	350.867	370.343
18.3585	350.502	369.939
18.3705	350.137	369.536
18.3824	349.773	369.133
18.3943	349.41	368.731
18.4063	349.048	368.329
18.4182	348.686	367.928
18.4301	348.326	367.528
18.4421	347.967	367.128
18.454	347.609	366.728
18.466	347.251	366.33
18.4779	346.895	365.932
18.4898	346.539	365.534
18.5018	346.185	365.137
18.5137	345.832	364.741
18.5256	345.479	364.345
18.5376	345.128	363.95
18.5495	344.777	363.556
18.5614	344.428	363.162
18.5734	344.08	362.769
18.5853	343.733	362.377
18.5973	343.386	361.985
18.6092	343.041	361.594
18.6211	342.697	361.203
18.6331	342.354	360.814
18.645	342.012	360.425
18.6569	341.671	360.037
18.6689	341.331	359.649
18.6808	340.992	359.262
18.6927	340.654	358.876
18.7047	340.318	358.491
18.7166	339.982	358.106
18.7286	339.648	357.723
18.7405	339.315	357.339
18.7524	338.982	356.957
18.7644	338.651	356.576
18.7763	338.321	356.195
18.7882	337.993	355.815
18.8002	337.665	355.436
18.8121	337.338	355.058
18.8241	337.013	354.68
18.836	336.689	354.303
18.8479	336.366	353.928
18.8599	336.044	353.553
18.8718	335.723	353.178
18.8837	335.403	352.805
18.8957	335.085	352.433
18.9076	334.768	352.061
18.9195	334.452	351.69
18.9315	334.137	351.321
18.9434	333.823	350.952
18.9554	333.511	350.584
18.9673	333.2	350.216
18.9792	332.89	349.85
18.9912	332.581	349.485
19.0031	332.274	349.12
19.015	331.967	348.757
19.027	331.662	348.394
19.0389	331.358	348.033
19.0508	331.056	347.672
19.0628	330.754	347.312
19.0747	330.454	346.954
19.0867	330.155	346.596
19.0986	329.858	346.239
19.1105	329.561	345.883
19.1225	329.266	345.529
19.1344	328.972	345.175
19.1463	328.68	344.822
19.1583	328.389	344.47
19.1702	328.099	344.119
19.1821	327.81	343.77
19.1941	327.522	343.421
19.206	327.236	343.073
19.218	326.951	342.726
19.2299	326.668	342.381
19.2418	326.386	342.036
19.2538	326.105	341.693
19.2657	325.825	341.35
19.2776	325.547	341.009
19.2896	325.27	340.669
19.3015	324.994	340.33
19.3135	324.72	339.992
19.3254	324.446	339.655
19.3373	324.175	339.319
19.3493	323.904	338.984
19.3612	323.635	338.65
19.3731	323.367	338.318
19.3851	323.101	337.986
19.397	322.836	337.656
19.4089	322.572	337.327
19.4209	322.309	336.999
19.4328	322.048	336.672
19.4448	321.789	336.346
19.4567	321.53	336.022
19.4686	321.273	335.698
19.4806	321.017	335.376
19.4925	320.763	335.055
19.5044	320.51	334.735
19.5164	320.258	334.417
19.5283	320.008	334.099
19.5402	319.759	333.783
19.5522	319.511	333.468
19.5641	319.265	333.154
19.5761	319.02	332.841
19.588	318.777	332.53
19.5999	318.534	332.22
19.6119	318.294	331.911
19.6238	318.054	331.603
19.6357	317.816	331.296
19.6477	317.579	330.991
19.6596	317.344	330.687
19.6716	317.11	330.384
19.6835	316.877	330.083
19.6954	316.646	329.783
19.7074	316.416	329.484
19.7193	316.188	329.186
19.7312	315.96	328.889
19.7432	315.735	328.594
19.7551	315.51	328.3
19.767	315.287	328.008
19.779	315.065	327.716
19.7909	314.845	327.426
19.8029	314.626	327.137
19.8148	314.409	326.85
19.8267	314.192	326.564
19.8387	313.978	326.279
19.8506	313.764	325.995
19.8625	313.552	325.713
19.8745	313.341	325.432
19.8864	313.132	325.152
19.8983	312.924	324.874
19.9103	312.717	324.597
19.9222	312.512	324.322
19.9342	312.308	324.047
19.9461	312.105	323.774
19.958	311.904	323.503
19.97	311.704	323.232
19.9819	311.506	322.963
19.9938	311.308	322.696
20.0058	311.113	322.429
20.0177	310.918	322.164
20.0296	310.725	321.901
20.0416	310.533	321.639
20.0535	310.343	321.378
20.0655	310.154	321.118
20.0774	309.966	320.86
20.0893	309.78	320.603
20.1013	309.594	320.348
20.1132	309.411	320.094
20.1251	309.228	319.841
20.1371	309.047	319.59
20.149	308.868	319.34
20.161	308.689	319.091
20.1729	308.512	318.844
20.1848	308.336	318.598
20.1968	308.162	318.354
20.2087	307.989	318.11
20.2206	307.817	317.869
20.2326	307.647	317.628
20.2445	307.477	317.389
20.2564	307.31	317.152
20.2684	307.143	316.916
20.2803	306.978	316.681
20.2923	306.814	316.447
20.3042	306.651	316.215
20.3161	306.49	315.985
20.3281	306.33	315.755
20.34	306.171	315.528
20.3519	306.013	315.301
20.3639	305.857	315.076
20.3758	305.702	314.852
20.3877	305.548	314.63
20.3997	305.396	314.409
20.4116	305.245	314.189
20.4236	305.095	313.971
20.4355	304.946	313.754
20.4474	304.799	313.539
20.4594	304.653	313.325
20.4713	304.508	313.112
20.4832	304.364	312.901
20.4952	304.222	312.691
20.5071	304.081	312.483
20.5191	303.941	312.275
20.531	303.802	312.07
20.5429	303.664	311.865
20.5549	303.528	311.662
20.5668	303.393	311.461
20.5787	303.259	311.261
20.5907	303.126	311.062
20.6026	302.995	310.864
20.6145	302.865	310.668
20.6265	302.735	310.473
20.6384	302.608	310.28
20.6504	302.481	310.088
20.6623	302.355	309.898
20.6742	302.231	309.708
20.6862	302.108	309.52
20.6981	301.986	309.334
20.71	301.865	309.149
20.722	301.745	308.965
20.7339	301.626	308.782
20.7458	301.509	308.601
20.7578	301.392	308.422
20.7697	301.277	308.243
20.7817	301.163	308.066
20.7936	301.05	307.891
20.8055	300.938	307.716
20.8175	300.828	307.543
20.8294	300.718	307.372
20.8413	300.609	307.201
20.8533	300.502	307.032
20.8652	300.396	306.864
20.8771	300.29	306.698
20.8891	300.186	306.533
20.901	300.083	306.369
20.913	299.981	306.207
20.9249	299.88	306.046
20.9368	299.78	305.886
20.9488	299.681	305.728
20.9607	299.583	305.571
20.9726	299.487	305.415
20.9846	299.391	305.26
20.9965	299.296	305.107
21.0085	299.202	304.955
21.0204	299.11	304.804
21.0323	299.018	304.655
21.0443	298.927	304.507
21.0562	298.838	304.36
21.0681	298.749	304.214
21.0801	298.661	304.07
21.092	298.574	303.927
21.1039	298.489	303.785
21.1159	298.404	303.645
21.1278	298.32	303.505
21.1398	298.237	303.367
21.1517	298.155	303.231
21.1636	298.074	303.095
21.1756	297.994	302.961
21.1875	297.915	302.828
21.1994	297.837	302.696
21.2114	297.76	302.565
21.2233	297.683	302.436
21.2352	297.608	302.308
21.2472	297.533	302.181
21.2591	297.46	302.055
21.2711	297.387	301.93
21.283	297.315	301.807
21.2949	297.244	301.685
21.3069	297.174	301.564
21.3188	297.104	301.444
21.3307	297.036	301.325
21.3427	296.968	301.207
21.3546	296.902	301.091
21.3666	296.836	300.976
21.3785	296.771	300.862
21.3904	296.707	300.749
21.4024	296.643	300.637
21.4143	296.581	300.526
21.4262	296.519	300.417
21.4382	296.458	300.309
21.4501	296.398	300.201
21.462	296.338	300.095
21.474	296.279	299.99
21.4859	296.222	299.886
21.4979	296.165	299.783
21.5098	296.108	299.682
21.5217	296.053	299.581
21.5337	295.998	299.481
21.5456	295.944	299.383
21.5575	295.89	299.285
21.5695	295.838	299.189
21.5814	295.786	299.094
21.5933	295.735	299
21.6053	295.684	298.906
21.6172	295.635	298.814
21.6292	295.585	298.723
21.6411	295.537	298.633
21.653	295.489	298.544
21.665	295.442	298.456
21.6769	295.396	298.369
21.6888	295.351	298.282
21.7008	295.306	298.197
21.7127	295.261	298.113
21.7246	295.218	298.03
21.7366	295.174	297.948
21.7485	295.132	297.867
21.7605	295.09	297.787
21.7724	295.049	297.707
21.7843	295.009	297.629
21.7963	294.969	297.552
21.8082	294.929	297.475
21.8201	294.891	297.4
21.8321	294.853	297.325
21.844	294.815	297.252
21.856	294.778	297.179
21.8679	294.742	297.107
21.8798	294.706	297.036
21.8918	294.671	296.966
21.9037	294.636	296.897
21.9156	294.602	296.829
21.9276	294.568	296.762
21.9395	294.535	296.695
21.9514	294.503	296.63
21.9634	294.471	296.565
21.9753	294.44	296.501
21.9873	294.409	296.438
21.9992	294.378	296.376
22.0111	294.348	296.314
22.0231	294.319	296.254
22.035	294.29	296.194
22.0469	294.262	296.135
22.0589	294.234	296.077
22.0708	294.206	296.019
22.0827	294.179	295.963
22.0947	294.153	295.907
22.1066	294.127	295.852
22.1186	294.101	295.798
22.1305	294.076	295.744
22.1424	294.051	295.692
22.1544	294.027	295.64
22.1663	294.003	295.588
22.1782	293.98	295.538
22.1902	293.957	295.488
22.2021	293.934	295.439
22.2141	293.912	295.391
22.226	293.89	295.343
22.2379	293.869	295.296
22.2499	293.848	295.25
22.2618	293.828	295.205
22.2737	293.807	295.16
22.2857	293.788	295.116
22.2976	293.768	295.072
22.3095	293.749	295.03
22.3215	293.73	294.987
22.3334	293.712	294.946
22.3454	293.694	294.905
22.3573	293.677	294.865
22.3692	293.659	294.825
22.3812	293.642	294.786
22.3931	293.626	294.748
22.405	293.61	294.71
22.417	293.594	294.673
22.4289	293.578	294.637
22.4408	293.563	294.601
22.4528	293.548	294.566
22.4647	293.533	294.531
22.4767	293.519	294.497
22.4886	293.505	294.463
22.5005	293.491	294.43
22.5125	293.478	294.398
22.5244	293.465	294.366
22.5363	293.452	294.335
22.5483	293.439	294.304
22.5602	293.427	294.274
22.5721	293.415	294.244
22.5841	293.403	294.215
22.596	293.391	294.186
22.608	293.38	294.158
22.6199	293.369	294.13
22.6318	293.358	294.103
22.6438	293.348	294.076
22.6557	293.338	294.05
22.6676	293.327	294.024
22.6796	293.318	293.999
22.6915	293.308	293.974
22.7035	293.299	293.95
22.7154	293.29	293.926
22.7273	293.281	293.903
22.7393	293.272	293.88
22.7512	293.263	293.857
22.7631	293.255	293.835
22.7751	293.247	293.813
22.787	293.239	293.792
22.7989	293.231	293.771
22.8109	293.224	293.751
22.8228	293.217	293.731
22.8348	293.209	293.711
22.8467	293.203	293.692
22.8586	293.196	293.673
22.8706	293.189	293.655
22.8825	293.183	293.637
22.8944	293.177	293.619
22.9064	293.17	293.602
22.9183	293.164	293.585
22.9302	293.159	293.568
22.9422	293.153	293.552
22.9541	293.148	293.536
22.9661	293.142	293.52
22.978	293.137	293.505
22.9899	293.132	293.49
23.0019	293.127	293.476
23.0138	293.123	293.462
23.0257	293.118	293.448
23.0377	293.114	293.434
23.0496	293.109	293.421
23.0616	293.105	293.408
23.0735	293.101	293.395
23.0854	293.097	293.383
23.0974	293.093	293.371
23.1093	293.089	293.359
23.1212	293.086	293.347
23.1332	293.082	293.336
23.1451	293.079	293.325
23.157	293.076	293.314
23.169	293.072	293.304
23.1809	293.069	293.294
23.1929	293.066	293.284
23.2048	293.063	293.274
23.2167	293.061	293.265
23.2287	293.058	293.255
23.2406	293.055	293.246
23.2525	293.053	293.238
23.2645	293.05	293.229
23.2764	293.048	293.221
23.2883	293.046	293.213
23.3003	293.044	293.205
23.3122	293.041	293.197
23.3242	293.039	293.19
23.3361	293.038	293.183
23.348	293.036	293.176
23.36	293.034	293.169
23.3719	293.032	293.162
23.3838	293.03	293.156
23.3958	293.029	293.149
23.4077	293.027	293.143
23.4196	293.026	293.137
23.4316	293.024	293.132
23.4435	293.023	293.126
23.4555	293.022	293.121
23.4674	293.02	293.115
23.4793	293.019	293.11
23.4913	293.018	293.105
23.5032	293.017	293.101
23.5151	293.016	293.096
23.5271	293.015	293.092
23.539	293.014	293.087
23.551	293.013	293.083
23.5629	293.012	293.079
23.5748	293.011	293.075
23.5868	293.01	293.071
23.5987	293.01	293.068
23.6106	293.009	293.064
23.6226	293.008	293.061
23.6345	293.008	293.058
23.6464	293.007	293.055
23.6584	293.006	293.051
23.6703	293.006	293.049
23.6823	293.005	293.046
23.6942	293.005	293.043
23.7061	293.004	293.041
23.7181	293.004	293.038
23.73	293.003	293.036
23.7419	293.003	293.033
23.7539	293.003	293.031
23.7658	293.002	293.029
23.7777	293.002	293.027
23.7897	293.002	293.026
23.8016	293.002	293.024
23.8136	293.001	293.023
23.8255	293.001	293.021
23.8374	293.001	293.02
23.8494	293.001	293.02
23.8613	293	293.019
23.8732	293	293.019
