0	873	865.389
0.0119366	872.87	865.347
0.0238732	872.785	865.232
0.0358099	872.698	865.063
0.0477465	872.608	864.854
0.0596831	872.517	864.617
0.0716197	872.422	864.359
0.0835563	872.325	864.085
0.095493	872.225	863.801
0.10743	872.123	863.509
0.119366	872.017	863.209
0.131303	871.908	862.905
0.143239	871.796	862.594
0.155176	871.681	862.28
0.167113	871.563	861.96
0.179049	871.442	861.636
0.190986	871.317	861.308
0.202923	871.19	860.975
0.214859	871.059	860.639
0.226796	870.924	860.298
0.238732	870.787	859.953
0.250669	870.646	859.604
0.262606	870.502	859.251
0.274542	870.354	858.894
0.286479	870.203	858.534
0.298416	870.049	858.169
0.310352	869.891	857.801
0.322289	869.73	857.429
0.334225	869.565	857.054
0.346162	869.397	856.674
0.358099	869.226	856.291
0.370035	869.05	855.905
0.381972	868.872	855.515
0.393908	868.689	855.121
0.405845	868.504	854.724
0.417782	868.314	854.324
0.429718	868.121	853.92
0.441655	867.925	853.513
0.453592	867.724	853.102
0.465528	867.521	852.688
0.477465	867.313	852.271
0.489401	867.102	851.85
0.501338	866.887	851.427
0.513275	866.669	851
0.525211	866.447	850.569
0.537148	866.221	850.136
0.549085	865.992	849.7
0.561021	865.759	849.26
0.572958	865.522	848.817
0.584894	865.281	848.372
0.596831	865.037	847.923
0.608768	864.789	847.471
0.620704	864.538	847.017
0.632641	864.282	846.559
0.644578	864.023	846.099
0.656514	863.761	845.636
0.668451	863.494	845.17
0.680387	863.224	844.701
0.692324	862.95	844.229
0.704261	862.672	843.755
0.716197	862.391	843.278
0.728134	862.106	842.798
0.74007	861.818	842.316
0.752007	861.525	841.831
0.763944	861.229	841.344
0.77588	860.929	840.854
0.787817	860.626	840.362
0.799754	860.319	839.867
0.81169	860.008	839.37
0.823627	859.693	838.87
0.835563	859.375	838.369
0.8475	859.054	837.865
0.859437	858.728	837.358
0.871373	858.399	836.85
0.88331	858.066	836.339
0.895247	857.73	835.826
0.907183	857.39	835.311
0.91912	857.047	834.795
0.931056	856.7	834.276
0.942993	856.349	833.755
0.95493	855.995	833.232
0.966866	855.637	832.707
0.978803	855.276	832.18
0.99074	854.912	831.652
1.00268	854.543	831.122
1.01461	854.172	830.59
1.02655	853.797	830.056
1.03849	853.418	829.521
1.05042	853.036	828.984
1.06236	852.651	828.445
1.0743	852.262	827.905
1.08623	851.87	827.364
1.09817	851.475	826.82
1.11011	851.076	826.276
1.12204	850.674	825.73
1.13398	850.269	825.183
1.14592	849.86	824.634
1.15785	849.448	824.085
1.16979	849.033	823.534
1.18173	848.615	822.981
1.19366	848.194	822.428
1.2056	847.769	821.874
1.21754	847.341	821.318
1.22947	846.911	820.762
1.24141	846.477	820.204
1.25335	846.04	819.646
1.26528	845.6	819.086
1.27722	845.158	818.526
1.28916	844.712	817.965
1.30109	844.263	817.403
1.31303	843.812	816.841
1.32496	843.357	816.277
1.3369	842.9	815.713
1.34884	842.44	815.149
1.36077	841.977	814.583
1.37271	841.511	814.018
1.38465	841.043	813.451
1.39658	840.572	812.884
1.40852	840.098	812.317
1.42046	839.622	811.749
1.43239	839.143	811.181
1.44433	838.661	810.613
1.45627	838.177	810.044
1.4682	837.691	809.475
1.48014	837.202	808.906
1.49208	836.71	808.337
1.50401	836.217	807.767
1.51595	835.72	807.198
1.52789	835.222	806.628
1.53982	834.721	806.058
1.55176	834.218	805.488
1.5637	833.713	804.919
1.57563	833.205	804.349
1.58757	832.696	803.779
1.59951	832.184	803.21
1.61144	831.67	802.641
1.62338	831.154	802.071
1.63532	830.636	801.502
1.64725	830.116	800.934
1.65919	829.595	800.365
1.67113	829.071	799.797
1.68306	828.545	799.23
1.695	828.018	798.662
1.70694	827.489	798.095
1.71887	826.958	797.529
1.73081	826.425	796.963
1.74275	825.891	796.397
1.75468	825.355	795.832
1.76662	824.817	795.268
1.77856	824.278	794.704
1.79049	823.737	794.141
1.80243	823.195	793.578
1.81437	822.651	793.016
1.8263	822.106	792.455
1.83824	821.56	791.895
1.85018	821.012	791.335
1.86211	820.463	790.776
1.87405	819.913	790.218
1.88599	819.361	789.661
1.89792	818.809	789.104
1.90986	818.255	788.549
1.9218	817.7	787.994
1.93373	817.144	787.44
1.94567	816.587	786.888
1.95761	816.029	786.336
1.96954	815.47	785.785
1.98148	814.91	785.235
1.99342	814.349	784.687
2.00535	813.787	784.139
2.01729	813.225	783.592
2.02923	812.661	783.047
2.04116	812.098	782.502
2.0531	811.533	781.959
2.06504	810.968	781.417
2.07697	810.402	780.876
2.08891	809.835	780.337
2.10085	809.268	779.798
2.11278	808.701	779.261
2.12472	808.133	778.725
2.13666	807.564	778.19
2.14859	806.995	777.657
2.16053	806.426	777.125
2.17246	805.857	776.594
2.1844	805.287	776.064
2.19634	804.717	775.536
2.20827	804.147	775.01
2.22021	803.576	774.484
2.23215	803.006	773.96
2.24408	802.435	773.437
2.25602	801.864	772.916
2.26796	801.294	772.396
2.27989	800.723	771.878
2.29183	800.152	771.361
2.30377	799.582	770.846
2.3157	799.011	770.332
2.32764	798.441	769.819
2.33958	797.87	769.308
2.35151	797.3	768.799
2.36345	796.73	768.291
2.37539	796.161	767.784
2.38732	795.591	767.279
2.39926	795.023	766.775
2.4112	794.454	766.274
2.42313	793.886	765.773
2.43507	793.318	765.274
2.44701	792.751	764.777
2.45894	792.184	764.281
2.47088	791.617	763.787
2.48282	791.052	763.294
2.49475	790.486	762.803
2.50669	789.922	762.313
2.51863	789.358	761.825
2.53056	788.794	761.339
2.5425	788.232	760.854
2.55444	787.67	760.371
2.56637	787.108	759.889
2.57831	786.548	759.409
2.59025	785.988	758.931
2.60218	785.429	758.454
2.61412	784.871	757.978
2.62606	784.314	757.504
2.63799	783.758	757.032
2.64993	783.203	756.562
2.66187	782.648	756.092
2.6738	782.095	755.625
2.68574	781.542	755.159
2.69768	780.991	754.695
2.70961	780.44	754.232
2.72155	779.891	753.771
2.73349	779.343	753.311
2.74542	778.796	752.853
2.75736	778.25	752.396
2.7693	777.705	751.941
2.78123	777.161	751.488
2.79317	776.618	751.036
2.80511	776.077	750.586
2.81704	775.537	750.137
2.82898	774.998	749.689
2.84092	774.46	749.244
2.85285	773.923	748.799
2.86479	773.388	748.356
2.87673	772.854	747.915
2.88866	772.321	747.475
2.9006	771.79	747.037
2.91254	771.26	746.6
2.92447	770.731	746.164
2.93641	770.203	745.731
2.94835	769.677	745.298
2.96028	769.152	744.867
2.97222	768.628	744.437
2.98416	768.105	744.009
2.99609	767.584	743.582
3.00803	767.064	743.157
3.01997	766.544	742.733
3.0319	766.026	742.31
3.04384	765.509	741.889
3.05577	764.993	741.469
3.06771	764.477	741.05
3.07965	763.963	740.633
3.09158	763.449	740.217
3.10352	762.935	739.803
3.11546	762.422	739.39
3.12739	761.91	738.978
3.13933	761.397	738.568
3.15127	760.885	738.159
3.1632	760.372	737.751
3.17514	759.86	737.345
3.18708	759.347	736.94
3.19901	758.834	736.537
3.21095	758.32	736.135
3.22289	757.806	735.734
3.23482	757.291	735.334
3.24676	756.775	734.936
3.2587	756.259	734.54
3.27063	755.742	734.144
3.28257	755.224	733.75
3.29451	754.705	733.358
3.30644	754.186	732.967
3.31838	753.666	732.577
3.33032	753.145	732.189
3.34225	752.625	731.802
3.35419	752.105	731.417
3.36613	751.585	731.033
3.37806	751.065	730.65
3.39	750.547	730.269
3.40194	750.03	729.889
3.41387	749.514	729.511
3.42581	749.001	729.134
3.43775	748.49	728.758
3.44968	747.982	728.384
3.46162	747.477	728.011
3.47356	746.976	727.639
3.48549	746.48	727.268
3.49743	745.987	726.898
3.50937	745.5	726.53
3.5213	745.018	726.162
3.53324	744.541	725.796
3.54518	744.071	725.43
3.55711	743.606	725.066
3.56905	743.147	724.702
3.58099	742.695	724.339
3.59292	742.249	723.977
3.60486	741.809	723.615
3.6168	741.376	723.254
3.62873	740.949	722.894
3.64067	740.528	722.534
3.65261	740.113	722.175
3.66454	739.704	721.815
3.67648	739.3	721.457
3.68842	738.902	721.098
3.70035	738.509	720.74
3.71229	738.121	720.382
3.72423	737.737	720.024
3.73616	737.357	719.666
3.7481	736.981	719.309
3.76004	736.609	718.951
3.77197	736.24	718.593
3.78391	735.874	718.236
3.79585	735.51	717.878
3.80778	735.149	717.52
3.81972	734.79	717.163
3.83166	734.433	716.805
3.84359	734.077	716.447
3.85553	733.722	716.088
3.86747	733.369	715.73
3.8794	733.017	715.371
3.89134	732.665	715.013
3.90327	732.315	714.654
3.91521	731.964	714.295
3.92715	731.615	713.936
3.93908	731.265	713.576
3.95102	730.916	713.217
3.96296	730.566	712.857
3.97489	730.217	712.497
3.98683	729.868	712.137
3.99877	729.519	711.776
4.0107	729.17	711.415
4.02264	728.821	711.055
4.03458	728.471	710.694
4.04651	728.121	710.332
4.05845	727.772	709.971
4.07039	727.422	709.609
4.08232	727.071	709.247
4.09426	726.721	708.885
4.1062	726.37	708.523
4.11813	726.019	708.161
4.13007	725.668	707.798
4.14201	725.317	707.435
4.15394	724.965	707.072
4.16588	724.613	706.709
4.17782	724.261	706.345
4.18975	723.909	705.982
4.20169	723.556	705.618
4.21363	723.203	705.254
4.22556	722.85	704.89
4.2375	722.497	704.525
4.24944	722.143	704.161
4.26137	721.789	703.796
4.27331	721.435	703.431
4.28525	721.081	703.066
4.29718	720.726	702.7
4.30912	720.372	702.335
4.32106	720.017	701.969
4.33299	719.661	701.603
4.34493	719.306	701.237
4.35687	718.95	700.871
4.3688	718.594	700.504
4.38074	718.238	700.138
4.39268	717.881	699.771
4.40461	717.525	699.404
4.41655	717.168	699.037
4.42849	716.81	698.669
4.44042	716.453	698.302
4.45236	716.095	697.934
4.4643	715.738	697.566
4.47623	715.38	697.198
4.48817	715.021	696.83
4.50011	714.663	696.462
4.51204	714.304	696.093
4.52398	713.945	695.725
4.53592	713.586	695.356
4.54785	713.227	694.987
4.55979	712.867	694.618
4.57173	712.507	694.248
4.58366	712.147	693.879
4.5956	711.787	693.509
4.60754	711.426	693.139
4.61947	711.066	692.769
4.63141	710.705	692.399
4.64335	710.344	692.029
4.65528	709.983	691.659
4.66722	709.621	691.288
4.67916	709.259	690.917
4.69109	708.897	690.546
4.70303	708.535	690.175
4.71497	708.173	689.804
4.7269	707.81	689.433
4.73884	707.448	689.061
4.75078	707.085	688.689
4.76271	706.722	688.318
4.77465	706.358	687.946
4.78658	705.995	687.574
4.79852	705.631	687.201
4.81046	705.267	686.829
4.82239	704.903	686.457
4.83433	704.539	686.084
4.84627	704.174	685.711
4.8582	703.81	685.338
4.87014	703.445	684.965
4.88208	703.08	684.592
4.89401	702.715	684.218
4.90595	702.349	683.845
4.91789	701.984	683.471
4.92982	701.618	683.098
4.94176	701.252	682.724
4.9537	700.886	682.35
4.96563	700.52	681.976
4.97757	700.153	681.601
4.98951	699.786	681.227
5.00144	699.42	680.852
5.01338	699.053	680.478
5.02532	698.685	680.103
5.03725	698.318	679.728
5.04919	697.95	679.353
5.06113	697.583	678.978
5.07306	697.215	678.602
5.085	696.847	678.227
5.09694	696.479	677.851
5.10887	696.11	677.476
5.12081	695.742	677.1
5.13275	695.373	676.724
5.14468	695.004	676.348
5.15662	694.635	675.972
5.16856	694.266	675.596
5.18049	693.896	675.219
5.19243	693.527	674.843
5.20437	693.157	674.466
5.2163	692.787	674.089
5.22824	692.417	673.713
5.24018	692.047	673.336
5.25211	691.677	672.959
5.26405	691.306	672.581
5.27599	690.935	672.204
5.28792	690.565	671.827
5.29986	690.194	671.449
5.3118	689.823	671.072
5.32373	689.451	670.694
5.33567	689.08	670.316
5.34761	688.708	669.938
5.35954	688.337	669.56
5.37148	687.965	669.182
5.38342	687.593	668.804
5.39535	687.221	668.426
5.40729	686.848	668.047
5.41923	686.476	667.669
5.43116	686.104	667.29
5.4431	685.731	666.911
5.45504	685.358	666.533
5.46697	684.985	666.154
5.47891	684.612	665.775
5.49085	684.239	665.396
5.50278	683.865	665.016
5.51472	683.492	664.637
5.52666	683.118	664.258
5.53859	682.744	663.878
5.55053	682.37	663.499
5.56247	681.996	663.119
5.5744	681.622	662.739
5.58634	681.248	662.359
5.59828	680.873	661.98
5.61021	680.499	661.6
5.62215	680.124	661.219
5.63408	679.749	660.839
5.64602	679.374	660.459
5.65796	678.999	660.079
5.66989	678.624	659.698
5.68183	678.248	659.318
5.69377	677.873	658.937
5.7057	677.497	658.556
5.71764	677.122	658.176
5.72958	676.746	657.795
5.74151	676.37	657.414
5.75345	675.994	657.033
5.76539	675.618	656.652
5.77732	675.241	656.27
5.78926	674.865	655.889
5.8012	674.488	655.508
5.81313	674.112	655.126
5.82507	673.735	654.745
5.83701	673.358	654.363
5.84894	672.981	653.982
5.86088	672.604	653.6
5.87282	672.227	653.218
5.88475	671.85	652.836
5.89669	671.472	652.454
5.90863	671.095	652.072
5.92056	670.717	651.69
5.9325	670.339	651.308
5.94444	669.961	650.926
5.95637	669.584	650.544
5.96831	669.205	650.161
5.98025	668.827	649.779
5.99218	668.449	649.396
6.00412	668.071	649.014
6.01606	667.692	648.631
6.02799	667.314	648.249
6.03993	666.935	647.866
6.05187	666.556	647.483
6.0638	666.177	647.1
6.07574	665.798	646.717
6.08768	665.419	646.334
6.09961	665.04	645.951
6.11155	664.661	645.568
6.12349	664.282	645.185
6.13542	663.902	644.802
6.14736	663.523	644.418
6.1593	663.143	644.035
6.17123	662.763	643.651
6.18317	662.384	643.268
6.19511	662.004	642.884
6.20704	661.624	642.501
6.21898	661.244	642.117
6.23092	660.864	641.733
6.24285	660.483	641.35
6.25479	660.103	640.966
6.26673	659.723	640.582
6.27866	659.342	640.198
6.2906	658.962	639.814
6.30254	658.581	639.43
6.31447	658.2	639.046
6.32641	657.819	638.662
6.33835	657.439	638.277
6.35028	657.058	637.893
6.36222	656.676	637.509
6.37416	656.295	637.125
6.38609	655.914	636.74
6.39803	655.533	636.356
6.40997	655.151	635.971
6.4219	654.77	635.587
6.43384	654.388	635.202
6.44578	654.007	634.817
6.45771	653.625	634.433
6.46965	653.243	634.048
6.48159	652.862	633.663
6.49352	652.48	633.278
6.50546	652.098	632.893
6.51739	651.716	632.508
6.52933	651.334	632.123
6.54127	650.951	631.738
6.5532	650.569	631.353
6.56514	650.187	630.968
6.57708	649.804	630.583
6.58901	649.422	630.198
6.60095	649.039	629.813
6.61289	648.657	629.427
6.62482	648.274	629.042
6.63676	647.891	628.657
6.6487	647.509	628.271
6.66063	647.126	627.886
6.67257	646.743	627.5
6.68451	646.36	627.115
6.69644	645.977	626.729
6.70838	645.594	626.344
6.72032	645.211	625.958
6.73225	644.827	625.572
6.74419	644.444	625.187
6.75613	644.061	624.801
6.76806	643.677	624.415
6.78	643.294	624.029
6.79194	642.91	623.643
6.80387	642.527	623.258
6.81581	642.143	622.872
6.82775	641.759	622.486
6.83968	641.376	622.1
6.85162	640.992	621.714
6.86356	640.608	621.328
6.87549	640.224	620.941
6.88743	639.84	620.555
6.89937	639.456	620.169
6.9113	639.072	619.783
6.92324	638.688	619.397
6.93518	638.303	619.01
6.94711	637.919	618.624
6.95905	637.535	618.238
6.97099	637.15	617.851
6.98292	636.766	617.465
6.99486	636.382	617.078
7.0068	635.997	616.692
7.01873	635.613	616.305
7.03067	635.228	615.919
7.04261	634.843	615.532
7.05454	634.459	615.146
7.06648	634.074	614.759
7.07842	633.689	614.373
7.09035	633.304	613.986
7.10229	632.919	613.599
7.11423	632.534	613.212
7.12616	632.149	612.826
7.1381	631.764	612.439
7.15004	631.379	612.052
7.16197	630.994	611.665
7.17391	630.609	611.278
7.18585	630.224	610.891
7.19778	629.839	610.504
7.20972	629.453	610.118
7.22166	629.068	609.731
7.23359	628.683	609.344
7.24553	628.297	608.956
7.25747	627.912	608.569
7.2694	627.526	608.182
7.28134	627.141	607.795
7.29328	626.755	607.408
7.30521	626.37	607.021
7.31715	625.984	606.634
7.32909	625.598	606.246
7.34102	625.212	605.859
7.35296	624.827	605.472
7.36489	624.441	605.085
7.37683	624.055	604.697
7.38877	623.669	604.31
7.4007	623.283	603.923
7.41264	622.897	603.535
7.42458	622.511	603.148
7.43651	622.125	602.76
7.44845	621.739	602.373
7.46039	621.353	601.986
7.47232	620.967	601.598
7.48426	620.581	601.21
7.4962	620.195	600.823
7.50813	619.808	600.435
7.52007	619.422	600.048
7.53201	619.036	599.66
7.54394	618.649	599.273
7.55588	618.263	598.885
7.56782	617.877	598.497
7.57975	617.49	598.109
7.59169	617.104	597.722
7.60363	616.717	597.334
7.61556	616.331	596.946
7.6275	615.944	596.558
7.63944	615.558	596.171
7.65137	615.171	595.783
7.66331	614.784	595.395
7.67525	614.398	595.007
7.68718	614.011	594.619
7.69912	613.624	594.231
7.71106	613.237	593.843
7.72299	612.851	593.455
7.73493	612.464	593.067
7.74687	612.077	592.679
7.7588	611.69	592.291
7.77074	611.303	591.903
7.78268	610.916	591.515
7.79461	610.529	591.127
7.80655	610.142	590.739
7.81849	609.755	590.351
7.83042	609.368	589.963
7.84236	608.981	589.575
7.8543	608.594	589.186
7.86623	608.207	588.798
7.87817	607.82	588.41
7.89011	607.433	588.022
7.90204	607.045	587.633
7.91398	606.658	587.245
7.92592	606.271	586.857
7.93785	605.884	586.469
7.94979	605.496	586.08
7.96173	605.109	585.692
7.97366	604.722	585.303
7.9856	604.334	584.915
7.99754	603.947	584.527
8.00947	603.559	584.138
8.02141	603.172	583.75
8.03335	602.784	583.361
8.04528	602.397	582.973
8.05722	602.009	582.584
8.06916	601.622	582.196
8.08109	601.234	581.807
8.09303	600.847	581.419
8.10497	600.459	581.03
8.1169	600.071	580.641
8.12884	599.684	580.253
8.14078	599.296	579.864
8.15271	598.908	579.475
8.16465	598.521	579.087
8.17659	598.133	578.698
8.18852	597.745	578.309
8.20046	597.357	577.92
8.2124	596.97	577.532
8.22433	596.582	577.143
8.23627	596.194	576.754
8.2482	595.806	576.365
8.26014	595.418	575.976
8.27208	595.03	575.587
8.28401	594.642	575.199
8.29595	594.254	574.81
8.30789	593.866	574.421
8.31982	593.478	574.032
8.33176	593.09	573.643
8.3437	592.702	573.254
8.35563	592.314	572.865
8.36757	591.926	572.476
8.37951	591.538	572.087
8.39144	591.15	571.698
8.40338	590.762	571.308
8.41532	590.373	570.919
8.42725	589.985	570.53
8.43919	589.597	570.141
8.45113	589.209	569.752
8.46306	588.821	569.363
8.475	588.432	568.973
8.48694	588.044	568.584
8.49887	587.656	568.195
8.51081	587.267	567.806
8.52275	586.879	567.416
8.53468	586.491	567.027
8.54662	586.102	566.638
8.55856	585.714	566.248
8.57049	585.325	565.859
8.58243	584.937	565.469
8.59437	584.548	565.08
8.6063	584.16	564.69
8.61824	583.771	564.301
8.63018	583.383	563.911
8.64211	582.994	563.522
8.65405	582.606	563.132
8.66599	582.217	562.743
8.67792	581.829	562.353
8.68986	581.44	561.964
8.7018	581.051	561.574
8.71373	580.663	561.184
8.72567	580.274	560.795
8.73761	579.885	560.405
8.74954	579.496	560.015
8.76148	579.108	559.625
8.77342	578.719	559.236
8.78535	578.33	558.846
8.79729	577.941	558.456
8.80923	577.552	558.066
8.82116	577.164	557.676
8.8331	576.775	557.286
8.84504	576.386	556.896
8.85697	575.997	556.506
8.86891	575.608	556.116
8.88085	575.219	555.726
8.89278	574.83	555.336
8.90472	574.441	554.946
8.91666	574.052	554.556
8.92859	573.663	554.166
8.94053	573.274	553.776
8.95247	572.885	553.386
8.9644	572.496	552.996
8.97634	572.107	552.606
8.98828	571.718	552.215
9.00021	571.328	551.825
9.01215	570.939	551.435
9.02409	570.55	551.045
9.03602	570.161	550.654
9.04796	569.772	550.264
9.0599	569.382	549.874
9.07183	568.993	549.483
9.08377	568.604	549.093
9.0957	568.214	548.702
9.10764	567.825	548.312
9.11958	567.436	547.921
9.13151	567.046	547.531
9.14345	566.657	547.14
9.15539	566.267	546.75
9.16732	565.878	546.359
9.17926	565.489	545.968
9.1912	565.099	545.578
9.20313	564.71	545.187
9.21507	564.32	544.796
9.22701	563.93	544.406
9.23894	563.541	544.015
9.25088	563.151	543.624
9.26282	562.762	543.233
9.27475	562.372	542.842
9.28669	561.982	542.451
9.29863	561.593	542.061
9.31056	561.203	541.67
9.3225	560.813	541.279
9.33444	560.423	540.888
9.34637	560.034	540.497
9.35831	559.644	540.106
9.37025	559.254	539.715
9.38218	558.864	539.323
9.39412	558.474	538.932
9.40606	558.084	538.541
9.41799	557.695	538.15
9.42993	557.305	537.759
9.44187	556.915	537.367
9.4538	556.525	536.976
9.46574	556.135	536.585
9.47768	555.745	536.194
9.48961	555.355	535.802
9.50155	554.964	535.411
9.51349	554.574	535.019
9.52542	554.184	534.628
9.53736	553.794	534.236
9.5493	553.404	533.845
9.56123	553.014	533.453
9.57317	552.623	533.062
9.58511	552.233	532.67
9.59704	551.843	532.279
9.60898	551.453	531.887
9.62092	551.062	531.495
9.63285	550.672	531.103
9.64479	550.282	530.712
9.65673	549.891	530.32
9.66866	549.501	529.928
9.6806	549.11	529.536
9.69254	548.72	529.144
9.70447	548.329	528.753
9.71641	547.939	528.361
9.72835	547.548	527.969
9.74028	547.158	527.577
9.75222	546.767	527.185
9.76416	546.377	526.793
9.77609	545.986	526.4
9.78803	545.595	526.008
9.79997	545.204	525.616
9.8119	544.814	525.224
9.82384	544.423	524.832
9.83578	544.032	524.44
9.84771	543.641	524.047
9.85965	543.251	523.655
9.87159	542.86	523.263
9.88352	542.469	522.87
9.89546	542.078	522.478
9.9074	541.687	522.086
9.91933	541.296	521.693
9.93127	540.905	521.301
9.94321	540.514	520.908
9.95514	540.123	520.516
9.96708	539.732	520.123
9.97901	539.341	519.73
9.99095	538.95	519.338
10.0029	538.558	518.945
10.0148	538.167	518.552
10.0268	537.776	518.16
10.0387	537.385	517.767
10.0506	536.993	517.374
10.0626	536.602	516.981
10.0745	536.211	516.588
10.0864	535.819	516.196
10.0984	535.428	515.803
10.1103	535.037	515.41
10.1223	534.645	515.017
10.1342	534.254	514.624
10.1461	533.862	514.231
10.1581	533.471	513.838
10.17	533.079	513.445
10.1819	532.688	513.051
10.1939	532.296	512.658
10.2058	531.904	512.265
10.2177	531.513	511.872
10.2297	531.121	511.479
10.2416	530.729	511.086
10.2536	530.337	510.692
10.2655	529.946	510.299
10.2774	529.554	509.906
10.2894	529.162	509.512
10.3013	528.77	509.119
10.3132	528.378	508.725
10.3252	527.986	508.332
10.3371	527.594	507.938
10.3491	527.202	507.545
10.361	526.81	507.151
10.3729	526.418	506.758
10.3849	526.026	506.364
10.3968	525.634	505.971
10.4087	525.242	505.577
10.4207	524.85	505.183
10.4326	524.458	504.79
10.4445	524.065	504.396
10.4565	523.673	504.002
10.4684	523.281	503.608
10.4804	522.889	503.215
10.4923	522.496	502.821
10.5042	522.104	502.427
10.5162	521.711	502.033
10.5281	521.319	501.639
10.54	520.927	501.245
10.552	520.534	500.851
10.5639	520.142	500.458
10.5758	519.749	500.064
10.5878	519.357	499.67
10.5997	518.964	499.276
10.6117	518.571	498.881
10.6236	518.179	498.487
10.6355	517.786	498.093
10.6475	517.393	497.699
10.6594	517.001	497.305
10.6713	516.608	496.911
10.6833	516.215	496.517
10.6952	515.822	496.123
10.7071	515.429	495.728
10.7191	515.036	495.334
10.731	514.644	494.94
10.743	514.251	494.546
10.7549	513.858	494.151
10.7668	513.465	493.757
10.7788	513.072	493.363
10.7907	512.679	492.968
10.8026	512.286	492.574
10.8146	511.892	492.18
10.8265	511.499	491.785
10.8385	511.106	491.391
10.8504	510.713	490.997
10.8623	510.32	490.602
10.8743	509.927	490.208
10.8862	509.533	489.813
10.8981	509.14	489.419
10.9101	508.747	489.024
10.922	508.353	488.63
10.9339	507.96	488.235
10.9459	507.567	487.841
10.9578	507.173	487.446
10.9698	506.78	487.052
10.9817	506.386	486.657
10.9936	505.993	486.263
11.0056	505.599	485.868
11.0175	505.206	485.474
11.0294	504.812	485.079
11.0414	504.419	484.685
11.0533	504.025	484.29
11.0652	503.631	483.896
11.0772	503.238	483.501
11.0891	502.844	483.106
11.1011	502.451	482.712
11.113	502.057	482.317
11.1249	501.663	481.923
11.1369	501.269	481.528
11.1488	500.876	481.134
11.1607	500.482	480.739
11.1727	500.088	480.344
11.1846	499.694	479.95
11.1966	499.3	479.555
11.2085	498.906	479.161
11.2204	498.512	478.766
11.2324	498.119	478.372
11.2443	497.725	477.977
11.2562	497.331	477.582
11.2682	496.937	477.188
11.2801	496.543	476.793
11.292	496.149	476.399
11.304	495.755	476.004
11.3159	495.361	475.61
11.3279	494.967	475.215
11.3398	494.573	474.821
11.3517	494.178	474.426
11.3637	493.784	474.032
11.3756	493.39	473.638
11.3875	492.996	473.243
11.3995	492.602	472.849
11.4114	492.208	472.454
11.4233	491.814	472.06
11.4353	491.42	471.666
11.4472	491.025	471.271
11.4592	490.631	470.877
11.4711	490.237	470.483
11.483	489.843	470.088
11.495	489.448	469.694
11.5069	489.054	469.3
11.5188	488.66	468.906
11.5308	488.266	468.512
11.5427	487.871	468.117
11.5546	487.477	467.723
11.5666	487.083	467.329
11.5785	486.689	466.935
11.5905	486.294	466.541
11.6024	485.9	466.147
11.6143	485.506	465.753
11.6263	485.111	465.359
11.6382	484.717	464.965
11.6501	484.323	464.571
11.6621	483.929	464.178
11.674	483.534	463.784
11.686	483.14	463.39
11.6979	482.746	462.996
11.7098	482.351	462.603
11.7218	481.957	462.209
11.7337	481.563	461.816
11.7456	481.168	461.422
11.7576	480.774	461.029
11.7695	480.38	460.635
11.7814	479.985	460.242
11.7934	479.591	459.848
11.8053	479.197	459.455
11.8173	478.803	459.062
11.8292	478.408	458.669
11.8411	478.014	458.276
11.8531	477.62	457.883
11.865	477.226	457.49
11.8769	476.831	457.097
11.8889	476.437	456.704
11.9008	476.043	456.311
11.9127	475.649	455.918
11.9247	475.255	455.525
11.9366	474.86	455.133
11.9486	474.466	454.74
11.9605	474.072	454.348
11.9724	473.678	453.955
11.9844	473.284	453.563
11.9963	472.89	453.171
12.0082	472.496	452.778
12.0202	472.102	452.386
12.0321	471.708	451.994
12.0441	471.314	451.602
12.056	470.92	451.21
12.0679	470.526	450.819
12.0799	470.132	450.427
12.0918	469.738	450.035
12.1037	469.344	449.644
12.1157	468.95	449.252
12.1276	468.556	448.861
12.1395	468.162	448.469
12.1515	467.769	448.078
12.1634	467.375	447.687
12.1754	466.981	447.296
12.1873	466.588	446.905
12.1992	466.194	446.514
12.2112	465.8	446.123
12.2231	465.407	445.733
12.235	465.013	445.342
12.247	464.62	444.952
12.2589	464.226	444.561
12.2708	463.833	444.171
12.2828	463.44	443.781
12.2947	463.046	443.391
12.3067	462.653	443.001
12.3186	462.26	442.611
12.3305	461.867	442.222
12.3425	461.473	441.832
12.3544	461.08	441.443
12.3663	460.687	441.053
12.3783	460.294	440.664
12.3902	459.901	440.275
12.4021	459.509	439.886
12.4141	459.116	439.497
12.426	458.723	439.109
12.438	458.33	438.72
12.4499	457.938	438.332
12.4618	457.545	437.943
12.4738	457.152	437.555
12.4857	456.76	437.167
12.4976	456.368	436.779
12.5096	455.975	436.392
12.5215	455.583	436.004
12.5335	455.191	435.616
12.5454	454.799	435.229
12.5573	454.406	434.842
12.5693	454.014	434.455
12.5812	453.623	434.068
12.5931	453.231	433.681
12.6051	452.839	433.295
12.617	452.447	432.908
12.6289	452.056	432.522
12.6409	451.664	432.136
12.6528	451.273	431.75
12.6648	450.881	431.364
12.6767	450.49	430.979
12.6886	450.099	430.593
12.7006	449.707	430.208
12.7125	449.316	429.823
12.7244	448.925	429.438
12.7364	448.535	429.054
12.7483	448.144	428.669
12.7602	447.753	428.285
12.7722	447.363	427.9
12.7841	446.972	427.516
12.7961	446.582	427.133
12.808	446.191	426.749
12.8199	445.801	426.366
12.8319	445.411	425.982
12.8438	445.021	425.599
12.8557	444.631	425.217
12.8677	444.242	424.834
12.8796	443.852	424.451
12.8916	443.462	424.069
12.9035	443.073	423.687
12.9154	442.684	423.305
12.9274	442.294	422.924
12.9393	441.905	422.542
12.9512	441.516	422.161
12.9632	441.128	421.78
12.9751	440.739	421.4
12.987	440.35	421.019
12.999	439.962	420.639
13.0109	439.573	420.259
13.0229	439.185	419.879
13.0348	438.797	419.499
13.0467	438.409	419.12
13.0587	438.021	418.741
13.0706	437.634	418.362
13.0825	437.246	417.983
13.0945	436.859	417.605
13.1064	436.472	417.227
13.1183	436.084	416.849
13.1303	435.697	416.471
13.1422	435.311	416.094
13.1542	434.924	415.716
13.1661	434.537	415.339
13.178	434.151	414.963
13.19	433.765	414.586
13.2019	433.379	414.21
13.2138	432.993	413.834
13.2258	432.607	413.459
13.2377	432.222	413.083
13.2496	431.836	412.708
13.2616	431.451	412.334
13.2735	431.066	411.959
13.2855	430.681	411.585
13.2974	430.296	411.211
13.3093	429.912	410.837
13.3213	429.527	410.464
13.3332	429.143	410.091
13.3451	428.759	409.718
13.3571	428.375	409.345
13.369	427.992	408.973
13.381	427.608	408.601
13.3929	427.225	408.23
13.4048	426.842	407.858
13.4168	426.459	407.487
13.4287	426.076	407.117
13.4406	425.694	406.746
13.4526	425.311	406.376
13.4645	424.929	406.006
13.4764	424.547	405.637
13.4884	424.166	405.268
13.5003	423.784	404.899
13.5123	423.403	404.53
13.5242	423.022	404.162
13.5361	422.641	403.794
13.5481	422.26	403.427
13.56	421.88	403.06
13.5719	421.5	402.693
13.5839	421.12	402.326
13.5958	420.74	401.96
13.6077	420.36	401.595
13.6197	419.981	401.229
13.6316	419.602	400.864
13.6436	419.223	400.499
13.6555	418.845	400.135
13.6674	418.466	399.771
13.6794	418.088	399.407
13.6913	417.71	399.044
13.7032	417.332	398.681
13.7152	416.955	398.318
13.7271	416.578	397.956
13.7391	416.201	397.594
13.751	415.824	397.233
13.7629	415.448	396.872
13.7749	415.072	396.511
13.7868	414.696	396.151
13.7987	414.32	395.791
13.8107	413.945	395.431
13.8226	413.57	395.072
13.8345	413.195	394.713
13.8465	412.821	394.355
13.8584	412.446	393.997
13.8704	412.072	393.639
13.8823	411.699	393.282
13.8942	411.325	392.926
13.9062	410.952	392.569
13.9181	410.579	392.213
13.93	410.206	391.858
13.942	409.834	391.503
13.9539	409.462	391.148
13.9658	409.09	390.794
13.9778	408.719	390.44
13.9897	408.348	390.087
14.0017	407.977	389.734
14.0136	407.607	389.381
14.0255	407.236	389.029
14.0375	406.867	388.677
14.0494	406.497	388.326
14.0613	406.128	387.975
14.0733	405.759	387.625
14.0852	405.39	387.275
14.0971	405.022	386.925
14.1091	404.654	386.576
14.121	404.286	386.228
14.133	403.919	385.88
14.1449	403.552	385.532
14.1568	403.185	385.185
14.1688	402.819	384.838
14.1807	402.453	384.492
14.1926	402.087	384.146
14.2046	401.722	383.801
14.2165	401.357	383.456
14.2285	400.992	383.112
14.2404	400.628	382.768
14.2523	400.264	382.425
14.2643	399.901	382.082
14.2762	399.537	381.74
14.2881	399.175	381.398
14.3001	398.812	381.056
14.312	398.45	380.715
14.3239	398.088	380.375
14.3359	397.727	380.035
14.3478	397.366	379.696
14.3598	397.005	379.357
14.3717	396.645	379.018
14.3836	396.285	378.68
14.3956	395.926	378.343
14.4075	395.567	378.006
14.4194	395.208	377.67
14.4314	394.85	377.334
14.4433	394.492	376.999
14.4552	394.134	376.664
14.4672	393.777	376.33
14.4791	393.421	375.996
14.4911	393.064	375.663
14.503	392.708	375.33
14.5149	392.353	374.998
14.5269	391.998	374.667
14.5388	391.643	374.336
14.5507	391.289	374.005
14.5627	390.935	373.675
14.5746	390.582	373.346
14.5866	390.229	373.017
14.5985	389.876	372.689
14.6104	389.524	372.361
14.6224	389.172	372.034
14.6343	388.821	371.708
14.6462	388.47	371.382
14.6582	388.12	371.056
14.6701	387.77	370.732
14.682	387.42	370.407
14.694	387.071	370.084
14.7059	386.723	369.76
14.7179	386.375	369.438
14.7298	386.027	369.116
14.7417	385.68	368.795
14.7537	385.333	368.474
14.7656	384.987	368.154
14.7775	384.641	367.834
14.7895	384.296	367.515
14.8014	383.951	367.197
14.8133	383.606	366.879
14.8253	383.262	366.562
14.8372	382.919	366.245
14.8492	382.576	365.929
14.8611	382.233	365.614
14.873	381.891	365.299
14.885	381.55	364.985
14.8969	381.209	364.671
14.9088	380.868	364.358
14.9208	380.528	364.046
14.9327	380.189	363.734
14.9446	379.849	363.423
14.9566	379.511	363.113
14.9685	379.173	362.803
14.9805	378.835	362.494
14.9924	378.498	362.185
15.0043	378.162	361.877
15.0163	377.826	361.57
15.0282	377.49	361.263
15.0401	377.155	360.957
15.0521	376.821	360.652
15.064	376.487	360.347
15.076	376.154	360.043
15.0879	375.821	359.74
15.0998	375.488	359.437
15.1118	375.157	359.135
15.1237	374.825	358.834
15.1356	374.495	358.533
15.1476	374.165	358.233
15.1595	373.835	357.933
15.1714	373.506	357.634
15.1834	373.177	357.336
15.1953	372.849	357.039
15.2073	372.522	356.742
15.2192	372.195	356.446
15.2311	371.869	356.151
15.2431	371.543	355.856
15.255	371.218	355.562
15.2669	370.893	355.268
15.2789	370.569	354.976
15.2908	370.246	354.684
15.3027	369.923	354.392
15.3147	369.601	354.102
15.3266	369.279	353.812
15.3386	368.958	353.522
15.3505	368.637	353.234
15.3624	368.317	352.946
15.3744	367.998	352.659
15.3863	367.679	352.372
15.3982	367.361	352.086
15.4102	367.043	351.801
15.4221	366.726	351.517
15.4341	366.41	351.233
15.446	366.094	350.95
15.4579	365.779	350.668
15.4699	365.464	350.386
15.4818	365.15	350.106
15.4937	364.837	349.825
15.5057	364.524	349.546
15.5176	364.212	349.267
15.5295	363.901	348.989
15.5415	363.59	348.712
15.5534	363.279	348.436
15.5654	362.97	348.16
15.5773	362.661	347.885
15.5892	362.352	347.61
15.6012	362.045	347.337
15.6131	361.737	347.064
15.625	361.431	346.792
15.637	361.125	346.52
15.6489	360.82	346.25
15.6608	360.515	345.98
15.6728	360.211	345.71
15.6847	359.908	345.442
15.6967	359.605	345.174
15.7086	359.303	344.907
15.7205	359.002	344.641
15.7325	358.701	344.375
15.7444	358.401	344.111
15.7563	358.102	343.847
15.7683	357.803	343.583
15.7802	357.505	343.321
15.7921	357.208	343.059
15.8041	356.911	342.798
15.816	356.615	342.538
15.828	356.32	342.278
15.8399	356.025	342.02
15.8518	355.731	341.762
15.8638	355.438	341.504
15.8757	355.145	341.248
15.8876	354.853	340.992
15.8996	354.562	340.737
15.9115	354.271	340.483
15.9235	353.981	340.23
15.9354	353.692	339.977
15.9473	353.403	339.725
15.9593	353.115	339.474
15.9712	352.828	339.224
15.9831	352.542	338.974
15.9951	352.256	338.725
16.007	351.971	338.477
16.0189	351.686	338.23
16.0309	351.403	337.984
16.0428	351.12	337.738
16.0548	350.837	337.493
16.0667	350.556	337.249
16.0786	350.275	337.005
16.0906	349.995	336.763
16.1025	349.715	336.521
16.1144	349.436	336.28
16.1264	349.158	336.04
16.1383	348.881	335.8
16.1502	348.604	335.561
16.1622	348.329	335.323
16.1741	348.053	335.086
16.1861	347.779	334.85
16.198	347.505	334.614
16.2099	347.232	334.38
16.2219	346.96	334.146
16.2338	346.689	333.912
16.2457	346.418	333.68
16.2577	346.148	333.448
16.2696	345.878	333.218
16.2816	345.61	332.987
16.2935	345.342	332.758
16.3054	345.075	332.53
16.3174	344.808	332.302
16.3293	344.543	332.075
16.3412	344.278	331.849
16.3532	344.014	331.624
16.3651	343.75	331.399
16.377	343.488	331.175
16.389	343.226	330.953
16.4009	342.965	330.73
16.4129	342.704	330.509
16.4248	342.444	330.289
16.4367	342.186	330.069
16.4487	341.927	329.85
16.4606	341.67	329.632
16.4725	341.413	329.414
16.4845	341.157	329.198
16.4964	340.902	328.982
16.5083	340.648	328.767
16.5203	340.394	328.553
16.5322	340.141	328.339
16.5442	339.889	328.127
16.5561	339.638	327.915
16.568	339.387	327.704
16.58	339.138	327.494
16.5919	338.889	327.285
16.6038	338.64	327.076
16.6158	338.393	326.868
16.6277	338.146	326.661
16.6396	337.9	326.455
16.6516	337.655	326.25
16.6635	337.41	326.045
16.6755	337.167	325.841
16.6874	336.924	325.638
16.6993	336.682	325.436
16.7113	336.441	325.235
16.7232	336.2	325.034
16.7351	335.96	324.834
16.7471	335.721	324.635
16.759	335.483	324.437
16.771	335.246	324.239
16.7829	335.009	324.043
16.7948	334.773	323.847
16.8068	334.538	323.652
16.8187	334.304	323.458
16.8306	334.07	323.264
16.8426	333.837	323.072
16.8545	333.605	322.88
16.8664	333.374	322.689
16.8784	333.144	322.498
16.8903	332.914	322.309
16.9023	332.686	322.12
16.9142	332.458	321.932
16.9261	332.23	321.745
16.9381	332.004	321.559
16.95	331.778	321.373
16.9619	331.553	321.189
16.9739	331.329	321.005
16.9858	331.106	320.822
16.9977	330.883	320.639
17.0097	330.662	320.458
17.0216	330.441	320.277
17.0336	330.221	320.097
17.0455	330.001	319.918
17.0574	329.783	319.739
17.0694	329.565	319.562
17.0813	329.348	319.385
17.0932	329.132	319.209
17.1052	328.917	319.034
17.1171	328.702	318.859
17.1291	328.488	318.685
17.141	328.275	318.513
17.1529	328.063	318.34
17.1649	327.852	318.169
17.1768	327.641	317.999
17.1887	327.431	317.829
17.2007	327.222	317.66
17.2126	327.014	317.491
17.2245	326.807	317.324
17.2365	326.6	317.157
17.2484	326.394	316.991
17.2604	326.189	316.826
17.2723	325.985	316.662
17.2842	325.781	316.498
17.2962	325.579	316.335
17.3081	325.377	316.173
17.32	325.176	316.012
17.332	324.976	315.852
17.3439	324.776	315.692
17.3558	324.577	315.533
17.3678	324.379	315.375
17.3797	324.182	315.217
17.3917	323.986	315.061
17.4036	323.791	314.905
17.4155	323.596	314.749
17.4275	323.402	314.595
17.4394	323.209	314.441
17.4513	323.016	314.288
17.4633	322.825	314.136
17.4752	322.634	313.985
17.4871	322.444	313.834
17.4991	322.255	313.684
17.511	322.067	313.535
17.523	321.879	313.387
17.5349	321.692	313.239
17.5468	321.506	313.092
17.5588	321.321	312.946
17.5707	321.137	312.801
17.5826	320.953	312.656
17.5946	320.77	312.512
17.6065	320.588	312.369
17.6185	320.407	312.227
17.6304	320.226	312.085
17.6423	320.047	311.944
17.6543	319.868	311.804
17.6662	319.689	311.664
17.6781	319.512	311.526
17.6901	319.336	311.388
17.702	319.16	311.25
17.7139	318.985	311.114
17.7259	318.81	310.978
17.7378	318.637	310.843
17.7498	318.464	310.708
17.7617	318.292	310.575
17.7736	318.121	310.442
17.7856	317.951	310.31
17.7975	317.781	310.178
17.8094	317.613	310.047
17.8214	317.445	309.917
17.8333	317.277	309.788
17.8452	317.111	309.659
17.8572	316.945	309.531
17.8691	316.78	309.404
17.8811	316.616	309.277
17.893	316.453	309.151
17.9049	316.29	309.026
17.9169	316.128	308.902
17.9288	315.967	308.778
17.9407	315.807	308.655
17.9527	315.647	308.533
17.9646	315.489	308.411
17.9766	315.331	308.29
17.9885	315.173	308.17
18.0004	315.017	308.05
18.0124	314.861	307.931
18.0243	314.706	307.813
18.0362	314.552	307.696
18.0482	314.398	307.579
18.0601	314.246	307.463
18.072	314.094	307.347
18.084	313.943	307.232
18.0959	313.792	307.118
18.1079	313.642	307.005
18.1198	313.493	306.892
18.1317	313.345	306.78
18.1437	313.198	306.668
18.1556	313.051	306.557
18.1675	312.905	306.447
18.1795	312.76	306.338
18.1914	312.615	306.229
18.2033	312.472	306.121
18.2153	312.329	306.013
18.2272	312.186	305.906
18.2392	312.045	305.8
18.2511	311.904	305.695
18.263	311.764	305.59
18.275	311.625	305.485
18.2869	311.486	305.382
18.2988	311.348	305.279
18.3108	311.211	305.176
18.3227	311.075	305.075
18.3346	310.939	304.974
18.3466	310.804	304.873
18.3585	310.67	304.773
18.3705	310.536	304.674
18.3824	310.403	304.576
18.3943	310.271	304.478
18.4063	310.14	304.38
18.4182	310.009	304.284
18.4301	309.879	304.187
18.4421	309.75	304.092
18.454	309.621	303.997
18.466	309.493	303.903
18.4779	309.366	303.809
18.4898	309.24	303.716
18.5018	309.114	303.624
18.5137	308.989	303.532
18.5256	308.865	303.441
18.5376	308.741	303.35
18.5495	308.618	303.26
18.5614	308.496	303.171
18.5734	308.374	303.082
18.5853	308.254	302.993
18.5973	308.133	302.906
18.6092	308.014	302.819
18.6211	307.895	302.732
18.6331	307.777	302.646
18.645	307.66	302.561
18.6569	307.543	302.476
18.6689	307.427	302.392
18.6808	307.311	302.308
18.6927	307.197	302.225
18.7047	307.083	302.143
18.7166	306.969	302.061
18.7286	306.857	301.979
18.7405	306.744	301.899
18.7524	306.633	301.818
18.7644	306.522	301.739
18.7763	306.412	301.659
18.7882	306.303	301.581
18.8002	306.194	301.503
18.8121	306.086	301.425
18.8241	305.979	301.348
18.836	305.872	301.272
18.8479	305.766	301.196
18.8599	305.66	301.121
18.8718	305.555	301.046
18.8837	305.451	300.972
18.8957	305.348	300.898
18.9076	305.245	300.825
18.9195	305.142	300.752
18.9315	305.041	300.68
18.9434	304.94	300.608
18.9554	304.839	300.537
18.9673	304.74	300.466
18.9792	304.64	300.396
18.9912	304.542	300.327
19.0031	304.444	300.258
19.015	304.347	300.189
19.027	304.25	300.121
19.0389	304.154	300.054
19.0508	304.059	299.987
19.0628	303.964	299.92
19.0747	303.87	299.854
19.0867	303.776	299.788
19.0986	303.683	299.723
19.1105	303.591	299.659
19.1225	303.499	299.595
19.1344	303.408	299.531
19.1463	303.317	299.468
19.1583	303.227	299.405
19.1702	303.138	299.343
19.1821	303.049	299.281
19.1941	302.961	299.22
19.206	302.873	299.159
19.218	302.786	299.099
19.2299	302.7	299.039
19.2418	302.614	298.98
19.2538	302.529	298.921
19.2657	302.444	298.862
19.2776	302.36	298.804
19.2896	302.276	298.747
19.3015	302.193	298.69
19.3135	302.111	298.633
19.3254	302.029	298.577
19.3373	301.948	298.521
19.3493	301.867	298.466
19.3612	301.787	298.411
19.3731	301.707	298.357
19.3851	301.628	298.303
19.397	301.549	298.249
19.4089	301.471	298.196
19.4209	301.394	298.143
19.4328	301.317	298.091
19.4448	301.241	298.039
19.4567	301.165	297.988
19.4686	301.09	297.937
19.4806	301.015	297.886
19.4925	300.941	297.836
19.5044	300.867	297.786
19.5164	300.794	297.737
19.5283	300.721	297.688
19.5402	300.649	297.639
19.5522	300.577	297.591
19.5641	300.506	297.543
19.5761	300.436	297.496
19.588	300.366	297.449
19.5999	300.296	297.402
19.6119	300.227	297.356
19.6238	300.159	297.311
19.6357	300.091	297.265
19.6477	300.023	297.22
19.6596	299.956	297.176
19.6716	299.89	297.131
19.6835	299.824	297.087
19.6954	299.758	297.044
19.7074	299.693	297.001
19.7193	299.629	296.958
19.7312	299.565	296.916
19.7432	299.501	296.874
19.7551	299.438	296.832
19.767	299.375	296.791
19.779	299.313	296.75
19.7909	299.252	296.709
19.8029	299.19	296.669
19.8148	299.13	296.629
19.8267	299.069	296.59
19.8387	299.01	296.55
19.8506	298.95	296.512
19.8625	298.891	296.473
19.8745	298.833	296.435
19.8864	298.775	296.397
19.8983	298.718	296.36
19.9103	298.661	296.323
19.9222	298.604	296.286
19.9342	298.548	296.25
19.9461	298.492	296.213
19.958	298.437	296.178
19.97	298.382	296.142
19.9819	298.328	296.107
19.9938	298.274	296.072
20.0058	298.22	296.038
20.0177	298.167	296.003
20.0296	298.115	295.97
20.0416	298.062	295.936
20.0535	298.011	295.903
20.0655	297.959	295.87
20.0774	297.908	295.837
20.0893	297.858	295.805
20.1013	297.808	295.773
20.1132	297.758	295.741
20.1251	297.709	295.71
20.1371	297.66	295.679
20.149	297.611	295.648
20.161	297.563	295.617
20.1729	297.515	295.587
20.1848	297.468	295.557
20.1968	297.421	295.527
20.2087	297.375	295.498
20.2206	297.329	295.469
20.2326	297.283	295.44
20.2445	297.238	295.411
20.2564	297.193	295.383
20.2684	297.148	295.355
20.2803	297.104	295.327
20.2923	297.06	295.3
20.3042	297.017	295.273
20.3161	296.974	295.246
20.3281	296.931	295.219
20.34	296.889	295.193
20.3519	296.847	295.167
20.3639	296.805	295.141
20.3758	296.764	295.115
20.3877	296.723	295.09
20.3997	296.682	295.065
20.4116	296.642	295.04
20.4236	296.603	295.015
20.4355	296.563	294.991
20.4474	296.524	294.966
20.4594	296.485	294.943
20.4713	296.447	294.919
20.4832	296.409	294.896
20.4952	296.371	294.872
20.5071	296.334	294.849
20.5191	296.297	294.827
20.531	296.26	294.804
20.5429	296.224	294.782
20.5549	296.188	294.76
20.5668	296.152	294.738
20.5787	296.116	294.717
20.5907	296.081	294.695
20.6026	296.047	294.674
20.6145	296.012	294.653
20.6265	295.978	294.633
20.6384	295.944	294.612
20.6504	295.911	294.592
20.6623	295.878	294.572
20.6742	295.845	294.552
20.6862	295.812	294.532
20.6981	295.78	294.513
20.71	295.748	294.494
20.722	295.716	294.475
20.7339	295.685	294.456
20.7458	295.654	294.437
20.7578	295.623	294.419
20.7697	295.593	294.401
20.7817	295.563	294.383
20.7936	295.533	294.365
20.8055	295.503	294.347
20.8175	295.474	294.33
20.8294	295.445	294.313
20.8413	295.416	294.296
20.8533	295.387	294.279
20.8652	295.359	294.262
20.8771	295.331	294.246
20.8891	295.304	294.229
20.901	295.276	294.213
20.913	295.249	294.197
20.9249	295.222	294.182
20.9368	295.196	294.166
20.9488	295.169	294.151
20.9607	295.143	294.135
20.9726	295.117	294.12
20.9846	295.092	294.105
20.9965	295.067	294.091
21.0085	295.042	294.076
21.0204	295.017	294.062
21.0323	294.992	294.047
21.0443	294.968	294.033
21.0562	294.944	294.019
21.0681	294.92	294.006
21.0801	294.897	293.992
21.092	294.873	293.978
21.1039	294.85	293.965
21.1159	294.827	293.952
21.1278	294.805	293.939
21.1398	294.782	293.926
21.1517	294.76	293.914
21.1636	294.738	293.901
21.1756	294.717	293.889
21.1875	294.695	293.876
21.1994	294.674	293.864
21.2114	294.653	293.852
21.2233	294.632	293.84
21.2352	294.611	293.829
21.2472	294.591	293.817
21.2591	294.571	293.806
21.2711	294.551	293.794
21.283	294.531	293.783
21.2949	294.512	293.772
21.3069	294.492	293.761
21.3188	294.473	293.751
21.3307	294.454	293.74
21.3427	294.436	293.73
21.3546	294.417	293.719
21.3666	294.399	293.709
21.3785	294.381	293.699
21.3904	294.363	293.689
21.4024	294.345	293.679
21.4143	294.328	293.669
21.4262	294.31	293.66
21.4382	294.293	293.65
21.4501	294.276	293.641
21.462	294.259	293.631
21.474	294.243	293.622
21.4859	294.226	293.613
21.4979	294.21	293.604
21.5098	294.194	293.596
21.5217	294.178	293.587
21.5337	294.163	293.578
21.5456	294.147	293.57
21.5575	294.132	293.561
21.5695	294.117	293.553
21.5814	294.102	293.545
21.5933	294.087	293.537
21.6053	294.072	293.529
21.6172	294.058	293.521
21.6292	294.043	293.513
21.6411	294.029	293.506
21.653	294.015	293.498
21.665	294.001	293.491
21.6769	293.988	293.483
21.6888	293.974	293.476
21.7008	293.961	293.469
21.7127	293.948	293.462
21.7246	293.935	293.455
21.7366	293.922	293.448
21.7485	293.909	293.441
21.7605	293.896	293.434
21.7724	293.884	293.428
21.7843	293.872	293.421
21.7963	293.859	293.414
21.8082	293.847	293.408
21.8201	293.836	293.402
21.8321	293.824	293.396
21.844	293.812	293.389
21.856	293.801	293.383
21.8679	293.789	293.377
21.8798	293.778	293.372
21.8918	293.767	293.366
21.9037	293.756	293.36
21.9156	293.746	293.354
21.9276	293.735	293.349
21.9395	293.724	293.343
21.9514	293.714	293.338
21.9634	293.704	293.333
21.9753	293.694	293.327
21.9873	293.684	293.322
21.9992	293.674	293.317
22.0111	293.664	293.312
22.0231	293.654	293.307
22.035	293.645	293.302
22.0469	293.635	293.297
22.0589	293.626	293.292
22.0708	293.617	293.288
22.0827	293.608	293.283
22.0947	293.599	293.278
22.1066	293.59	293.274
22.1186	293.581	293.269
22.1305	293.573	293.265
22.1424	293.564	293.261
22.1544	293.556	293.256
22.1663	293.547	293.252
22.1782	293.539	293.248
22.1902	293.531	293.244
22.2021	293.523	293.24
22.2141	293.515	293.236
22.226	293.508	293.232
22.2379	293.5	293.228
22.2499	293.492	293.224
22.2618	293.485	293.221
22.2737	293.477	293.217
22.2857	293.47	293.213
22.2976	293.463	293.21
22.3095	293.456	293.206
22.3215	293.449	293.203
22.3334	293.442	293.199
22.3454	293.435	293.196
22.3573	293.428	293.193
22.3692	293.422	293.189
22.3812	293.415	293.186
22.3931	293.409	293.183
22.405	293.402	293.18
22.417	293.396	293.177
22.4289	293.39	293.174
22.4408	293.384	293.171
22.4528	293.378	293.168
22.4647	293.372	293.165
22.4767	293.366	293.162
22.4886	293.36	293.159
22.5005	293.354	293.156
22.5125	293.349	293.154
22.5244	293.343	293.151
22.5363	293.338	293.148
22.5483	293.332	293.146
22.5602	293.327	293.143
22.5721	293.322	293.141
22.5841	293.317	293.138
22.596	293.311	293.136
22.608	293.306	293.133
22.6199	293.301	293.131
22.6318	293.297	293.128
22.6438	293.292	293.126
22.6557	293.287	293.124
22.6676	293.282	293.122
22.6796	293.278	293.119
22.6915	293.273	293.117
22.7035	293.269	293.115
22.7154	293.264	293.113
22.7273	293.26	293.111
22.7393	293.255	293.109
22.7512	293.251	293.107
22.7631	293.247	293.105
22.7751	293.243	293.103
22.787	293.239	293.101
22.7989	293.235	293.099
22.8109	293.231	293.098
22.8228	293.227	293.096
22.8348	293.223	293.094
22.8467	293.219	293.092
22.8586	293.216	293.09
22.8706	293.212	293.089
22.8825	293.208	293.087
22.8944	293.205	293.085
22.9064	293.201	293.084
22.9183	293.198	293.082
22.9302	293.194	293.081
22.9422	293.191	293.079
22.9541	293.188	293.078
22.9661	293.184	293.076
22.978	293.181	293.075
22.9899	293.178	293.073
23.0019	293.175	293.072
23.0138	293.172	293.071
23.0257	293.169	293.069
23.0377	293.166	293.068
23.0496	293.163	293.067
23.0616	293.16	293.065
23.0735	293.157	293.064
23.0854	293.155	293.063
23.0974	293.152	293.061
23.1093	293.149	293.06
23.1212	293.146	293.059
23.1332	293.144	293.058
23.1451	293.141	293.057
23.157	293.139	293.056
23.169	293.136	293.055
23.1809	293.134	293.053
23.1929	293.131	293.052
23.2048	293.129	293.051
23.2167	293.127	293.05
23.2287	293.124	293.049
23.2406	293.122	293.048
23.2525	293.12	293.047
23.2645	293.118	293.046
23.2764	293.115	293.045
23.2883	293.113	293.045
23.3003	293.111	293.044
23.3122	293.109	293.043
23.3242	293.107	293.042
23.3361	293.105	293.041
23.348	293.103	293.04
23.36	293.101	293.039
23.3719	293.099	293.039
23.3838	293.097	293.038
23.3958	293.096	293.037
23.4077	293.094	293.036
23.4196	293.092	293.035
23.4316	293.09	293.035
23.4435	293.089	293.034
23.4555	293.087	293.033
23.4674	293.085	293.033
23.4793	293.084	293.032
23.4913	293.082	293.031
23.5032	293.08	293.031
23.5151	293.079	293.03
23.5271	293.077	293.029
23.539	293.076	293.029
23.551	293.074	293.028
23.5629	293.073	293.027
23.5748	293.071	293.027
23.5868	293.07	293.026
23.5987	293.069	293.026
23.6106	293.067	293.025
23.6226	293.066	293.025
23.6345	293.065	293.024
23.6464	293.063	293.024
23.6584	293.062	293.023
23.6703	293.061	293.023
23.6823	293.06	293.022
23.6942	293.058	293.022
23.7061	293.057	293.021
23.7181	293.056	293.021
23.73	293.055	293.02
23.7419	293.054	293.02
23.7539	293.053	293.019
23.7658	293.052	293.019
23.7777	293.051	293.018
23.7897	293.05	293.018
23.8016	293.049	293.018
23.8136	293.048	293.017
23.8255	293.047	293.017
23.8374	293.046	293.016
23.8494	293.045	293.016
23.8613	293.044	293.016
23.8732	293.043	293.016
