0	873	873
0.0119366	873	873
0.0238732	873	873
0.0358099	873	873
0.0477465	873	873
0.0596831	873	873
0.0716197	873	873
0.0835563	873	873
0.095493	873	873
0.10743	873	873
0.119366	873	873
0.131303	873	873
0.143239	873	873
0.155176	873	873
0.167113	873	873
0.179049	873	873
0.190986	873	873
0.202923	873	873
0.214859	873	873
0.226796	873	873
0.238732	873	873
0.250669	873	873
0.262606	873	873
0.274542	873	873
0.286479	873	873
0.298416	873	873
0.310352	873	873
0.322289	873	873
0.334225	873	873
0.346162	873	873
0.358099	873	873
0.370035	873	873
0.381972	873	873
0.393908	873	873
0.405845	873	873
0.417782	873	873
0.429718	873	873
0.441655	873	873
0.453592	873	873
0.465528	873	873
0.477465	873	873
0.489401	873	873
0.501338	873	873
0.513275	873	873
0.525211	873	873
0.537148	873	873
0.549085	873	873
0.561021	873	873
0.572958	873	873
0.584894	873	873
0.596831	873	873
0.608768	873	873
0.620704	873	873
0.632641	873	873
0.644578	873	873
0.656514	873	873
0.668451	873	873
0.680387	873	873
0.692324	873	873
0.704261	873	873
0.716197	873	873
0.728134	873	873
0.74007	873	873
0.752007	873	873
0.763944	873	873
0.77588	873	873
0.787817	873	873
0.799754	873	873
0.81169	873	873
0.823627	872.999	872.999
0.835563	872.999	872.999
0.8475	872.999	872.999
0.859437	872.999	872.999
0.871373	872.999	872.999
0.88331	872.999	872.999
0.895247	872.999	872.999
0.907183	872.999	872.999
0.91912	872.999	872.999
0.931056	872.999	872.999
0.942993	872.999	872.999
0.95493	872.999	872.999
0.966866	872.999	872.999
0.978803	872.999	872.999
0.99074	872.999	872.999
1.00268	872.999	872.999
1.01461	872.999	872.999
1.02655	872.999	872.999
1.03849	872.999	872.999
1.05042	872.999	872.999
1.06236	872.999	872.999
1.0743	872.999	872.999
1.08623	872.999	872.999
1.09817	872.999	872.999
1.11011	872.999	872.999
1.12204	872.999	872.999
1.13398	872.999	872.999
1.14592	872.998	872.998
1.15785	872.998	872.998
1.16979	872.998	872.998
1.18173	872.998	872.998
1.19366	872.998	872.998
1.2056	872.998	872.998
1.21754	872.998	872.998
1.22947	872.998	872.998
1.24141	872.998	872.998
1.25335	872.998	872.998
1.26528	872.998	872.998
1.27722	872.998	872.998
1.28916	872.998	872.998
1.30109	872.998	872.998
1.31303	872.997	872.997
1.32496	872.997	872.997
1.3369	872.997	872.997
1.34884	872.997	872.997
1.36077	872.997	872.997
1.37271	872.997	872.997
1.38465	872.997	872.997
1.39658	872.997	872.997
1.40852	872.997	872.997
1.42046	872.996	872.996
1.43239	872.996	872.996
1.44433	872.996	872.996
1.45627	872.996	872.996
1.4682	872.996	872.996
1.48014	872.996	872.996
1.49208	872.996	872.996
1.50401	872.996	872.996
1.51595	872.995	872.995
1.52789	872.995	872.995
1.53982	872.995	872.995
1.55176	872.995	872.995
1.5637	872.995	872.995
1.57563	872.995	872.995
1.58757	872.994	872.994
1.59951	872.994	872.994
1.61144	872.994	872.994
1.62338	872.994	872.994
1.63532	872.994	872.994
1.64725	872.994	872.994
1.65919	872.993	872.993
1.67113	872.993	872.993
1.68306	872.993	872.993
1.695	872.993	872.993
1.70694	872.992	872.992
1.71887	872.992	872.992
1.73081	872.992	872.992
1.74275	872.992	872.992
1.75468	872.991	872.991
1.76662	872.991	872.991
1.77856	872.991	872.991
1.79049	872.991	872.991
1.80243	872.99	872.99
1.81437	872.99	872.99
1.8263	872.99	872.99
1.83824	872.99	872.99
1.85018	872.989	872.989
1.86211	872.989	872.989
1.87405	872.989	872.989
1.88599	872.988	872.988
1.89792	872.988	872.988
1.90986	872.988	872.988
1.9218	872.987	872.987
1.93373	872.987	872.987
1.94567	872.986	872.986
1.95761	872.986	872.986
1.96954	872.986	872.986
1.98148	872.985	872.985
1.99342	872.985	872.985
2.00535	872.984	872.984
2.01729	872.984	872.984
2.02923	872.984	872.984
2.04116	872.983	872.983
2.0531	872.983	872.983
2.06504	872.982	872.982
2.07697	872.982	872.982
2.08891	872.981	872.981
2.10085	872.981	872.981
2.11278	872.98	872.98
2.12472	872.98	872.98
2.13666	872.979	872.979
2.14859	872.978	872.978
2.16053	872.978	872.978
2.17246	872.977	872.977
2.1844	872.977	872.977
2.19634	872.976	872.976
2.20827	872.975	872.976
2.22021	872.975	872.975
2.23215	872.974	872.974
2.24408	872.974	872.974
2.25602	872.973	872.973
2.26796	872.972	872.972
2.27989	872.971	872.971
2.29183	872.971	872.971
2.30377	872.97	872.97
2.3157	872.969	872.969
2.32764	872.968	872.968
2.33958	872.968	872.968
2.35151	872.967	872.967
2.36345	872.966	872.966
2.37539	872.965	872.965
2.38732	872.964	872.964
2.39926	872.963	872.963
2.4112	872.962	872.962
2.42313	872.962	872.962
2.43507	872.961	872.961
2.44701	872.96	872.96
2.45894	872.959	872.959
2.47088	872.958	872.958
2.48282	872.957	872.957
2.49475	872.956	872.956
2.50669	872.954	872.955
2.51863	872.953	872.953
2.53056	872.952	872.952
2.5425	872.951	872.951
2.55444	872.95	872.95
2.56637	872.949	872.949
2.57831	872.948	872.948
2.59025	872.946	872.946
2.60218	872.945	872.945
2.61412	872.944	872.944
2.62606	872.943	872.943
2.63799	872.941	872.941
2.64993	872.94	872.94
2.66187	872.938	872.938
2.6738	872.937	872.937
2.68574	872.936	872.936
2.69768	872.934	872.934
2.70961	872.933	872.933
2.72155	872.931	872.931
2.73349	872.93	872.93
2.74542	872.928	872.928
2.75736	872.926	872.926
2.7693	872.925	872.925
2.78123	872.923	872.923
2.79317	872.921	872.921
2.80511	872.92	872.92
2.81704	872.918	872.918
2.82898	872.916	872.916
2.84092	872.914	872.914
2.85285	872.912	872.912
2.86479	872.91	872.91
2.87673	872.908	872.908
2.88866	872.906	872.906
2.9006	872.904	872.904
2.91254	872.902	872.902
2.92447	872.9	872.9
2.93641	872.898	872.898
2.94835	872.896	872.896
2.96028	872.894	872.894
2.97222	872.891	872.891
2.98416	872.889	872.889
2.99609	872.887	872.887
3.00803	872.884	872.884
3.01997	872.882	872.882
3.0319	872.879	872.879
3.04384	872.877	872.877
3.05577	872.874	872.874
3.06771	872.872	872.872
3.07965	872.869	872.869
3.09158	872.866	872.866
3.10352	872.864	872.864
3.11546	872.861	872.861
3.12739	872.858	872.858
3.13933	872.855	872.855
3.15127	872.852	872.852
3.1632	872.849	872.849
3.17514	872.846	872.846
3.18708	872.843	872.843
3.19901	872.84	872.84
3.21095	872.837	872.837
3.22289	872.833	872.833
3.23482	872.83	872.83
3.24676	872.827	872.827
3.2587	872.823	872.823
3.27063	872.82	872.82
3.28257	872.816	872.816
3.29451	872.813	872.813
3.30644	872.809	872.809
3.31838	872.805	872.805
3.33032	872.801	872.801
3.34225	872.798	872.798
3.35419	872.794	872.794
3.36613	872.79	872.79
3.37806	872.786	872.786
3.39	872.781	872.782
3.40194	872.777	872.777
3.41387	872.773	872.773
3.42581	872.769	872.769
3.43775	872.764	872.764
3.44968	872.76	872.76
3.46162	872.755	872.755
3.47356	872.751	872.751
3.48549	872.746	872.746
3.49743	872.741	872.741
3.50937	872.737	872.737
3.5213	872.732	872.732
3.53324	872.727	872.727
3.54518	872.722	872.722
3.55711	872.716	872.716
3.56905	872.711	872.711
3.58099	872.706	872.706
3.59292	872.701	872.701
3.60486	872.695	872.695
3.6168	872.69	872.69
3.62873	872.684	872.684
3.64067	872.678	872.678
3.65261	872.672	872.672
3.66454	872.666	872.667
3.67648	872.661	872.661
3.68842	872.654	872.654
3.70035	872.648	872.648
3.71229	872.642	872.642
3.72423	872.636	872.636
3.73616	872.629	872.629
3.7481	872.623	872.623
3.76004	872.616	872.616
3.77197	872.609	872.609
3.78391	872.602	872.602
3.79585	872.595	872.596
3.80778	872.588	872.588
3.81972	872.581	872.581
3.83166	872.574	872.574
3.84359	872.567	872.567
3.85553	872.559	872.559
3.86747	872.552	872.552
3.8794	872.544	872.544
3.89134	872.536	872.536
3.90327	872.528	872.528
3.91521	872.52	872.52
3.92715	872.512	872.512
3.93908	872.504	872.504
3.95102	872.495	872.495
3.96296	872.487	872.487
3.97489	872.478	872.478
3.98683	872.47	872.47
3.99877	872.461	872.461
4.0107	872.452	872.452
4.02264	872.443	872.443
4.03458	872.433	872.433
4.04651	872.424	872.424
4.05845	872.415	872.415
4.07039	872.405	872.405
4.08232	872.395	872.395
4.09426	872.385	872.385
4.1062	872.375	872.375
4.11813	872.365	872.365
4.13007	872.355	872.355
4.14201	872.344	872.344
4.15394	872.334	872.334
4.16588	872.323	872.323
4.17782	872.312	872.312
4.18975	872.301	872.301
4.20169	872.29	872.29
4.21363	872.279	872.279
4.22556	872.267	872.267
4.2375	872.256	872.256
4.24944	872.244	872.244
4.26137	872.232	872.232
4.27331	872.22	872.22
4.28525	872.208	872.208
4.29718	872.195	872.195
4.30912	872.183	872.183
4.32106	872.17	872.17
4.33299	872.157	872.157
4.34493	872.144	872.144
4.35687	872.131	872.131
4.3688	872.118	872.118
4.38074	872.104	872.104
4.39268	872.09	872.09
4.40461	872.076	872.076
4.41655	872.062	872.062
4.42849	872.048	872.048
4.44042	872.034	872.034
4.45236	872.019	872.019
4.4643	872.004	872.004
4.47623	871.989	871.989
4.48817	871.974	871.974
4.50011	871.959	871.959
4.51204	871.943	871.943
4.52398	871.927	871.927
4.53592	871.911	871.911
4.54785	871.895	871.895
4.55979	871.879	871.879
4.57173	871.862	871.862
4.58366	871.846	871.846
4.5956	871.829	871.829
4.60754	871.812	871.812
4.61947	871.794	871.794
4.63141	871.777	871.777
4.64335	871.759	871.759
4.65528	871.741	871.741
4.66722	871.723	871.723
4.67916	871.704	871.704
4.69109	871.686	871.686
4.70303	871.667	871.667
4.71497	871.648	871.648
4.7269	871.628	871.628
4.73884	871.609	871.609
4.75078	871.589	871.589
4.76271	871.569	871.569
4.77465	871.549	871.549
4.78658	871.528	871.528
4.79852	871.508	871.508
4.81046	871.487	871.487
4.82239	871.466	871.466
4.83433	871.444	871.444
4.84627	871.422	871.423
4.8582	871.401	871.401
4.87014	871.378	871.378
4.88208	871.356	871.356
4.89401	871.333	871.333
4.90595	871.31	871.31
4.91789	871.287	871.287
4.92982	871.264	871.264
4.94176	871.24	871.24
4.9537	871.216	871.216
4.96563	871.192	871.192
4.97757	871.167	871.167
4.98951	871.143	871.143
5.00144	871.117	871.118
5.01338	871.092	871.092
5.02532	871.067	871.067
5.03725	871.041	871.041
5.04919	871.014	871.015
5.06113	870.988	870.988
5.07306	870.961	870.961
5.085	870.934	870.934
5.09694	870.907	870.907
5.10887	870.879	870.879
5.12081	870.851	870.852
5.13275	870.823	870.823
5.14468	870.795	870.795
5.15662	870.766	870.766
5.16856	870.737	870.737
5.18049	870.707	870.708
5.19243	870.678	870.678
5.20437	870.648	870.648
5.2163	870.617	870.617
5.22824	870.587	870.587
5.24018	870.556	870.556
5.25211	870.524	870.524
5.26405	870.493	870.493
5.27599	870.461	870.461
5.28792	870.428	870.429
5.29986	870.396	870.396
5.3118	870.363	870.363
5.32373	870.33	870.33
5.33567	870.296	870.296
5.34761	870.262	870.262
5.35954	870.228	870.228
5.37148	870.193	870.193
5.38342	870.158	870.158
5.39535	870.123	870.123
5.40729	870.087	870.087
5.41923	870.051	870.051
5.43116	870.014	870.015
5.4431	869.978	869.978
5.45504	869.94	869.941
5.46697	869.903	869.903
5.47891	869.865	869.865
5.49085	869.827	869.827
5.50278	869.788	869.788
5.51472	869.749	869.749
5.52666	869.71	869.71
5.53859	869.67	869.67
5.55053	869.63	869.63
5.56247	869.589	869.59
5.5744	869.548	869.549
5.58634	869.507	869.507
5.59828	869.465	869.466
5.61021	869.423	869.424
5.62215	869.381	869.381
5.63408	869.338	869.338
5.64602	869.295	869.295
5.65796	869.251	869.251
5.66989	869.207	869.207
5.68183	869.162	869.162
5.69377	869.117	869.118
5.7057	869.072	869.072
5.71764	869.026	869.026
5.72958	868.98	868.98
5.74151	868.933	868.934
5.75345	868.886	868.886
5.76539	868.839	868.839
5.77732	868.791	868.791
5.78926	868.743	868.743
5.8012	868.694	868.694
5.81313	868.645	868.645
5.82507	868.595	868.595
5.83701	868.545	868.545
5.84894	868.494	868.494
5.86088	868.443	868.443
5.87282	868.392	868.392
5.88475	868.34	868.34
5.89669	868.287	868.288
5.90863	868.235	868.235
5.92056	868.181	868.181
5.9325	868.127	868.128
5.94444	868.073	868.073
5.95637	868.018	868.019
5.96831	867.963	867.963
5.98025	867.908	867.908
5.99218	867.851	867.852
6.00412	867.795	867.795
6.01606	867.738	867.738
6.02799	867.68	867.68
6.03993	867.622	867.622
6.05187	867.563	867.563
6.0638	867.504	867.504
6.07574	867.445	867.445
6.08768	867.384	867.385
6.09961	867.324	867.324
6.11155	867.263	867.263
6.12349	867.201	867.201
6.13542	867.139	867.139
6.14736	867.076	867.077
6.1593	867.013	867.013
6.17123	866.949	866.95
6.18317	866.885	866.885
6.19511	866.82	866.821
6.20704	866.755	866.755
6.21898	866.689	866.69
6.23092	866.623	866.623
6.24285	866.556	866.556
6.25479	866.489	866.489
6.26673	866.421	866.421
6.27866	866.352	866.352
6.2906	866.283	866.283
6.30254	866.214	866.214
6.31447	866.143	866.144
6.32641	866.073	866.073
6.33835	866.001	866.002
6.35028	865.93	865.93
6.36222	865.857	865.857
6.37416	865.784	865.784
6.38609	865.711	865.711
6.39803	865.637	865.637
6.40997	865.562	865.562
6.4219	865.487	865.487
6.43384	865.411	865.411
6.44578	865.334	865.335
6.45771	865.257	865.258
6.46965	865.18	865.18
6.48159	865.102	865.102
6.49352	865.023	865.023
6.50546	864.944	864.944
6.51739	864.864	864.864
6.52933	864.783	864.783
6.54127	864.702	864.702
6.5532	864.62	864.62
6.56514	864.538	864.538
6.57708	864.455	864.455
6.58901	864.371	864.371
6.60095	864.287	864.287
6.61289	864.202	864.202
6.62482	864.116	864.117
6.63676	864.03	864.031
6.6487	863.944	863.944
6.66063	863.856	863.857
6.67257	863.768	863.769
6.68451	863.68	863.68
6.69644	863.59	863.591
6.70838	863.501	863.501
6.72032	863.41	863.41
6.73225	863.319	863.319
6.74419	863.227	863.227
6.75613	863.135	863.135
6.76806	863.041	863.042
6.78	862.948	862.948
6.79194	862.853	862.853
6.80387	862.758	862.758
6.81581	862.662	862.663
6.82775	862.566	862.566
6.83968	862.469	862.469
6.85162	862.371	862.371
6.86356	862.273	862.273
6.87549	862.174	862.174
6.88743	862.074	862.074
6.89937	861.973	861.974
6.9113	861.872	861.872
6.92324	861.77	861.771
6.93518	861.668	861.668
6.94711	861.565	861.565
6.95905	861.461	861.461
6.97099	861.356	861.356
6.98292	861.251	861.251
6.99486	861.145	861.145
7.0068	861.038	861.038
7.01873	860.931	860.931
7.03067	860.823	860.823
7.04261	860.714	860.714
7.05454	860.604	860.605
7.06648	860.494	860.495
7.07842	860.383	860.384
7.09035	860.272	860.272
7.10229	860.159	860.16
7.11423	860.046	860.047
7.12616	859.933	859.933
7.1381	859.818	859.818
7.15004	859.703	859.703
7.16197	859.587	859.587
7.17391	859.47	859.47
7.18585	859.353	859.353
7.19778	859.234	859.235
7.20972	859.116	859.116
7.22166	858.996	858.996
7.23359	858.876	858.876
7.24553	858.754	858.755
7.25747	858.633	858.633
7.2694	858.51	858.51
7.28134	858.387	858.387
7.29328	858.262	858.263
7.30521	858.138	858.138
7.31715	858.012	858.012
7.32909	857.886	857.886
7.34102	857.758	857.759
7.35296	857.63	857.631
7.36489	857.502	857.502
7.37683	857.372	857.373
7.38877	857.242	857.242
7.4007	857.111	857.112
7.41264	856.979	856.98
7.42458	856.847	856.847
7.43651	856.714	856.714
7.44845	856.58	856.58
7.46039	856.445	856.445
7.47232	856.309	856.309
7.48426	856.173	856.173
7.4962	856.036	856.036
7.50813	855.898	855.898
7.52007	855.759	855.759
7.53201	855.619	855.62
7.54394	855.479	855.479
7.55588	855.338	855.338
7.56782	855.196	855.196
7.57975	855.053	855.054
7.59169	854.91	854.91
7.60363	854.765	854.766
7.61556	854.62	854.621
7.6275	854.474	854.475
7.63944	854.328	854.328
7.65137	854.18	854.181
7.66331	854.032	854.032
7.67525	853.883	853.883
7.68718	853.733	853.733
7.69912	853.582	853.582
7.71106	853.431	853.431
7.72299	853.278	853.279
7.73493	853.125	853.125
7.74687	852.971	852.971
7.7588	852.816	852.817
7.77074	852.661	852.661
7.78268	852.504	852.505
7.79461	852.347	852.347
7.80655	852.189	852.189
7.81849	852.03	852.03
7.83042	851.87	851.871
7.84236	851.71	851.71
7.8543	851.548	851.549
7.86623	851.386	851.386
7.87817	851.223	851.223
7.89011	851.059	851.059
7.90204	850.894	850.895
7.91398	850.729	850.729
7.92592	850.563	850.563
7.93785	850.395	850.396
7.94979	850.227	850.228
7.96173	850.058	850.059
7.97366	849.889	849.889
7.9856	849.718	849.718
7.99754	849.547	849.547
8.00947	849.375	849.375
8.02141	849.201	849.202
8.03335	849.028	849.028
8.04528	848.853	848.853
8.05722	848.677	848.678
8.06916	848.501	848.501
8.08109	848.323	848.324
8.09303	848.145	848.146
8.10497	847.966	847.967
8.1169	847.786	847.787
8.12884	847.606	847.606
8.14078	847.424	847.425
8.15271	847.242	847.242
8.16465	847.059	847.059
8.17659	846.875	846.875
8.18852	846.69	846.69
8.20046	846.504	846.504
8.2124	846.317	846.318
8.22433	846.13	846.13
8.23627	845.941	845.942
8.2482	845.752	845.753
8.26014	845.562	845.562
8.27208	845.371	845.372
8.28401	845.179	845.18
8.29595	844.987	844.987
8.30789	844.793	844.794
8.31982	844.599	844.599
8.33176	844.404	844.404
8.3437	844.208	844.208
8.35563	844.011	844.011
8.36757	843.813	843.813
8.37951	843.614	843.615
8.39144	843.415	843.415
8.40338	843.215	843.215
8.41532	843.013	843.014
8.42725	842.811	842.812
8.43919	842.608	842.609
8.45113	842.405	842.405
8.46306	842.2	842.2
8.475	841.994	841.995
8.48694	841.788	841.788
8.49887	841.581	841.581
8.51081	841.373	841.373
8.52275	841.164	841.164
8.53468	840.954	840.954
8.54662	840.743	840.744
8.55856	840.532	840.532
8.57049	840.319	840.32
8.58243	840.106	840.107
8.59437	839.892	839.892
8.6063	839.677	839.677
8.61824	839.461	839.462
8.63018	839.245	839.245
8.64211	839.027	839.027
8.65405	838.809	838.809
8.66599	838.589	838.59
8.67792	838.369	838.37
8.68986	838.148	838.149
8.7018	837.926	837.927
8.71373	837.704	837.704
8.72567	837.48	837.481
8.73761	837.256	837.256
8.74954	837.031	837.031
8.76148	836.804	836.805
8.77342	836.577	836.578
8.78535	836.35	836.35
8.79729	836.121	836.121
8.80923	835.891	835.892
8.82116	835.661	835.661
8.8331	835.43	835.43
8.84504	835.198	835.198
8.85697	834.965	834.965
8.86891	834.731	834.731
8.88085	834.496	834.497
8.89278	834.261	834.261
8.90472	834.024	834.025
8.91666	833.787	833.788
8.92859	833.549	833.55
8.94053	833.31	833.311
8.95247	833.071	833.071
8.9644	832.83	832.83
8.97634	832.589	832.589
8.98828	832.346	832.347
9.00021	832.103	832.104
9.01215	831.859	831.86
9.02409	831.615	831.615
9.03602	831.369	831.369
9.04796	831.122	831.123
9.0599	830.875	830.876
9.07183	830.627	830.627
9.08377	830.378	830.378
9.0957	830.128	830.129
9.10764	829.878	829.878
9.11958	829.626	829.627
9.13151	829.374	829.374
9.14345	829.121	829.121
9.15539	828.867	828.867
9.16732	828.612	828.612
9.17926	828.356	828.357
9.1912	828.1	828.1
9.20313	827.843	827.843
9.21507	827.585	827.585
9.22701	827.326	827.326
9.23894	827.066	827.066
9.25088	826.806	826.806
9.26282	826.544	826.544
9.27475	826.282	826.282
9.28669	826.019	826.019
9.29863	825.755	825.756
9.31056	825.491	825.491
9.3225	825.225	825.225
9.33444	824.959	824.959
9.34637	824.692	824.692
9.35831	824.424	824.424
9.37025	824.155	824.156
9.38218	823.886	823.886
9.39412	823.616	823.616
9.40606	823.345	823.345
9.41799	823.073	823.073
9.42993	822.8	822.801
9.44187	822.527	822.527
9.4538	822.253	822.253
9.46574	821.978	821.978
9.47768	821.702	821.702
9.48961	821.425	821.425
9.50155	821.148	821.148
9.51349	820.87	820.87
9.52542	820.591	820.591
9.53736	820.311	820.311
9.5493	820.03	820.031
9.56123	819.749	819.749
9.57317	819.467	819.467
9.58511	819.184	819.185
9.59704	818.901	818.901
9.60898	818.616	818.617
9.62092	818.331	818.331
9.63285	818.045	818.046
9.64479	817.759	817.759
9.65673	817.471	817.471
9.66866	817.183	817.183
9.6806	816.894	816.894
9.69254	816.604	816.605
9.70447	816.314	816.314
9.71641	816.023	816.023
9.72835	815.731	815.731
9.74028	815.438	815.438
9.75222	815.145	815.145
9.76416	814.85	814.851
9.77609	814.555	814.556
9.78803	814.26	814.26
9.79997	813.963	813.964
9.8119	813.666	813.667
9.82384	813.368	813.369
9.83578	813.07	813.07
9.84771	812.77	812.771
9.85965	812.47	812.471
9.87159	812.17	812.17
9.88352	811.868	811.868
9.89546	811.566	811.566
9.9074	811.263	811.263
9.91933	810.959	810.96
9.93127	810.655	810.655
9.94321	810.35	810.35
9.95514	810.044	810.044
9.96708	809.738	809.738
9.97901	809.43	809.431
9.99095	809.123	809.123
10.0029	808.814	808.814
10.0148	808.505	808.505
10.0268	808.195	808.195
10.0387	807.884	807.884
10.0506	807.573	807.573
10.0626	807.261	807.261
10.0745	806.948	806.948
10.0864	806.635	806.635
10.0984	806.32	806.321
10.1103	806.006	806.006
10.1223	805.69	805.691
10.1342	805.374	805.374
10.1461	805.057	805.058
10.1581	804.74	804.74
10.17	804.422	804.422
10.1819	804.103	804.103
10.1939	803.784	803.784
10.2058	803.464	803.464
10.2177	803.143	803.143
10.2297	802.822	802.822
10.2416	802.5	802.5
10.2536	802.177	802.177
10.2655	801.854	801.854
10.2774	801.53	801.53
10.2894	801.205	801.205
10.3013	800.88	800.88
10.3132	800.554	800.554
10.3252	800.228	800.228
10.3371	799.901	799.901
10.3491	799.573	799.573
10.361	799.245	799.245
10.3729	798.916	798.916
10.3849	798.586	798.586
10.3968	798.256	798.256
10.4087	797.925	797.925
10.4207	797.594	797.594
10.4326	797.262	797.262
10.4445	796.929	796.929
10.4565	796.596	796.596
10.4684	796.262	796.262
10.4804	795.928	795.928
10.4923	795.593	795.593
10.5042	795.257	795.257
10.5162	794.921	794.921
10.5281	794.584	794.585
10.54	794.247	794.247
10.552	793.909	793.909
10.5639	793.571	793.571
10.5758	793.232	793.232
10.5878	792.892	792.892
10.5997	792.552	792.552
10.6117	792.211	792.212
10.6236	791.87	791.87
10.6355	791.528	791.528
10.6475	791.186	791.186
10.6594	790.843	790.843
10.6713	790.5	790.5
10.6833	790.155	790.156
10.6952	789.811	789.811
10.7071	789.466	789.466
10.7191	789.12	789.12
10.731	788.774	788.774
10.743	788.427	788.428
10.7549	788.08	788.08
10.7668	787.732	787.733
10.7788	787.384	787.384
10.7907	787.035	787.036
10.8026	786.686	786.686
10.8146	786.336	786.337
10.8265	785.986	785.986
10.8385	785.635	785.636
10.8504	785.284	785.284
10.8623	784.932	784.932
10.8743	784.58	784.58
10.8862	784.227	784.227
10.8981	783.874	783.874
10.9101	783.52	783.52
10.922	783.166	783.166
10.9339	782.811	782.811
10.9459	782.456	782.456
10.9578	782.1	782.1
10.9698	781.744	781.744
10.9817	781.387	781.388
10.9936	781.03	781.03
11.0056	780.673	780.673
11.0175	780.315	780.315
11.0294	779.956	779.956
11.0414	779.597	779.597
11.0533	779.238	779.238
11.0652	778.878	778.878
11.0772	778.518	778.518
11.0891	778.157	778.157
11.1011	777.796	777.796
11.113	777.434	777.435
11.1249	777.072	777.072
11.1369	776.71	776.71
11.1488	776.347	776.347
11.1607	775.984	775.984
11.1727	775.62	775.62
11.1846	775.256	775.256
11.1966	774.891	774.891
11.2085	774.526	774.526
11.2204	774.161	774.161
11.2324	773.795	773.795
11.2443	773.429	773.429
11.2562	773.062	773.062
11.2682	772.695	772.695
11.2801	772.328	772.328
11.292	771.96	771.96
11.304	771.592	771.592
11.3159	771.223	771.223
11.3279	770.854	770.854
11.3398	770.485	770.485
11.3517	770.115	770.115
11.3637	769.745	769.745
11.3756	769.375	769.375
11.3875	769.004	769.004
11.3995	768.633	768.633
11.4114	768.261	768.261
11.4233	767.889	767.889
11.4353	767.517	767.517
11.4472	767.144	767.145
11.4592	766.771	766.772
11.4711	766.398	766.398
11.483	766.024	766.025
11.495	765.65	765.651
11.5069	765.276	765.276
11.5188	764.901	764.901
11.5308	764.526	764.526
11.5427	764.151	764.151
11.5546	763.775	763.775
11.5666	763.399	763.399
11.5785	763.023	763.023
11.5905	762.646	762.646
11.6024	762.269	762.269
11.6143	761.892	761.892
11.6263	761.514	761.515
11.6382	761.137	761.137
11.6501	760.758	760.758
11.6621	760.38	760.38
11.674	760.001	760.001
11.686	759.622	759.622
11.6979	759.242	759.243
11.7098	758.863	758.863
11.7218	758.483	758.483
11.7337	758.102	758.103
11.7456	757.722	757.722
11.7576	757.341	757.341
11.7695	756.96	756.96
11.7814	756.579	756.579
11.7934	756.197	756.197
11.8053	755.815	755.815
11.8173	755.433	755.433
11.8292	755.05	755.05
11.8411	754.667	754.668
11.8531	754.284	754.285
11.865	753.901	753.901
11.8769	753.518	753.518
11.8889	753.134	753.134
11.9008	752.75	752.75
11.9127	752.366	752.366
11.9247	751.981	751.981
11.9366	751.596	751.597
11.9486	751.211	751.212
11.9605	750.826	750.826
11.9724	750.441	750.441
11.9844	750.055	750.055
11.9963	749.669	749.669
12.0082	749.283	749.283
12.0202	748.897	748.897
12.0321	748.51	748.51
12.0441	748.123	748.123
12.056	747.736	747.736
12.0679	747.349	747.349
12.0799	746.962	746.962
12.0918	746.574	746.574
12.1037	746.186	746.186
12.1157	745.798	745.798
12.1276	745.41	745.41
12.1395	745.021	745.021
12.1515	744.633	744.633
12.1634	744.244	744.244
12.1754	743.855	743.855
12.1873	743.465	743.466
12.1992	743.076	743.076
12.2112	742.686	742.686
12.2231	742.297	742.297
12.235	741.907	741.907
12.247	741.516	741.517
12.2589	741.126	741.126
12.2708	740.736	740.736
12.2828	740.345	740.345
12.2947	739.954	739.954
12.3067	739.563	739.563
12.3186	739.172	739.172
12.3305	738.781	738.781
12.3425	738.389	738.389
12.3544	737.997	737.998
12.3663	737.606	737.606
12.3783	737.214	737.214
12.3902	736.822	736.822
12.4021	736.429	736.429
12.4141	736.037	736.037
12.426	735.644	735.644
12.438	735.252	735.252
12.4499	734.859	734.859
12.4618	734.466	734.466
12.4738	734.073	734.073
12.4857	733.68	733.68
12.4976	733.286	733.286
12.5096	732.893	732.893
12.5215	732.499	732.499
12.5335	732.105	732.105
12.5454	731.711	731.711
12.5573	731.317	731.317
12.5693	730.923	730.923
12.5812	730.529	730.529
12.5931	730.135	730.135
12.6051	729.74	729.74
12.617	729.346	729.346
12.6289	728.951	728.951
12.6409	728.556	728.556
12.6528	728.161	728.161
12.6648	727.766	727.766
12.6767	727.371	727.371
12.6886	726.976	726.976
12.7006	726.581	726.581
12.7125	726.185	726.185
12.7244	725.79	725.79
12.7364	725.394	725.394
12.7483	724.999	724.999
12.7602	724.603	724.603
12.7722	724.207	724.207
12.7841	723.811	723.811
12.7961	723.415	723.415
12.808	723.019	723.019
12.8199	722.623	722.623
12.8319	722.226	722.226
12.8438	721.83	721.83
12.8557	721.434	721.434
12.8677	721.037	721.037
12.8796	720.64	720.641
12.8916	720.244	720.244
12.9035	719.847	719.847
12.9154	719.45	719.45
12.9274	719.054	719.054
12.9393	718.657	718.657
12.9512	718.26	718.26
12.9632	717.863	717.863
12.9751	717.466	717.466
12.987	717.068	717.068
12.999	716.671	716.671
13.0109	716.274	716.274
13.0229	715.877	715.877
13.0348	715.479	715.479
13.0467	715.082	715.082
13.0587	714.684	714.684
13.0706	714.287	714.287
13.0825	713.889	713.889
13.0945	713.492	713.492
13.1064	713.094	713.094
13.1183	712.696	712.696
13.1303	712.299	712.299
13.1422	711.901	711.901
13.1542	711.503	711.503
13.1661	711.105	711.105
13.178	710.707	710.708
13.19	710.31	710.31
13.2019	709.912	709.912
13.2138	709.514	709.514
13.2258	709.116	709.116
13.2377	708.718	708.718
13.2496	708.32	708.32
13.2616	707.922	707.922
13.2735	707.523	707.523
13.2855	707.125	707.125
13.2974	706.727	706.727
13.3093	706.329	706.329
13.3213	705.931	705.931
13.3332	705.533	705.533
13.3451	705.134	705.134
13.3571	704.736	704.736
13.369	704.338	704.338
13.381	703.94	703.94
13.3929	703.541	703.541
13.4048	703.143	703.143
13.4168	702.745	702.745
13.4287	702.347	702.347
13.4406	701.948	701.948
13.4526	701.55	701.55
13.4645	701.152	701.152
13.4764	700.753	700.753
13.4884	700.355	700.355
13.5003	699.957	699.957
13.5123	699.558	699.558
13.5242	699.16	699.16
13.5361	698.762	698.762
13.5481	698.363	698.363
13.56	697.965	697.965
13.5719	697.567	697.567
13.5839	697.168	697.168
13.5958	696.77	696.77
13.6077	696.372	696.372
13.6197	695.973	695.973
13.6316	695.575	695.575
13.6436	695.177	695.177
13.6555	694.778	694.778
13.6674	694.38	694.38
13.6794	693.982	693.982
13.6913	693.584	693.584
13.7032	693.185	693.185
13.7152	692.787	692.787
13.7271	692.389	692.389
13.7391	691.991	691.991
13.751	691.593	691.593
13.7629	691.194	691.194
13.7749	690.796	690.796
13.7868	690.398	690.398
13.7987	690	690
13.8107	689.602	689.602
13.8226	689.204	689.204
13.8345	688.806	688.806
13.8465	688.408	688.408
13.8584	688.01	688.01
13.8704	687.612	687.612
13.8823	687.214	687.214
13.8942	686.816	686.816
13.9062	686.418	686.418
13.9181	686.02	686.02
13.93	685.622	685.622
13.942	685.224	685.224
13.9539	684.826	684.826
13.9658	684.429	684.429
13.9778	684.031	684.031
13.9897	683.633	683.633
14.0017	683.236	683.236
14.0136	682.838	682.838
14.0255	682.44	682.44
14.0375	682.043	682.043
14.0494	681.645	681.645
14.0613	681.247	681.247
14.0733	680.85	680.85
14.0852	680.452	680.452
14.0971	680.055	680.055
14.1091	679.658	679.658
14.121	679.26	679.26
14.133	678.863	678.863
14.1449	678.466	678.466
14.1568	678.068	678.068
14.1688	677.671	677.671
14.1807	677.274	677.274
14.1926	676.877	676.877
14.2046	676.48	676.48
14.2165	676.082	676.082
14.2285	675.685	675.685
14.2404	675.288	675.288
14.2523	674.891	674.891
14.2643	674.495	674.495
14.2762	674.098	674.098
14.2881	673.701	673.701
14.3001	673.304	673.304
14.312	672.907	672.907
14.3239	672.51	672.51
14.3359	672.114	672.114
14.3478	671.717	671.717
14.3598	671.32	671.32
14.3717	670.924	670.924
14.3836	670.527	670.527
14.3956	670.131	670.131
14.4075	669.734	669.734
14.4194	669.338	669.338
14.4314	668.942	668.942
14.4433	668.545	668.545
14.4552	668.149	668.149
14.4672	667.753	667.753
14.4791	667.357	667.357
14.4911	666.961	666.961
14.503	666.564	666.564
14.5149	666.168	666.168
14.5269	665.772	665.772
14.5388	665.376	665.376
14.5507	664.981	664.981
14.5627	664.585	664.585
14.5746	664.189	664.189
14.5866	663.793	663.793
14.5985	663.397	663.397
14.6104	663.002	663.002
14.6224	662.606	662.606
14.6343	662.21	662.21
14.6462	661.815	661.815
14.6582	661.419	661.419
14.6701	661.024	661.024
14.682	660.628	660.628
14.694	660.233	660.233
14.7059	659.838	659.838
14.7179	659.442	659.442
14.7298	659.047	659.047
14.7417	658.652	658.652
14.7537	658.257	658.257
14.7656	657.862	657.862
14.7775	657.467	657.467
14.7895	657.072	657.072
14.8014	656.677	656.677
14.8133	656.282	656.282
14.8253	655.887	655.887
14.8372	655.492	655.492
14.8492	655.098	655.098
14.8611	654.703	654.703
14.873	654.308	654.308
14.885	653.914	653.914
14.8969	653.519	653.519
14.9088	653.124	653.124
14.9208	652.73	652.73
14.9327	652.336	652.336
14.9446	651.941	651.941
14.9566	651.547	651.547
14.9685	651.153	651.153
14.9805	650.758	650.758
14.9924	650.364	650.364
15.0043	649.97	649.97
15.0163	649.576	649.576
15.0282	649.182	649.182
15.0401	648.788	648.788
15.0521	648.394	648.394
15.064	648	648
15.076	647.606	647.606
15.0879	647.212	647.212
15.0998	646.818	646.818
15.1118	646.425	646.425
15.1237	646.031	646.031
15.1356	645.637	645.637
15.1476	645.244	645.244
15.1595	644.85	644.85
15.1714	644.457	644.457
15.1834	644.063	644.063
15.1953	643.67	643.67
15.2073	643.276	643.276
15.2192	642.883	642.883
15.2311	642.49	642.49
15.2431	642.097	642.097
15.255	641.703	641.703
15.2669	641.31	641.31
15.2789	640.917	640.917
15.2908	640.524	640.524
15.3027	640.131	640.131
15.3147	639.738	639.738
15.3266	639.345	639.345
15.3386	638.952	638.952
15.3505	638.56	638.56
15.3624	638.167	638.167
15.3744	637.774	637.774
15.3863	637.381	637.381
15.3982	636.989	636.989
15.4102	636.596	636.596
15.4221	636.203	636.203
15.4341	635.811	635.811
15.446	635.418	635.418
15.4579	635.026	635.026
15.4699	634.634	634.633
15.4818	634.241	634.241
15.4937	633.849	633.849
15.5057	633.457	633.457
15.5176	633.064	633.064
15.5295	632.672	632.672
15.5415	632.28	632.28
15.5534	631.888	631.888
15.5654	631.496	631.496
15.5773	631.104	631.104
15.5892	630.712	630.712
15.6012	630.32	630.32
15.6131	629.928	629.928
15.625	629.536	629.536
15.637	629.144	629.144
15.6489	628.752	628.752
15.6608	628.36	628.36
15.6728	627.969	627.969
15.6847	627.577	627.577
15.6967	627.185	627.185
15.7086	626.794	626.794
15.7205	626.402	626.402
15.7325	626.011	626.011
15.7444	625.619	625.619
15.7563	625.228	625.228
15.7683	624.836	624.836
15.7802	624.445	624.445
15.7921	624.054	624.054
15.8041	623.662	623.662
15.816	623.271	623.271
15.828	622.88	622.88
15.8399	622.488	622.488
15.8518	622.097	622.097
15.8638	621.706	621.706
15.8757	621.315	621.315
15.8876	620.924	620.924
15.8996	620.533	620.533
15.9115	620.142	620.142
15.9235	619.751	619.751
15.9354	619.36	619.36
15.9473	618.969	618.969
15.9593	618.578	618.578
15.9712	618.187	618.187
15.9831	617.797	617.797
15.9951	617.406	617.406
16.007	617.015	617.015
16.0189	616.624	616.624
16.0309	616.234	616.234
16.0428	615.843	615.843
16.0548	615.453	615.453
16.0667	615.062	615.062
16.0786	614.671	614.671
16.0906	614.281	614.281
16.1025	613.89	613.89
16.1144	613.5	613.5
16.1264	613.11	613.11
16.1383	612.719	612.719
16.1502	612.329	612.329
16.1622	611.939	611.939
16.1741	611.548	611.548
16.1861	611.158	611.158
16.198	610.768	610.768
16.2099	610.378	610.378
16.2219	609.987	609.987
16.2338	609.597	609.597
16.2457	609.207	609.207
16.2577	608.817	608.817
16.2696	608.427	608.427
16.2816	608.037	608.037
16.2935	607.647	607.647
16.3054	607.257	607.257
16.3174	606.867	606.867
16.3293	606.477	606.477
16.3412	606.087	606.087
16.3532	605.697	605.697
16.3651	605.307	605.307
16.377	604.918	604.918
16.389	604.528	604.528
16.4009	604.138	604.138
16.4129	603.748	603.748
16.4248	603.359	603.359
16.4367	602.969	602.969
16.4487	602.579	602.579
16.4606	602.19	602.19
16.4725	601.8	601.8
16.4845	601.41	601.41
16.4964	601.021	601.021
16.5083	600.631	600.631
16.5203	600.242	600.242
16.5322	599.852	599.852
16.5442	599.463	599.463
16.5561	599.073	599.073
16.568	598.684	598.684
16.58	598.295	598.295
16.5919	597.905	597.905
16.6038	597.516	597.516
16.6158	597.126	597.126
16.6277	596.737	596.737
16.6396	596.348	596.348
16.6516	595.959	595.959
16.6635	595.569	595.569
16.6755	595.18	595.18
16.6874	594.791	594.791
16.6993	594.402	594.402
16.7113	594.013	594.013
16.7232	593.624	593.624
16.7351	593.234	593.234
16.7471	592.845	592.845
16.759	592.456	592.456
16.771	592.067	592.067
16.7829	591.678	591.678
16.7948	591.289	591.289
16.8068	590.9	590.9
16.8187	590.511	590.511
16.8306	590.122	590.122
16.8426	589.733	589.733
16.8545	589.345	589.345
16.8664	588.956	588.956
16.8784	588.567	588.567
16.8903	588.178	588.178
16.9023	587.789	587.789
16.9142	587.4	587.4
16.9261	587.012	587.012
16.9381	586.623	586.623
16.95	586.234	586.234
16.9619	585.845	585.845
16.9739	585.457	585.457
16.9858	585.068	585.068
16.9977	584.679	584.679
17.0097	584.291	584.291
17.0216	583.902	583.902
17.0336	583.514	583.514
17.0455	583.125	583.125
17.0574	582.736	582.736
17.0694	582.348	582.348
17.0813	581.959	581.959
17.0932	581.571	581.571
17.1052	581.182	581.182
17.1171	580.794	580.794
17.1291	580.405	580.405
17.141	580.017	580.017
17.1529	579.629	579.629
17.1649	579.24	579.24
17.1768	578.852	578.852
17.1887	578.464	578.464
17.2007	578.075	578.075
17.2126	577.687	577.687
17.2245	577.299	577.299
17.2365	576.91	576.91
17.2484	576.522	576.522
17.2604	576.134	576.134
17.2723	575.746	575.746
17.2842	575.357	575.357
17.2962	574.969	574.969
17.3081	574.581	574.581
17.32	574.193	574.193
17.332	573.805	573.805
17.3439	573.417	573.417
17.3558	573.029	573.029
17.3678	572.64	572.64
17.3797	572.252	572.252
17.3917	571.864	571.864
17.4036	571.476	571.476
17.4155	571.088	571.088
17.4275	570.7	570.7
17.4394	570.312	570.312
17.4513	569.924	569.924
17.4633	569.537	569.536
17.4752	569.149	569.149
17.4871	568.761	568.761
17.4991	568.373	568.373
17.511	567.985	567.985
17.523	567.597	567.597
17.5349	567.209	567.209
17.5468	566.822	566.822
17.5588	566.434	566.434
17.5707	566.046	566.046
17.5826	565.658	565.658
17.5946	565.271	565.271
17.6065	564.883	564.883
17.6185	564.495	564.495
17.6304	564.108	564.108
17.6423	563.72	563.72
17.6543	563.332	563.332
17.6662	562.945	562.945
17.6781	562.557	562.557
17.6901	562.17	562.17
17.702	561.782	561.782
17.7139	561.394	561.394
17.7259	561.007	561.007
17.7378	560.62	560.62
17.7498	560.232	560.232
17.7617	559.845	559.845
17.7736	559.457	559.457
17.7856	559.07	559.07
17.7975	558.682	558.682
17.8094	558.295	558.295
17.8214	557.908	557.908
17.8333	557.52	557.52
17.8452	557.133	557.133
17.8572	556.746	556.746
17.8691	556.359	556.359
17.8811	555.971	555.971
17.893	555.584	555.584
17.9049	555.197	555.197
17.9169	554.81	554.81
17.9288	554.423	554.423
17.9407	554.036	554.036
17.9527	553.649	553.649
17.9646	553.262	553.262
17.9766	552.875	552.875
17.9885	552.488	552.488
18.0004	552.101	552.101
18.0124	551.714	551.714
18.0243	551.327	551.327
18.0362	550.94	550.94
18.0482	550.553	550.553
18.0601	550.166	550.166
18.072	549.779	549.779
18.084	549.392	549.392
18.0959	549.006	549.006
18.1079	548.619	548.619
18.1198	548.232	548.232
18.1317	547.845	547.845
18.1437	547.459	547.459
18.1556	547.072	547.072
18.1675	546.686	546.686
18.1795	546.299	546.299
18.1914	545.912	545.912
18.2033	545.526	545.526
18.2153	545.139	545.139
18.2272	544.753	544.753
18.2392	544.366	544.366
18.2511	543.98	543.98
18.263	543.594	543.594
18.275	543.207	543.207
18.2869	542.821	542.821
18.2988	542.435	542.435
18.3108	542.048	542.048
18.3227	541.662	541.662
18.3346	541.276	541.276
18.3466	540.89	540.89
18.3585	540.504	540.504
18.3705	540.118	540.118
18.3824	539.731	539.731
18.3943	539.345	539.345
18.4063	538.959	538.959
18.4182	538.573	538.573
18.4301	538.188	538.188
18.4421	537.802	537.802
18.454	537.416	537.416
18.466	537.03	537.03
18.4779	536.644	536.644
18.4898	536.258	536.258
18.5018	535.873	535.873
18.5137	535.487	535.487
18.5256	535.101	535.101
18.5376	534.716	534.716
18.5495	534.33	534.33
18.5614	533.945	533.945
18.5734	533.559	533.559
18.5853	533.174	533.174
18.5973	532.788	532.788
18.6092	532.403	532.403
18.6211	532.017	532.017
18.6331	531.632	531.632
18.645	531.247	531.247
18.6569	530.862	530.862
18.6689	530.476	530.476
18.6808	530.091	530.091
18.6927	529.706	529.706
18.7047	529.321	529.321
18.7166	528.936	528.936
18.7286	528.551	528.551
18.7405	528.166	528.166
18.7524	527.781	527.781
18.7644	527.397	527.397
18.7763	527.012	527.012
18.7882	526.627	526.627
18.8002	526.242	526.242
18.8121	525.858	525.858
18.8241	525.473	525.473
18.836	525.089	525.089
18.8479	524.704	524.704
18.8599	524.32	524.32
18.8718	523.935	523.935
18.8837	523.551	523.551
18.8957	523.167	523.167
18.9076	522.782	522.782
18.9195	522.398	522.398
18.9315	522.014	522.014
18.9434	521.63	521.63
18.9554	521.246	521.246
18.9673	520.862	520.862
18.9792	520.478	520.478
18.9912	520.094	520.094
19.0031	519.71	519.71
19.015	519.327	519.327
19.027	518.943	518.943
19.0389	518.559	518.559
19.0508	518.176	518.176
19.0628	517.792	517.792
19.0747	517.409	517.409
19.0867	517.025	517.025
19.0986	516.642	516.642
19.1105	516.258	516.258
19.1225	515.875	515.875
19.1344	515.492	515.492
19.1463	515.109	515.109
19.1583	514.726	514.726
19.1702	514.343	514.343
19.1821	513.96	513.96
19.1941	513.577	513.577
19.206	513.194	513.194
19.218	512.812	512.812
19.2299	512.429	512.429
19.2418	512.046	512.046
19.2538	511.664	511.664
19.2657	511.281	511.281
19.2776	510.899	510.899
19.2896	510.517	510.517
19.3015	510.134	510.134
19.3135	509.752	509.752
19.3254	509.37	509.37
19.3373	508.988	508.988
19.3493	508.606	508.606
19.3612	508.224	508.224
19.3731	507.842	507.842
19.3851	507.46	507.46
19.397	507.079	507.079
19.4089	506.697	506.697
19.4209	506.316	506.316
19.4328	505.934	505.934
19.4448	505.553	505.553
19.4567	505.171	505.171
19.4686	504.79	504.79
19.4806	504.409	504.409
19.4925	504.028	504.028
19.5044	503.647	503.647
19.5164	503.266	503.266
19.5283	502.885	502.885
19.5402	502.505	502.505
19.5522	502.124	502.124
19.5641	501.743	501.743
19.5761	501.363	501.363
19.588	500.982	500.982
19.5999	500.602	500.602
19.6119	500.222	500.222
19.6238	499.842	499.842
19.6357	499.462	499.462
19.6477	499.082	499.082
19.6596	498.702	498.702
19.6716	498.322	498.322
19.6835	497.942	497.942
19.6954	497.563	497.563
19.7074	497.183	497.183
19.7193	496.804	496.804
19.7312	496.425	496.425
19.7432	496.045	496.045
19.7551	495.666	495.666
19.767	495.287	495.287
19.779	494.908	494.908
19.7909	494.529	494.529
19.8029	494.151	494.151
19.8148	493.772	493.772
19.8267	493.394	493.394
19.8387	493.015	493.015
19.8506	492.637	492.637
19.8625	492.259	492.259
19.8745	491.88	491.88
19.8864	491.502	491.502
19.8983	491.125	491.125
19.9103	490.747	490.747
19.9222	490.369	490.369
19.9342	489.991	489.991
19.9461	489.614	489.614
19.958	489.237	489.237
19.97	488.859	488.859
19.9819	488.482	488.482
19.9938	488.105	488.105
20.0058	487.728	487.728
20.0177	487.351	487.351
20.0296	486.975	486.975
20.0416	486.598	486.598
20.0535	486.222	486.222
20.0655	485.845	485.845
20.0774	485.469	485.469
20.0893	485.093	485.093
20.1013	484.717	484.717
20.1132	484.341	484.341
20.1251	483.965	483.965
20.1371	483.59	483.59
20.149	483.214	483.214
20.161	482.839	482.839
20.1729	482.464	482.464
20.1848	482.088	482.088
20.1968	481.713	481.713
20.2087	481.339	481.339
20.2206	480.964	480.964
20.2326	480.589	480.589
20.2445	480.215	480.215
20.2564	479.84	479.84
20.2684	479.466	479.466
20.2803	479.092	479.092
20.2923	478.718	478.718
20.3042	478.344	478.344
20.3161	477.971	477.971
20.3281	477.597	477.597
20.34	477.224	477.224
20.3519	476.85	476.85
20.3639	476.477	476.477
20.3758	476.104	476.104
20.3877	475.731	475.731
20.3997	475.359	475.359
20.4116	474.986	474.986
20.4236	474.614	474.614
20.4355	474.242	474.241
20.4474	473.869	473.869
20.4594	473.497	473.497
20.4713	473.126	473.126
20.4832	472.754	472.754
20.4952	472.382	472.382
20.5071	472.011	472.011
20.5191	471.64	471.64
20.531	471.269	471.269
20.5429	470.898	470.898
20.5549	470.527	470.527
20.5668	470.156	470.156
20.5787	469.786	469.786
20.5907	469.416	469.416
20.6026	469.046	469.046
20.6145	468.676	468.676
20.6265	468.306	468.306
20.6384	467.936	467.936
20.6504	467.567	467.567
20.6623	467.197	467.197
20.6742	466.828	466.828
20.6862	466.459	466.459
20.6981	466.09	466.09
20.71	465.722	465.722
20.722	465.353	465.353
20.7339	464.985	464.985
20.7458	464.617	464.617
20.7578	464.249	464.249
20.7697	463.881	463.881
20.7817	463.514	463.513
20.7936	463.146	463.146
20.8055	462.779	462.779
20.8175	462.412	462.412
20.8294	462.045	462.045
20.8413	461.678	461.678
20.8533	461.312	461.311
20.8652	460.945	460.945
20.8771	460.579	460.579
20.8891	460.213	460.213
20.901	459.847	459.847
20.913	459.482	459.482
20.9249	459.116	459.116
20.9368	458.751	458.751
20.9488	458.386	458.386
20.9607	458.021	458.021
20.9726	457.656	457.656
20.9846	457.292	457.292
20.9965	456.928	456.928
21.0085	456.564	456.563
21.0204	456.2	456.2
21.0323	455.836	455.836
21.0443	455.472	455.472
21.0562	455.109	455.109
21.0681	454.746	454.746
21.0801	454.383	454.383
21.092	454.02	454.02
21.1039	453.658	453.658
21.1159	453.296	453.296
21.1278	452.934	452.934
21.1398	452.572	452.572
21.1517	452.21	452.21
21.1636	451.849	451.849
21.1756	451.487	451.487
21.1875	451.126	451.126
21.1994	450.766	450.766
21.2114	450.405	450.405
21.2233	450.045	450.045
21.2352	449.685	449.684
21.2472	449.325	449.324
21.2591	448.965	448.965
21.2711	448.605	448.605
21.283	448.246	448.246
21.2949	447.887	447.887
21.3069	447.528	447.528
21.3188	447.17	447.169
21.3307	446.811	446.811
21.3427	446.453	446.453
21.3546	446.095	446.095
21.3666	445.737	445.737
21.3785	445.38	445.38
21.3904	445.023	445.023
21.4024	444.666	444.666
21.4143	444.309	444.309
21.4262	443.952	443.952
21.4382	443.596	443.596
21.4501	443.24	443.24
21.462	442.884	442.884
21.474	442.529	442.529
21.4859	442.173	442.173
21.4979	441.818	441.818
21.5098	441.463	441.463
21.5217	441.109	441.109
21.5337	440.754	440.754
21.5456	440.4	440.4
21.5575	440.046	440.046
21.5695	439.693	439.693
21.5814	439.339	439.339
21.5933	438.986	438.986
21.6053	438.633	438.633
21.6172	438.281	438.281
21.6292	437.928	437.928
21.6411	437.576	437.576
21.653	437.225	437.224
21.665	436.873	436.873
21.6769	436.522	436.522
21.6888	436.171	436.17
21.7008	435.82	435.82
21.7127	435.469	435.469
21.7246	435.119	435.119
21.7366	434.769	434.769
21.7485	434.419	434.419
21.7605	434.07	434.07
21.7724	433.721	433.721
21.7843	433.372	433.372
21.7963	433.023	433.023
21.8082	432.675	432.675
21.8201	432.327	432.326
21.8321	431.979	431.979
21.844	431.631	431.631
21.856	431.284	431.284
21.8679	430.937	430.937
21.8798	430.59	430.59
21.8918	430.244	430.244
21.9037	429.898	429.898
21.9156	429.552	429.552
21.9276	429.206	429.206
21.9395	428.861	428.861
21.9514	428.516	428.516
21.9634	428.171	428.171
21.9753	427.827	427.827
21.9873	427.483	427.483
21.9992	427.139	427.139
22.0111	426.795	426.795
22.0231	426.452	426.452
22.035	426.109	426.109
22.0469	425.767	425.767
22.0589	425.424	425.424
22.0708	425.082	425.082
22.0827	424.741	424.74
22.0947	424.399	424.399
22.1066	424.058	424.058
22.1186	423.717	423.717
22.1305	423.377	423.377
22.1424	423.036	423.036
22.1544	422.697	422.696
22.1663	422.357	422.357
22.1782	422.018	422.018
22.1902	421.679	421.679
22.2021	421.34	421.34
22.2141	421.002	421.002
22.226	420.664	420.664
22.2379	420.326	420.326
22.2499	419.989	419.989
22.2618	419.652	419.652
22.2737	419.315	419.315
22.2857	418.978	418.978
22.2976	418.642	418.642
22.3095	418.307	418.307
22.3215	417.971	417.971
22.3334	417.636	417.636
22.3454	417.301	417.301
22.3573	416.967	416.967
22.3692	416.633	416.633
22.3812	416.299	416.299
22.3931	415.966	415.965
22.405	415.632	415.632
22.417	415.3	415.3
22.4289	414.967	414.967
22.4408	414.635	414.635
22.4528	414.303	414.303
22.4647	413.972	413.972
22.4767	413.641	413.641
22.4886	413.31	413.31
22.5005	412.98	412.98
22.5125	412.65	412.65
22.5244	412.32	412.32
22.5363	411.991	411.991
22.5483	411.662	411.662
22.5602	411.333	411.333
22.5721	411.005	411.005
22.5841	410.677	410.677
22.596	410.349	410.349
22.608	410.022	410.022
22.6199	409.695	409.695
22.6318	409.369	409.369
22.6438	409.043	409.042
22.6557	408.717	408.717
22.6676	408.391	408.391
22.6796	408.066	408.066
22.6915	407.742	407.741
22.7035	407.417	407.417
22.7154	407.093	407.093
22.7273	406.77	406.77
22.7393	406.446	406.446
22.7512	406.124	406.124
22.7631	405.801	405.801
22.7751	405.479	405.479
22.787	405.157	405.157
22.7989	404.836	404.836
22.8109	404.515	404.515
22.8228	404.194	404.194
22.8348	403.874	403.874
22.8467	403.554	403.554
22.8586	403.235	403.235
22.8706	402.916	402.916
22.8825	402.597	402.597
22.8944	402.279	402.279
22.9064	401.961	401.961
22.9183	401.643	401.643
22.9302	401.326	401.326
22.9422	401.009	401.009
22.9541	400.693	400.693
22.9661	400.377	400.377
22.978	400.061	400.061
22.9899	399.746	399.746
23.0019	399.432	399.431
23.0138	399.117	399.117
23.0257	398.803	398.803
23.0377	398.49	398.489
23.0496	398.176	398.176
23.0616	397.864	397.863
23.0735	397.551	397.551
23.0854	397.239	397.239
23.0974	396.928	396.927
23.1093	396.616	396.616
23.1212	396.306	396.305
23.1332	395.995	395.995
23.1451	395.685	395.685
23.157	395.376	395.376
23.169	395.067	395.066
23.1809	394.758	394.758
23.1929	394.45	394.449
23.2048	394.142	394.142
23.2167	393.834	393.834
23.2287	393.527	393.527
23.2406	393.221	393.22
23.2525	392.914	392.914
23.2645	392.609	392.608
23.2764	392.303	392.303
23.2883	391.998	391.998
23.3003	391.694	391.694
23.3122	391.39	391.389
23.3242	391.086	391.086
23.3361	390.783	390.782
23.348	390.48	390.48
23.36	390.177	390.177
23.3719	389.875	389.875
23.3838	389.574	389.574
23.3958	389.273	389.273
23.4077	388.972	388.972
23.4196	388.672	388.672
23.4316	388.372	388.372
23.4435	388.073	388.073
23.4555	387.774	387.774
23.4674	387.476	387.475
23.4793	387.178	387.177
23.4913	386.88	386.88
23.5032	386.583	386.583
23.5151	386.287	386.286
23.5271	385.991	385.991
23.539	385.696	385.695
23.551	385.401	385.401
23.5629	385.107	385.107
23.5748	384.814	384.814
23.5868	384.522	384.522
23.5987	384.232	384.231
23.6106	383.942	383.942
23.6226	383.655	383.654
23.6345	383.37	383.369
23.6464	383.087	383.086
23.6584	382.808	382.807
23.6703	382.533	382.531
23.6823	382.263	382.26
23.6942	381.998	381.995
23.7061	381.74	381.737
23.7181	381.49	381.487
23.73	381.25	381.246
23.7419	381.02	381.015
23.7539	380.803	380.798
23.7658	380.6	380.594
23.7777	380.412	380.405
23.7897	380.242	380.235
23.8016	380.09	380.083
23.8136	379.959	379.951
23.8255	379.85	379.841
23.8374	379.764	379.755
23.8494	379.701	379.692
23.8613	379.664	379.654
23.8732	379.651	379.641
