0	783.092	783.306
0.0119366	783.064	783.277
0.0238732	782.98	783.191
0.0358099	782.845	783.054
0.0477465	782.667	782.873
0.0596831	782.453	782.657
0.0716197	782.211	782.413
0.0835563	781.95	782.15
0.095493	781.674	781.873
0.10743	781.389	781.587
0.119366	781.098	781.295
0.131303	780.802	780.999
0.143239	780.504	780.702
0.155176	780.204	780.402
0.167113	779.904	780.101
0.179049	779.602	779.8
0.190986	779.3	779.498
0.202923	778.997	779.195
0.214859	778.693	778.892
0.226796	778.389	778.588
0.238732	778.085	778.284
0.250669	777.78	777.979
0.262606	777.474	777.674
0.274542	777.168	777.369
0.286479	776.862	777.063
0.298416	776.555	776.756
0.310352	776.248	776.449
0.322289	775.94	776.142
0.334225	775.632	775.834
0.346162	775.324	775.526
0.358099	775.015	775.217
0.370035	774.705	774.908
0.381972	774.395	774.598
0.393908	774.085	774.288
0.405845	773.774	773.977
0.417782	773.463	773.666
0.429718	773.151	773.355
0.441655	772.839	773.043
0.453592	772.526	772.731
0.465528	772.213	772.418
0.477465	771.9	772.105
0.489401	771.586	771.791
0.501338	771.271	771.477
0.513275	770.956	771.162
0.525211	770.641	770.847
0.537148	770.326	770.532
0.549085	770.009	770.216
0.561021	769.693	769.9
0.572958	769.376	769.583
0.584894	769.059	769.266
0.596831	768.741	768.949
0.608768	768.422	768.631
0.620704	768.104	768.312
0.632641	767.785	767.993
0.644578	767.465	767.674
0.656514	767.145	767.355
0.668451	766.825	767.034
0.680387	766.504	766.714
0.692324	766.183	766.393
0.704261	765.861	766.072
0.716197	765.539	765.75
0.728134	765.217	765.428
0.74007	764.894	765.105
0.752007	764.571	764.782
0.763944	764.247	764.459
0.77588	763.923	764.135
0.787817	763.599	763.811
0.799754	763.274	763.486
0.81169	762.948	763.161
0.823627	762.623	762.836
0.835563	762.297	762.51
0.8475	761.97	762.184
0.859437	761.643	761.857
0.871373	761.316	761.53
0.88331	760.988	761.203
0.895247	760.66	760.875
0.907183	760.332	760.546
0.91912	760.003	760.218
0.931056	759.674	759.889
0.942993	759.344	759.559
0.95493	759.014	759.23
0.966866	758.684	758.9
0.978803	758.353	758.569
0.99074	758.022	758.238
1.00268	757.69	757.907
1.01461	757.358	757.575
1.02655	757.026	757.243
1.03849	756.693	756.91
1.05042	756.36	756.578
1.06236	756.026	756.244
1.0743	755.693	755.911
1.08623	755.358	755.577
1.09817	755.024	755.242
1.11011	754.689	754.908
1.12204	754.353	754.572
1.13398	754.018	754.237
1.14592	753.682	753.901
1.15785	753.345	753.565
1.16979	753.008	753.228
1.18173	752.671	752.891
1.19366	752.334	752.554
1.2056	751.996	752.216
1.21754	751.658	751.878
1.22947	751.319	751.54
1.24141	750.98	751.201
1.25335	750.641	750.862
1.26528	750.301	750.523
1.27722	749.961	750.183
1.28916	749.621	749.843
1.30109	749.28	749.502
1.31303	748.939	749.161
1.32496	748.597	748.82
1.3369	748.256	748.479
1.34884	747.913	748.137
1.36077	747.571	747.794
1.37271	747.228	747.452
1.38465	746.885	747.109
1.39658	746.542	746.766
1.40852	746.198	746.422
1.42046	745.854	746.078
1.43239	745.509	745.734
1.44433	745.164	745.389
1.45627	744.819	745.044
1.4682	744.474	744.699
1.48014	744.128	744.353
1.49208	743.782	744.007
1.50401	743.435	743.661
1.51595	743.088	743.315
1.52789	742.741	742.968
1.53982	742.394	742.62
1.55176	742.046	742.273
1.5637	741.698	741.925
1.57563	741.349	741.577
1.58757	741.001	741.228
1.59951	740.652	740.879
1.61144	740.302	740.53
1.62338	739.953	740.181
1.63532	739.603	739.831
1.64725	739.252	739.481
1.65919	738.902	739.13
1.67113	738.551	738.78
1.68306	738.2	738.429
1.695	737.848	738.077
1.70694	737.496	737.726
1.71887	737.144	737.374
1.73081	736.792	737.021
1.74275	736.439	736.669
1.75468	736.086	736.316
1.76662	735.733	735.963
1.77856	735.379	735.609
1.79049	735.025	735.256
1.80243	734.671	734.902
1.81437	734.316	734.547
1.8263	733.962	734.193
1.83824	733.606	733.838
1.85018	733.251	733.483
1.86211	732.895	733.127
1.87405	732.539	732.771
1.88599	732.183	732.415
1.89792	731.827	732.059
1.90986	731.47	731.702
1.9218	731.113	731.345
1.93373	730.755	730.988
1.94567	730.398	730.631
1.95761	730.04	730.273
1.96954	729.682	729.915
1.98148	729.323	729.557
1.99342	728.965	729.198
2.00535	728.606	728.839
2.01729	728.246	728.48
2.02923	727.887	728.121
2.04116	727.527	727.761
2.0531	727.167	727.401
2.06504	726.807	727.041
2.07697	726.446	726.681
2.08891	726.085	726.32
2.10085	725.724	725.959
2.11278	725.363	725.598
2.12472	725.001	725.237
2.13666	724.639	724.875
2.14859	724.277	724.513
2.16053	723.915	724.151
2.17246	723.552	723.788
2.1844	723.189	723.426
2.19634	722.826	723.063
2.20827	722.463	722.699
2.22021	722.099	722.336
2.23215	721.735	721.972
2.24408	721.371	721.608
2.25602	721.007	721.244
2.26796	720.642	720.88
2.27989	720.277	720.515
2.29183	719.912	720.15
2.30377	719.547	719.785
2.3157	719.181	719.419
2.32764	718.816	719.054
2.33958	718.45	718.688
2.35151	718.083	718.322
2.36345	717.717	717.955
2.37539	717.35	717.589
2.38732	716.983	717.222
2.39926	716.616	716.855
2.4112	716.249	716.488
2.42313	715.881	716.12
2.43507	715.513	715.753
2.44701	715.145	715.385
2.45894	714.777	715.017
2.47088	714.409	714.648
2.48282	714.04	714.28
2.49475	713.671	713.911
2.50669	713.302	713.542
2.51863	712.933	713.173
2.53056	712.563	712.803
2.5425	712.193	712.434
2.55444	711.823	712.064
2.56637	711.453	711.694
2.57831	711.083	711.324
2.59025	710.712	710.953
2.60218	710.341	710.582
2.61412	709.97	710.212
2.62606	709.599	709.841
2.63799	709.228	709.469
2.64993	708.856	709.098
2.66187	708.484	708.726
2.6738	708.112	708.354
2.68574	707.74	707.982
2.69768	707.368	707.61
2.70961	706.995	707.237
2.72155	706.622	706.865
2.73349	706.25	706.492
2.74542	705.876	706.119
2.75736	705.503	705.746
2.7693	705.13	705.372
2.78123	704.756	704.999
2.79317	704.382	704.625
2.80511	704.008	704.251
2.81704	703.634	703.877
2.82898	703.259	703.503
2.84092	702.885	703.128
2.85285	702.51	702.753
2.86479	702.135	702.378
2.87673	701.76	702.003
2.88866	701.384	701.628
2.9006	701.009	701.253
2.91254	700.633	700.877
2.92447	700.257	700.502
2.93641	699.881	700.126
2.94835	699.505	699.75
2.96028	699.129	699.373
2.97222	698.752	698.997
2.98416	698.376	698.62
2.99609	697.999	698.244
3.00803	697.622	697.867
3.01997	697.245	697.49
3.0319	696.867	697.112
3.04384	696.49	696.735
3.05577	696.112	696.358
3.06771	695.734	695.98
3.07965	695.357	695.602
3.09158	694.978	695.224
3.10352	694.6	694.846
3.11546	694.222	694.468
3.12739	693.843	694.089
3.13933	693.465	693.711
3.15127	693.086	693.332
3.1632	692.707	692.953
3.17514	692.328	692.574
3.18708	691.948	692.195
3.19901	691.569	691.815
3.21095	691.189	691.436
3.22289	690.81	691.056
3.23482	690.43	690.676
3.24676	690.05	690.296
3.2587	689.67	689.916
3.27063	689.289	689.536
3.28257	688.909	689.156
3.29451	688.528	688.775
3.30644	688.148	688.395
3.31838	687.767	688.014
3.33032	687.386	687.633
3.34225	687.005	687.252
3.35419	686.624	686.871
3.36613	686.242	686.49
3.37806	685.861	686.109
3.39	685.479	685.727
3.40194	685.098	685.345
3.41387	684.716	684.964
3.42581	684.334	684.582
3.43775	683.952	684.2
3.44968	683.57	683.818
3.46162	683.187	683.435
3.47356	682.805	683.053
3.48549	682.422	682.671
3.49743	682.04	682.288
3.50937	681.657	681.905
3.5213	681.274	681.523
3.53324	680.891	681.14
3.54518	680.508	680.757
3.55711	680.125	680.373
3.56905	679.741	679.99
3.58099	679.358	679.607
3.59292	678.974	679.223
3.60486	678.591	678.84
3.6168	678.207	678.456
3.62873	677.823	678.072
3.64067	677.439	677.688
3.65261	677.055	677.304
3.66454	676.671	676.92
3.67648	676.287	676.536
3.68842	675.902	676.152
3.70035	675.518	675.767
3.71229	675.133	675.383
3.72423	674.748	674.998
3.73616	674.364	674.613
3.7481	673.979	674.228
3.76004	673.594	673.844
3.77197	673.209	673.459
3.78391	672.824	673.073
3.79585	672.438	672.688
3.80778	672.053	672.303
3.81972	671.668	671.918
3.83166	671.282	671.532
3.84359	670.897	671.147
3.85553	670.511	670.761
3.86747	670.125	670.375
3.8794	669.739	669.99
3.89134	669.353	669.604
3.90327	668.967	669.218
3.91521	668.581	668.832
3.92715	668.195	668.446
3.93908	667.809	668.059
3.95102	667.423	667.673
3.96296	667.036	667.287
3.97489	666.65	666.9
3.98683	666.263	666.514
3.99877	665.877	666.127
4.0107	665.49	665.74
4.02264	665.103	665.354
4.03458	664.716	664.967
4.04651	664.329	664.58
4.05845	663.942	664.193
4.07039	663.555	663.806
4.08232	663.168	663.419
4.09426	662.781	663.032
4.1062	662.394	662.645
4.11813	662.006	662.257
4.13007	661.619	661.87
4.14201	661.231	661.482
4.15394	660.844	661.095
4.16588	660.456	660.707
4.17782	660.069	660.32
4.18975	659.681	659.932
4.20169	659.293	659.544
4.21363	658.905	659.156
4.22556	658.517	658.769
4.2375	658.129	658.381
4.24944	657.741	657.993
4.26137	657.353	657.605
4.27331	656.965	657.217
4.28525	656.577	656.828
4.29718	656.189	656.44
4.30912	655.8	656.052
4.32106	655.412	655.664
4.33299	655.024	655.275
4.34493	654.635	654.887
4.35687	654.247	654.498
4.3688	653.858	654.11
4.38074	653.47	653.721
4.39268	653.081	653.333
4.40461	652.692	652.944
4.41655	652.303	652.555
4.42849	651.915	652.166
4.44042	651.526	651.778
4.45236	651.137	651.389
4.4643	650.748	651
4.47623	650.359	650.611
4.48817	649.97	650.222
4.50011	649.581	649.833
4.51204	649.192	649.444
4.52398	648.803	649.055
4.53592	648.414	648.666
4.54785	648.024	648.277
4.55979	647.635	647.887
4.57173	647.246	647.498
4.58366	646.857	647.109
4.5956	646.467	646.719
4.60754	646.078	646.33
4.61947	645.689	645.941
4.63141	645.299	645.551
4.64335	644.91	645.162
4.65528	644.52	644.772
4.66722	644.131	644.383
4.67916	643.741	643.993
4.69109	643.351	643.604
4.70303	642.962	643.214
4.71497	642.572	642.824
4.7269	642.182	642.435
4.73884	641.793	642.045
4.75078	641.403	641.655
4.76271	641.013	641.265
4.77465	640.623	640.876
4.78658	640.233	640.486
4.79852	639.844	640.096
4.81046	639.454	639.706
4.82239	639.064	639.316
4.83433	638.674	638.926
4.84627	638.284	638.536
4.8582	637.894	638.146
4.87014	637.504	637.756
4.88208	637.114	637.366
4.89401	636.724	636.976
4.90595	636.334	636.586
4.91789	635.944	636.196
4.92982	635.554	635.806
4.94176	635.164	635.416
4.9537	634.774	635.026
4.96563	634.383	634.636
4.97757	633.993	634.246
4.98951	633.603	633.856
5.00144	633.213	633.465
5.01338	632.823	633.075
5.02532	632.433	632.685
5.03725	632.042	632.295
5.04919	631.652	631.905
5.06113	631.262	631.514
5.07306	630.872	631.124
5.085	630.481	630.734
5.09694	630.091	630.344
5.10887	629.701	629.953
5.12081	629.31	629.563
5.13275	628.92	629.173
5.14468	628.53	628.782
5.15662	628.14	628.392
5.16856	627.749	628.002
5.18049	627.359	627.611
5.19243	626.969	627.221
5.20437	626.578	626.831
5.2163	626.188	626.44
5.22824	625.797	626.05
5.24018	625.407	625.66
5.25211	625.017	625.269
5.26405	624.626	624.879
5.27599	624.236	624.489
5.28792	623.846	624.098
5.29986	623.455	623.708
5.3118	623.065	623.317
5.32373	622.674	622.927
5.33567	622.284	622.537
5.34761	621.894	622.146
5.35954	621.503	621.756
5.37148	621.113	621.365
5.38342	620.723	620.975
5.39535	620.332	620.585
5.40729	619.942	620.194
5.41923	619.551	619.804
5.43116	619.161	619.414
5.4431	618.771	619.023
5.45504	618.38	618.633
5.46697	617.99	618.242
5.47891	617.6	617.852
5.49085	617.209	617.462
5.50278	616.819	617.071
5.51472	616.429	616.681
5.52666	616.038	616.291
5.53859	615.648	615.9
5.55053	615.258	615.51
5.56247	614.867	615.12
5.5744	614.477	614.729
5.58634	614.087	614.339
5.59828	613.696	613.949
5.61021	613.306	613.558
5.62215	612.916	613.168
5.63408	612.525	612.778
5.64602	612.135	612.388
5.65796	611.745	611.997
5.66989	611.355	611.607
5.68183	610.964	611.217
5.69377	610.574	610.827
5.7057	610.184	610.436
5.71764	609.794	610.046
5.72958	609.404	609.656
5.74151	609.013	609.266
5.75345	608.623	608.875
5.76539	608.233	608.485
5.77732	607.843	608.095
5.78926	607.453	607.705
5.8012	607.063	607.315
5.81313	606.672	606.925
5.82507	606.282	606.535
5.83701	605.892	606.144
5.84894	605.502	605.754
5.86088	605.112	605.364
5.87282	604.722	604.974
5.88475	604.332	604.584
5.89669	603.942	604.194
5.90863	603.552	603.804
5.92056	603.162	603.414
5.9325	602.772	603.024
5.94444	602.382	602.634
5.95637	601.992	602.244
5.96831	601.602	601.854
5.98025	601.212	601.464
5.99218	600.822	601.074
6.00412	600.433	600.685
6.01606	600.043	600.295
6.02799	599.653	599.905
6.03993	599.263	599.515
6.05187	598.873	599.125
6.0638	598.483	598.735
6.07574	598.094	598.346
6.08768	597.704	597.956
6.09961	597.314	597.566
6.11155	596.924	597.176
6.12349	596.535	596.787
6.13542	596.145	596.397
6.14736	595.755	596.007
6.1593	595.366	595.618
6.17123	594.976	595.228
6.18317	594.587	594.838
6.19511	594.197	594.449
6.20704	593.807	594.059
6.21898	593.418	593.67
6.23092	593.028	593.28
6.24285	592.639	592.891
6.25479	592.249	592.501
6.26673	591.86	592.112
6.27866	591.47	591.722
6.2906	591.081	591.333
6.30254	590.692	590.943
6.31447	590.302	590.554
6.32641	589.913	590.164
6.33835	589.523	589.775
6.35028	589.134	589.386
6.36222	588.745	588.996
6.37416	588.356	588.607
6.38609	587.966	588.218
6.39803	587.577	587.829
6.40997	587.188	587.439
6.4219	586.799	587.05
6.43384	586.409	586.661
6.44578	586.02	586.272
6.45771	585.631	585.883
6.46965	585.242	585.493
6.48159	584.853	585.104
6.49352	584.464	584.715
6.50546	584.075	584.326
6.51739	583.686	583.937
6.52933	583.297	583.548
6.54127	582.908	583.159
6.5532	582.519	582.77
6.56514	582.13	582.381
6.57708	581.741	581.992
6.58901	581.352	581.603
6.60095	580.963	581.215
6.61289	580.574	580.826
6.62482	580.186	580.437
6.63676	579.797	580.048
6.6487	579.408	579.659
6.66063	579.019	579.27
6.67257	578.63	578.882
6.68451	578.242	578.493
6.69644	577.853	578.104
6.70838	577.464	577.715
6.72032	577.076	577.327
6.73225	576.687	576.938
6.74419	576.298	576.55
6.75613	575.91	576.161
6.76806	575.521	575.772
6.78	575.133	575.384
6.79194	574.744	574.995
6.80387	574.356	574.607
6.81581	573.967	574.218
6.82775	573.579	573.83
6.83968	573.19	573.441
6.85162	572.802	573.053
6.86356	572.414	572.664
6.87549	572.025	572.276
6.88743	571.637	571.888
6.89937	571.248	571.499
6.9113	570.86	571.111
6.92324	570.472	570.723
6.93518	570.084	570.334
6.94711	569.695	569.946
6.95905	569.307	569.558
6.97099	568.919	569.17
6.98292	568.531	568.782
6.99486	568.143	568.393
7.0068	567.754	568.005
7.01873	567.366	567.617
7.03067	566.978	567.229
7.04261	566.59	566.841
7.05454	566.202	566.453
7.06648	565.814	566.065
7.07842	565.426	565.677
7.09035	565.038	565.289
7.10229	564.65	564.901
7.11423	564.262	564.513
7.12616	563.874	564.125
7.1381	563.486	563.737
7.15004	563.098	563.349
7.16197	562.71	562.961
7.17391	562.323	562.573
7.18585	561.935	562.185
7.19778	561.547	561.798
7.20972	561.159	561.41
7.22166	560.771	561.022
7.23359	560.384	560.634
7.24553	559.996	560.246
7.25747	559.608	559.859
7.2694	559.22	559.471
7.28134	558.833	559.083
7.29328	558.445	558.696
7.30521	558.057	558.308
7.31715	557.67	557.92
7.32909	557.282	557.533
7.34102	556.895	557.145
7.35296	556.507	556.757
7.36489	556.119	556.37
7.37683	555.732	555.982
7.38877	555.344	555.595
7.4007	554.957	555.207
7.41264	554.569	554.82
7.42458	554.182	554.432
7.43651	553.794	554.045
7.44845	553.407	553.657
7.46039	553.019	553.27
7.47232	552.632	552.882
7.48426	552.245	552.495
7.4962	551.857	552.107
7.50813	551.47	551.72
7.52007	551.082	551.333
7.53201	550.695	550.945
7.54394	550.308	550.558
7.55588	549.92	550.171
7.56782	549.533	549.783
7.57975	549.146	549.396
7.59169	548.758	549.009
7.60363	548.371	548.621
7.61556	547.984	548.234
7.6275	547.597	547.847
7.63944	547.209	547.46
7.65137	546.822	547.072
7.66331	546.435	546.685
7.67525	546.048	546.298
7.68718	545.661	545.911
7.69912	545.273	545.524
7.71106	544.886	545.137
7.72299	544.499	544.749
7.73493	544.112	544.362
7.74687	543.725	543.975
7.7588	543.338	543.588
7.77074	542.951	543.201
7.78268	542.564	542.814
7.79461	542.177	542.427
7.80655	541.789	542.04
7.81849	541.402	541.653
7.83042	541.015	541.265
7.84236	540.628	540.878
7.8543	540.241	540.491
7.86623	539.854	540.104
7.87817	539.467	539.717
7.89011	539.08	539.33
7.90204	538.693	538.943
7.91398	538.306	538.556
7.92592	537.919	538.169
7.93785	537.532	537.782
7.94979	537.145	537.395
7.96173	536.758	537.008
7.97366	536.371	536.621
7.9856	535.984	536.234
7.99754	535.597	535.848
8.00947	535.211	535.461
8.02141	534.824	535.074
8.03335	534.437	534.687
8.04528	534.05	534.3
8.05722	533.663	533.913
8.06916	533.276	533.526
8.08109	532.889	533.139
8.09303	532.502	532.752
8.10497	532.115	532.365
8.1169	531.728	531.978
8.12884	531.341	531.591
8.14078	530.955	531.205
8.15271	530.568	530.818
8.16465	530.181	530.431
8.17659	529.794	530.044
8.18852	529.407	529.657
8.20046	529.02	529.27
8.2124	528.633	528.883
8.22433	528.246	528.497
8.23627	527.86	528.11
8.2482	527.473	527.723
8.26014	527.086	527.336
8.27208	526.699	526.949
8.28401	526.312	526.562
8.29595	525.925	526.175
8.30789	525.539	525.789
8.31982	525.152	525.402
8.33176	524.765	525.015
8.3437	524.378	524.628
8.35563	523.991	524.241
8.36757	523.604	523.854
8.37951	523.217	523.467
8.39144	522.831	523.081
8.40338	522.444	522.694
8.41532	522.057	522.307
8.42725	521.67	521.92
8.43919	521.283	521.533
8.45113	520.896	521.146
8.46306	520.509	520.759
8.475	520.123	520.373
8.48694	519.736	519.986
8.49887	519.349	519.599
8.51081	518.962	519.212
8.52275	518.575	518.825
8.53468	518.188	518.438
8.54662	517.801	518.051
8.55856	517.414	517.665
8.57049	517.028	517.278
8.58243	516.641	516.891
8.59437	516.254	516.504
8.6063	515.867	516.117
8.61824	515.48	515.73
8.63018	515.093	515.343
8.64211	514.706	514.956
8.65405	514.319	514.569
8.66599	513.932	514.183
8.67792	513.545	513.796
8.68986	513.159	513.409
8.7018	512.772	513.022
8.71373	512.385	512.635
8.72567	511.998	512.248
8.73761	511.611	511.861
8.74954	511.224	511.474
8.76148	510.837	511.087
8.77342	510.45	510.7
8.78535	510.063	510.313
8.79729	509.676	509.926
8.80923	509.289	509.539
8.82116	508.902	509.152
8.8331	508.515	508.765
8.84504	508.128	508.378
8.85697	507.741	507.991
8.86891	507.354	507.604
8.88085	506.967	507.217
8.89278	506.58	506.83
8.90472	506.193	506.443
8.91666	505.806	506.056
8.92859	505.419	505.669
8.94053	505.032	505.282
8.95247	504.645	504.895
8.9644	504.258	504.508
8.97634	503.871	504.121
8.98828	503.484	503.734
9.00021	503.097	503.347
9.01215	502.709	502.96
9.02409	502.322	502.573
9.03602	501.935	502.186
9.04796	501.548	501.798
9.0599	501.161	501.411
9.07183	500.774	501.024
9.08377	500.387	500.637
9.0957	500	500.25
9.10764	499.612	499.863
9.11958	499.225	499.476
9.13151	498.838	499.088
9.14345	498.451	498.701
9.15539	498.064	498.314
9.16732	497.677	497.927
9.17926	497.289	497.54
9.1912	496.902	497.153
9.20313	496.515	496.765
9.21507	496.128	496.378
9.22701	495.74	495.991
9.23894	495.353	495.604
9.25088	494.966	495.216
9.26282	494.579	494.829
9.27475	494.191	494.442
9.28669	493.804	494.055
9.29863	493.417	493.667
9.31056	493.03	493.28
9.3225	492.642	492.893
9.33444	492.255	492.506
9.34637	491.868	492.118
9.35831	491.481	491.731
9.37025	491.093	491.344
9.38218	490.706	490.956
9.39412	490.319	490.569
9.40606	489.931	490.182
9.41799	489.544	489.794
9.42993	489.157	489.407
9.44187	488.769	489.02
9.4538	488.382	488.632
9.46574	487.995	488.245
9.47768	487.607	487.858
9.48961	487.22	487.47
9.50155	486.832	487.083
9.51349	486.445	486.696
9.52542	486.058	486.308
9.53736	485.67	485.921
9.5493	485.283	485.534
9.56123	484.896	485.146
9.57317	484.508	484.759
9.58511	484.121	484.371
9.59704	483.733	483.984
9.60898	483.346	483.597
9.62092	482.959	483.209
9.63285	482.571	482.822
9.64479	482.184	482.434
9.65673	481.796	482.047
9.66866	481.409	481.66
9.6806	481.022	481.272
9.69254	480.634	480.885
9.70447	480.247	480.497
9.71641	479.859	480.11
9.72835	479.472	479.723
9.74028	479.085	479.335
9.75222	478.697	478.948
9.76416	478.31	478.56
9.77609	477.922	478.173
9.78803	477.535	477.786
9.79997	477.148	477.398
9.8119	476.76	477.011
9.82384	476.373	476.624
9.83578	475.986	476.236
9.84771	475.598	475.849
9.85965	475.211	475.461
9.87159	474.823	475.074
9.88352	474.436	474.687
9.89546	474.049	474.299
9.9074	473.661	473.912
9.91933	473.274	473.525
9.93127	472.887	473.137
9.94321	472.499	472.75
9.95514	472.112	472.363
9.96708	471.725	471.975
9.97901	471.338	471.588
9.99095	470.95	471.201
10.0029	470.563	470.814
10.0148	470.176	470.426
10.0268	469.789	470.039
10.0387	469.401	469.652
10.0506	469.014	469.265
10.0626	468.627	468.877
10.0745	468.24	468.49
10.0864	467.853	468.103
10.0984	467.465	467.716
10.1103	467.078	467.329
10.1223	466.691	466.942
10.1342	466.304	466.555
10.1461	465.917	466.167
10.1581	465.53	465.78
10.17	465.143	465.393
10.1819	464.756	465.006
10.1939	464.369	464.619
10.2058	463.982	464.232
10.2177	463.595	463.845
10.2297	463.208	463.458
10.2416	462.821	463.071
10.2536	462.434	462.685
10.2655	462.047	462.298
10.2774	461.661	461.911
10.2894	461.274	461.524
10.3013	460.887	461.137
10.3132	460.5	460.751
10.3252	460.113	460.364
10.3371	459.727	459.977
10.3491	459.34	459.59
10.361	458.954	459.204
10.3729	458.567	458.817
10.3849	458.18	458.431
10.3968	457.794	458.044
10.4087	457.407	457.658
10.4207	457.021	457.271
10.4326	456.635	456.885
10.4445	456.248	456.498
10.4565	455.862	456.112
10.4684	455.476	455.726
10.4804	455.089	455.339
10.4923	454.703	454.953
10.5042	454.317	454.567
10.5162	453.931	454.181
10.5281	453.545	453.795
10.54	453.159	453.409
10.552	452.773	453.023
10.5639	452.387	452.637
10.5758	452.001	452.251
10.5878	451.615	451.865
10.5997	451.23	451.479
10.6117	450.844	451.093
10.6236	450.458	450.708
10.6355	450.073	450.322
10.6475	449.687	449.937
10.6594	449.302	449.551
10.6713	448.916	449.166
10.6833	448.531	448.78
10.6952	448.145	448.395
10.7071	447.76	448.01
10.7191	447.375	447.624
10.731	446.99	447.239
10.743	446.605	446.854
10.7549	446.22	446.469
10.7668	445.835	446.084
10.7788	445.45	445.699
10.7907	445.065	445.314
10.8026	444.681	444.93
10.8146	444.296	444.545
10.8265	443.911	444.16
10.8385	443.527	443.776
10.8504	443.143	443.391
10.8623	442.758	443.007
10.8743	442.374	442.623
10.8862	441.99	442.239
10.8981	441.606	441.854
10.9101	441.222	441.47
10.922	440.838	441.086
10.9339	440.454	440.703
10.9459	440.071	440.319
10.9578	439.687	439.935
10.9698	439.303	439.552
10.9817	438.92	439.168
10.9936	438.537	438.785
11.0056	438.153	438.401
11.0175	437.77	438.018
11.0294	437.387	437.635
11.0414	437.004	437.252
11.0533	436.621	436.869
11.0652	436.239	436.486
11.0772	435.856	436.104
11.0891	435.473	435.721
11.1011	435.091	435.339
11.113	434.709	434.956
11.1249	434.327	434.574
11.1369	433.944	434.192
11.1488	433.563	433.81
11.1607	433.181	433.428
11.1727	432.799	433.046
11.1846	432.417	432.664
11.1966	432.036	432.283
11.2085	431.654	431.901
11.2204	431.273	431.52
11.2324	430.892	431.139
11.2443	430.511	430.758
11.2562	430.13	430.377
11.2682	429.75	429.996
11.2801	429.369	429.615
11.292	428.989	429.235
11.304	428.608	428.854
11.3159	428.228	428.474
11.3279	427.848	428.094
11.3398	427.468	427.714
11.3517	427.089	427.334
11.3637	426.709	426.955
11.3756	426.33	426.575
11.3875	425.95	426.196
11.3995	425.571	425.816
11.4114	425.192	425.437
11.4233	424.813	425.058
11.4353	424.435	424.68
11.4472	424.056	424.301
11.4592	423.678	423.923
11.4711	423.3	423.544
11.483	422.922	423.166
11.495	422.544	422.788
11.5069	422.166	422.41
11.5188	421.789	422.033
11.5308	421.411	421.655
11.5427	421.034	421.278
11.5546	420.657	420.901
11.5666	420.28	420.524
11.5785	419.904	420.147
11.5905	419.527	419.771
11.6024	419.151	419.395
11.6143	418.775	419.018
11.6263	418.399	418.642
11.6382	418.024	418.267
11.6501	417.648	417.891
11.6621	417.273	417.516
11.674	416.898	417.141
11.686	416.523	416.766
11.6979	416.148	416.391
11.7098	415.774	416.016
11.7218	415.4	415.642
11.7337	415.026	415.268
11.7456	414.652	414.894
11.7576	414.278	414.52
11.7695	413.905	414.146
11.7814	413.532	413.773
11.7934	413.159	413.4
11.8053	412.786	413.027
11.8173	412.414	412.655
11.8292	412.041	412.282
11.8411	411.669	411.91
11.8531	411.298	411.538
11.865	410.926	411.166
11.8769	410.555	410.795
11.8889	410.184	410.424
11.9008	409.813	410.053
11.9127	409.442	409.682
11.9247	409.072	409.311
11.9366	408.702	408.941
11.9486	408.332	408.571
11.9605	407.962	408.201
11.9724	407.593	407.832
11.9844	407.224	407.463
11.9963	406.855	407.094
12.0082	406.487	406.725
12.0202	406.118	406.356
12.0321	405.75	405.988
12.0441	405.383	405.62
12.056	405.015	405.253
12.0679	404.648	404.885
12.0799	404.281	404.518
12.0918	403.915	404.151
12.1037	403.548	403.785
12.1157	403.182	403.419
12.1276	402.816	403.053
12.1395	402.451	402.687
12.1515	402.086	402.322
12.1634	401.721	401.957
12.1754	401.356	401.592
12.1873	400.992	401.227
12.1992	400.628	400.863
12.2112	400.264	400.499
12.2231	399.901	400.136
12.235	399.538	399.772
12.247	399.175	399.409
12.2589	398.813	399.047
12.2708	398.451	398.685
12.2828	398.089	398.323
12.2947	397.728	397.961
12.3067	397.366	397.6
12.3186	397.006	397.238
12.3305	396.645	396.878
12.3425	396.285	396.517
12.3544	395.925	396.157
12.3663	395.566	395.798
12.3783	395.207	395.438
12.3902	394.848	395.079
12.4021	394.49	394.721
12.4141	394.131	394.363
12.426	393.774	394.005
12.438	393.416	393.647
12.4499	393.059	393.29
12.4618	392.703	392.933
12.4738	392.347	392.576
12.4857	391.991	392.22
12.4976	391.635	391.864
12.5096	391.28	391.509
12.5215	390.925	391.154
12.5335	390.571	390.799
12.5454	390.217	390.445
12.5573	389.863	390.091
12.5693	389.51	389.738
12.5812	389.157	389.385
12.5931	388.805	389.032
12.6051	388.453	388.68
12.617	388.101	388.328
12.6289	387.75	387.976
12.6409	387.399	387.625
12.6528	387.048	387.274
12.6648	386.698	386.924
12.6767	386.349	386.574
12.6886	385.999	386.224
12.7006	385.65	385.875
12.7125	385.302	385.527
12.7244	384.954	385.178
12.7364	384.607	384.83
12.7483	384.259	384.483
12.7602	383.913	384.136
12.7722	383.566	383.789
12.7841	383.221	383.443
12.7961	382.875	383.098
12.808	382.53	382.752
12.8199	382.186	382.408
12.8319	381.842	382.063
12.8438	381.498	381.719
12.8557	381.155	381.376
12.8677	380.812	381.033
12.8796	380.47	380.69
12.8916	380.128	380.348
12.9035	379.787	380.007
12.9154	379.446	379.665
12.9274	379.106	379.325
12.9393	378.766	378.984
12.9512	378.426	378.645
12.9632	378.087	378.305
12.9751	377.749	377.967
12.987	377.411	377.628
12.999	377.073	377.29
13.0109	376.736	376.953
13.0229	376.4	376.616
13.0348	376.064	376.28
13.0467	375.728	375.944
13.0587	375.393	375.608
13.0706	375.058	375.274
13.0825	374.724	374.939
13.0945	374.391	374.605
13.1064	374.058	374.272
13.1183	373.725	373.939
13.1303	373.393	373.607
13.1422	373.062	373.275
13.1542	372.731	372.943
13.1661	372.4	372.613
13.178	372.07	372.282
13.19	371.741	371.953
13.2019	371.412	371.623
13.2138	371.084	371.295
13.2258	370.756	370.967
13.2377	370.429	370.639
13.2496	370.102	370.312
13.2616	369.776	369.985
13.2735	369.45	369.659
13.2855	369.125	369.334
13.2974	368.801	369.009
13.3093	368.477	368.685
13.3213	368.153	368.361
13.3332	367.83	368.038
13.3451	367.508	367.715
13.3571	367.186	367.393
13.369	366.865	367.071
13.381	366.545	366.75
13.3929	366.225	366.43
13.4048	365.905	366.11
13.4168	365.586	365.791
13.4287	365.268	365.472
13.4406	364.951	365.154
13.4526	364.633	364.837
13.4645	364.317	364.52
13.4764	364.001	364.204
13.4884	363.686	363.888
13.5003	363.371	363.573
13.5123	363.057	363.258
13.5242	362.743	362.944
13.5361	362.43	362.631
13.5481	362.118	362.318
13.56	361.807	362.006
13.5719	361.495	361.695
13.5839	361.185	361.384
13.5958	360.875	361.074
13.6077	360.566	360.764
13.6197	360.257	360.455
13.6316	359.949	360.147
13.6436	359.642	359.839
13.6555	359.335	359.532
13.6674	359.029	359.225
13.6794	358.724	358.919
13.6913	358.419	358.614
13.7032	358.115	358.309
13.7152	357.811	358.005
13.7271	357.508	357.702
13.7391	357.206	357.399
13.751	356.904	357.097
13.7629	356.603	356.796
13.7749	356.303	356.495
13.7868	356.004	356.195
13.7987	355.705	355.896
13.8107	355.406	355.597
13.8226	355.109	355.299
13.8345	354.812	355.002
13.8465	354.515	354.705
13.8584	354.22	354.409
13.8704	353.925	354.113
13.8823	353.63	353.818
13.8942	353.337	353.524
13.9062	353.044	353.231
13.9181	352.752	352.938
13.93	352.46	352.646
13.942	352.169	352.355
13.9539	351.879	352.064
13.9658	351.589	351.774
13.9778	351.3	351.485
13.9897	351.012	351.196
14.0017	350.725	350.908
14.0136	350.438	350.621
14.0255	350.152	350.335
14.0375	349.867	350.049
14.0494	349.582	349.764
14.0613	349.298	349.479
14.0733	349.015	349.196
14.0852	348.733	348.913
14.0971	348.451	348.63
14.1091	348.17	348.349
14.121	347.889	348.068
14.133	347.61	347.788
14.1449	347.331	347.508
14.1568	347.052	347.23
14.1688	346.775	346.952
14.1807	346.498	346.675
14.1926	346.222	346.398
14.2046	345.947	346.122
14.2165	345.672	345.847
14.2285	345.399	345.573
14.2404	345.125	345.299
14.2523	344.853	345.026
14.2643	344.581	344.754
14.2762	344.311	344.483
14.2881	344.04	344.212
14.3001	343.771	343.942
14.312	343.502	343.673
14.3239	343.234	343.405
14.3359	342.967	343.137
14.3478	342.701	342.87
14.3598	342.435	342.604
14.3717	342.17	342.339
14.3836	341.906	342.074
14.3956	341.643	341.81
14.4075	341.38	341.547
14.4194	341.118	341.285
14.4314	340.857	341.023
14.4433	340.597	340.762
14.4552	340.337	340.502
14.4672	340.079	340.243
14.4791	339.821	339.984
14.4911	339.563	339.727
14.503	339.307	339.47
14.5149	339.051	339.213
14.5269	338.796	338.958
14.5388	338.542	338.703
14.5507	338.289	338.449
14.5627	338.036	338.196
14.5746	337.784	337.944
14.5866	337.533	337.692
14.5985	337.283	337.441
14.6104	337.033	337.191
14.6224	336.785	336.942
14.6343	336.537	336.694
14.6462	336.289	336.446
14.6582	336.043	336.199
14.6701	335.798	335.953
14.682	335.553	335.708
14.694	335.309	335.463
14.7059	335.066	335.22
14.7179	334.823	334.977
14.7298	334.582	334.735
14.7417	334.341	334.493
14.7537	334.101	334.253
14.7656	333.862	334.013
14.7775	333.623	333.774
14.7895	333.386	333.536
14.8014	333.149	333.299
14.8133	332.913	333.062
14.8253	332.678	332.826
14.8372	332.443	332.591
14.8492	332.21	332.357
14.8611	331.977	332.124
14.873	331.745	331.891
14.885	331.514	331.66
14.8969	331.283	331.429
14.9088	331.054	331.199
14.9208	330.825	330.969
14.9327	330.597	330.741
14.9446	330.37	330.513
14.9566	330.144	330.286
14.9685	329.918	330.06
14.9805	329.693	329.835
14.9924	329.47	329.611
15.0043	329.247	329.387
15.0163	329.024	329.164
15.0282	328.803	328.942
15.0401	328.582	328.721
15.0521	328.362	328.501
15.064	328.143	328.281
15.076	327.925	328.063
15.0879	327.708	327.845
15.0998	327.491	327.628
15.1118	327.276	327.411
15.1237	327.061	327.196
15.1356	326.847	326.981
15.1476	326.633	326.768
15.1595	326.421	326.555
15.1714	326.209	326.343
15.1834	325.999	326.131
15.1953	325.789	325.921
15.2073	325.58	325.711
15.2192	325.371	325.502
15.2311	325.164	325.294
15.2431	324.957	325.087
15.255	324.751	324.88
15.2669	324.546	324.675
15.2789	324.342	324.47
15.2908	324.139	324.266
15.3027	323.936	324.063
15.3147	323.734	323.861
15.3266	323.533	323.659
15.3386	323.333	323.459
15.3505	323.134	323.259
15.3624	322.935	323.06
15.3744	322.738	322.862
15.3863	322.541	322.664
15.3982	322.345	322.468
15.4102	322.15	322.272
15.4221	321.956	322.077
15.4341	321.762	321.883
15.446	321.569	321.69
15.4579	321.377	321.498
15.4699	321.186	321.306
15.4818	320.996	321.115
15.4937	320.807	320.925
15.5057	320.618	320.736
15.5176	320.43	320.548
15.5295	320.244	320.36
15.5415	320.057	320.174
15.5534	319.872	319.988
15.5654	319.688	319.803
15.5773	319.504	319.619
15.5892	319.321	319.435
15.6012	319.139	319.253
15.6131	318.958	319.071
15.625	318.777	318.89
15.637	318.598	318.71
15.6489	318.419	318.531
15.6608	318.241	318.352
15.6728	318.064	318.174
15.6847	317.888	317.998
15.6967	317.712	317.822
15.7086	317.538	317.646
15.7205	317.364	317.472
15.7325	317.191	317.298
15.7444	317.018	317.126
15.7563	316.847	316.954
15.7683	316.676	316.782
15.7802	316.506	316.612
15.7921	316.337	316.443
15.8041	316.169	316.274
15.816	316.002	316.106
15.828	315.835	315.939
15.8399	315.669	315.773
15.8518	315.504	315.607
15.8638	315.34	315.442
15.8757	315.177	315.278
15.8876	315.014	315.115
15.8996	314.853	314.953
15.9115	314.692	314.792
15.9235	314.531	314.631
15.9354	314.372	314.471
15.9473	314.213	314.312
15.9593	314.056	314.154
15.9712	313.899	313.996
15.9831	313.743	313.839
15.9951	313.587	313.683
16.007	313.433	313.528
16.0189	313.279	313.374
16.0309	313.126	313.22
16.0428	312.973	313.068
16.0548	312.822	312.916
16.0667	312.671	312.765
16.0786	312.521	312.614
16.0906	312.372	312.465
16.1025	312.224	312.316
16.1144	312.076	312.168
16.1264	311.93	312.02
16.1383	311.784	311.874
16.1502	311.638	311.728
16.1622	311.494	311.583
16.1741	311.35	311.439
16.1861	311.208	311.296
16.198	311.065	311.153
16.2099	310.924	311.011
16.2219	310.784	310.87
16.2338	310.644	310.73
16.2457	310.505	310.59
16.2577	310.366	310.452
16.2696	310.229	310.314
16.2816	310.092	310.176
16.2935	309.956	310.04
16.3054	309.821	309.904
16.3174	309.686	309.769
16.3293	309.553	309.635
16.3412	309.42	309.502
16.3532	309.288	309.369
16.3651	309.156	309.237
16.377	309.025	309.106
16.389	308.895	308.975
16.4009	308.766	308.846
16.4129	308.638	308.717
16.4248	308.51	308.588
16.4367	308.383	308.461
16.4487	308.257	308.334
16.4606	308.131	308.208
16.4725	308.006	308.083
16.4845	307.882	307.958
16.4964	307.759	307.835
16.5083	307.636	307.711
16.5203	307.514	307.589
16.5322	307.393	307.468
16.5442	307.273	307.347
16.5561	307.153	307.226
16.568	307.034	307.107
16.58	306.916	306.988
16.5919	306.798	306.87
16.6038	306.682	306.753
16.6158	306.566	306.636
16.6277	306.45	306.521
16.6396	306.335	306.405
16.6516	306.221	306.291
16.6635	306.108	306.177
16.6755	305.996	306.064
16.6874	305.884	305.952
16.6993	305.772	305.84
16.7113	305.662	305.729
16.7232	305.552	305.619
16.7351	305.443	305.51
16.7471	305.335	305.401
16.759	305.227	305.293
16.771	305.12	305.185
16.7829	305.014	305.078
16.7948	304.908	304.972
16.8068	304.803	304.867
16.8187	304.699	304.762
16.8306	304.595	304.658
16.8426	304.492	304.555
16.8545	304.39	304.452
16.8664	304.288	304.35
16.8784	304.187	304.248
16.8903	304.087	304.148
16.9023	303.987	304.048
16.9142	303.888	303.948
16.9261	303.79	303.85
16.9381	303.692	303.752
16.95	303.595	303.654
16.9619	303.499	303.557
16.9739	303.403	303.461
16.9858	303.308	303.366
16.9977	303.214	303.271
17.0097	303.12	303.177
17.0216	303.027	303.083
17.0336	302.935	302.99
17.0455	302.843	302.898
17.0574	302.751	302.807
17.0694	302.661	302.716
17.0813	302.571	302.625
17.0932	302.482	302.536
17.1052	302.393	302.446
17.1171	302.305	302.358
17.1291	302.217	302.27
17.141	302.13	302.183
17.1529	302.044	302.096
17.1649	301.959	302.01
17.1768	301.874	301.925
17.1887	301.789	301.84
17.2007	301.705	301.756
17.2126	301.622	301.672
17.2245	301.54	301.589
17.2365	301.458	301.507
17.2484	301.376	301.425
17.2604	301.295	301.344
17.2723	301.215	301.263
17.2842	301.136	301.183
17.2962	301.056	301.104
17.3081	300.978	301.025
17.32	300.9	300.947
17.332	300.823	300.869
17.3439	300.746	300.792
17.3558	300.67	300.716
17.3678	300.594	300.64
17.3797	300.519	300.564
17.3917	300.445	300.489
17.4036	300.371	300.415
17.4155	300.298	300.341
17.4275	300.225	300.268
17.4394	300.153	300.196
17.4513	300.081	300.124
17.4633	300.01	300.052
17.4752	299.939	299.981
17.4871	299.869	299.911
17.4991	299.8	299.841
17.511	299.731	299.772
17.523	299.662	299.703
17.5349	299.594	299.635
17.5468	299.527	299.567
17.5588	299.46	299.5
17.5707	299.394	299.433
17.5826	299.328	299.367
17.5946	299.263	299.302
17.6065	299.198	299.237
17.6185	299.134	299.172
17.6304	299.07	299.108
17.6423	299.007	299.045
17.6543	298.945	298.982
17.6662	298.882	298.919
17.6781	298.821	298.857
17.6901	298.76	298.796
17.702	298.699	298.735
17.7139	298.639	298.674
17.7259	298.579	298.614
17.7378	298.52	298.555
17.7498	298.461	298.496
17.7617	298.403	298.437
17.7736	298.345	298.379
17.7856	298.288	298.322
17.7975	298.231	298.265
17.8094	298.175	298.208
17.8214	298.119	298.152
17.8333	298.064	298.097
17.8452	298.009	298.041
17.8572	297.955	297.987
17.8691	297.901	297.932
17.8811	297.847	297.879
17.893	297.794	297.825
17.9049	297.742	297.773
17.9169	297.69	297.72
17.9288	297.638	297.668
17.9407	297.587	297.617
17.9527	297.536	297.566
17.9646	297.486	297.515
17.9766	297.436	297.465
17.9885	297.386	297.415
18.0004	297.337	297.366
18.0124	297.289	297.317
18.0243	297.24	297.269
18.0362	297.193	297.221
18.0482	297.145	297.173
18.0601	297.099	297.126
18.072	297.052	297.079
18.084	297.006	297.033
18.0959	296.96	296.987
18.1079	296.915	296.942
18.1198	296.87	296.897
18.1317	296.826	296.852
18.1437	296.782	296.808
18.1556	296.738	296.764
18.1675	296.695	296.72
18.1795	296.652	296.677
18.1914	296.61	296.635
18.2033	296.568	296.593
18.2153	296.526	296.551
18.2272	296.485	296.509
18.2392	296.444	296.468
18.2511	296.404	296.427
18.263	296.364	296.387
18.275	296.324	296.347
18.2869	296.285	296.308
18.2988	296.246	296.268
18.3108	296.207	296.23
18.3227	296.169	296.191
18.3346	296.131	296.153
18.3466	296.094	296.115
18.3585	296.057	296.078
18.3705	296.02	296.041
18.3824	295.983	296.004
18.3943	295.947	295.968
18.4063	295.912	295.932
18.4182	295.876	295.897
18.4301	295.841	295.861
18.4421	295.807	295.827
18.454	295.772	295.792
18.466	295.738	295.758
18.4779	295.705	295.724
18.4898	295.671	295.69
18.5018	295.638	295.657
18.5137	295.606	295.624
18.5256	295.573	295.592
18.5376	295.541	295.56
18.5495	295.509	295.528
18.5614	295.478	295.496
18.5734	295.447	295.465
18.5853	295.416	295.434
18.5973	295.386	295.403
18.6092	295.356	295.373
18.6211	295.326	295.343
18.6331	295.296	295.313
18.645	295.267	295.284
18.6569	295.238	295.255
18.6689	295.21	295.226
18.6808	295.181	295.198
18.6927	295.153	295.169
18.7047	295.126	295.142
18.7166	295.098	295.114
18.7286	295.071	295.087
18.7405	295.044	295.06
18.7524	295.018	295.033
18.7644	294.992	295.006
18.7763	294.966	294.98
18.7882	294.94	294.954
18.8002	294.914	294.929
18.8121	294.889	294.903
18.8241	294.864	294.878
18.836	294.84	294.854
18.8479	294.815	294.829
18.8599	294.791	294.805
18.8718	294.767	294.781
18.8837	294.744	294.757
18.8957	294.72	294.734
18.9076	294.697	294.71
18.9195	294.674	294.687
18.9315	294.652	294.665
18.9434	294.63	294.642
18.9554	294.608	294.62
18.9673	294.586	294.598
18.9792	294.564	294.576
18.9912	294.543	294.555
19.0031	294.522	294.534
19.015	294.501	294.513
19.027	294.48	294.492
19.0389	294.46	294.471
19.0508	294.44	294.451
19.0628	294.42	294.431
19.0747	294.4	294.411
19.0867	294.381	294.391
19.0986	294.361	294.372
19.1105	294.342	294.353
19.1225	294.323	294.334
19.1344	294.305	294.315
19.1463	294.286	294.297
19.1583	294.268	294.278
19.1702	294.25	294.26
19.1821	294.233	294.243
19.1941	294.215	294.225
19.206	294.198	294.207
19.218	294.181	294.19
19.2299	294.164	294.173
19.2418	294.147	294.156
19.2538	294.13	294.14
19.2657	294.114	294.123
19.2776	294.098	294.107
19.2896	294.082	294.091
19.3015	294.066	294.075
19.3135	294.051	294.059
19.3254	294.035	294.044
19.3373	294.02	294.029
19.3493	294.005	294.014
19.3612	293.99	293.999
19.3731	293.976	293.984
19.3851	293.961	293.969
19.397	293.947	293.955
19.4089	293.933	293.941
19.4209	293.919	293.927
19.4328	293.905	293.913
19.4448	293.892	293.899
19.4567	293.878	293.886
19.4686	293.865	293.872
19.4806	293.852	293.859
19.4925	293.839	293.846
19.5044	293.827	293.833
19.5164	293.814	293.821
19.5283	293.802	293.808
19.5402	293.789	293.796
19.5522	293.777	293.784
19.5641	293.765	293.772
19.5761	293.753	293.76
19.588	293.742	293.748
19.5999	293.73	293.737
19.6119	293.719	293.725
19.6238	293.708	293.714
19.6357	293.697	293.703
19.6477	293.686	293.692
19.6596	293.675	293.681
19.6716	293.664	293.67
19.6835	293.654	293.66
19.6954	293.644	293.649
19.7074	293.633	293.639
19.7193	293.623	293.629
19.7312	293.613	293.619
19.7432	293.604	293.609
19.7551	293.594	293.599
19.767	293.584	293.59
19.779	293.575	293.58
19.7909	293.566	293.571
19.8029	293.557	293.562
19.8148	293.548	293.552
19.8267	293.539	293.543
19.8387	293.53	293.535
19.8506	293.521	293.526
19.8625	293.513	293.517
19.8745	293.504	293.509
19.8864	293.496	293.5
19.8983	293.488	293.492
19.9103	293.48	293.484
19.9222	293.472	293.476
19.9342	293.464	293.468
19.9461	293.456	293.46
19.958	293.448	293.453
19.97	293.441	293.445
19.9819	293.434	293.437
19.9938	293.426	293.43
20.0058	293.419	293.423
20.0177	293.412	293.416
20.0296	293.405	293.409
20.0416	293.398	293.402
20.0535	293.391	293.395
20.0655	293.385	293.388
20.0774	293.378	293.381
20.0893	293.371	293.375
20.1013	293.365	293.368
20.1132	293.359	293.362
20.1251	293.352	293.356
20.1371	293.346	293.35
20.149	293.34	293.343
20.161	293.334	293.337
20.1729	293.328	293.332
20.1848	293.323	293.326
20.1968	293.317	293.32
20.2087	293.311	293.314
20.2206	293.306	293.309
20.2326	293.3	293.303
20.2445	293.295	293.298
20.2564	293.29	293.293
20.2684	293.285	293.287
20.2803	293.279	293.282
20.2923	293.274	293.277
20.3042	293.269	293.272
20.3161	293.265	293.267
20.3281	293.26	293.262
20.34	293.255	293.257
20.3519	293.25	293.253
20.3639	293.246	293.248
20.3758	293.241	293.244
20.3877	293.237	293.239
20.3997	293.232	293.235
20.4116	293.228	293.23
20.4236	293.224	293.226
20.4355	293.22	293.222
20.4474	293.216	293.218
20.4594	293.212	293.214
20.4713	293.208	293.21
20.4832	293.204	293.206
20.4952	293.2	293.202
20.5071	293.196	293.198
20.5191	293.192	293.194
20.531	293.189	293.191
20.5429	293.185	293.187
20.5549	293.181	293.183
20.5668	293.178	293.18
20.5787	293.175	293.176
20.5907	293.171	293.173
20.6026	293.168	293.17
20.6145	293.165	293.166
20.6265	293.161	293.163
20.6384	293.158	293.16
20.6504	293.155	293.157
20.6623	293.152	293.154
20.6742	293.149	293.151
20.6862	293.146	293.148
20.6981	293.143	293.145
20.71	293.14	293.142
20.722	293.138	293.139
20.7339	293.135	293.136
20.7458	293.132	293.134
20.7578	293.129	293.131
20.7697	293.127	293.128
20.7817	293.124	293.126
20.7936	293.122	293.123
20.8055	293.119	293.121
20.8175	293.117	293.118
20.8294	293.114	293.116
20.8413	293.112	293.113
20.8533	293.11	293.111
20.8652	293.108	293.109
20.8771	293.105	293.106
20.8891	293.103	293.104
20.901	293.101	293.102
20.913	293.099	293.1
20.9249	293.097	293.098
20.9368	293.095	293.096
20.9488	293.093	293.094
20.9607	293.091	293.092
20.9726	293.089	293.09
20.9846	293.087	293.088
20.9965	293.085	293.086
21.0085	293.083	293.084
21.0204	293.082	293.082
21.0323	293.08	293.081
21.0443	293.078	293.079
21.0562	293.076	293.077
21.0681	293.075	293.075
21.0801	293.073	293.074
21.092	293.071	293.072
21.1039	293.07	293.071
21.1159	293.068	293.069
21.1278	293.067	293.068
21.1398	293.065	293.066
21.1517	293.064	293.065
21.1636	293.062	293.063
21.1756	293.061	293.062
21.1875	293.06	293.06
21.1994	293.058	293.059
21.2114	293.057	293.058
21.2233	293.056	293.056
21.2352	293.055	293.055
21.2472	293.053	293.054
21.2591	293.052	293.053
21.2711	293.051	293.051
21.283	293.05	293.05
21.2949	293.049	293.049
21.3069	293.047	293.048
21.3188	293.046	293.047
21.3307	293.045	293.046
21.3427	293.044	293.045
21.3546	293.043	293.044
21.3666	293.042	293.043
21.3785	293.041	293.042
21.3904	293.04	293.041
21.4024	293.039	293.04
21.4143	293.038	293.039
21.4262	293.037	293.038
21.4382	293.036	293.037
21.4501	293.036	293.036
21.462	293.035	293.035
21.474	293.034	293.034
21.4859	293.033	293.033
21.4979	293.032	293.033
21.5098	293.031	293.032
21.5217	293.031	293.031
21.5337	293.03	293.03
21.5456	293.029	293.03
21.5575	293.028	293.029
21.5695	293.028	293.028
21.5814	293.027	293.027
21.5933	293.026	293.027
21.6053	293.026	293.026
21.6172	293.025	293.025
21.6292	293.024	293.025
21.6411	293.024	293.024
21.653	293.023	293.023
21.665	293.023	293.023
21.6769	293.022	293.022
21.6888	293.021	293.022
21.7008	293.021	293.021
21.7127	293.02	293.021
21.7246	293.02	293.02
21.7366	293.019	293.02
21.7485	293.019	293.019
21.7605	293.018	293.019
21.7724	293.018	293.018
21.7843	293.017	293.018
21.7963	293.017	293.017
21.8082	293.016	293.017
21.8201	293.016	293.016
21.8321	293.016	293.016
21.844	293.015	293.015
21.856	293.015	293.015
21.8679	293.014	293.015
21.8798	293.014	293.014
21.8918	293.014	293.014
21.9037	293.013	293.013
21.9156	293.013	293.013
21.9276	293.012	293.013
21.9395	293.012	293.012
21.9514	293.012	293.012
21.9634	293.011	293.012
21.9753	293.011	293.011
21.9873	293.011	293.011
21.9992	293.01	293.011
22.0111	293.01	293.01
22.0231	293.01	293.01
22.035	293.01	293.01
22.0469	293.009	293.009
22.0589	293.009	293.009
22.0708	293.009	293.009
22.0827	293.009	293.009
22.0947	293.008	293.008
22.1066	293.008	293.008
22.1186	293.008	293.008
22.1305	293.008	293.008
22.1424	293.007	293.007
22.1544	293.007	293.007
22.1663	293.007	293.007
22.1782	293.007	293.007
22.1902	293.007	293.007
22.2021	293.006	293.006
22.2141	293.006	293.006
22.226	293.006	293.006
22.2379	293.006	293.006
22.2499	293.006	293.006
22.2618	293.005	293.005
22.2737	293.005	293.005
22.2857	293.005	293.005
22.2976	293.005	293.005
22.3095	293.005	293.005
22.3215	293.005	293.005
22.3334	293.004	293.005
22.3454	293.004	293.004
22.3573	293.004	293.004
22.3692	293.004	293.004
22.3812	293.004	293.004
22.3931	293.004	293.004
22.405	293.004	293.004
22.417	293.004	293.004
22.4289	293.003	293.003
22.4408	293.003	293.003
22.4528	293.003	293.003
22.4647	293.003	293.003
22.4767	293.003	293.003
22.4886	293.003	293.003
22.5005	293.003	293.003
22.5125	293.003	293.003
22.5244	293.003	293.003
22.5363	293.002	293.003
22.5483	293.002	293.002
22.5602	293.002	293.002
22.5721	293.002	293.002
22.5841	293.002	293.002
22.596	293.002	293.002
22.608	293.002	293.002
22.6199	293.002	293.002
22.6318	293.002	293.002
22.6438	293.002	293.002
22.6557	293.002	293.002
22.6676	293.002	293.002
22.6796	293.002	293.002
22.6915	293.002	293.002
22.7035	293.001	293.002
22.7154	293.001	293.001
22.7273	293.001	293.001
22.7393	293.001	293.001
22.7512	293.001	293.001
22.7631	293.001	293.001
22.7751	293.001	293.001
22.787	293.001	293.001
22.7989	293.001	293.001
22.8109	293.001	293.001
22.8228	293.001	293.001
22.8348	293.001	293.001
22.8467	293.001	293.001
22.8586	293.001	293.001
22.8706	293.001	293.001
22.8825	293.001	293.001
22.8944	293.001	293.001
22.9064	293.001	293.001
22.9183	293.001	293.001
22.9302	293.001	293.001
22.9422	293.001	293.001
22.9541	293.001	293.001
22.9661	293.001	293.001
22.978	293.001	293.001
22.9899	293.001	293.001
23.0019	293.001	293.001
23.0138	293.001	293.001
23.0257	293	293
23.0377	293	293
23.0496	293	293
23.0616	293	293
23.0735	293	293
23.0854	293	293
23.0974	293	293
23.1093	293	293
23.1212	293	293
23.1332	293	293
23.1451	293	293
23.157	293	293
23.169	293	293
23.1809	293	293
23.1929	293	293
23.2048	293	293
23.2167	293	293
23.2287	293	293
23.2406	293	293
23.2525	293	293
23.2645	293	293
23.2764	293	293
23.2883	293	293
23.3003	293	293
23.3122	293	293
23.3242	293	293
23.3361	293	293
23.348	293	293
23.36	293	293
23.3719	293	293
23.3838	293	293
23.3958	293	293
23.4077	293	293
23.4196	293	293
23.4316	293	293
23.4435	293	293
23.4555	293	293
23.4674	293	293
23.4793	293	293
23.4913	293	293
23.5032	293	293
23.5151	293	293
23.5271	293	293
23.539	293	293
23.551	293	293
23.5629	293	293
23.5748	293	293
23.5868	293	293
23.5987	293	293
23.6106	293	293
23.6226	293	293
23.6345	293	293
23.6464	293	293
23.6584	293	293
23.6703	293	293
23.6823	293	293
23.6942	293	293
23.7061	293	293
23.7181	293	293
23.73	293	293
23.7419	293	293
23.7539	293	293
23.7658	293	293
23.7777	293	293
23.7897	293	293
23.8016	293	293
23.8136	293	293
23.8255	293	293
23.8374	293	293
23.8494	293	293
23.8613	293	293
23.8732	293	293
