0	873	872.999
0.0119366	873	872.999
0.0238732	873	872.999
0.0358099	873	872.999
0.0477465	873	872.999
0.0596831	873	872.999
0.0716197	873	872.999
0.0835563	873	872.999
0.095493	873	872.999
0.10743	873	872.999
0.119366	873	872.999
0.131303	873	872.999
0.143239	873	872.999
0.155176	873	872.999
0.167113	873	872.999
0.179049	873	872.999
0.190986	873	872.998
0.202923	873	872.998
0.214859	873	872.998
0.226796	873	872.998
0.238732	873	872.998
0.250669	873	872.998
0.262606	873	872.998
0.274542	873	872.997
0.286479	873	872.997
0.298416	873	872.997
0.310352	873	872.997
0.322289	873	872.997
0.334225	873	872.997
0.346162	872.999	872.996
0.358099	872.999	872.996
0.370035	872.999	872.996
0.381972	872.999	872.996
0.393908	872.999	872.995
0.405845	872.999	872.995
0.417782	872.999	872.995
0.429718	872.999	872.995
0.441655	872.999	872.994
0.453592	872.999	872.994
0.465528	872.999	872.994
0.477465	872.999	872.993
0.489401	872.999	872.993
0.501338	872.999	872.993
0.513275	872.999	872.992
0.525211	872.999	872.992
0.537148	872.998	872.991
0.549085	872.998	872.991
0.561021	872.998	872.991
0.572958	872.998	872.99
0.584894	872.998	872.99
0.596831	872.998	872.989
0.608768	872.998	872.989
0.620704	872.998	872.988
0.632641	872.998	872.988
0.644578	872.997	872.987
0.656514	872.997	872.987
0.668451	872.997	872.986
0.680387	872.997	872.985
0.692324	872.997	872.985
0.704261	872.997	872.984
0.716197	872.997	872.984
0.728134	872.996	872.983
0.74007	872.996	872.982
0.752007	872.996	872.981
0.763944	872.996	872.981
0.77588	872.996	872.98
0.787817	872.995	872.979
0.799754	872.995	872.978
0.81169	872.995	872.977
0.823627	872.995	872.976
0.835563	872.994	872.976
0.8475	872.994	872.975
0.859437	872.994	872.974
0.871373	872.994	872.973
0.88331	872.993	872.972
0.895247	872.993	872.971
0.907183	872.993	872.969
0.91912	872.992	872.968
0.931056	872.992	872.967
0.942993	872.992	872.966
0.95493	872.991	872.965
0.966866	872.991	872.964
0.978803	872.991	872.962
0.99074	872.99	872.961
1.00268	872.99	872.96
1.01461	872.989	872.958
1.02655	872.989	872.957
1.03849	872.989	872.955
1.05042	872.988	872.954
1.06236	872.988	872.952
1.0743	872.987	872.95
1.08623	872.987	872.949
1.09817	872.986	872.947
1.11011	872.986	872.945
1.12204	872.985	872.944
1.13398	872.984	872.942
1.14592	872.984	872.94
1.15785	872.983	872.938
1.16979	872.983	872.936
1.18173	872.982	872.934
1.19366	872.981	872.932
1.2056	872.981	872.93
1.21754	872.98	872.927
1.22947	872.979	872.925
1.24141	872.978	872.923
1.25335	872.978	872.921
1.26528	872.977	872.918
1.27722	872.976	872.916
1.28916	872.975	872.913
1.30109	872.974	872.91
1.31303	872.973	872.908
1.32496	872.972	872.905
1.3369	872.971	872.902
1.34884	872.97	872.899
1.36077	872.969	872.896
1.37271	872.968	872.893
1.38465	872.967	872.89
1.39658	872.966	872.887
1.40852	872.965	872.884
1.42046	872.964	872.881
1.43239	872.963	872.877
1.44433	872.962	872.874
1.45627	872.96	872.87
1.4682	872.959	872.867
1.48014	872.958	872.863
1.49208	872.956	872.859
1.50401	872.955	872.855
1.51595	872.953	872.851
1.52789	872.952	872.847
1.53982	872.951	872.843
1.55176	872.949	872.839
1.5637	872.947	872.835
1.57563	872.946	872.83
1.58757	872.944	872.826
1.59951	872.942	872.821
1.61144	872.941	872.817
1.62338	872.939	872.812
1.63532	872.937	872.807
1.64725	872.935	872.802
1.65919	872.933	872.797
1.67113	872.931	872.792
1.68306	872.929	872.786
1.695	872.927	872.781
1.70694	872.925	872.775
1.71887	872.923	872.77
1.73081	872.921	872.764
1.74275	872.918	872.758
1.75468	872.916	872.752
1.76662	872.914	872.746
1.77856	872.911	872.74
1.79049	872.909	872.734
1.80243	872.906	872.727
1.81437	872.904	872.72
1.8263	872.901	872.714
1.83824	872.898	872.707
1.85018	872.895	872.7
1.86211	872.892	872.693
1.87405	872.89	872.685
1.88599	872.887	872.678
1.89792	872.883	872.671
1.90986	872.88	872.663
1.9218	872.877	872.655
1.93373	872.874	872.647
1.94567	872.871	872.639
1.95761	872.867	872.631
1.96954	872.864	872.622
1.98148	872.86	872.614
1.99342	872.856	872.605
2.00535	872.853	872.596
2.01729	872.849	872.587
2.02923	872.845	872.578
2.04116	872.841	872.568
2.0531	872.837	872.559
2.06504	872.833	872.549
2.07697	872.829	872.539
2.08891	872.824	872.529
2.10085	872.82	872.518
2.11278	872.816	872.508
2.12472	872.811	872.497
2.13666	872.806	872.487
2.14859	872.802	872.476
2.16053	872.797	872.464
2.17246	872.792	872.453
2.1844	872.787	872.441
2.19634	872.782	872.43
2.20827	872.776	872.418
2.22021	872.771	872.405
2.23215	872.765	872.393
2.24408	872.76	872.38
2.25602	872.754	872.367
2.26796	872.748	872.354
2.27989	872.742	872.341
2.29183	872.736	872.328
2.30377	872.73	872.314
2.3157	872.724	872.3
2.32764	872.718	872.286
2.33958	872.711	872.272
2.35151	872.705	872.257
2.36345	872.698	872.242
2.37539	872.691	872.227
2.38732	872.684	872.212
2.39926	872.677	872.196
2.4112	872.67	872.18
2.42313	872.662	872.164
2.43507	872.655	872.148
2.44701	872.647	872.131
2.45894	872.639	872.114
2.47088	872.631	872.097
2.48282	872.623	872.08
2.49475	872.615	872.062
2.50669	872.606	872.045
2.51863	872.598	872.026
2.53056	872.589	872.008
2.5425	872.58	871.989
2.55444	872.571	871.97
2.56637	872.562	871.951
2.57831	872.553	871.931
2.59025	872.543	871.911
2.60218	872.534	871.891
2.61412	872.524	871.871
2.62606	872.514	871.85
2.63799	872.504	871.829
2.64993	872.493	871.808
2.66187	872.483	871.786
2.6738	872.472	871.764
2.68574	872.461	871.742
2.69768	872.45	871.719
2.70961	872.439	871.696
2.72155	872.428	871.673
2.73349	872.416	871.649
2.74542	872.404	871.625
2.75736	872.392	871.601
2.7693	872.38	871.576
2.78123	872.368	871.551
2.79317	872.355	871.526
2.80511	872.342	871.5
2.81704	872.329	871.474
2.82898	872.316	871.448
2.84092	872.303	871.421
2.85285	872.289	871.394
2.86479	872.275	871.366
2.87673	872.261	871.339
2.88866	872.247	871.31
2.9006	872.232	871.282
2.91254	872.218	871.253
2.92447	872.203	871.223
2.93641	872.187	871.194
2.94835	872.172	871.163
2.96028	872.156	871.133
2.97222	872.14	871.102
2.98416	872.124	871.071
2.99609	872.108	871.039
3.00803	872.091	871.007
3.01997	872.074	870.974
3.0319	872.057	870.941
3.04384	872.04	870.908
3.05577	872.022	870.874
3.06771	872.004	870.839
3.07965	871.986	870.805
3.09158	871.967	870.77
3.10352	871.948	870.734
3.11546	871.929	870.698
3.12739	871.91	870.661
3.13933	871.89	870.624
3.15127	871.871	870.587
3.1632	871.85	870.549
3.17514	871.83	870.511
3.18708	871.809	870.472
3.19901	871.788	870.433
3.21095	871.767	870.393
3.22289	871.745	870.353
3.23482	871.723	870.312
3.24676	871.701	870.271
3.2587	871.678	870.229
3.27063	871.655	870.187
3.28257	871.632	870.144
3.29451	871.609	870.101
3.30644	871.585	870.057
3.31838	871.561	870.013
3.33032	871.536	869.968
3.34225	871.511	869.923
3.35419	871.486	869.877
3.36613	871.461	869.831
3.37806	871.435	869.784
3.39	871.409	869.737
3.40194	871.382	869.689
3.41387	871.355	869.641
3.42581	871.328	869.592
3.43775	871.3	869.542
3.44968	871.272	869.492
3.46162	871.244	869.441
3.47356	871.215	869.39
3.48549	871.186	869.338
3.49743	871.156	869.286
3.50937	871.126	869.233
3.5213	871.096	869.18
3.53324	871.066	869.126
3.54518	871.034	869.071
3.55711	871.003	869.016
3.56905	870.971	868.96
3.58099	870.939	868.903
3.59292	870.906	868.846
3.60486	870.873	868.789
3.6168	870.84	868.73
3.62873	870.806	868.672
3.64067	870.772	868.612
3.65261	870.737	868.552
3.66454	870.702	868.491
3.67648	870.666	868.43
3.68842	870.63	868.368
3.70035	870.594	868.305
3.71229	870.557	868.242
3.72423	870.519	868.178
3.73616	870.481	868.113
3.7481	870.443	868.048
3.76004	870.404	867.982
3.77197	870.365	867.915
3.78391	870.326	867.848
3.79585	870.285	867.78
3.80778	870.245	867.712
3.81972	870.204	867.642
3.83166	870.162	867.572
3.84359	870.12	867.502
3.85553	870.078	867.43
3.86747	870.035	867.358
3.8794	869.991	867.286
3.89134	869.947	867.212
3.90327	869.903	867.138
3.91521	869.858	867.063
3.92715	869.812	866.988
3.93908	869.766	866.911
3.95102	869.719	866.834
3.96296	869.672	866.757
3.97489	869.625	866.678
3.98683	869.577	866.599
3.99877	869.528	866.519
4.0107	869.479	866.438
4.02264	869.429	866.357
4.03458	869.379	866.275
4.04651	869.328	866.192
4.05845	869.276	866.108
4.07039	869.225	866.024
4.08232	869.172	865.938
4.09426	869.119	865.852
4.1062	869.065	865.766
4.11813	869.011	865.678
4.13007	868.956	865.59
4.14201	868.901	865.501
4.15394	868.845	865.411
4.16588	868.788	865.32
4.17782	868.731	865.229
4.18975	868.673	865.136
4.20169	868.615	865.043
4.21363	868.556	864.949
4.22556	868.497	864.855
4.2375	868.436	864.759
4.24944	868.376	864.663
4.26137	868.314	864.566
4.27331	868.252	864.468
4.28525	868.189	864.369
4.29718	868.126	864.269
4.30912	868.062	864.169
4.32106	867.998	864.067
4.33299	867.932	863.965
4.34493	867.867	863.862
4.35687	867.8	863.758
4.3688	867.733	863.653
4.38074	867.665	863.548
4.39268	867.597	863.441
4.40461	867.527	863.334
4.41655	867.458	863.226
4.42849	867.387	863.117
4.44042	867.316	863.007
4.45236	867.244	862.896
4.4643	867.171	862.784
4.47623	867.098	862.672
4.48817	867.024	862.558
4.50011	866.95	862.444
4.51204	866.874	862.329
4.52398	866.798	862.213
4.53592	866.721	862.096
4.54785	866.644	861.978
4.55979	866.566	861.859
4.57173	866.487	861.739
4.58366	866.407	861.618
4.5956	866.327	861.497
4.60754	866.246	861.374
4.61947	866.164	861.251
4.63141	866.081	861.126
4.64335	865.998	861.001
4.65528	865.914	860.875
4.66722	865.829	860.748
4.67916	865.743	860.62
4.69109	865.657	860.491
4.70303	865.57	860.361
4.71497	865.482	860.23
4.7269	865.393	860.098
4.73884	865.304	859.965
4.75078	865.214	859.831
4.76271	865.123	859.696
4.77465	865.031	859.561
4.78658	864.938	859.424
4.79852	864.845	859.286
4.81046	864.751	859.148
4.82239	864.656	859.008
4.83433	864.56	858.868
4.84627	864.464	858.726
4.8582	864.366	858.584
4.87014	864.268	858.44
4.88208	864.169	858.296
4.89401	864.069	858.15
4.90595	863.968	858.004
4.91789	863.867	857.857
4.92982	863.765	857.708
4.94176	863.661	857.559
4.9537	863.557	857.408
4.96563	863.453	857.257
4.97757	863.347	857.105
4.98951	863.24	856.951
5.00144	863.133	856.797
5.01338	863.025	856.641
5.02532	862.916	856.485
5.03725	862.806	856.327
5.04919	862.695	856.169
5.06113	862.583	856.01
5.07306	862.47	855.849
5.085	862.357	855.688
5.09694	862.243	855.525
5.10887	862.127	855.362
5.12081	862.011	855.197
5.13275	861.894	855.031
5.14468	861.776	854.865
5.15662	861.658	854.697
5.16856	861.538	854.528
5.18049	861.417	854.359
5.19243	861.296	854.188
5.20437	861.173	854.016
5.2163	861.05	853.843
5.22824	860.926	853.669
5.24018	860.801	853.495
5.25211	860.675	853.319
5.26405	860.548	853.142
5.27599	860.42	852.964
5.28792	860.291	852.785
5.29986	860.161	852.604
5.3118	860.03	852.423
5.32373	859.899	852.241
5.33567	859.766	852.058
5.34761	859.633	851.873
5.35954	859.498	851.688
5.37148	859.363	851.502
5.38342	859.226	851.314
5.39535	859.089	851.126
5.40729	858.951	850.936
5.41923	858.812	850.745
5.43116	858.671	850.554
5.4431	858.53	850.361
5.45504	858.388	850.167
5.46697	858.245	849.972
5.47891	858.101	849.776
5.49085	857.956	849.579
5.50278	857.81	849.381
5.51472	857.663	849.182
5.52666	857.515	848.982
5.53859	857.366	848.781
5.55053	857.216	848.578
5.56247	857.065	848.375
5.5744	856.913	848.17
5.58634	856.76	847.965
5.59828	856.606	847.758
5.61021	856.451	847.551
5.62215	856.296	847.342
5.63408	856.139	847.132
5.64602	855.981	846.921
5.65796	855.822	846.709
5.66989	855.662	846.497
5.68183	855.501	846.282
5.69377	855.339	846.067
5.7057	855.176	845.851
5.71764	855.012	845.634
5.72958	854.847	845.416
5.74151	854.681	845.196
5.75345	854.514	844.976
5.76539	854.346	844.754
5.77732	854.177	844.532
5.78926	854.007	844.308
5.8012	853.836	844.083
5.81313	853.664	843.858
5.82507	853.491	843.631
5.83701	853.317	843.403
5.84894	853.142	843.174
5.86088	852.965	842.944
5.87282	852.788	842.713
5.88475	852.61	842.481
5.89669	852.43	842.248
5.90863	852.25	842.013
5.92056	852.069	841.778
5.9325	851.886	841.542
5.94444	851.703	841.304
5.95637	851.518	841.066
5.96831	851.333	840.826
5.98025	851.146	840.586
5.99218	850.958	840.344
6.00412	850.77	840.101
6.01606	850.58	839.858
6.02799	850.389	839.613
6.03993	850.197	839.367
6.05187	850.004	839.12
6.0638	849.81	838.872
6.07574	849.615	838.623
6.08768	849.419	838.373
6.09961	849.222	838.122
6.11155	849.024	837.87
6.12349	848.825	837.617
6.13542	848.625	837.363
6.14736	848.423	837.108
6.1593	848.221	836.851
6.17123	848.018	836.594
6.18317	847.813	836.336
6.19511	847.608	836.077
6.20704	847.401	835.816
6.21898	847.193	835.555
6.23092	846.985	835.292
6.24285	846.775	835.029
6.25479	846.564	834.765
6.26673	846.352	834.499
6.27866	846.139	834.233
6.2906	845.925	833.965
6.30254	845.71	833.697
6.31447	845.494	833.427
6.32641	845.277	833.157
6.33835	845.059	832.885
6.35028	844.839	832.613
6.36222	844.619	832.339
6.37416	844.398	832.065
6.38609	844.175	831.789
6.39803	843.952	831.512
6.40997	843.727	831.235
6.4219	843.501	830.956
6.43384	843.275	830.677
6.44578	843.047	830.397
6.45771	842.818	830.115
6.46965	842.588	829.833
6.48159	842.358	829.549
6.49352	842.126	829.265
6.50546	841.893	828.979
6.51739	841.659	828.693
6.52933	841.424	828.406
6.54127	841.187	828.118
6.5532	840.95	827.828
6.56514	840.712	827.538
6.57708	840.473	827.247
6.58901	840.232	826.955
6.60095	839.991	826.662
6.61289	839.749	826.368
6.62482	839.505	826.073
6.63676	839.261	825.777
6.6487	839.015	825.48
6.66063	838.768	825.183
6.67257	838.521	824.884
6.68451	838.272	824.584
6.69644	838.022	824.284
6.70838	837.772	823.982
6.72032	837.52	823.68
6.73225	837.267	823.377
6.74419	837.013	823.072
6.75613	836.758	822.767
6.76806	836.503	822.461
6.78	836.246	822.154
6.79194	835.988	821.846
6.80387	835.729	821.538
6.81581	835.469	821.228
6.82775	835.208	820.917
6.83968	834.946	820.606
6.85162	834.683	820.294
6.86356	834.419	819.981
6.87549	834.154	819.667
6.88743	833.888	819.352
6.89937	833.62	819.036
6.9113	833.352	818.719
6.92324	833.083	818.402
6.93518	832.813	818.083
6.94711	832.542	817.764
6.95905	832.27	817.444
6.97099	831.997	817.123
6.98292	831.723	816.801
6.99486	831.448	816.479
7.0068	831.172	816.155
7.01873	830.895	815.831
7.03067	830.617	815.506
7.04261	830.338	815.18
7.05454	830.058	814.853
7.06648	829.777	814.526
7.07842	829.495	814.197
7.09035	829.212	813.868
7.10229	828.928	813.538
7.11423	828.643	813.207
7.12616	828.357	812.876
7.1381	828.07	812.543
7.15004	827.783	812.21
7.16197	827.494	811.876
7.17391	827.204	811.541
7.18585	826.914	811.206
7.19778	826.622	810.869
7.20972	826.329	810.532
7.22166	826.036	810.194
7.23359	825.742	809.856
7.24553	825.446	809.517
7.25747	825.15	809.176
7.2694	824.853	808.836
7.28134	824.554	808.494
7.29328	824.255	808.152
7.30521	823.955	807.809
7.31715	823.654	807.465
7.32909	823.353	807.12
7.34102	823.05	806.775
7.35296	822.746	806.429
7.36489	822.442	806.082
7.37683	822.136	805.735
7.38877	821.83	805.387
7.4007	821.522	805.038
7.41264	821.214	804.688
7.42458	820.905	804.338
7.43651	820.595	803.987
7.44845	820.284	803.636
7.46039	819.973	803.284
7.47232	819.66	802.931
7.48426	819.347	802.577
7.4962	819.032	802.223
7.50813	818.717	801.868
7.52007	818.401	801.512
7.53201	818.084	801.156
7.54394	817.766	800.799
7.55588	817.448	800.442
7.56782	817.128	800.083
7.57975	816.808	799.725
7.59169	816.486	799.365
7.60363	816.164	799.005
7.61556	815.841	798.644
7.6275	815.518	798.283
7.63944	815.193	797.921
7.65137	814.868	797.559
7.66331	814.542	797.196
7.67525	814.215	796.832
7.68718	813.887	796.467
7.69912	813.558	796.103
7.71106	813.229	795.737
7.72299	812.899	795.371
7.73493	812.568	795.004
7.74687	812.236	794.637
7.7588	811.903	794.269
7.77074	811.57	793.901
7.78268	811.235	793.532
7.79461	810.9	793.163
7.80655	810.565	792.792
7.81849	810.228	792.422
7.83042	809.891	792.051
7.84236	809.553	791.679
7.8543	809.214	791.307
7.86623	808.875	790.934
7.87817	808.534	790.561
7.89011	808.193	790.187
7.90204	807.851	789.813
7.91398	807.509	789.438
7.92592	807.166	789.063
7.93785	806.822	788.687
7.94979	806.477	788.311
7.96173	806.131	787.934
7.97366	805.785	787.557
7.9856	805.438	787.179
7.99754	805.091	786.801
8.00947	804.743	786.422
8.02141	804.394	786.043
8.03335	804.044	785.664
8.04528	803.694	785.284
8.05722	803.343	784.903
8.06916	802.991	784.522
8.08109	802.638	784.141
8.09303	802.285	783.759
8.10497	801.932	783.377
8.1169	801.577	782.994
8.12884	801.222	782.611
8.14078	800.866	782.227
8.15271	800.51	781.843
8.16465	800.153	781.459
8.17659	799.795	781.074
8.18852	799.437	780.689
8.20046	799.078	780.303
8.2124	798.718	779.917
8.22433	798.358	779.531
8.23627	797.997	779.144
8.2482	797.636	778.757
8.26014	797.274	778.369
8.27208	796.911	777.981
8.28401	796.548	777.593
8.29595	796.184	777.204
8.30789	795.82	776.815
8.31982	795.455	776.426
8.33176	795.089	776.036
8.3437	794.723	775.646
8.35563	794.356	775.255
8.36757	793.989	774.865
8.37951	793.621	774.474
8.39144	793.252	774.082
8.40338	792.883	773.69
8.41532	792.514	773.298
8.42725	792.143	772.906
8.43919	791.773	772.513
8.45113	791.401	772.12
8.46306	791.03	771.727
8.475	790.657	771.333
8.48694	790.285	770.939
8.49887	789.911	770.545
8.51081	789.537	770.15
8.52275	789.163	769.755
8.53468	788.788	769.36
8.54662	788.413	768.965
8.55856	788.037	768.569
8.57049	787.66	768.173
8.58243	787.284	767.777
8.59437	786.906	767.381
8.6063	786.528	766.984
8.61824	786.15	766.587
8.63018	785.771	766.19
8.64211	785.392	765.792
8.65405	785.012	765.394
8.66599	784.632	764.996
8.67792	784.251	764.598
8.68986	783.87	764.2
8.7018	783.489	763.801
8.71373	783.107	763.402
8.72567	782.724	763.003
8.73761	782.342	762.604
8.74954	781.958	762.204
8.76148	781.575	761.805
8.77342	781.19	761.405
8.78535	780.806	761.004
8.79729	780.421	760.604
8.80923	780.036	760.204
8.82116	779.65	759.803
8.8331	779.264	759.402
8.84504	778.877	759.001
8.85697	778.49	758.6
8.86891	778.103	758.198
8.88085	777.715	757.796
8.89278	777.327	757.395
8.90472	776.939	756.993
8.91666	776.55	756.591
8.92859	776.161	756.188
8.94053	775.771	755.786
8.95247	775.381	755.383
8.9644	774.991	754.981
8.97634	774.601	754.578
8.98828	774.21	754.175
9.00021	773.818	753.771
9.01215	773.427	753.368
9.02409	773.035	752.965
9.03602	772.643	752.561
9.04796	772.25	752.157
9.0599	771.857	751.754
9.07183	771.464	751.35
9.08377	771.071	750.946
9.0957	770.677	750.541
9.10764	770.283	750.137
9.11958	769.888	749.733
9.13151	769.494	749.328
9.14345	769.099	748.924
9.15539	768.703	748.519
9.16732	768.308	748.114
9.17926	767.912	747.709
9.1912	767.516	747.304
9.20313	767.119	746.899
9.21507	766.723	746.494
9.22701	766.326	746.089
9.23894	765.929	745.684
9.25088	765.531	745.278
9.26282	765.134	744.873
9.27475	764.736	744.468
9.28669	764.338	744.062
9.29863	763.939	743.656
9.31056	763.541	743.251
9.3225	763.142	742.845
9.33444	762.743	742.439
9.34637	762.344	742.033
9.35831	761.944	741.627
9.37025	761.545	741.221
9.38218	761.145	740.815
9.39412	760.745	740.409
9.40606	760.344	740.003
9.41799	759.944	739.597
9.42993	759.543	739.191
9.44187	759.142	738.785
9.4538	758.741	738.379
9.46574	758.34	737.972
9.47768	757.938	737.566
9.48961	757.537	737.16
9.50155	757.135	736.754
9.51349	756.733	736.347
9.52542	756.331	735.941
9.53736	755.928	735.535
9.5493	755.526	735.128
9.56123	755.123	734.722
9.57317	754.721	734.315
9.58511	754.318	733.909
9.59704	753.915	733.503
9.60898	753.511	733.096
9.62092	753.108	732.69
9.63285	752.705	732.283
9.64479	752.301	731.877
9.65673	751.897	731.471
9.66866	751.493	731.064
9.6806	751.089	730.658
9.69254	750.685	730.252
9.70447	750.281	729.845
9.71641	749.877	729.439
9.72835	749.472	729.033
9.74028	749.068	728.626
9.75222	748.663	728.22
9.76416	748.258	727.814
9.77609	747.853	727.408
9.78803	747.448	727.002
9.79997	747.043	726.595
9.8119	746.638	726.189
9.82384	746.233	725.783
9.83578	745.828	725.377
9.84771	745.422	724.971
9.85965	745.017	724.565
9.87159	744.611	724.159
9.88352	744.205	723.754
9.89546	743.8	723.348
9.9074	743.394	722.942
9.91933	742.988	722.536
9.93127	742.582	722.13
9.94321	742.176	721.725
9.95514	741.77	721.319
9.96708	741.364	720.914
9.97901	740.958	720.508
9.99095	740.552	720.103
10.0029	740.146	719.697
10.0148	739.74	719.292
10.0268	739.333	718.887
10.0387	738.927	718.482
10.0506	738.521	718.076
10.0626	738.114	717.671
10.0745	737.708	717.266
10.0864	737.301	716.861
10.0984	736.895	716.456
10.1103	736.488	716.052
10.1223	736.082	715.647
10.1342	735.675	715.242
10.1461	735.269	714.838
10.1581	734.862	714.433
10.17	734.456	714.029
10.1819	734.049	713.624
10.1939	733.642	713.22
10.2058	733.236	712.816
10.2177	732.829	712.412
10.2297	732.423	712.007
10.2416	732.016	711.603
10.2536	731.609	711.199
10.2655	731.203	710.796
10.2774	730.796	710.392
10.2894	730.39	709.988
10.3013	729.983	709.585
10.3132	729.577	709.181
10.3252	729.17	708.778
10.3371	728.763	708.374
10.3491	728.357	707.971
10.361	727.95	707.568
10.3729	727.544	707.165
10.3849	727.138	706.762
10.3968	726.731	706.359
10.4087	726.325	705.956
10.4207	725.918	705.553
10.4326	725.512	705.151
10.4445	725.106	704.748
10.4565	724.7	704.346
10.4684	724.293	703.943
10.4804	723.887	703.541
10.4923	723.481	703.139
10.5042	723.075	702.737
10.5162	722.669	702.335
10.5281	722.263	701.933
10.54	721.857	701.531
10.552	721.451	701.129
10.5639	721.045	700.728
10.5758	720.639	700.326
10.5878	720.234	699.925
10.5997	719.828	699.523
10.6117	719.422	699.122
10.6236	719.017	698.721
10.6355	718.611	698.32
10.6475	718.206	697.919
10.6594	717.8	697.518
10.6713	717.395	697.118
10.6833	716.99	696.717
10.6952	716.585	696.316
10.7071	716.179	695.916
10.7191	715.774	695.516
10.731	715.369	695.115
10.743	714.964	694.715
10.7549	714.559	694.315
10.7668	714.155	693.915
10.7788	713.75	693.516
10.7907	713.345	693.116
10.8026	712.941	692.716
10.8146	712.536	692.317
10.8265	712.132	691.917
10.8385	711.727	691.518
10.8504	711.323	691.119
10.8623	710.919	690.72
10.8743	710.515	690.321
10.8862	710.111	689.922
10.8981	709.707	689.523
10.9101	709.303	689.124
10.922	708.899	688.726
10.9339	708.495	688.327
10.9459	708.092	687.929
10.9578	707.688	687.53
10.9698	707.285	687.132
10.9817	706.881	686.734
10.9936	706.478	686.336
11.0056	706.075	685.938
11.0175	705.672	685.54
11.0294	705.269	685.143
11.0414	704.866	684.745
11.0533	704.463	684.348
11.0652	704.06	683.95
11.0772	703.658	683.553
11.0891	703.255	683.156
11.1011	702.853	682.759
11.113	702.45	682.362
11.1249	702.048	681.965
11.1369	701.646	681.568
11.1488	701.244	681.171
11.1607	700.842	680.775
11.1727	700.44	680.378
11.1846	700.038	679.982
11.1966	699.636	679.585
11.2085	699.235	679.189
11.2204	698.833	678.793
11.2324	698.432	678.397
11.2443	698.031	678.001
11.2562	697.63	677.605
11.2682	697.228	677.21
11.2801	696.827	676.814
11.292	696.427	676.418
11.304	696.026	676.023
11.3159	695.625	675.628
11.3279	695.224	675.232
11.3398	694.824	674.837
11.3517	694.424	674.442
11.3637	694.023	674.047
11.3756	693.623	673.652
11.3875	693.223	673.257
11.3995	692.823	672.863
11.4114	692.423	672.468
11.4233	692.023	672.074
11.4353	691.624	671.679
11.4472	691.224	671.285
11.4592	690.825	670.891
11.4711	690.425	670.497
11.483	690.026	670.102
11.495	689.627	669.708
11.5069	689.228	669.315
11.5188	688.829	668.921
11.5308	688.43	668.527
11.5427	688.031	668.133
11.5546	687.633	667.74
11.5666	687.234	667.346
11.5785	686.836	666.953
11.5905	686.437	666.56
11.6024	686.039	666.167
11.6143	685.641	665.773
11.6263	685.243	665.38
11.6382	684.845	664.987
11.6501	684.447	664.595
11.6621	684.05	664.202
11.674	683.652	663.809
11.686	683.254	663.416
11.6979	682.857	663.024
11.7098	682.46	662.631
11.7218	682.063	662.239
11.7337	681.665	661.847
11.7456	681.268	661.454
11.7576	680.872	661.062
11.7695	680.475	660.67
11.7814	680.078	660.278
11.7934	679.681	659.886
11.8053	679.285	659.494
11.8173	678.889	659.103
11.8292	678.492	658.711
11.8411	678.096	658.319
11.8531	677.7	657.928
11.865	677.304	657.536
11.8769	676.908	657.145
11.8889	676.512	656.753
11.9008	676.116	656.362
11.9127	675.721	655.971
11.9247	675.325	655.58
11.9366	674.93	655.188
11.9486	674.534	654.797
11.9605	674.139	654.406
11.9724	673.744	654.016
11.9844	673.349	653.625
11.9963	672.954	653.234
12.0082	672.559	652.843
12.0202	672.164	652.453
12.0321	671.77	652.062
12.0441	671.375	651.672
12.056	670.981	651.281
12.0679	670.586	650.891
12.0799	670.192	650.5
12.0918	669.798	650.11
12.1037	669.404	649.72
12.1157	669.01	649.33
12.1276	668.616	648.94
12.1395	668.222	648.55
12.1515	667.828	648.16
12.1634	667.434	647.77
12.1754	667.041	647.38
12.1873	666.647	646.99
12.1992	666.254	646.6
12.2112	665.86	646.21
12.2231	665.467	645.821
12.235	665.074	645.431
12.247	664.681	645.042
12.2589	664.288	644.652
12.2708	663.895	644.263
12.2828	663.502	643.873
12.2947	663.109	643.484
12.3067	662.717	643.095
12.3186	662.324	642.705
12.3305	661.931	642.316
12.3425	661.539	641.927
12.3544	661.147	641.538
12.3663	660.754	641.149
12.3783	660.362	640.76
12.3902	659.97	640.371
12.4021	659.578	639.982
12.4141	659.186	639.593
12.426	658.794	639.204
12.438	658.402	638.815
12.4499	658.01	638.426
12.4618	657.619	638.037
12.4738	657.227	637.649
12.4857	656.836	637.26
12.4976	656.444	636.871
12.5096	656.053	636.483
12.5215	655.661	636.094
12.5335	655.27	635.706
12.5454	654.879	635.317
12.5573	654.488	634.929
12.5693	654.097	634.54
12.5812	653.706	634.152
12.5931	653.315	633.764
12.6051	652.924	633.375
12.617	652.533	632.987
12.6289	652.143	632.599
12.6409	651.752	632.21
12.6528	651.361	631.822
12.6648	650.971	631.434
12.6767	650.58	631.046
12.6886	650.19	630.658
12.7006	649.8	630.27
12.7125	649.409	629.882
12.7244	649.019	629.494
12.7364	648.629	629.106
12.7483	648.239	628.718
12.7602	647.849	628.33
12.7722	647.459	627.942
12.7841	647.069	627.554
12.7961	646.679	627.166
12.808	646.289	626.778
12.8199	645.899	626.39
12.8319	645.51	626.003
12.8438	645.12	625.615
12.8557	644.73	625.227
12.8677	644.341	624.839
12.8796	643.951	624.451
12.8916	643.562	624.064
12.9035	643.172	623.676
12.9154	642.783	623.288
12.9274	642.394	622.901
12.9393	642.004	622.513
12.9512	641.615	622.125
12.9632	641.226	621.738
12.9751	640.837	621.35
12.987	640.448	620.963
12.999	640.059	620.575
13.0109	639.67	620.188
13.0229	639.281	619.8
13.0348	638.892	619.413
13.0467	638.503	619.025
13.0587	638.114	618.638
13.0706	637.725	618.25
13.0825	637.337	617.863
13.0945	636.948	617.475
13.1064	636.559	617.088
13.1183	636.171	616.7
13.1303	635.782	616.313
13.1422	635.394	615.925
13.1542	635.005	615.538
13.1661	634.617	615.151
13.178	634.228	614.763
13.19	633.84	614.376
13.2019	633.451	613.988
13.2138	633.063	613.601
13.2258	632.675	613.214
13.2377	632.286	612.826
13.2496	631.898	612.439
13.2616	631.51	612.052
13.2735	631.122	611.664
13.2855	630.734	611.277
13.2974	630.346	610.89
13.3093	629.957	610.502
13.3213	629.569	610.115
13.3332	629.181	609.728
13.3451	628.793	609.34
13.3571	628.405	608.953
13.369	628.017	608.566
13.381	627.63	608.178
13.3929	627.242	607.791
13.4048	626.854	607.404
13.4168	626.466	607.016
13.4287	626.078	606.629
13.4406	625.69	606.242
13.4526	625.302	605.854
13.4645	624.915	605.467
13.4764	624.527	605.08
13.4884	624.139	604.692
13.5003	623.752	604.305
13.5123	623.364	603.918
13.5242	622.976	603.53
13.5361	622.589	603.143
13.5481	622.201	602.756
13.56	621.813	602.368
13.5719	621.426	601.981
13.5839	621.038	601.594
13.5958	620.651	601.206
13.6077	620.263	600.819
13.6197	619.876	600.432
13.6316	619.488	600.044
13.6436	619.101	599.657
13.6555	618.713	599.269
13.6674	618.326	598.882
13.6794	617.938	598.495
13.6913	617.551	598.107
13.7032	617.163	597.72
13.7152	616.776	597.332
13.7271	616.388	596.945
13.7391	616.001	596.558
13.751	615.614	596.17
13.7629	615.226	595.783
13.7749	614.839	595.395
13.7868	614.451	595.008
13.7987	614.064	594.62
13.8107	613.677	594.233
13.8226	613.289	593.845
13.8345	612.902	593.458
13.8465	612.515	593.07
13.8584	612.127	592.683
13.8704	611.74	592.295
13.8823	611.353	591.908
13.8942	610.966	591.52
13.9062	610.578	591.133
13.9181	610.191	590.745
13.93	609.804	590.357
13.942	609.416	589.97
13.9539	609.029	589.582
13.9658	608.642	589.195
13.9778	608.254	588.807
13.9897	607.867	588.419
14.0017	607.48	588.032
14.0136	607.093	587.644
14.0255	606.705	587.256
14.0375	606.318	586.869
14.0494	605.931	586.481
14.0613	605.544	586.093
14.0733	605.156	585.706
14.0852	604.769	585.318
14.0971	604.382	584.93
14.1091	603.994	584.542
14.121	603.607	584.155
14.133	603.22	583.767
14.1449	602.833	583.379
14.1568	602.445	582.991
14.1688	602.058	582.603
14.1807	601.671	582.215
14.1926	601.283	581.828
14.2046	600.896	581.44
14.2165	600.509	581.052
14.2285	600.121	580.664
14.2404	599.734	580.276
14.2523	599.347	579.888
14.2643	598.959	579.5
14.2762	598.572	579.112
14.2881	598.185	578.724
14.3001	597.797	578.336
14.312	597.41	577.948
14.3239	597.023	577.56
14.3359	596.635	577.172
14.3478	596.248	576.784
14.3598	595.86	576.396
14.3717	595.473	576.008
14.3836	595.086	575.62
14.3956	594.698	575.232
14.4075	594.311	574.844
14.4194	593.923	574.456
14.4314	593.536	574.068
14.4433	593.149	573.68
14.4552	592.761	573.291
14.4672	592.374	572.903
14.4791	591.986	572.515
14.4911	591.599	572.127
14.503	591.211	571.739
14.5149	590.824	571.35
14.5269	590.436	570.962
14.5388	590.049	570.574
14.5507	589.661	570.186
14.5627	589.274	569.797
14.5746	588.886	569.409
14.5866	588.498	569.021
14.5985	588.111	568.632
14.6104	587.723	568.244
14.6224	587.336	567.856
14.6343	586.948	567.467
14.6462	586.56	567.079
14.6582	586.173	566.691
14.6701	585.785	566.302
14.682	585.397	565.914
14.694	585.01	565.525
14.7059	584.622	565.137
14.7179	584.234	564.748
14.7298	583.847	564.36
14.7417	583.459	563.972
14.7537	583.071	563.583
14.7656	582.684	563.195
14.7775	582.296	562.806
14.7895	581.908	562.418
14.8014	581.52	562.029
14.8133	581.132	561.64
14.8253	580.745	561.252
14.8372	580.357	560.863
14.8492	579.969	560.475
14.8611	579.581	560.086
14.873	579.193	559.697
14.885	578.805	559.309
14.8969	578.417	558.92
14.9088	578.03	558.532
14.9208	577.642	558.143
14.9327	577.254	557.754
14.9446	576.866	557.366
14.9566	576.478	556.977
14.9685	576.09	556.588
14.9805	575.702	556.2
14.9924	575.314	555.811
15.0043	574.926	555.422
15.0163	574.538	555.033
15.0282	574.15	554.645
15.0401	573.762	554.256
15.0521	573.374	553.867
15.064	572.985	553.478
15.076	572.597	553.09
15.0879	572.209	552.701
15.0998	571.821	552.312
15.1118	571.433	551.923
15.1237	571.045	551.534
15.1356	570.657	551.146
15.1476	570.269	550.757
15.1595	569.88	550.368
15.1714	569.492	549.979
15.1834	569.104	549.59
15.1953	568.716	549.202
15.2073	568.327	548.813
15.2192	567.939	548.424
15.2311	567.551	548.035
15.2431	567.163	547.646
15.255	566.774	547.257
15.2669	566.386	546.868
15.2789	565.998	546.48
15.2908	565.609	546.091
15.3027	565.221	545.702
15.3147	564.833	545.313
15.3266	564.444	544.924
15.3386	564.056	544.535
15.3505	563.668	544.146
15.3624	563.279	543.757
15.3744	562.891	543.368
15.3863	562.502	542.98
15.3982	562.114	542.591
15.4102	561.725	542.202
15.4221	561.337	541.813
15.4341	560.948	541.424
15.446	560.56	541.035
15.4579	560.171	540.646
15.4699	559.783	540.257
15.4818	559.394	539.868
15.4937	559.006	539.479
15.5057	558.617	539.091
15.5176	558.229	538.702
15.5295	557.84	538.313
15.5415	557.452	537.924
15.5534	557.063	537.535
15.5654	556.675	537.146
15.5773	556.286	536.757
15.5892	555.897	536.368
15.6012	555.509	535.98
15.6131	555.12	535.591
15.625	554.731	535.202
15.637	554.343	534.813
15.6489	553.954	534.424
15.6608	553.566	534.035
15.6728	553.177	533.646
15.6847	552.788	533.258
15.6967	552.4	532.869
15.7086	552.011	532.48
15.7205	551.622	532.091
15.7325	551.233	531.702
15.7444	550.845	531.314
15.7563	550.456	530.925
15.7683	550.067	530.536
15.7802	549.679	530.147
15.7921	549.29	529.759
15.8041	548.901	529.37
15.816	548.512	528.981
15.828	548.124	528.593
15.8399	547.735	528.204
15.8518	547.346	527.815
15.8638	546.957	527.426
15.8757	546.569	527.038
15.8876	546.18	526.649
15.8996	545.791	526.261
15.9115	545.402	525.872
15.9235	545.014	525.483
15.9354	544.625	525.095
15.9473	544.236	524.706
15.9593	543.847	524.318
15.9712	543.458	523.929
15.9831	543.07	523.541
15.9951	542.681	523.152
16.007	542.292	522.764
16.0189	541.903	522.375
16.0309	541.515	521.987
16.0428	541.126	521.599
16.0548	540.737	521.21
16.0667	540.348	520.822
16.0786	539.96	520.433
16.0906	539.571	520.045
16.1025	539.182	519.657
16.1144	538.793	519.269
16.1264	538.404	518.88
16.1383	538.016	518.492
16.1502	537.627	518.104
16.1622	537.238	517.716
16.1741	536.849	517.328
16.1861	536.461	516.94
16.198	536.072	516.552
16.2099	535.683	516.164
16.2219	535.295	515.775
16.2338	534.906	515.387
16.2457	534.517	515
16.2577	534.128	514.612
16.2696	533.74	514.224
16.2816	533.351	513.836
16.2935	532.962	513.448
16.3054	532.574	513.06
16.3174	532.185	512.672
16.3293	531.796	512.285
16.3412	531.408	511.897
16.3532	531.019	511.509
16.3651	530.63	511.122
16.377	530.242	510.734
16.389	529.853	510.347
16.4009	529.465	509.959
16.4129	529.076	509.572
16.4248	528.688	509.184
16.4367	528.299	508.797
16.4487	527.91	508.409
16.4606	527.522	508.022
16.4725	527.133	507.635
16.4845	526.745	507.248
16.4964	526.357	506.86
16.5083	525.968	506.473
16.5203	525.58	506.086
16.5322	525.191	505.699
16.5442	524.803	505.312
16.5561	524.414	504.925
16.568	524.026	504.538
16.58	523.638	504.152
16.5919	523.249	503.765
16.6038	522.861	503.378
16.6158	522.473	502.991
16.6277	522.085	502.605
16.6396	521.696	502.218
16.6516	521.308	501.831
16.6635	520.92	501.445
16.6755	520.532	501.058
16.6874	520.144	500.672
16.6993	519.755	500.286
16.7113	519.367	499.899
16.7232	518.979	499.513
16.7351	518.591	499.127
16.7471	518.203	498.741
16.759	517.815	498.355
16.771	517.427	497.969
16.7829	517.039	497.583
16.7948	516.651	497.197
16.8068	516.263	496.811
16.8187	515.876	496.426
16.8306	515.488	496.04
16.8426	515.1	495.654
16.8545	514.712	495.269
16.8664	514.325	494.883
16.8784	513.937	494.498
16.8903	513.549	494.113
16.9023	513.162	493.727
16.9142	512.774	493.342
16.9261	512.386	492.957
16.9381	511.999	492.572
16.95	511.611	492.187
16.9619	511.224	491.802
16.9739	510.837	491.417
16.9858	510.449	491.032
16.9977	510.062	490.648
17.0097	509.675	490.263
17.0216	509.287	489.878
17.0336	508.9	489.494
17.0455	508.513	489.11
17.0574	508.126	488.725
17.0694	507.739	488.341
17.0813	507.352	487.957
17.0932	506.965	487.573
17.1052	506.578	487.189
17.1171	506.191	486.805
17.1291	505.804	486.421
17.141	505.417	486.037
17.1529	505.03	485.654
17.1649	504.644	485.27
17.1768	504.257	484.887
17.1887	503.87	484.503
17.2007	503.484	484.12
17.2126	503.097	483.737
17.2245	502.711	483.354
17.2365	502.324	482.971
17.2484	501.938	482.588
17.2604	501.552	482.205
17.2723	501.165	481.822
17.2842	500.779	481.44
17.2962	500.393	481.057
17.3081	500.007	480.675
17.32	499.621	480.292
17.332	499.235	479.91
17.3439	498.849	479.528
17.3558	498.463	479.146
17.3678	498.078	478.764
17.3797	497.692	478.382
17.3917	497.306	478.001
17.4036	496.921	477.619
17.4155	496.535	477.238
17.4275	496.15	476.856
17.4394	495.764	476.475
17.4513	495.379	476.094
17.4633	494.994	475.713
17.4752	494.608	475.332
17.4871	494.223	474.951
17.4991	493.838	474.57
17.511	493.453	474.19
17.523	493.068	473.809
17.5349	492.683	473.429
17.5468	492.299	473.049
17.5588	491.914	472.668
17.5707	491.529	472.288
17.5826	491.145	471.909
17.5946	490.76	471.529
17.6065	490.376	471.149
17.6185	489.991	470.77
17.6304	489.607	470.39
17.6423	489.223	470.011
17.6543	488.839	469.632
17.6662	488.455	469.253
17.6781	488.071	468.874
17.6901	487.687	468.495
17.702	487.303	468.117
17.7139	486.92	467.738
17.7259	486.536	467.36
17.7378	486.153	466.982
17.7498	485.769	466.604
17.7617	485.386	466.226
17.7736	485.003	465.848
17.7856	484.619	465.47
17.7975	484.236	465.093
17.8094	483.853	464.716
17.8214	483.471	464.338
17.8333	483.088	463.961
17.8452	482.705	463.584
17.8572	482.323	463.208
17.8691	481.94	462.831
17.8811	481.558	462.455
17.893	481.175	462.078
17.9049	480.793	461.702
17.9169	480.411	461.326
17.9288	480.029	460.95
17.9407	479.647	460.575
17.9527	479.265	460.199
17.9646	478.884	459.824
17.9766	478.502	459.448
17.9885	478.121	459.073
18.0004	477.739	458.699
18.0124	477.358	458.324
18.0243	476.977	457.949
18.0362	476.596	457.575
18.0482	476.215	457.201
18.0601	475.834	456.827
18.072	475.453	456.453
18.084	475.073	456.079
18.0959	474.692	455.705
18.1079	474.312	455.332
18.1198	473.932	454.959
18.1317	473.552	454.586
18.1437	473.172	454.213
18.1556	472.792	453.84
18.1675	472.412	453.468
18.1795	472.032	453.095
18.1914	471.653	452.723
18.2033	471.273	452.351
18.2153	470.894	451.98
18.2272	470.515	451.608
18.2392	470.136	451.237
18.2511	469.757	450.866
18.263	469.378	450.495
18.275	469	450.124
18.2869	468.621	449.753
18.2988	468.243	449.383
18.3108	467.865	449.012
18.3227	467.487	448.642
18.3346	467.109	448.273
18.3466	466.731	447.903
18.3585	466.353	447.533
18.3705	465.976	447.164
18.3824	465.598	446.795
18.3943	465.221	446.426
18.4063	464.844	446.058
18.4182	464.467	445.689
18.4301	464.09	445.321
18.4421	463.714	444.953
18.454	463.337	444.585
18.466	462.961	444.218
18.4779	462.585	443.85
18.4898	462.209	443.483
18.5018	461.833	443.116
18.5137	461.457	442.75
18.5256	461.081	442.383
18.5376	460.706	442.017
18.5495	460.331	441.651
18.5614	459.956	441.285
18.5734	459.581	440.919
18.5853	459.206	440.554
18.5973	458.831	440.189
18.6092	458.457	439.824
18.6211	458.082	439.459
18.6331	457.708	439.095
18.645	457.334	438.731
18.6569	456.96	438.367
18.6689	456.587	438.003
18.6808	456.213	437.639
18.6927	455.84	437.276
18.7047	455.467	436.913
18.7166	455.094	436.55
18.7286	454.721	436.188
18.7405	454.349	435.825
18.7524	453.976	435.463
18.7644	453.604	435.102
18.7763	453.232	434.74
18.7882	452.86	434.379
18.8002	452.488	434.018
18.8121	452.117	433.657
18.8241	451.746	433.296
18.836	451.374	432.936
18.8479	451.004	432.576
18.8599	450.633	432.216
18.8718	450.262	431.857
18.8837	449.892	431.497
18.8957	449.522	431.138
18.9076	449.152	430.78
18.9195	448.782	430.421
18.9315	448.412	430.063
18.9434	448.043	429.705
18.9554	447.674	429.347
18.9673	447.305	428.99
18.9792	446.936	428.633
18.9912	446.567	428.276
19.0031	446.199	427.919
19.015	445.831	427.563
19.027	445.463	427.207
19.0389	445.095	426.851
19.0508	444.728	426.496
19.0628	444.36	426.141
19.0747	443.993	425.786
19.0867	443.626	425.431
19.0986	443.26	425.077
19.1105	442.893	424.723
19.1225	442.527	424.369
19.1344	442.161	424.016
19.1463	441.795	423.663
19.1583	441.43	423.31
19.1702	441.064	422.957
19.1821	440.699	422.605
19.1941	440.334	422.253
19.206	439.97	421.902
19.218	439.605	421.55
19.2299	439.241	421.199
19.2418	438.877	420.848
19.2538	438.513	420.498
19.2657	438.15	420.148
19.2776	437.786	419.798
19.2896	437.423	419.449
19.3015	437.061	419.099
19.3135	436.698	418.751
19.3254	436.336	418.402
19.3373	435.974	418.054
19.3493	435.612	417.706
19.3612	435.25	417.358
19.3731	434.889	417.011
19.3851	434.528	416.664
19.397	434.167	416.317
19.4089	433.807	415.971
19.4209	433.446	415.625
19.4328	433.086	415.28
19.4448	432.726	414.934
19.4567	432.367	414.589
19.4686	432.008	414.245
19.4806	431.649	413.9
19.4925	431.29	413.556
19.5044	430.931	413.213
19.5164	430.573	412.869
19.5283	430.215	412.527
19.5402	429.857	412.184
19.5522	429.5	411.842
19.5641	429.143	411.5
19.5761	428.786	411.158
19.588	428.429	410.817
19.5999	428.073	410.476
19.6119	427.717	410.136
19.6238	427.361	409.796
19.6357	427.006	409.456
19.6477	426.65	409.116
19.6596	426.296	408.777
19.6716	425.941	408.439
19.6835	425.587	408.1
19.6954	425.232	407.762
19.7074	424.879	407.425
19.7193	424.525	407.087
19.7312	424.172	406.75
19.7432	423.819	406.414
19.7551	423.466	406.078
19.767	423.114	405.742
19.779	422.762	405.406
19.7909	422.41	405.071
19.8029	422.059	404.737
19.8148	421.708	404.403
19.8267	421.357	404.069
19.8387	421.006	403.735
19.8506	420.656	403.402
19.8625	420.306	403.069
19.8745	419.957	402.737
19.8864	419.607	402.405
19.8983	419.259	402.073
19.9103	418.91	401.742
19.9222	418.562	401.411
19.9342	418.214	401.081
19.9461	417.866	400.751
19.958	417.518	400.421
19.97	417.171	400.092
19.9819	416.825	399.763
19.9938	416.478	399.435
20.0058	416.132	399.107
20.0177	415.786	398.779
20.0296	415.441	398.452
20.0416	415.096	398.125
20.0535	414.751	397.799
20.0655	414.407	397.473
20.0774	414.063	397.147
20.0893	413.719	396.822
20.1013	413.375	396.497
20.1132	413.032	396.173
20.1251	412.689	395.849
20.1371	412.347	395.525
20.149	412.005	395.202
20.161	411.663	394.879
20.1729	411.322	394.557
20.1848	410.981	394.235
20.1968	410.64	393.914
20.2087	410.3	393.593
20.2206	409.96	393.272
20.2326	409.62	392.952
20.2445	409.281	392.633
20.2564	408.942	392.313
20.2684	408.604	391.994
20.2803	408.265	391.676
20.2923	407.928	391.358
20.3042	407.59	391.041
20.3161	407.253	390.724
20.3281	406.916	390.407
20.34	406.58	390.091
20.3519	406.244	389.775
20.3639	405.908	389.46
20.3758	405.573	389.145
20.3877	405.238	388.83
20.3997	404.904	388.516
20.4116	404.57	388.203
20.4236	404.236	387.89
20.4355	403.902	387.577
20.4474	403.569	387.265
20.4594	403.237	386.953
20.4713	402.905	386.642
20.4832	402.573	386.331
20.4952	402.241	386.021
20.5071	401.91	385.711
20.5191	401.58	385.402
20.531	401.249	385.093
20.5429	400.919	384.784
20.5549	400.59	384.476
20.5668	400.261	384.169
20.5787	399.932	383.862
20.5907	399.604	383.555
20.6026	399.276	383.249
20.6145	398.949	382.943
20.6265	398.621	382.638
20.6384	398.295	382.333
20.6504	397.968	382.029
20.6623	397.643	381.726
20.6742	397.317	381.422
20.6862	396.992	381.119
20.6981	396.667	380.817
20.71	396.343	380.515
20.722	396.019	380.214
20.7339	395.696	379.913
20.7458	395.373	379.613
20.7578	395.05	379.313
20.7697	394.728	379.014
20.7817	394.407	378.715
20.7936	394.085	378.416
20.8055	393.764	378.118
20.8175	393.444	377.821
20.8294	393.124	377.524
20.8413	392.804	377.228
20.8533	392.485	376.932
20.8652	392.166	376.636
20.8771	391.848	376.341
20.8891	391.53	376.047
20.901	391.213	375.753
20.913	390.896	375.46
20.9249	390.579	375.167
20.9368	390.263	374.874
20.9488	389.947	374.582
20.9607	389.632	374.291
20.9726	389.317	374
20.9846	389.003	373.71
20.9965	388.689	373.42
21.0085	388.376	373.131
21.0204	388.063	372.842
21.0323	387.75	372.554
21.0443	387.438	372.266
21.0562	387.127	371.979
21.0681	386.815	371.692
21.0801	386.505	371.406
21.092	386.194	371.12
21.1039	385.885	370.835
21.1159	385.575	370.55
21.1278	385.266	370.266
21.1398	384.958	369.982
21.1517	384.65	369.699
21.1636	384.342	369.417
21.1756	384.035	369.135
21.1875	383.729	368.853
21.1994	383.423	368.572
21.2114	383.117	368.292
21.2233	382.812	368.012
21.2352	382.507	367.733
21.2472	382.203	367.454
21.2591	381.9	367.176
21.2711	381.596	366.898
21.283	381.294	366.621
21.2949	380.991	366.344
21.3069	380.689	366.068
21.3188	380.388	365.793
21.3307	380.087	365.518
21.3427	379.787	365.243
21.3546	379.487	364.969
21.3666	379.188	364.696
21.3785	378.889	364.423
21.3904	378.591	364.151
21.4024	378.293	363.879
21.4143	377.995	363.608
21.4262	377.698	363.337
21.4382	377.402	363.067
21.4501	377.106	362.797
21.462	376.811	362.528
21.474	376.516	362.26
21.4859	376.221	361.992
21.4979	375.927	361.725
21.5098	375.634	361.458
21.5217	375.341	361.192
21.5337	375.049	360.926
21.5456	374.757	360.661
21.5575	374.465	360.397
21.5695	374.174	360.133
21.5814	373.884	359.869
21.5933	373.594	359.606
21.6053	373.305	359.344
21.6172	373.016	359.082
21.6292	372.728	358.821
21.6411	372.44	358.561
21.653	372.153	358.301
21.665	371.866	358.041
21.6769	371.58	357.782
21.6888	371.294	357.524
21.7008	371.009	357.266
21.7127	370.724	357.009
21.7246	370.44	356.753
21.7366	370.156	356.497
21.7485	369.873	356.241
21.7605	369.59	355.986
21.7724	369.308	355.732
21.7843	369.027	355.478
21.7963	368.746	355.225
21.8082	368.465	354.973
21.8201	368.185	354.721
21.8321	367.906	354.469
21.844	367.627	354.218
21.856	367.349	353.968
21.8679	367.071	353.719
21.8798	366.794	353.47
21.8918	366.517	353.221
21.9037	366.241	352.973
21.9156	365.965	352.726
21.9276	365.69	352.479
21.9395	365.416	352.233
21.9514	365.142	351.987
21.9634	364.868	351.742
21.9753	364.595	351.498
21.9873	364.323	351.254
21.9992	364.051	351.011
22.0111	363.78	350.768
22.0231	363.509	350.526
22.035	363.239	350.285
22.0469	362.969	350.044
22.0589	362.7	349.803
22.0708	362.431	349.564
22.0827	362.163	349.325
22.0947	361.896	349.086
22.1066	361.629	348.848
22.1186	361.363	348.611
22.1305	361.097	348.374
22.1424	360.832	348.138
22.1544	360.567	347.903
22.1663	360.303	347.668
22.1782	360.04	347.433
22.1902	359.777	347.199
22.2021	359.514	346.966
22.2141	359.252	346.734
22.226	358.991	346.502
22.2379	358.73	346.27
22.2499	358.47	346.04
22.2618	358.211	345.809
22.2737	357.952	345.58
22.2857	357.693	345.351
22.2976	357.435	345.122
22.3095	357.178	344.895
22.3215	356.921	344.667
22.3334	356.665	344.441
22.3454	356.41	344.215
22.3573	356.155	343.99
22.3692	355.9	343.765
22.3812	355.646	343.541
22.3931	355.393	343.317
22.405	355.14	343.094
22.417	354.888	342.872
22.4289	354.636	342.65
22.4408	354.385	342.429
22.4528	354.135	342.208
22.4647	353.885	341.988
22.4767	353.636	341.769
22.4886	353.387	341.55
22.5005	353.139	341.332
22.5125	352.892	341.114
22.5244	352.645	340.897
22.5363	352.398	340.681
22.5483	352.153	340.465
22.5602	351.907	340.25
22.5721	351.663	340.036
22.5841	351.419	339.822
22.596	351.175	339.608
22.608	350.933	339.396
22.6199	350.69	339.184
22.6318	350.449	338.972
22.6438	350.207	338.761
22.6557	349.967	338.551
22.6676	349.727	338.341
22.6796	349.488	338.132
22.6915	349.249	337.924
22.7035	349.011	337.716
22.7154	348.773	337.509
22.7273	348.536	337.302
22.7393	348.3	337.096
22.7512	348.064	336.891
22.7631	347.829	336.686
22.7751	347.594	336.481
22.787	347.36	336.278
22.7989	347.127	336.075
22.8109	346.894	335.872
22.8228	346.662	335.671
22.8348	346.43	335.469
22.8467	346.199	335.269
22.8586	345.969	335.069
22.8706	345.739	334.87
22.8825	345.51	334.671
22.8944	345.281	334.473
22.9064	345.053	334.275
22.9183	344.826	334.078
22.9302	344.599	333.882
22.9422	344.373	333.686
22.9541	344.147	333.491
22.9661	343.922	333.296
22.978	343.698	333.103
22.9899	343.474	332.909
23.0019	343.251	332.717
23.0138	343.028	332.524
23.0257	342.806	332.333
23.0377	342.584	332.142
23.0496	342.364	331.952
23.0616	342.143	331.762
23.0735	341.924	331.573
23.0854	341.705	331.385
23.0974	341.486	331.197
23.1093	341.268	331.009
23.1212	341.051	330.823
23.1332	340.835	330.637
23.1451	340.619	330.451
23.157	340.403	330.266
23.169	340.188	330.082
23.1809	339.974	329.899
23.1929	339.761	329.716
23.2048	339.548	329.533
23.2167	339.335	329.351
23.2287	339.123	329.17
23.2406	338.912	328.989
23.2525	338.702	328.809
23.2645	338.492	328.63
23.2764	338.282	328.451
23.2883	338.073	328.273
23.3003	337.865	328.095
23.3122	337.658	327.918
23.3242	337.451	327.742
23.3361	337.244	327.566
23.348	337.039	327.391
23.36	336.834	327.216
23.3719	336.629	327.042
23.3838	336.425	326.869
23.3958	336.222	326.696
23.4077	336.019	326.523
23.4196	335.817	326.352
23.4316	335.615	326.181
23.4435	335.415	326.01
23.4555	335.214	325.84
23.4674	335.015	325.671
23.4793	334.815	325.502
23.4913	334.617	325.334
23.5032	334.419	325.167
23.5151	334.222	325
23.5271	334.025	324.834
23.539	333.829	324.668
23.551	333.634	324.503
23.5629	333.439	324.338
23.5748	333.245	324.174
23.5868	333.051	324.011
23.5987	332.858	323.848
23.6106	332.665	323.686
23.6226	332.474	323.524
23.6345	332.282	323.363
23.6464	332.092	323.203
23.6584	331.902	323.043
23.6703	331.712	322.884
23.6823	331.523	322.725
23.6942	331.335	322.567
23.7061	331.148	322.409
23.7181	330.961	322.252
23.73	330.774	322.096
23.7419	330.588	321.94
23.7539	330.403	321.786
23.7658	330.219	321.631
23.7777	330.035	321.478
23.7897	329.851	321.327
23.8016	329.669	321.177
23.8136	329.487	321.03
23.8255	329.305	320.889
23.8374	329.125	320.758
23.8494	328.945	320.642
23.8613	328.77	320.557
23.8732	328.685	320.524
