0	784.93	784.941
0.0119366	784.917	784.927
0.0238732	784.876	784.886
0.0358099	784.809	784.819
0.0477465	784.716	784.726
0.0596831	784.599	784.608
0.0716197	784.459	784.468
0.0835563	784.298	784.305
0.095493	784.117	784.124
0.10743	783.918	783.924
0.119366	783.704	783.709
0.131303	783.475	783.48
0.143239	783.235	783.239
0.155176	782.984	782.987
0.167113	782.723	782.726
0.179049	782.456	782.458
0.190986	782.182	782.184
0.202923	781.903	781.905
0.214859	781.62	781.621
0.226796	781.333	781.334
0.238732	781.044	781.045
0.250669	780.752	780.753
0.262606	780.459	780.459
0.274542	780.164	780.164
0.286479	779.868	779.868
0.298416	779.57	779.571
0.310352	779.272	779.273
0.322289	778.974	778.974
0.334225	778.674	778.674
0.346162	778.374	778.374
0.358099	778.073	778.074
0.370035	777.772	777.773
0.381972	777.471	777.471
0.393908	777.169	777.169
0.405845	776.866	776.866
0.417782	776.563	776.564
0.429718	776.26	776.26
0.441655	775.956	775.956
0.453592	775.652	775.652
0.465528	775.347	775.347
0.477465	775.042	775.042
0.489401	774.736	774.736
0.501338	774.43	774.43
0.513275	774.124	774.124
0.525211	773.817	773.817
0.537148	773.509	773.51
0.549085	773.202	773.202
0.561021	772.893	772.894
0.572958	772.585	772.585
0.584894	772.276	772.276
0.596831	771.966	771.966
0.608768	771.656	771.657
0.620704	771.346	771.346
0.632641	771.035	771.036
0.644578	770.724	770.724
0.656514	770.413	770.413
0.668451	770.101	770.101
0.680387	769.788	769.788
0.692324	769.475	769.475
0.704261	769.162	769.162
0.716197	768.848	768.849
0.728134	768.534	768.534
0.74007	768.22	768.22
0.752007	767.905	767.905
0.763944	767.59	767.59
0.77588	767.274	767.274
0.787817	766.958	766.958
0.799754	766.641	766.641
0.81169	766.324	766.324
0.823627	766.007	766.007
0.835563	765.689	765.689
0.8475	765.371	765.371
0.859437	765.053	765.053
0.871373	764.734	764.734
0.88331	764.414	764.414
0.895247	764.095	764.095
0.907183	763.774	763.775
0.91912	763.454	763.454
0.931056	763.133	763.133
0.942993	762.812	762.812
0.95493	762.49	762.49
0.966866	762.168	762.168
0.978803	761.845	761.846
0.99074	761.523	761.523
1.00268	761.199	761.2
1.01461	760.876	760.876
1.02655	760.552	760.552
1.03849	760.227	760.228
1.05042	759.903	759.903
1.06236	759.578	759.578
1.0743	759.252	759.252
1.08623	758.926	758.926
1.09817	758.6	758.6
1.11011	758.273	758.273
1.12204	757.946	757.946
1.13398	757.619	757.619
1.14592	757.291	757.291
1.15785	756.963	756.963
1.16979	756.634	756.635
1.18173	756.306	756.306
1.19366	755.976	755.976
1.2056	755.647	755.647
1.21754	755.317	755.317
1.22947	754.987	754.987
1.24141	754.656	754.656
1.25335	754.325	754.325
1.26528	753.993	753.994
1.27722	753.662	753.662
1.28916	753.33	753.33
1.30109	752.997	752.997
1.31303	752.664	752.664
1.32496	752.331	752.331
1.3369	751.998	751.998
1.34884	751.664	751.664
1.36077	751.33	751.33
1.37271	750.995	750.995
1.38465	750.66	750.66
1.39658	750.325	750.325
1.40852	749.989	749.99
1.42046	749.654	749.654
1.43239	749.317	749.317
1.44433	748.981	748.981
1.45627	748.644	748.644
1.4682	748.306	748.307
1.48014	747.969	747.969
1.49208	747.631	747.631
1.50401	747.293	747.293
1.51595	746.954	746.954
1.52789	746.615	746.615
1.53982	746.276	746.276
1.55176	745.936	745.936
1.5637	745.596	745.597
1.57563	745.256	745.256
1.58757	744.916	744.916
1.59951	744.575	744.575
1.61144	744.234	744.234
1.62338	743.892	743.892
1.63532	743.55	743.55
1.64725	743.208	743.208
1.65919	742.866	742.866
1.67113	742.523	742.523
1.68306	742.18	742.18
1.695	741.836	741.837
1.70694	741.493	741.493
1.71887	741.149	741.149
1.73081	740.804	740.804
1.74275	740.46	740.46
1.75468	740.115	740.115
1.76662	739.77	739.77
1.77856	739.424	739.424
1.79049	739.078	739.078
1.80243	738.732	738.732
1.81437	738.386	738.386
1.8263	738.039	738.039
1.83824	737.692	737.692
1.85018	737.344	737.345
1.86211	736.997	736.997
1.87405	736.649	736.649
1.88599	736.301	736.301
1.89792	735.952	735.952
1.90986	735.603	735.604
1.9218	735.254	735.255
1.93373	734.905	734.905
1.94567	734.555	734.556
1.95761	734.205	734.206
1.96954	733.855	733.855
1.98148	733.505	733.505
1.99342	733.154	733.154
2.00535	732.803	732.803
2.01729	732.452	732.452
2.02923	732.1	732.1
2.04116	731.748	731.748
2.0531	731.396	731.396
2.06504	731.044	731.044
2.07697	730.691	730.691
2.08891	730.338	730.338
2.10085	729.985	729.985
2.11278	729.631	729.631
2.12472	729.278	729.278
2.13666	728.923	728.924
2.14859	728.569	728.569
2.16053	728.215	728.215
2.17246	727.86	727.86
2.1844	727.505	727.505
2.19634	727.149	727.15
2.20827	726.794	726.794
2.22021	726.438	726.438
2.23215	726.082	726.082
2.24408	725.726	725.726
2.25602	725.369	725.369
2.26796	725.012	725.012
2.27989	724.655	724.655
2.29183	724.298	724.298
2.30377	723.94	723.94
2.3157	723.582	723.582
2.32764	723.224	723.224
2.33958	722.866	722.866
2.35151	722.507	722.507
2.36345	722.149	722.149
2.37539	721.79	721.79
2.38732	721.43	721.43
2.39926	721.071	721.071
2.4112	720.711	720.711
2.42313	720.351	720.351
2.43507	719.991	719.991
2.44701	719.63	719.63
2.45894	719.27	719.27
2.47088	718.909	718.909
2.48282	718.548	718.548
2.49475	718.186	718.186
2.50669	717.825	717.825
2.51863	717.463	717.463
2.53056	717.101	717.101
2.5425	716.738	716.739
2.55444	716.376	716.376
2.56637	716.013	716.013
2.57831	715.65	715.65
2.59025	715.287	715.287
2.60218	714.924	714.924
2.61412	714.56	714.56
2.62606	714.197	714.197
2.63799	713.833	713.833
2.64993	713.468	713.468
2.66187	713.104	713.104
2.6738	712.739	712.739
2.68574	712.374	712.374
2.69768	712.009	712.009
2.70961	711.644	711.644
2.72155	711.279	711.279
2.73349	710.913	710.913
2.74542	710.547	710.547
2.75736	710.181	710.181
2.7693	709.815	709.815
2.78123	709.448	709.448
2.79317	709.082	709.082
2.80511	708.715	708.715
2.81704	708.348	708.348
2.82898	707.981	707.981
2.84092	707.613	707.613
2.85285	707.246	707.246
2.86479	706.878	706.878
2.87673	706.51	706.51
2.88866	706.142	706.142
2.9006	705.773	705.773
2.91254	705.405	705.405
2.92447	705.036	705.036
2.93641	704.667	704.667
2.94835	704.298	704.298
2.96028	703.929	703.929
2.97222	703.559	703.559
2.98416	703.189	703.189
2.99609	702.82	702.82
3.00803	702.45	702.45
3.01997	702.079	702.079
3.0319	701.709	701.709
3.04384	701.338	701.339
3.05577	700.968	700.968
3.06771	700.597	700.597
3.07965	700.226	700.226
3.09158	699.855	699.855
3.10352	699.483	699.483
3.11546	699.112	699.112
3.12739	698.74	698.74
3.13933	698.368	698.368
3.15127	697.996	697.996
3.1632	697.624	697.624
3.17514	697.251	697.252
3.18708	696.879	696.879
3.19901	696.506	696.506
3.21095	696.133	696.133
3.22289	695.76	695.76
3.23482	695.387	695.387
3.24676	695.014	695.014
3.2587	694.641	694.641
3.27063	694.267	694.267
3.28257	693.893	693.893
3.29451	693.519	693.519
3.30644	693.145	693.145
3.31838	692.771	692.771
3.33032	692.397	692.397
3.34225	692.022	692.022
3.35419	691.647	691.647
3.36613	691.273	691.273
3.37806	690.898	690.898
3.39	690.523	690.523
3.40194	690.147	690.147
3.41387	689.772	689.772
3.42581	689.396	689.396
3.43775	689.021	689.021
3.44968	688.645	688.645
3.46162	688.269	688.269
3.47356	687.893	687.893
3.48549	687.517	687.517
3.49743	687.14	687.141
3.50937	686.764	686.764
3.5213	686.387	686.387
3.53324	686.011	686.011
3.54518	685.634	685.634
3.55711	685.257	685.257
3.56905	684.88	684.88
3.58099	684.503	684.503
3.59292	684.125	684.125
3.60486	683.748	683.748
3.6168	683.37	683.37
3.62873	682.992	682.992
3.64067	682.614	682.615
3.65261	682.237	682.237
3.66454	681.858	681.858
3.67648	681.48	681.48
3.68842	681.102	681.102
3.70035	680.723	680.723
3.71229	680.345	680.345
3.72423	679.966	679.966
3.73616	679.587	679.587
3.7481	679.209	679.209
3.76004	678.829	678.83
3.77197	678.45	678.45
3.78391	678.071	678.071
3.79585	677.692	677.692
3.80778	677.312	677.312
3.81972	676.933	676.933
3.83166	676.553	676.553
3.84359	676.173	676.173
3.85553	675.793	675.793
3.86747	675.413	675.413
3.8794	675.033	675.033
3.89134	674.653	674.653
3.90327	674.273	674.273
3.91521	673.892	673.892
3.92715	673.512	673.512
3.93908	673.131	673.131
3.95102	672.751	672.751
3.96296	672.37	672.37
3.97489	671.989	671.989
3.98683	671.608	671.608
3.99877	671.227	671.227
4.0107	670.846	670.846
4.02264	670.464	670.465
4.03458	670.083	670.083
4.04651	669.702	669.702
4.05845	669.32	669.32
4.07039	668.939	668.939
4.08232	668.557	668.557
4.09426	668.175	668.175
4.1062	667.793	667.793
4.11813	667.411	667.411
4.13007	667.029	667.029
4.14201	666.647	666.647
4.15394	666.265	666.265
4.16588	665.882	665.882
4.17782	665.5	665.5
4.18975	665.117	665.117
4.20169	664.735	664.735
4.21363	664.352	664.352
4.22556	663.97	663.97
4.2375	663.587	663.587
4.24944	663.204	663.204
4.26137	662.821	662.821
4.27331	662.438	662.438
4.28525	662.055	662.055
4.29718	661.672	661.672
4.30912	661.288	661.288
4.32106	660.905	660.905
4.33299	660.522	660.522
4.34493	660.138	660.138
4.35687	659.754	659.755
4.3688	659.371	659.371
4.38074	658.987	658.987
4.39268	658.603	658.603
4.40461	658.22	658.22
4.41655	657.836	657.836
4.42849	657.452	657.452
4.44042	657.068	657.068
4.45236	656.684	656.684
4.4643	656.299	656.299
4.47623	655.915	655.915
4.48817	655.531	655.531
4.50011	655.147	655.147
4.51204	654.762	654.762
4.52398	654.378	654.378
4.53592	653.993	653.993
4.54785	653.609	653.609
4.55979	653.224	653.224
4.57173	652.839	652.839
4.58366	652.454	652.454
4.5956	652.07	652.07
4.60754	651.685	651.685
4.61947	651.3	651.3
4.63141	650.915	650.915
4.64335	650.53	650.53
4.65528	650.145	650.145
4.66722	649.759	649.76
4.67916	649.374	649.374
4.69109	648.989	648.989
4.70303	648.604	648.604
4.71497	648.218	648.218
4.7269	647.833	647.833
4.73884	647.447	647.447
4.75078	647.062	647.062
4.76271	646.676	646.676
4.77465	646.291	646.291
4.78658	645.905	645.905
4.79852	645.519	645.519
4.81046	645.134	645.134
4.82239	644.748	644.748
4.83433	644.362	644.362
4.84627	643.976	643.976
4.8582	643.59	643.59
4.87014	643.204	643.204
4.88208	642.818	642.818
4.89401	642.432	642.432
4.90595	642.046	642.046
4.91789	641.66	641.66
4.92982	641.274	641.274
4.94176	640.887	640.887
4.9537	640.501	640.501
4.96563	640.115	640.115
4.97757	639.728	639.728
4.98951	639.342	639.342
5.00144	638.956	638.956
5.01338	638.569	638.569
5.02532	638.183	638.183
5.03725	637.796	637.796
5.04919	637.41	637.41
5.06113	637.023	637.023
5.07306	636.636	636.636
5.085	636.25	636.25
5.09694	635.863	635.863
5.10887	635.476	635.476
5.12081	635.089	635.089
5.13275	634.703	634.703
5.14468	634.316	634.316
5.15662	633.929	633.929
5.16856	633.542	633.542
5.18049	633.155	633.155
5.19243	632.768	632.768
5.20437	632.381	632.381
5.2163	631.994	631.994
5.22824	631.607	631.607
5.24018	631.22	631.22
5.25211	630.833	630.833
5.26405	630.446	630.446
5.27599	630.059	630.059
5.28792	629.671	629.671
5.29986	629.284	629.284
5.3118	628.897	628.897
5.32373	628.51	628.51
5.33567	628.122	628.122
5.34761	627.735	627.735
5.35954	627.348	627.348
5.37148	626.96	626.96
5.38342	626.573	626.573
5.39535	626.186	626.186
5.40729	625.798	625.798
5.41923	625.411	625.411
5.43116	625.023	625.023
5.4431	624.636	624.636
5.45504	624.248	624.248
5.46697	623.861	623.861
5.47891	623.473	623.473
5.49085	623.086	623.086
5.50278	622.698	622.698
5.51472	622.31	622.31
5.52666	621.923	621.923
5.53859	621.535	621.535
5.55053	621.147	621.147
5.56247	620.76	620.76
5.5744	620.372	620.372
5.58634	619.984	619.984
5.59828	619.596	619.596
5.61021	619.209	619.209
5.62215	618.821	618.821
5.63408	618.433	618.433
5.64602	618.045	618.045
5.65796	617.657	617.657
5.66989	617.27	617.27
5.68183	616.882	616.882
5.69377	616.494	616.494
5.7057	616.106	616.106
5.71764	615.718	615.718
5.72958	615.33	615.33
5.74151	614.942	614.942
5.75345	614.554	614.554
5.76539	614.166	614.166
5.77732	613.778	613.778
5.78926	613.39	613.39
5.8012	613.002	613.002
5.81313	612.614	612.614
5.82507	612.226	612.226
5.83701	611.838	611.838
5.84894	611.45	611.45
5.86088	611.062	611.062
5.87282	610.674	610.674
5.88475	610.286	610.286
5.89669	609.898	609.898
5.90863	609.51	609.51
5.92056	609.122	609.122
5.9325	608.734	608.734
5.94444	608.346	608.346
5.95637	607.958	607.958
5.96831	607.569	607.569
5.98025	607.181	607.181
5.99218	606.793	606.793
6.00412	606.405	606.405
6.01606	606.017	606.017
6.02799	605.629	605.629
6.03993	605.24	605.24
6.05187	604.852	604.852
6.0638	604.464	604.464
6.07574	604.076	604.076
6.08768	603.688	603.688
6.09961	603.299	603.299
6.11155	602.911	602.911
6.12349	602.523	602.523
6.13542	602.135	602.135
6.14736	601.746	601.746
6.1593	601.358	601.358
6.17123	600.97	600.97
6.18317	600.582	600.582
6.19511	600.193	600.193
6.20704	599.805	599.805
6.21898	599.417	599.417
6.23092	599.028	599.028
6.24285	598.64	598.64
6.25479	598.252	598.252
6.26673	597.863	597.863
6.27866	597.475	597.475
6.2906	597.087	597.087
6.30254	596.698	596.698
6.31447	596.31	596.31
6.32641	595.922	595.922
6.33835	595.533	595.533
6.35028	595.145	595.145
6.36222	594.757	594.757
6.37416	594.368	594.368
6.38609	593.98	593.98
6.39803	593.592	593.592
6.40997	593.203	593.203
6.4219	592.815	592.815
6.43384	592.426	592.426
6.44578	592.038	592.038
6.45771	591.65	591.65
6.46965	591.261	591.261
6.48159	590.873	590.873
6.49352	590.484	590.484
6.50546	590.096	590.096
6.51739	589.708	589.708
6.52933	589.319	589.319
6.54127	588.931	588.931
6.5532	588.542	588.542
6.56514	588.154	588.154
6.57708	587.765	587.765
6.58901	587.377	587.377
6.60095	586.989	586.989
6.61289	586.6	586.6
6.62482	586.212	586.212
6.63676	585.823	585.823
6.6487	585.435	585.435
6.66063	585.046	585.046
6.67257	584.658	584.658
6.68451	584.269	584.269
6.69644	583.881	583.881
6.70838	583.492	583.492
6.72032	583.104	583.104
6.73225	582.715	582.715
6.74419	582.327	582.327
6.75613	581.938	581.938
6.76806	581.55	581.55
6.78	581.161	581.161
6.79194	580.773	580.773
6.80387	580.384	580.384
6.81581	579.996	579.996
6.82775	579.607	579.607
6.83968	579.219	579.219
6.85162	578.83	578.83
6.86356	578.442	578.442
6.87549	578.053	578.053
6.88743	577.665	577.665
6.89937	577.276	577.276
6.9113	576.887	576.887
6.92324	576.499	576.499
6.93518	576.11	576.11
6.94711	575.722	575.722
6.95905	575.333	575.333
6.97099	574.945	574.945
6.98292	574.556	574.556
6.99486	574.167	574.167
7.0068	573.779	573.779
7.01873	573.39	573.39
7.03067	573.002	573.002
7.04261	572.613	572.613
7.05454	572.224	572.224
7.06648	571.836	571.836
7.07842	571.447	571.447
7.09035	571.058	571.058
7.10229	570.67	570.67
7.11423	570.281	570.281
7.12616	569.892	569.892
7.1381	569.504	569.504
7.15004	569.115	569.115
7.16197	568.726	568.726
7.17391	568.338	568.338
7.18585	567.949	567.949
7.19778	567.56	567.56
7.20972	567.172	567.172
7.22166	566.783	566.783
7.23359	566.394	566.394
7.24553	566.005	566.005
7.25747	565.617	565.617
7.2694	565.228	565.228
7.28134	564.839	564.839
7.29328	564.45	564.45
7.30521	564.062	564.062
7.31715	563.673	563.673
7.32909	563.284	563.284
7.34102	562.895	562.895
7.35296	562.506	562.506
7.36489	562.118	562.118
7.37683	561.729	561.729
7.38877	561.34	561.34
7.4007	560.951	560.951
7.41264	560.562	560.562
7.42458	560.173	560.173
7.43651	559.784	559.784
7.44845	559.395	559.395
7.46039	559.007	559.007
7.47232	558.618	558.618
7.48426	558.229	558.229
7.4962	557.84	557.84
7.50813	557.451	557.451
7.52007	557.062	557.062
7.53201	556.673	556.673
7.54394	556.284	556.284
7.55588	555.895	555.895
7.56782	555.506	555.506
7.57975	555.117	555.117
7.59169	554.728	554.728
7.60363	554.339	554.339
7.61556	553.95	553.95
7.6275	553.561	553.561
7.63944	553.172	553.172
7.65137	552.782	552.782
7.66331	552.393	552.393
7.67525	552.004	552.004
7.68718	551.615	551.615
7.69912	551.226	551.226
7.71106	550.837	550.837
7.72299	550.447	550.448
7.73493	550.058	550.058
7.74687	549.669	549.669
7.7588	549.28	549.28
7.77074	548.891	548.891
7.78268	548.501	548.501
7.79461	548.112	548.112
7.80655	547.723	547.723
7.81849	547.333	547.333
7.83042	546.944	546.944
7.84236	546.555	546.555
7.8543	546.165	546.165
7.86623	545.776	545.776
7.87817	545.387	545.387
7.89011	544.997	544.997
7.90204	544.608	544.608
7.91398	544.218	544.218
7.92592	543.829	543.829
7.93785	543.439	543.439
7.94979	543.05	543.05
7.96173	542.66	542.66
7.97366	542.271	542.271
7.9856	541.881	541.881
7.99754	541.491	541.491
8.00947	541.102	541.102
8.02141	540.712	540.712
8.03335	540.322	540.322
8.04528	539.933	539.933
8.05722	539.543	539.543
8.06916	539.153	539.153
8.08109	538.764	538.764
8.09303	538.374	538.374
8.10497	537.984	537.984
8.1169	537.594	537.594
8.12884	537.204	537.204
8.14078	536.815	536.815
8.15271	536.425	536.425
8.16465	536.035	536.035
8.17659	535.645	535.645
8.18852	535.255	535.255
8.20046	534.865	534.865
8.2124	534.475	534.475
8.22433	534.085	534.085
8.23627	533.695	533.695
8.2482	533.305	533.305
8.26014	532.915	532.915
8.27208	532.525	532.525
8.28401	532.134	532.135
8.29595	531.744	531.744
8.30789	531.354	531.354
8.31982	530.964	530.964
8.33176	530.574	530.574
8.3437	530.183	530.183
8.35563	529.793	529.793
8.36757	529.403	529.403
8.37951	529.012	529.012
8.39144	528.622	528.622
8.40338	528.232	528.232
8.41532	527.841	527.841
8.42725	527.451	527.451
8.43919	527.06	527.06
8.45113	526.67	526.67
8.46306	526.279	526.279
8.475	525.889	525.889
8.48694	525.498	525.498
8.49887	525.107	525.107
8.51081	524.717	524.717
8.52275	524.326	524.326
8.53468	523.935	523.935
8.54662	523.545	523.545
8.55856	523.154	523.154
8.57049	522.763	522.763
8.58243	522.372	522.372
8.59437	521.981	521.981
8.6063	521.591	521.591
8.61824	521.2	521.2
8.63018	520.809	520.809
8.64211	520.418	520.418
8.65405	520.027	520.027
8.66599	519.636	519.636
8.67792	519.245	519.245
8.68986	518.854	518.854
8.7018	518.462	518.462
8.71373	518.071	518.071
8.72567	517.68	517.68
8.73761	517.289	517.289
8.74954	516.898	516.898
8.76148	516.506	516.506
8.77342	516.115	516.115
8.78535	515.724	515.724
8.79729	515.332	515.332
8.80923	514.941	514.941
8.82116	514.549	514.549
8.8331	514.158	514.158
8.84504	513.766	513.766
8.85697	513.375	513.375
8.86891	512.983	512.983
8.88085	512.592	512.592
8.89278	512.2	512.2
8.90472	511.808	511.808
8.91666	511.417	511.417
8.92859	511.025	511.025
8.94053	510.633	510.633
8.95247	510.241	510.241
8.9644	509.85	509.85
8.97634	509.458	509.458
8.98828	509.066	509.066
9.00021	508.674	508.674
9.01215	508.282	508.282
9.02409	507.89	507.89
9.03602	507.498	507.498
9.04796	507.106	507.106
9.0599	506.714	506.714
9.07183	506.322	506.322
9.08377	505.929	505.929
9.0957	505.537	505.537
9.10764	505.145	505.145
9.11958	504.753	504.753
9.13151	504.361	504.361
9.14345	503.968	503.968
9.15539	503.576	503.576
9.16732	503.183	503.183
9.17926	502.791	502.791
9.1912	502.399	502.399
9.20313	502.006	502.006
9.21507	501.614	501.614
9.22701	501.221	501.221
9.23894	500.828	500.828
9.25088	500.436	500.436
9.26282	500.043	500.043
9.27475	499.65	499.651
9.28669	499.258	499.258
9.29863	498.865	498.865
9.31056	498.472	498.472
9.3225	498.079	498.079
9.33444	497.687	497.687
9.34637	497.294	497.294
9.35831	496.901	496.901
9.37025	496.508	496.508
9.38218	496.115	496.115
9.39412	495.722	495.722
9.40606	495.329	495.329
9.41799	494.936	494.936
9.42993	494.543	494.543
9.44187	494.15	494.15
9.4538	493.757	493.757
9.46574	493.363	493.363
9.47768	492.97	492.97
9.48961	492.577	492.577
9.50155	492.184	492.184
9.51349	491.79	491.79
9.52542	491.397	491.397
9.53736	491.004	491.004
9.5493	490.61	490.61
9.56123	490.217	490.217
9.57317	489.824	489.824
9.58511	489.43	489.43
9.59704	489.037	489.037
9.60898	488.643	488.643
9.62092	488.25	488.25
9.63285	487.856	487.856
9.64479	487.463	487.463
9.65673	487.069	487.069
9.66866	486.675	486.675
9.6806	486.282	486.282
9.69254	485.888	485.888
9.70447	485.494	485.494
9.71641	485.101	485.101
9.72835	484.707	484.707
9.74028	484.313	484.313
9.75222	483.919	483.919
9.76416	483.525	483.525
9.77609	483.132	483.132
9.78803	482.738	482.738
9.79997	482.344	482.344
9.8119	481.95	481.95
9.82384	481.556	481.556
9.83578	481.162	481.162
9.84771	480.768	480.768
9.85965	480.374	480.374
9.87159	479.98	479.98
9.88352	479.586	479.586
9.89546	479.192	479.192
9.9074	478.798	478.798
9.91933	478.404	478.404
9.93127	478.01	478.01
9.94321	477.616	477.616
9.95514	477.222	477.222
9.96708	476.828	476.828
9.97901	476.434	476.434
9.99095	476.04	476.04
10.0029	475.645	475.645
10.0148	475.251	475.251
10.0268	474.857	474.857
10.0387	474.463	474.463
10.0506	474.069	474.069
10.0626	473.675	473.675
10.0745	473.28	473.28
10.0864	472.886	472.886
10.0984	472.492	472.492
10.1103	472.098	472.098
10.1223	471.703	471.703
10.1342	471.309	471.309
10.1461	470.915	470.915
10.1581	470.521	470.521
10.17	470.127	470.127
10.1819	469.732	469.732
10.1939	469.338	469.338
10.2058	468.944	468.944
10.2177	468.55	468.55
10.2297	468.155	468.155
10.2416	467.761	467.761
10.2536	467.367	467.367
10.2655	466.973	466.973
10.2774	466.578	466.578
10.2894	466.184	466.184
10.3013	465.79	465.79
10.3132	465.396	465.396
10.3252	465.002	465.002
10.3371	464.607	464.607
10.3491	464.213	464.213
10.361	463.819	463.819
10.3729	463.425	463.425
10.3849	463.031	463.031
10.3968	462.637	462.637
10.4087	462.243	462.243
10.4207	461.849	461.849
10.4326	461.455	461.455
10.4445	461.061	461.061
10.4565	460.666	460.666
10.4684	460.272	460.272
10.4804	459.878	459.878
10.4923	459.485	459.485
10.5042	459.091	459.091
10.5162	458.697	458.697
10.5281	458.303	458.303
10.54	457.909	457.909
10.552	457.515	457.515
10.5639	457.121	457.121
10.5758	456.728	456.728
10.5878	456.334	456.334
10.5997	455.94	455.94
10.6117	455.546	455.546
10.6236	455.153	455.153
10.6355	454.759	454.759
10.6475	454.366	454.366
10.6594	453.972	453.972
10.6713	453.579	453.579
10.6833	453.185	453.185
10.6952	452.792	452.792
10.7071	452.398	452.398
10.7191	452.005	452.005
10.731	451.612	451.612
10.743	451.219	451.219
10.7549	450.825	450.825
10.7668	450.432	450.432
10.7788	450.039	450.039
10.7907	449.646	449.646
10.8026	449.253	449.253
10.8146	448.86	448.86
10.8265	448.467	448.467
10.8385	448.075	448.075
10.8504	447.682	447.682
10.8623	447.289	447.289
10.8743	446.897	446.897
10.8862	446.504	446.504
10.8981	446.112	446.112
10.9101	445.719	445.719
10.922	445.327	445.327
10.9339	444.935	444.935
10.9459	444.542	444.542
10.9578	444.15	444.15
10.9698	443.758	443.758
10.9817	443.366	443.366
10.9936	442.974	442.974
11.0056	442.583	442.583
11.0175	442.191	442.191
11.0294	441.799	441.799
11.0414	441.408	441.408
11.0533	441.016	441.016
11.0652	440.625	440.625
11.0772	440.233	440.233
11.0891	439.842	439.842
11.1011	439.451	439.451
11.113	439.06	439.06
11.1249	438.669	438.669
11.1369	438.278	438.278
11.1488	437.888	437.888
11.1607	437.497	437.497
11.1727	437.106	437.106
11.1846	436.716	436.716
11.1966	436.326	436.326
11.2085	435.936	435.935
11.2204	435.545	435.545
11.2324	435.155	435.155
11.2443	434.766	434.766
11.2562	434.376	434.376
11.2682	433.986	433.986
11.2801	433.597	433.597
11.292	433.207	433.207
11.304	432.818	432.818
11.3159	432.429	432.429
11.3279	432.04	432.04
11.3398	431.651	431.651
11.3517	431.262	431.262
11.3637	430.874	430.874
11.3756	430.485	430.485
11.3875	430.097	430.097
11.3995	429.709	429.709
11.4114	429.321	429.32
11.4233	428.933	428.933
11.4353	428.545	428.545
11.4472	428.157	428.157
11.4592	427.77	427.77
11.4711	427.382	427.382
11.483	426.995	426.995
11.495	426.608	426.608
11.5069	426.221	426.221
11.5188	425.835	425.835
11.5308	425.448	425.448
11.5427	425.062	425.062
11.5546	424.675	424.675
11.5666	424.289	424.289
11.5785	423.904	423.903
11.5905	423.518	423.518
11.6024	423.132	423.132
11.6143	422.747	422.747
11.6263	422.362	422.362
11.6382	421.977	421.977
11.6501	421.592	421.592
11.6621	421.207	421.207
11.674	420.823	420.823
11.686	420.439	420.439
11.6979	420.055	420.055
11.7098	419.671	419.671
11.7218	419.287	419.287
11.7337	418.904	418.904
11.7456	418.52	418.52
11.7576	418.137	418.137
11.7695	417.755	417.755
11.7814	417.372	417.372
11.7934	416.99	416.989
11.8053	416.607	416.607
11.8173	416.225	416.225
11.8292	415.844	415.844
11.8411	415.462	415.462
11.8531	415.081	415.081
11.865	414.7	414.7
11.8769	414.319	414.319
11.8889	413.938	413.938
11.9008	413.558	413.558
11.9127	413.178	413.177
11.9247	412.798	412.798
11.9366	412.418	412.418
11.9486	412.039	412.038
11.9605	411.659	411.659
11.9724	411.28	411.28
11.9844	410.902	410.902
11.9963	410.523	410.523
12.0082	410.145	410.145
12.0202	409.767	409.767
12.0321	409.389	409.389
12.0441	409.012	409.012
12.056	408.635	408.635
12.0679	408.258	408.258
12.0799	407.881	407.881
12.0918	407.505	407.505
12.1037	407.129	407.129
12.1157	406.753	406.753
12.1276	406.378	406.378
12.1395	406.003	406.003
12.1515	405.628	405.628
12.1634	405.253	405.253
12.1754	404.879	404.879
12.1873	404.505	404.505
12.1992	404.131	404.131
12.2112	403.758	403.757
12.2231	403.384	403.384
12.235	403.012	403.011
12.247	402.639	402.639
12.2589	402.267	402.267
12.2708	401.895	401.895
12.2828	401.523	401.523
12.2947	401.152	401.152
12.3067	400.781	400.781
12.3186	400.411	400.411
12.3305	400.04	400.04
12.3425	399.67	399.67
12.3544	399.301	399.301
12.3663	398.932	398.931
12.3783	398.563	398.562
12.3902	398.194	398.194
12.4021	397.826	397.826
12.4141	397.458	397.458
12.426	397.09	397.09
12.438	396.723	396.723
12.4499	396.356	396.356
12.4618	395.99	395.99
12.4738	395.624	395.623
12.4857	395.258	395.258
12.4976	394.892	394.892
12.5096	394.527	394.527
12.5215	394.163	394.163
12.5335	393.799	393.798
12.5454	393.435	393.434
12.5573	393.071	393.071
12.5693	392.708	392.708
12.5812	392.345	392.345
12.5931	391.983	391.983
12.6051	391.621	391.621
12.617	391.259	391.259
12.6289	390.898	390.898
12.6409	390.537	390.537
12.6528	390.177	390.177
12.6648	389.817	389.817
12.6767	389.458	389.457
12.6886	389.098	389.098
12.7006	388.74	388.74
12.7125	388.381	388.381
12.7244	388.023	388.023
12.7364	387.666	387.666
12.7483	387.309	387.309
12.7602	386.952	386.952
12.7722	386.596	386.596
12.7841	386.241	386.24
12.7961	385.885	385.885
12.808	385.53	385.53
12.8199	385.176	385.176
12.8319	384.822	384.822
12.8438	384.469	384.468
12.8557	384.115	384.115
12.8677	383.763	383.763
12.8796	383.411	383.411
12.8916	383.059	383.059
12.9035	382.708	382.708
12.9154	382.357	382.357
12.9274	382.007	382.007
12.9393	381.657	381.657
12.9512	381.308	381.308
12.9632	380.959	380.959
12.9751	380.61	380.61
12.987	380.263	380.262
12.999	379.915	379.915
13.0109	379.568	379.568
13.0229	379.222	379.222
13.0348	378.876	378.876
13.0467	378.531	378.53
13.0587	378.186	378.186
13.0706	377.841	377.841
13.0825	377.497	377.497
13.0945	377.154	377.154
13.1064	376.811	376.811
13.1183	376.469	376.469
13.1303	376.127	376.127
13.1422	375.786	375.785
13.1542	375.445	375.445
13.1661	375.105	375.104
13.178	374.765	374.765
13.19	374.426	374.426
13.2019	374.087	374.087
13.2138	373.749	373.749
13.2258	373.411	373.411
13.2377	373.074	373.074
13.2496	372.738	372.738
13.2616	372.402	372.402
13.2735	372.067	372.066
13.2855	371.732	371.732
13.2974	371.397	371.397
13.3093	371.064	371.064
13.3213	370.731	370.73
13.3332	370.398	370.398
13.3451	370.066	370.066
13.3571	369.735	369.734
13.369	369.404	369.404
13.381	369.074	369.073
13.3929	368.744	368.744
13.4048	368.415	368.415
13.4168	368.086	368.086
13.4287	367.758	367.758
13.4406	367.431	367.431
13.4526	367.104	367.104
13.4645	366.778	366.778
13.4764	366.453	366.452
13.4884	366.128	366.127
13.5003	365.803	365.803
13.5123	365.48	365.479
13.5242	365.157	365.156
13.5361	364.834	364.834
13.5481	364.512	364.512
13.56	364.191	364.191
13.5719	363.87	363.87
13.5839	363.55	363.55
13.5958	363.231	363.231
13.6077	362.912	362.912
13.6197	362.594	362.594
13.6316	362.277	362.276
13.6436	361.96	361.959
13.6555	361.644	361.643
13.6674	361.328	361.328
13.6794	361.013	361.013
13.6913	360.699	360.699
13.7032	360.385	360.385
13.7152	360.072	360.072
13.7271	359.76	359.76
13.7391	359.448	359.448
13.751	359.137	359.137
13.7629	358.827	358.827
13.7749	358.517	358.517
13.7868	358.208	358.208
13.7987	357.9	357.9
13.8107	357.592	357.592
13.8226	357.285	357.285
13.8345	356.979	356.979
13.8465	356.673	356.673
13.8584	356.368	356.368
13.8704	356.064	356.064
13.8823	355.761	355.76
13.8942	355.458	355.458
13.9062	355.156	355.155
13.9181	354.854	354.854
13.93	354.553	354.553
13.942	354.253	354.253
13.9539	353.954	353.954
13.9658	353.655	353.655
13.9778	353.357	353.357
13.9897	353.06	353.06
14.0017	352.763	352.763
14.0136	352.468	352.467
14.0255	352.172	352.172
14.0375	351.878	351.878
14.0494	351.584	351.584
14.0613	351.291	351.291
14.0733	350.999	350.999
14.0852	350.708	350.707
14.0971	350.417	350.416
14.1091	350.127	350.126
14.121	349.837	349.837
14.133	349.549	349.548
14.1449	349.261	349.261
14.1568	348.974	348.973
14.1688	348.687	348.687
14.1807	348.402	348.401
14.1926	348.117	348.116
14.2046	347.833	347.832
14.2165	347.549	347.549
14.2285	347.267	347.266
14.2404	346.985	346.984
14.2523	346.703	346.703
14.2643	346.423	346.423
14.2762	346.143	346.143
14.2881	345.865	345.864
14.3001	345.586	345.586
14.312	345.309	345.309
14.3239	345.032	345.032
14.3359	344.757	344.756
14.3478	344.482	344.481
14.3598	344.207	344.207
14.3717	343.934	343.933
14.3836	343.661	343.661
14.3956	343.389	343.389
14.4075	343.118	343.118
14.4194	342.847	342.847
14.4314	342.578	342.578
14.4433	342.309	342.309
14.4552	342.041	342.041
14.4672	341.774	341.773
14.4791	341.507	341.507
14.4911	341.241	341.241
14.503	340.977	340.976
14.5149	340.712	340.712
14.5269	340.449	340.449
14.5388	340.187	340.186
14.5507	339.925	339.925
14.5627	339.664	339.664
14.5746	339.404	339.403
14.5866	339.144	339.144
14.5985	338.886	338.886
14.6104	338.628	338.628
14.6224	338.371	338.371
14.6343	338.115	338.115
14.6462	337.86	337.859
14.6582	337.605	337.605
14.6701	337.351	337.351
14.682	337.099	337.098
14.694	336.846	336.846
14.7059	336.595	336.595
14.7179	336.345	336.344
14.7298	336.095	336.095
14.7417	335.846	335.846
14.7537	335.598	335.598
14.7656	335.351	335.351
14.7775	335.105	335.104
14.7895	334.859	334.859
14.8014	334.614	334.614
14.8133	334.371	334.37
14.8253	334.127	334.127
14.8372	333.885	333.885
14.8492	333.644	333.643
14.8611	333.403	333.403
14.873	333.163	333.163
14.885	332.924	332.924
14.8969	332.686	332.686
14.9088	332.449	332.449
14.9208	332.213	332.212
14.9327	331.977	331.977
14.9446	331.742	331.742
14.9566	331.508	331.508
14.9685	331.275	331.275
14.9805	331.043	331.043
14.9924	330.811	330.811
15.0043	330.581	330.58
15.0163	330.351	330.351
15.0282	330.122	330.122
15.0401	329.894	329.894
15.0521	329.667	329.666
15.064	329.44	329.44
15.076	329.215	329.214
15.0879	328.99	328.99
15.0998	328.766	328.766
15.1118	328.543	328.543
15.1237	328.321	328.32
15.1356	328.099	328.099
15.1476	327.879	327.879
15.1595	327.659	327.659
15.1714	327.44	327.44
15.1834	327.222	327.222
15.1953	327.005	327.005
15.2073	326.789	326.789
15.2192	326.573	326.573
15.2311	326.359	326.359
15.2431	326.145	326.145
15.255	325.932	325.932
15.2669	325.72	325.72
15.2789	325.509	325.508
15.2908	325.298	325.298
15.3027	325.089	325.089
15.3147	324.88	324.88
15.3266	324.672	324.672
15.3386	324.465	324.465
15.3505	324.259	324.259
15.3624	324.054	324.054
15.3744	323.849	323.849
15.3863	323.646	323.645
15.3982	323.443	323.443
15.4102	323.241	323.241
15.4221	323.04	323.04
15.4341	322.84	322.839
15.446	322.64	322.64
15.4579	322.442	322.442
15.4699	322.244	322.244
15.4818	322.047	322.047
15.4937	321.851	321.851
15.5057	321.656	321.656
15.5176	321.462	321.462
15.5295	321.268	321.268
15.5415	321.076	321.075
15.5534	320.884	320.884
15.5654	320.693	320.693
15.5773	320.503	320.503
15.5892	320.314	320.313
15.6012	320.125	320.125
15.6131	319.938	319.937
15.625	319.751	319.751
15.637	319.565	319.565
15.6489	319.38	319.38
15.6608	319.196	319.196
15.6728	319.013	319.012
15.6847	318.83	318.83
15.6967	318.648	318.648
15.7086	318.468	318.467
15.7205	318.288	318.287
15.7325	318.108	318.108
15.7444	317.93	317.93
15.7563	317.753	317.752
15.7683	317.576	317.576
15.7802	317.4	317.4
15.7921	317.225	317.225
15.8041	317.051	317.051
15.816	316.878	316.877
15.828	316.705	316.705
15.8399	316.533	316.533
15.8518	316.363	316.362
15.8638	316.193	316.192
15.8757	316.023	316.023
15.8876	315.855	315.855
15.8996	315.688	315.687
15.9115	315.521	315.521
15.9235	315.355	315.355
15.9354	315.19	315.19
15.9473	315.026	315.025
15.9593	314.862	314.862
15.9712	314.7	314.699
15.9831	314.538	314.538
15.9951	314.377	314.377
16.007	314.217	314.216
16.0189	314.057	314.057
16.0309	313.899	313.899
16.0428	313.741	313.741
16.0548	313.584	313.584
16.0667	313.428	313.428
16.0786	313.273	313.273
16.0906	313.119	313.118
16.1025	312.965	312.965
16.1144	312.812	312.812
16.1264	312.66	312.66
16.1383	312.509	312.508
16.1502	312.358	312.358
16.1622	312.209	312.208
16.1741	312.06	312.06
16.1861	311.912	311.912
16.198	311.765	311.764
16.2099	311.618	311.618
16.2219	311.472	311.472
16.2338	311.328	311.327
16.2457	311.184	311.183
16.2577	311.04	311.04
16.2696	310.898	310.897
16.2816	310.756	310.756
16.2935	310.615	310.615
16.3054	310.475	310.475
16.3174	310.336	310.335
16.3293	310.197	310.197
16.3412	310.059	310.059
16.3532	309.922	309.922
16.3651	309.786	309.786
16.377	309.65	309.65
16.389	309.516	309.515
16.4009	309.382	309.381
16.4129	309.249	309.248
16.4248	309.116	309.116
16.4367	308.985	308.984
16.4487	308.854	308.853
16.4606	308.723	308.723
16.4725	308.594	308.594
16.4845	308.466	308.465
16.4964	308.338	308.337
16.5083	308.211	308.21
16.5203	308.084	308.084
16.5322	307.959	307.958
16.5442	307.834	307.833
16.5561	307.71	307.709
16.568	307.586	307.586
16.58	307.464	307.463
16.5919	307.342	307.342
16.6038	307.221	307.22
16.6158	307.1	307.1
16.6277	306.981	306.98
16.6396	306.862	306.861
16.6516	306.743	306.743
16.6635	306.626	306.626
16.6755	306.509	306.509
16.6874	306.393	306.393
16.6993	306.278	306.278
16.7113	306.163	306.163
16.7232	306.049	306.049
16.7351	305.936	305.936
16.7471	305.824	305.824
16.759	305.712	305.712
16.771	305.601	305.601
16.7829	305.491	305.491
16.7948	305.381	305.381
16.8068	305.272	305.272
16.8187	305.164	305.164
16.8306	305.057	305.056
16.8426	304.95	304.95
16.8545	304.844	304.843
16.8664	304.738	304.738
16.8784	304.634	304.633
16.8903	304.529	304.529
16.9023	304.426	304.426
16.9142	304.323	304.323
16.9261	304.221	304.221
16.9381	304.12	304.12
16.95	304.019	304.019
16.9619	303.92	303.919
16.9739	303.82	303.82
16.9858	303.722	303.721
16.9977	303.624	303.623
17.0097	303.526	303.526
17.0216	303.43	303.429
17.0336	303.334	303.333
17.0455	303.238	303.238
17.0574	303.144	303.144
17.0694	303.05	303.05
17.0813	302.956	302.956
17.0932	302.864	302.863
17.1052	302.772	302.771
17.1171	302.68	302.68
17.1291	302.589	302.589
17.141	302.499	302.499
17.1529	302.41	302.41
17.1649	302.321	302.321
17.1768	302.233	302.232
17.1887	302.145	302.145
17.2007	302.058	302.058
17.2126	301.972	301.971
17.2245	301.886	301.886
17.2365	301.801	301.801
17.2484	301.716	301.716
17.2604	301.632	301.632
17.2723	301.549	301.549
17.2842	301.466	301.466
17.2962	301.384	301.384
17.3081	301.303	301.303
17.32	301.222	301.222
17.332	301.142	301.141
17.3439	301.062	301.062
17.3558	300.983	300.983
17.3678	300.904	300.904
17.3797	300.827	300.826
17.3917	300.749	300.749
17.4036	300.672	300.672
17.4155	300.596	300.596
17.4275	300.521	300.521
17.4394	300.446	300.446
17.4513	300.371	300.371
17.4633	300.297	300.297
17.4752	300.224	300.224
17.4871	300.151	300.151
17.4991	300.079	300.079
17.511	300.008	300.007
17.523	299.937	299.936
17.5349	299.866	299.866
17.5468	299.796	299.796
17.5588	299.727	299.726
17.5707	299.658	299.658
17.5826	299.589	299.589
17.5946	299.522	299.522
17.6065	299.454	299.454
17.6185	299.388	299.388
17.6304	299.322	299.321
17.6423	299.256	299.256
17.6543	299.191	299.191
17.6662	299.126	299.126
17.6781	299.062	299.062
17.6901	298.999	298.998
17.702	298.936	298.935
17.7139	298.873	298.873
17.7259	298.811	298.811
17.7378	298.75	298.749
17.7498	298.689	298.688
17.7617	298.628	298.628
17.7736	298.568	298.568
17.7856	298.509	298.509
17.7975	298.45	298.45
17.8094	298.391	298.391
17.8214	298.333	298.333
17.8333	298.276	298.276
17.8452	298.219	298.219
17.8572	298.162	298.162
17.8691	298.106	298.106
17.8811	298.05	298.05
17.893	297.995	297.995
17.9049	297.941	297.941
17.9169	297.887	297.886
17.9288	297.833	297.833
17.9407	297.78	297.779
17.9527	297.727	297.727
17.9646	297.674	297.674
17.9766	297.623	297.622
17.9885	297.571	297.571
18.0004	297.52	297.52
18.0124	297.47	297.47
18.0243	297.42	297.42
18.0362	297.37	297.37
18.0482	297.321	297.321
18.0601	297.272	297.272
18.072	297.224	297.224
18.084	297.176	297.176
18.0959	297.128	297.128
18.1079	297.081	297.081
18.1198	297.035	297.035
18.1317	296.989	296.989
18.1437	296.943	296.943
18.1556	296.898	296.897
18.1675	296.853	296.853
18.1795	296.808	296.808
18.1914	296.764	296.764
18.2033	296.72	296.72
18.2153	296.677	296.677
18.2272	296.634	296.634
18.2392	296.592	296.592
18.2511	296.55	296.549
18.263	296.508	296.508
18.275	296.467	296.466
18.2869	296.426	296.426
18.2988	296.385	296.385
18.3108	296.345	296.345
18.3227	296.305	296.305
18.3346	296.266	296.266
18.3466	296.227	296.227
18.3585	296.188	296.188
18.3705	296.15	296.15
18.3824	296.112	296.112
18.3943	296.075	296.074
18.4063	296.037	296.037
18.4182	296.001	296
18.4301	295.964	295.964
18.4421	295.928	295.928
18.454	295.892	295.892
18.466	295.857	295.857
18.4779	295.822	295.822
18.4898	295.787	295.787
18.5018	295.753	295.753
18.5137	295.719	295.719
18.5256	295.685	295.685
18.5376	295.652	295.652
18.5495	295.619	295.619
18.5614	295.586	295.586
18.5734	295.554	295.554
18.5853	295.522	295.522
18.5973	295.49	295.49
18.6092	295.459	295.459
18.6211	295.428	295.428
18.6331	295.397	295.397
18.645	295.367	295.367
18.6569	295.337	295.336
18.6689	295.307	295.307
18.6808	295.277	295.277
18.6927	295.248	295.248
18.7047	295.219	295.219
18.7166	295.191	295.191
18.7286	295.162	295.162
18.7405	295.135	295.134
18.7524	295.107	295.107
18.7644	295.079	295.079
18.7763	295.052	295.052
18.7882	295.026	295.025
18.8002	294.999	294.999
18.8121	294.973	294.973
18.8241	294.947	294.947
18.836	294.921	294.921
18.8479	294.896	294.896
18.8599	294.871	294.871
18.8718	294.846	294.846
18.8837	294.821	294.821
18.8957	294.797	294.797
18.9076	294.773	294.773
18.9195	294.749	294.749
18.9315	294.726	294.726
18.9434	294.702	294.702
18.9554	294.679	294.679
18.9673	294.657	294.657
18.9792	294.634	294.634
18.9912	294.612	294.612
19.0031	294.59	294.59
19.015	294.568	294.568
19.027	294.547	294.547
19.0389	294.525	294.525
19.0508	294.504	294.504
19.0628	294.484	294.484
19.0747	294.463	294.463
19.0867	294.443	294.443
19.0986	294.423	294.423
19.1105	294.403	294.403
19.1225	294.383	294.383
19.1344	294.364	294.364
19.1463	294.345	294.345
19.1583	294.326	294.326
19.1702	294.307	294.307
19.1821	294.289	294.289
19.1941	294.27	294.27
19.206	294.252	294.252
19.218	294.234	294.234
19.2299	294.217	294.217
19.2418	294.199	294.199
19.2538	294.182	294.182
19.2657	294.165	294.165
19.2776	294.148	294.148
19.2896	294.132	294.132
19.3015	294.115	294.115
19.3135	294.099	294.099
19.3254	294.083	294.083
19.3373	294.067	294.067
19.3493	294.052	294.051
19.3612	294.036	294.036
19.3731	294.021	294.021
19.3851	294.006	294.006
19.397	293.991	293.991
19.4089	293.976	293.976
19.4209	293.962	293.962
19.4328	293.947	293.947
19.4448	293.933	293.933
19.4567	293.919	293.919
19.4686	293.905	293.905
19.4806	293.892	293.892
19.4925	293.878	293.878
19.5044	293.865	293.865
19.5164	293.852	293.852
19.5283	293.839	293.839
19.5402	293.826	293.826
19.5522	293.813	293.813
19.5641	293.801	293.801
19.5761	293.789	293.789
19.588	293.777	293.776
19.5999	293.765	293.764
19.6119	293.753	293.753
19.6238	293.741	293.741
19.6357	293.729	293.729
19.6477	293.718	293.718
19.6596	293.707	293.707
19.6716	293.696	293.696
19.6835	293.685	293.685
19.6954	293.674	293.674
19.7074	293.663	293.663
19.7193	293.653	293.653
19.7312	293.643	293.642
19.7432	293.632	293.632
19.7551	293.622	293.622
19.767	293.612	293.612
19.779	293.602	293.602
19.7909	293.593	293.593
19.8029	293.583	293.583
19.8148	293.574	293.574
19.8267	293.564	293.564
19.8387	293.555	293.555
19.8506	293.546	293.546
19.8625	293.537	293.537
19.8745	293.528	293.528
19.8864	293.52	293.52
19.8983	293.511	293.511
19.9103	293.503	293.503
19.9222	293.494	293.494
19.9342	293.486	293.486
19.9461	293.478	293.478
19.958	293.47	293.47
19.97	293.462	293.462
19.9819	293.455	293.455
19.9938	293.447	293.447
20.0058	293.439	293.439
20.0177	293.432	293.432
20.0296	293.425	293.425
20.0416	293.417	293.417
20.0535	293.41	293.41
20.0655	293.403	293.403
20.0774	293.396	293.396
20.0893	293.39	293.39
20.1013	293.383	293.383
20.1132	293.376	293.376
20.1251	293.37	293.37
20.1371	293.363	293.363
20.149	293.357	293.357
20.161	293.351	293.351
20.1729	293.345	293.345
20.1848	293.339	293.339
20.1968	293.333	293.333
20.2087	293.327	293.327
20.2206	293.321	293.321
20.2326	293.315	293.315
20.2445	293.31	293.31
20.2564	293.304	293.304
20.2684	293.299	293.299
20.2803	293.293	293.293
20.2923	293.288	293.288
20.3042	293.283	293.283
20.3161	293.278	293.278
20.3281	293.273	293.273
20.34	293.268	293.268
20.3519	293.263	293.263
20.3639	293.258	293.258
20.3758	293.253	293.253
20.3877	293.249	293.249
20.3997	293.244	293.244
20.4116	293.24	293.24
20.4236	293.235	293.235
20.4355	293.231	293.231
20.4474	293.227	293.227
20.4594	293.222	293.222
20.4713	293.218	293.218
20.4832	293.214	293.214
20.4952	293.21	293.21
20.5071	293.206	293.206
20.5191	293.202	293.202
20.531	293.198	293.198
20.5429	293.195	293.195
20.5549	293.191	293.191
20.5668	293.187	293.187
20.5787	293.184	293.184
20.5907	293.18	293.18
20.6026	293.177	293.177
20.6145	293.173	293.173
20.6265	293.17	293.17
20.6384	293.166	293.166
20.6504	293.163	293.163
20.6623	293.16	293.16
20.6742	293.157	293.157
20.6862	293.154	293.154
20.6981	293.151	293.151
20.71	293.148	293.148
20.722	293.145	293.145
20.7339	293.142	293.142
20.7458	293.139	293.139
20.7578	293.136	293.136
20.7697	293.134	293.134
20.7817	293.131	293.131
20.7936	293.128	293.128
20.8055	293.126	293.126
20.8175	293.123	293.123
20.8294	293.121	293.121
20.8413	293.118	293.118
20.8533	293.116	293.116
20.8652	293.113	293.113
20.8771	293.111	293.111
20.8891	293.109	293.109
20.901	293.106	293.106
20.913	293.104	293.104
20.9249	293.102	293.102
20.9368	293.1	293.1
20.9488	293.098	293.098
20.9607	293.096	293.096
20.9726	293.094	293.094
20.9846	293.092	293.092
20.9965	293.09	293.09
21.0085	293.088	293.088
21.0204	293.086	293.086
21.0323	293.084	293.084
21.0443	293.082	293.082
21.0562	293.081	293.081
21.0681	293.079	293.079
21.0801	293.077	293.077
21.092	293.075	293.075
21.1039	293.074	293.074
21.1159	293.072	293.072
21.1278	293.071	293.071
21.1398	293.069	293.069
21.1517	293.067	293.067
21.1636	293.066	293.066
21.1756	293.064	293.064
21.1875	293.063	293.063
21.1994	293.062	293.062
21.2114	293.06	293.06
21.2233	293.059	293.059
21.2352	293.058	293.058
21.2472	293.056	293.056
21.2591	293.055	293.055
21.2711	293.054	293.054
21.283	293.052	293.052
21.2949	293.051	293.051
21.3069	293.05	293.05
21.3188	293.049	293.049
21.3307	293.048	293.048
21.3427	293.047	293.047
21.3546	293.046	293.046
21.3666	293.045	293.045
21.3785	293.043	293.043
21.3904	293.042	293.042
21.4024	293.041	293.041
21.4143	293.04	293.04
21.4262	293.04	293.04
21.4382	293.039	293.039
21.4501	293.038	293.038
21.462	293.037	293.037
21.474	293.036	293.036
21.4859	293.035	293.035
21.4979	293.034	293.034
21.5098	293.033	293.033
21.5217	293.032	293.032
21.5337	293.032	293.032
21.5456	293.031	293.031
21.5575	293.03	293.03
21.5695	293.029	293.029
21.5814	293.029	293.029
21.5933	293.028	293.028
21.6053	293.027	293.027
21.6172	293.027	293.027
21.6292	293.026	293.026
21.6411	293.025	293.025
21.653	293.025	293.025
21.665	293.024	293.024
21.6769	293.023	293.023
21.6888	293.023	293.023
21.7008	293.022	293.022
21.7127	293.022	293.022
21.7246	293.021	293.021
21.7366	293.02	293.02
21.7485	293.02	293.02
21.7605	293.019	293.019
21.7724	293.019	293.019
21.7843	293.018	293.018
21.7963	293.018	293.018
21.8082	293.017	293.017
21.8201	293.017	293.017
21.8321	293.017	293.017
21.844	293.016	293.016
21.856	293.016	293.016
21.8679	293.015	293.015
21.8798	293.015	293.015
21.8918	293.014	293.014
21.9037	293.014	293.014
21.9156	293.014	293.014
21.9276	293.013	293.013
21.9395	293.013	293.013
21.9514	293.013	293.013
21.9634	293.012	293.012
21.9753	293.012	293.012
21.9873	293.012	293.012
21.9992	293.011	293.011
22.0111	293.011	293.011
22.0231	293.011	293.011
22.035	293.01	293.01
22.0469	293.01	293.01
22.0589	293.01	293.01
22.0708	293.009	293.009
22.0827	293.009	293.009
22.0947	293.009	293.009
22.1066	293.009	293.009
22.1186	293.008	293.008
22.1305	293.008	293.008
22.1424	293.008	293.008
22.1544	293.008	293.008
22.1663	293.007	293.007
22.1782	293.007	293.007
22.1902	293.007	293.007
22.2021	293.007	293.007
22.2141	293.007	293.007
22.226	293.006	293.006
22.2379	293.006	293.006
22.2499	293.006	293.006
22.2618	293.006	293.006
22.2737	293.006	293.006
22.2857	293.005	293.005
22.2976	293.005	293.005
22.3095	293.005	293.005
22.3215	293.005	293.005
22.3334	293.005	293.005
22.3454	293.005	293.005
22.3573	293.004	293.004
22.3692	293.004	293.004
22.3812	293.004	293.004
22.3931	293.004	293.004
22.405	293.004	293.004
22.417	293.004	293.004
22.4289	293.004	293.004
22.4408	293.004	293.004
22.4528	293.003	293.003
22.4647	293.003	293.003
22.4767	293.003	293.003
22.4886	293.003	293.003
22.5005	293.003	293.003
22.5125	293.003	293.003
22.5244	293.003	293.003
22.5363	293.003	293.003
22.5483	293.003	293.003
22.5602	293.003	293.003
22.5721	293.002	293.002
22.5841	293.002	293.002
22.596	293.002	293.002
22.608	293.002	293.002
22.6199	293.002	293.002
22.6318	293.002	293.002
22.6438	293.002	293.002
22.6557	293.002	293.002
22.6676	293.002	293.002
22.6796	293.002	293.002
22.6915	293.002	293.002
22.7035	293.002	293.002
22.7154	293.002	293.002
22.7273	293.001	293.001
22.7393	293.001	293.001
22.7512	293.001	293.001
22.7631	293.001	293.001
22.7751	293.001	293.001
22.787	293.001	293.001
22.7989	293.001	293.001
22.8109	293.001	293.001
22.8228	293.001	293.001
22.8348	293.001	293.001
22.8467	293.001	293.001
22.8586	293.001	293.001
22.8706	293.001	293.001
22.8825	293.001	293.001
22.8944	293.001	293.001
22.9064	293.001	293.001
22.9183	293.001	293.001
22.9302	293.001	293.001
22.9422	293.001	293.001
22.9541	293.001	293.001
22.9661	293.001	293.001
22.978	293.001	293.001
22.9899	293.001	293.001
23.0019	293.001	293.001
23.0138	293.001	293.001
23.0257	293.001	293.001
23.0377	293.001	293.001
23.0496	293	293
23.0616	293	293
23.0735	293	293
23.0854	293	293
23.0974	293	293
23.1093	293	293
23.1212	293	293
23.1332	293	293
23.1451	293	293
23.157	293	293
23.169	293	293
23.1809	293	293
23.1929	293	293
23.2048	293	293
23.2167	293	293
23.2287	293	293
23.2406	293	293
23.2525	293	293
23.2645	293	293
23.2764	293	293
23.2883	293	293
23.3003	293	293
23.3122	293	293
23.3242	293	293
23.3361	293	293
23.348	293	293
23.36	293	293
23.3719	293	293
23.3838	293	293
23.3958	293	293
23.4077	293	293
23.4196	293	293
23.4316	293	293
23.4435	293	293
23.4555	293	293
23.4674	293	293
23.4793	293	293
23.4913	293	293
23.5032	293	293
23.5151	293	293
23.5271	293	293
23.539	293	293
23.551	293	293
23.5629	293	293
23.5748	293	293
23.5868	293	293
23.5987	293	293
23.6106	293	293
23.6226	293	293
23.6345	293	293
23.6464	293	293
23.6584	293	293
23.6703	293	293
23.6823	293	293
23.6942	293	293
23.7061	293	293
23.7181	293	293
23.73	293	293
23.7419	293	293
23.7539	293	293
23.7658	293	293
23.7777	293	293
23.7897	293	293
23.8016	293	293
23.8136	293	293
23.8255	293	293
23.8374	293	293
23.8494	293	293
23.8613	293	293
23.8732	293	293
