0	873	872.998
0.0119366	873	872.998
0.0238732	873	872.998
0.0358099	873	872.998
0.0477465	873	872.998
0.0596831	873	872.998
0.0716197	873	872.997
0.0835563	873	872.997
0.095493	873	872.997
0.10743	873	872.997
0.119366	873	872.997
0.131303	873	872.996
0.143239	873	872.996
0.155176	873	872.996
0.167113	873	872.995
0.179049	872.999	872.995
0.190986	872.999	872.995
0.202923	872.999	872.994
0.214859	872.999	872.994
0.226796	872.999	872.993
0.238732	872.999	872.993
0.250669	872.999	872.992
0.262606	872.999	872.992
0.274542	872.999	872.991
0.286479	872.999	872.991
0.298416	872.999	872.99
0.310352	872.999	872.99
0.322289	872.998	872.989
0.334225	872.998	872.988
0.346162	872.998	872.988
0.358099	872.998	872.987
0.370035	872.998	872.986
0.381972	872.998	872.985
0.393908	872.998	872.984
0.405845	872.997	872.984
0.417782	872.997	872.983
0.429718	872.997	872.982
0.441655	872.997	872.981
0.453592	872.997	872.98
0.465528	872.996	872.979
0.477465	872.996	872.978
0.489401	872.996	872.977
0.501338	872.996	872.975
0.513275	872.995	872.974
0.525211	872.995	872.973
0.537148	872.995	872.972
0.549085	872.995	872.97
0.561021	872.994	872.969
0.572958	872.994	872.967
0.584894	872.993	872.966
0.596831	872.993	872.964
0.608768	872.993	872.963
0.620704	872.992	872.961
0.632641	872.992	872.959
0.644578	872.991	872.957
0.656514	872.991	872.955
0.668451	872.991	872.953
0.680387	872.99	872.951
0.692324	872.989	872.949
0.704261	872.989	872.947
0.716197	872.988	872.945
0.728134	872.988	872.943
0.74007	872.987	872.94
0.752007	872.987	872.938
0.763944	872.986	872.935
0.77588	872.985	872.933
0.787817	872.984	872.93
0.799754	872.984	872.927
0.81169	872.983	872.924
0.823627	872.982	872.922
0.835563	872.981	872.919
0.8475	872.98	872.915
0.859437	872.98	872.912
0.871373	872.979	872.909
0.88331	872.978	872.905
0.895247	872.977	872.902
0.907183	872.976	872.898
0.91912	872.975	872.895
0.931056	872.974	872.891
0.942993	872.972	872.887
0.95493	872.971	872.883
0.966866	872.97	872.879
0.978803	872.969	872.874
0.99074	872.967	872.87
1.00268	872.966	872.865
1.01461	872.965	872.861
1.02655	872.963	872.856
1.03849	872.962	872.851
1.05042	872.96	872.846
1.06236	872.959	872.841
1.0743	872.957	872.835
1.08623	872.955	872.83
1.09817	872.954	872.824
1.11011	872.952	872.819
1.12204	872.95	872.813
1.13398	872.948	872.807
1.14592	872.946	872.8
1.15785	872.944	872.794
1.16979	872.942	872.787
1.18173	872.94	872.781
1.19366	872.937	872.774
1.2056	872.935	872.767
1.21754	872.933	872.759
1.22947	872.93	872.752
1.24141	872.928	872.744
1.25335	872.925	872.736
1.26528	872.923	872.728
1.27722	872.92	872.72
1.28916	872.917	872.712
1.30109	872.914	872.703
1.31303	872.911	872.694
1.32496	872.908	872.685
1.3369	872.905	872.676
1.34884	872.902	872.667
1.36077	872.898	872.657
1.37271	872.895	872.647
1.38465	872.891	872.637
1.39658	872.888	872.627
1.40852	872.884	872.616
1.42046	872.88	872.605
1.43239	872.876	872.594
1.44433	872.872	872.583
1.45627	872.868	872.571
1.4682	872.864	872.559
1.48014	872.86	872.547
1.49208	872.855	872.535
1.50401	872.85	872.522
1.51595	872.846	872.509
1.52789	872.841	872.496
1.53982	872.836	872.482
1.55176	872.831	872.469
1.5637	872.826	872.454
1.57563	872.82	872.44
1.58757	872.815	872.425
1.59951	872.809	872.41
1.61144	872.803	872.395
1.62338	872.798	872.379
1.63532	872.792	872.363
1.64725	872.785	872.347
1.65919	872.779	872.33
1.67113	872.772	872.313
1.68306	872.766	872.296
1.695	872.759	872.278
1.70694	872.752	872.26
1.71887	872.745	872.241
1.73081	872.738	872.223
1.74275	872.73	872.203
1.75468	872.722	872.184
1.76662	872.715	872.164
1.77856	872.706	872.143
1.79049	872.698	872.123
1.80243	872.69	872.101
1.81437	872.681	872.08
1.8263	872.672	872.058
1.83824	872.663	872.035
1.85018	872.654	872.013
1.86211	872.645	871.989
1.87405	872.635	871.965
1.88599	872.625	871.941
1.89792	872.615	871.917
1.90986	872.605	871.891
1.9218	872.595	871.866
1.93373	872.584	871.84
1.94567	872.573	871.813
1.95761	872.562	871.786
1.96954	872.55	871.759
1.98148	872.539	871.731
1.99342	872.527	871.702
2.00535	872.514	871.673
2.01729	872.502	871.643
2.02923	872.489	871.613
2.04116	872.476	871.583
2.0531	872.463	871.551
2.06504	872.45	871.52
2.07697	872.436	871.487
2.08891	872.422	871.454
2.10085	872.407	871.421
2.11278	872.393	871.387
2.12472	872.378	871.352
2.13666	872.362	871.317
2.14859	872.347	871.281
2.16053	872.331	871.245
2.17246	872.315	871.208
2.1844	872.298	871.17
2.19634	872.281	871.131
2.20827	872.264	871.092
2.22021	872.246	871.053
2.23215	872.229	871.013
2.24408	872.21	870.972
2.25602	872.192	870.93
2.26796	872.173	870.888
2.27989	872.154	870.845
2.29183	872.134	870.801
2.30377	872.114	870.756
2.3157	872.093	870.711
2.32764	872.073	870.665
2.33958	872.051	870.619
2.35151	872.03	870.571
2.36345	872.008	870.523
2.37539	871.985	870.474
2.38732	871.962	870.425
2.39926	871.939	870.374
2.4112	871.916	870.323
2.42313	871.891	870.271
2.43507	871.867	870.218
2.44701	871.842	870.164
2.45894	871.816	870.11
2.47088	871.791	870.055
2.48282	871.764	869.999
2.49475	871.737	869.942
2.50669	871.71	869.884
2.51863	871.682	869.825
2.53056	871.654	869.765
2.5425	871.625	869.705
2.55444	871.596	869.643
2.56637	871.566	869.581
2.57831	871.536	869.518
2.59025	871.505	869.454
2.60218	871.474	869.389
2.61412	871.442	869.323
2.62606	871.409	869.256
2.63799	871.376	869.188
2.64993	871.343	869.119
2.66187	871.309	869.049
2.6738	871.274	868.978
2.68574	871.239	868.906
2.69768	871.203	868.833
2.70961	871.166	868.759
2.72155	871.129	868.684
2.73349	871.092	868.608
2.74542	871.053	868.531
2.75736	871.015	868.453
2.7693	870.975	868.373
2.78123	870.935	868.293
2.79317	870.894	868.212
2.80511	870.853	868.129
2.81704	870.81	868.045
2.82898	870.768	867.96
2.84092	870.724	867.875
2.85285	870.68	867.787
2.86479	870.635	867.699
2.87673	870.59	867.61
2.88866	870.543	867.519
2.9006	870.496	867.427
2.91254	870.449	867.334
2.92447	870.4	867.24
2.93641	870.351	867.144
2.94835	870.301	867.048
2.96028	870.25	866.95
2.97222	870.199	866.851
2.98416	870.147	866.75
2.99609	870.094	866.648
3.00803	870.04	866.545
3.01997	869.985	866.441
3.0319	869.93	866.335
3.04384	869.874	866.228
3.05577	869.817	866.12
3.06771	869.759	866.01
3.07965	869.7	865.899
3.09158	869.64	865.786
3.10352	869.58	865.673
3.11546	869.518	865.557
3.12739	869.456	865.441
3.13933	869.393	865.323
3.15127	869.329	865.203
3.1632	869.264	865.082
3.17514	869.198	864.96
3.18708	869.131	864.836
3.19901	869.064	864.711
3.21095	868.995	864.584
3.22289	868.925	864.456
3.23482	868.855	864.326
3.24676	868.783	864.195
3.2587	868.711	864.062
3.27063	868.637	863.927
3.28257	868.562	863.791
3.29451	868.487	863.654
3.30644	868.41	863.515
3.31838	868.332	863.374
3.33032	868.254	863.232
3.34225	868.174	863.088
3.35419	868.093	862.942
3.36613	868.011	862.795
3.37806	867.928	862.646
3.39	867.844	862.496
3.40194	867.759	862.344
3.41387	867.673	862.19
3.42581	867.585	862.034
3.43775	867.497	861.877
3.44968	867.407	861.718
3.46162	867.316	861.557
3.47356	867.224	861.395
3.48549	867.131	861.231
3.49743	867.036	861.065
3.50937	866.941	860.897
3.5213	866.844	860.728
3.53324	866.746	860.556
3.54518	866.646	860.383
3.55711	866.546	860.208
3.56905	866.444	860.031
3.58099	866.341	859.853
3.59292	866.237	859.672
3.60486	866.131	859.49
3.6168	866.024	859.306
3.62873	865.916	859.12
3.64067	865.806	858.932
3.65261	865.696	858.742
3.66454	865.583	858.55
3.67648	865.47	858.356
3.68842	865.355	858.16
3.70035	865.239	857.962
3.71229	865.121	857.763
3.72423	865.002	857.561
3.73616	864.881	857.357
3.7481	864.76	857.152
3.76004	864.636	856.944
3.77197	864.511	856.734
3.78391	864.385	856.522
3.79585	864.258	856.309
3.80778	864.128	856.093
3.81972	863.998	855.875
3.83166	863.866	855.655
3.84359	863.732	855.432
3.85553	863.597	855.208
3.86747	863.46	854.982
3.8794	863.322	854.753
3.89134	863.182	854.523
3.90327	863.041	854.29
3.91521	862.898	854.055
3.92715	862.754	853.818
3.93908	862.607	853.578
3.95102	862.46	853.337
3.96296	862.31	853.093
3.97489	862.16	852.847
3.98683	862.007	852.599
3.99877	861.853	852.348
4.0107	861.697	852.096
4.02264	861.539	851.841
4.03458	861.38	851.584
4.04651	861.219	851.324
4.05845	861.056	851.062
4.07039	860.892	850.798
4.08232	860.726	850.532
4.09426	860.558	850.263
4.1062	860.388	849.992
4.11813	860.217	849.719
4.13007	860.044	849.443
4.14201	859.869	849.165
4.15394	859.692	848.884
4.16588	859.514	848.601
4.17782	859.333	848.316
4.18975	859.151	848.029
4.20169	858.967	847.739
4.21363	858.781	847.446
4.22556	858.593	847.151
4.2375	858.404	846.854
4.24944	858.212	846.554
4.26137	858.019	846.252
4.27331	857.823	845.947
4.28525	857.626	845.64
4.29718	857.427	845.33
4.30912	857.225	845.018
4.32106	857.022	844.703
4.33299	856.817	844.386
4.34493	856.61	844.066
4.35687	856.401	843.744
4.3688	856.19	843.419
4.38074	855.977	843.092
4.39268	855.762	842.762
4.40461	855.545	842.429
4.41655	855.325	842.094
4.42849	855.104	841.757
4.44042	854.881	841.417
4.45236	854.656	841.074
4.4643	854.428	840.728
4.47623	854.198	840.38
4.48817	853.967	840.03
4.50011	853.733	839.676
4.51204	853.497	839.32
4.52398	853.259	838.962
4.53592	853.019	838.601
4.54785	852.776	838.237
4.55979	852.532	837.87
4.57173	852.285	837.501
4.58366	852.036	837.129
4.5956	851.785	836.754
4.60754	851.531	836.377
4.61947	851.276	835.997
4.63141	851.018	835.615
4.64335	850.758	835.229
4.65528	850.496	834.841
4.66722	850.231	834.45
4.67916	849.964	834.057
4.69109	849.695	833.66
4.70303	849.423	833.261
4.71497	849.15	832.859
4.7269	848.874	832.455
4.73884	848.595	832.047
4.75078	848.314	831.637
4.76271	848.031	831.224
4.77465	847.746	830.809
4.78658	847.458	830.39
4.79852	847.168	829.969
4.81046	846.875	829.545
4.82239	846.58	829.118
4.83433	846.283	828.688
4.84627	845.983	828.256
4.8582	845.681	827.821
4.87014	845.376	827.383
4.88208	845.069	826.942
4.89401	844.76	826.498
4.90595	844.448	826.051
4.91789	844.133	825.602
4.92982	843.816	825.15
4.94176	843.497	824.695
4.9537	843.175	824.237
4.96563	842.851	823.776
4.97757	842.524	823.312
4.98951	842.194	822.846
5.00144	841.862	822.376
5.01338	841.528	821.904
5.02532	841.191	821.429
5.03725	840.851	820.951
5.04919	840.509	820.47
5.06113	840.164	819.986
5.07306	839.817	819.5
5.085	839.467	819.01
5.09694	839.115	818.518
5.10887	838.76	818.023
5.12081	838.402	817.525
5.13275	838.042	817.023
5.14468	837.679	816.52
5.15662	837.314	816.013
5.16856	836.945	815.503
5.18049	836.575	814.99
5.19243	836.201	814.475
5.20437	835.825	813.957
5.2163	835.446	813.435
5.22824	835.065	812.911
5.24018	834.681	812.384
5.25211	834.294	811.854
5.26405	833.905	811.321
5.27599	833.513	810.785
5.28792	833.118	810.247
5.29986	832.72	809.705
5.3118	832.32	809.161
5.32373	831.917	808.613
5.33567	831.511	808.063
5.34761	831.103	807.51
5.35954	830.692	806.954
5.37148	830.278	806.395
5.38342	829.861	805.833
5.39535	829.442	805.268
5.40729	829.02	804.7
5.41923	828.595	804.13
5.43116	828.167	803.556
5.4431	827.737	802.98
5.45504	827.304	802.401
5.46697	826.868	801.819
5.47891	826.429	801.234
5.49085	825.987	800.646
5.50278	825.543	800.055
5.51472	825.096	799.462
5.52666	824.646	798.865
5.53859	824.193	798.266
5.55053	823.738	797.663
5.56247	823.279	797.058
5.5744	822.818	796.45
5.58634	822.354	795.84
5.59828	821.887	795.226
5.61021	821.418	794.609
5.62215	820.945	793.99
5.63408	820.47	793.368
5.64602	819.992	792.743
5.65796	819.511	792.115
5.66989	819.027	791.484
5.68183	818.54	790.851
5.69377	818.051	790.214
5.7057	817.559	789.575
5.71764	817.063	788.933
5.72958	816.565	788.288
5.74151	816.064	787.641
5.75345	815.561	786.991
5.76539	815.054	786.337
5.77732	814.545	785.681
5.78926	814.032	785.023
5.8012	813.517	784.361
5.81313	812.999	783.697
5.82507	812.478	783.03
5.83701	811.954	782.36
5.84894	811.428	781.688
5.86088	810.898	781.012
5.87282	810.366	780.334
5.88475	809.831	779.654
5.89669	809.293	778.97
5.90863	808.752	778.284
5.92056	808.208	777.595
5.9325	807.661	776.904
5.94444	807.112	776.209
5.95637	806.559	775.512
5.96831	806.004	774.813
5.98025	805.446	774.111
5.99218	804.885	773.406
6.00412	804.321	772.698
6.01606	803.754	771.988
6.02799	803.185	771.275
6.03993	802.612	770.559
6.05187	802.037	769.841
6.0638	801.459	769.121
6.07574	800.878	768.397
6.08768	800.294	767.671
6.09961	799.708	766.943
6.11155	799.118	766.212
6.12349	798.526	765.478
6.13542	797.931	764.742
6.14736	797.332	764.003
6.1593	796.732	763.262
6.17123	796.128	762.518
6.18317	795.521	761.772
6.19511	794.912	761.023
6.20704	794.3	760.272
6.21898	793.685	759.518
6.23092	793.067	758.762
6.24285	792.446	758.004
6.25479	791.823	757.242
6.26673	791.197	756.479
6.27866	790.568	755.713
6.2906	789.936	754.945
6.30254	789.301	754.174
6.31447	788.664	753.401
6.32641	788.024	752.625
6.33835	787.381	751.847
6.35028	786.735	751.067
6.36222	786.087	750.284
6.37416	785.435	749.499
6.38609	784.781	748.712
6.39803	784.125	747.922
6.40997	783.465	747.13
6.4219	782.803	746.336
6.43384	782.138	745.54
6.44578	781.47	744.741
6.45771	780.8	743.94
6.46965	780.127	743.137
6.48159	779.451	742.332
6.49352	778.773	741.524
6.50546	778.091	740.714
6.51739	777.407	739.902
6.52933	776.721	739.088
6.54127	776.032	738.272
6.5532	775.34	737.454
6.56514	774.645	736.633
6.57708	773.948	735.811
6.58901	773.248	734.986
6.60095	772.546	734.159
6.61289	771.84	733.33
6.62482	771.133	732.499
6.63676	770.422	731.666
6.6487	769.709	730.831
6.66063	768.994	729.994
6.67257	768.276	729.155
6.68451	767.555	728.315
6.69644	766.832	727.472
6.70838	766.106	726.627
6.72032	765.378	725.78
6.73225	764.647	724.931
6.74419	763.913	724.081
6.75613	763.177	723.228
6.76806	762.439	722.374
6.78	761.698	721.518
6.79194	760.954	720.66
6.80387	760.208	719.8
6.81581	759.46	718.938
6.82775	758.709	718.075
6.83968	757.956	717.209
6.85162	757.2	716.342
6.86356	756.442	715.474
6.87549	755.681	714.603
6.88743	754.918	713.731
6.89937	754.153	712.857
6.9113	753.385	711.982
6.92324	752.615	711.104
6.93518	751.842	710.225
6.94711	751.067	709.345
6.95905	750.29	708.463
6.97099	749.51	707.579
6.98292	748.729	706.694
6.99486	747.944	705.807
7.0068	747.158	704.919
7.01873	746.369	704.029
7.03067	745.578	703.137
7.04261	744.785	702.244
7.05454	743.989	701.35
7.06648	743.192	700.454
7.07842	742.392	699.557
7.09035	741.59	698.658
7.10229	740.785	697.758
7.11423	739.979	696.857
7.12616	739.17	695.954
7.1381	738.359	695.05
7.15004	737.546	694.144
7.16197	736.731	693.237
7.17391	735.914	692.329
7.18585	735.094	691.42
7.19778	734.273	690.509
7.20972	733.45	689.597
7.22166	732.624	688.684
7.23359	731.796	687.769
7.24553	730.967	686.854
7.25747	730.135	685.937
7.2694	729.302	685.019
7.28134	728.466	684.1
7.29328	727.628	683.18
7.30521	726.789	682.259
7.31715	725.947	681.336
7.32909	725.104	680.413
7.34102	724.259	679.488
7.35296	723.412	678.563
7.36489	722.562	677.636
7.37683	721.712	676.709
7.38877	720.859	675.78
7.4007	720.004	674.851
7.41264	719.148	673.921
7.42458	718.289	672.989
7.43651	717.429	672.057
7.44845	716.568	671.124
7.46039	715.704	670.19
7.47232	714.839	669.256
7.48426	713.972	668.32
7.4962	713.103	667.384
7.50813	712.233	666.446
7.52007	711.36	665.509
7.53201	710.487	664.57
7.54394	709.611	663.63
7.55588	708.734	662.69
7.56782	707.856	661.75
7.57975	706.975	660.808
7.59169	706.093	659.866
7.60363	705.21	658.923
7.61556	704.325	657.98
7.6275	703.439	657.036
7.63944	702.551	656.091
7.65137	701.661	655.146
7.66331	700.77	654.2
7.67525	699.878	653.254
7.68718	698.984	652.308
7.69912	698.089	651.36
7.71106	697.192	650.413
7.72299	696.294	649.465
7.73493	695.395	648.516
7.74687	694.494	647.567
7.7588	693.592	646.618
7.77074	692.688	645.668
7.78268	691.783	644.718
7.79461	690.877	643.768
7.80655	689.97	642.817
7.81849	689.061	641.866
7.83042	688.152	640.915
7.84236	687.241	639.963
7.8543	686.328	639.011
7.86623	685.415	638.059
7.87817	684.5	637.107
7.89011	683.585	636.154
7.90204	682.668	635.202
7.91398	681.75	634.249
7.92592	680.831	633.296
7.93785	679.911	632.343
7.94979	678.99	631.39
7.96173	678.067	630.437
7.97366	677.144	629.484
7.9856	676.22	628.53
7.99754	675.295	627.577
8.00947	674.369	626.624
8.02141	673.442	625.67
8.03335	672.514	624.717
8.04528	671.585	623.764
8.05722	670.655	622.811
8.06916	669.724	621.858
8.08109	668.793	620.905
8.09303	667.86	619.952
8.10497	666.927	618.999
8.1169	665.993	618.047
8.12884	665.058	617.094
8.14078	664.123	616.142
8.15271	663.186	615.19
8.16465	662.249	614.238
8.17659	661.312	613.287
8.18852	660.373	612.336
8.20046	659.434	611.385
8.2124	658.494	610.434
8.22433	657.554	609.484
8.23627	656.613	608.534
8.2482	655.672	607.584
8.26014	654.729	606.635
8.27208	653.787	605.686
8.28401	652.843	604.737
8.29595	651.9	603.789
8.30789	650.955	602.841
8.31982	650.011	601.894
8.33176	649.066	600.947
8.3437	648.12	600.001
8.35563	647.174	599.055
8.36757	646.227	598.11
8.37951	645.281	597.165
8.39144	644.333	596.221
8.40338	643.386	595.278
8.41532	642.438	594.335
8.42725	641.489	593.392
8.43919	640.541	592.451
8.45113	639.592	591.509
8.46306	638.643	590.569
8.475	637.694	589.629
8.48694	636.744	588.69
8.49887	635.794	587.751
8.51081	634.844	586.814
8.52275	633.894	585.877
8.53468	632.944	584.94
8.54662	631.994	584.005
8.55856	631.043	583.07
8.57049	630.093	582.136
8.58243	629.142	581.203
8.59437	628.191	580.271
8.6063	627.24	579.339
8.61824	626.29	578.409
8.63018	625.339	577.479
8.64211	624.388	576.55
8.65405	623.437	575.622
8.66599	622.486	574.695
8.67792	621.536	573.769
8.68986	620.585	572.843
8.7018	619.635	571.919
8.71373	618.684	570.996
8.72567	617.734	570.074
8.73761	616.784	569.152
8.74954	615.834	568.232
8.76148	614.884	567.313
8.77342	613.935	566.395
8.78535	612.986	565.477
8.79729	612.037	564.561
8.80923	611.088	563.646
8.82116	610.139	562.732
8.8331	609.191	561.82
8.84504	608.243	560.908
8.85697	607.296	559.997
8.86891	606.349	559.088
8.88085	605.402	558.18
8.89278	604.455	557.273
8.90472	603.509	556.367
8.91666	602.564	555.462
8.92859	601.618	554.559
8.94053	600.674	553.657
8.95247	599.729	552.756
8.9644	598.785	551.856
8.97634	597.842	550.958
8.98828	596.899	550.06
9.00021	595.957	549.165
9.01215	595.015	548.27
9.02409	594.074	547.377
9.03602	593.134	546.485
9.04796	592.194	545.594
9.0599	591.254	544.705
9.07183	590.315	543.817
9.08377	589.377	542.931
9.0957	588.44	542.045
9.10764	587.503	541.162
9.11958	586.567	540.279
9.13151	585.632	539.399
9.14345	584.697	538.519
9.15539	583.763	537.641
9.16732	582.83	536.765
9.17926	581.898	535.89
9.1912	580.966	535.016
9.20313	580.035	534.144
9.21507	579.105	533.273
9.22701	578.176	532.404
9.23894	577.248	531.536
9.25088	576.321	530.67
9.26282	575.394	529.806
9.27475	574.468	528.943
9.28669	573.544	528.081
9.29863	572.62	527.222
9.31056	571.697	526.363
9.3225	570.775	525.507
9.33444	569.854	524.651
9.34637	568.934	523.798
9.35831	568.015	522.946
9.37025	567.097	522.096
9.38218	566.18	521.247
9.39412	565.264	520.4
9.40606	564.35	519.555
9.41799	563.436	518.711
9.42993	562.523	517.869
9.44187	561.611	517.029
9.4538	560.701	516.19
9.46574	559.792	515.353
9.47768	558.883	514.518
9.48961	557.976	513.685
9.50155	557.07	512.853
9.51349	556.165	512.023
9.52542	555.262	511.194
9.53736	554.359	510.368
9.5493	553.458	509.543
9.56123	552.558	508.72
9.57317	551.66	507.898
9.58511	550.762	507.079
9.59704	549.866	506.261
9.60898	548.971	505.445
9.62092	548.077	504.631
9.63285	547.185	503.819
9.64479	546.294	503.008
9.65673	545.404	502.199
9.66866	544.516	501.392
9.6806	543.629	500.587
9.69254	542.743	499.784
9.70447	541.859	498.982
9.71641	540.976	498.183
9.72835	540.094	497.385
9.74028	539.214	496.589
9.75222	538.335	495.795
9.76416	537.458	495.003
9.77609	536.582	494.213
9.78803	535.708	493.424
9.79997	534.835	492.638
9.8119	533.964	491.853
9.82384	533.094	491.071
9.83578	532.225	490.29
9.84771	531.358	489.511
9.85965	530.493	488.734
9.87159	529.629	487.959
9.88352	528.766	487.186
9.89546	527.905	486.415
9.9074	527.046	485.645
9.91933	526.188	484.878
9.93127	525.332	484.113
9.94321	524.478	483.349
9.95514	523.625	482.588
9.96708	522.773	481.828
9.97901	521.923	481.071
9.99095	521.075	480.315
10.0029	520.229	479.562
10.0148	519.384	478.81
10.0268	518.541	478.06
10.0387	517.699	477.313
10.0506	516.859	476.567
10.0626	516.021	475.823
10.0745	515.184	475.081
10.0864	514.349	474.342
10.0984	513.516	473.604
10.1103	512.685	472.868
10.1223	511.855	472.134
10.1342	511.027	471.403
10.1461	510.201	470.673
10.1581	509.376	469.945
10.17	508.553	469.22
10.1819	507.732	468.496
10.1939	506.913	467.774
10.2058	506.095	467.055
10.2177	505.28	466.337
10.2297	504.466	465.622
10.2416	503.653	464.908
10.2536	502.843	464.197
10.2655	502.035	463.487
10.2774	501.228	462.78
10.2894	500.423	462.074
10.3013	499.62	461.371
10.3132	498.818	460.67
10.3252	498.019	459.97
10.3371	497.221	459.273
10.3491	496.426	458.578
10.361	495.632	457.885
10.3729	494.84	457.194
10.3849	494.05	456.505
10.3968	493.261	455.818
10.4087	492.475	455.133
10.4207	491.69	454.45
10.4326	490.908	453.769
10.4445	490.127	453.09
10.4565	489.348	452.413
10.4684	488.571	451.739
10.4804	487.796	451.066
10.4923	487.023	450.396
10.5042	486.252	449.727
10.5162	485.483	449.061
10.5281	484.716	448.396
10.54	483.95	447.734
10.552	483.187	447.074
10.5639	482.426	446.415
10.5758	481.666	445.759
10.5878	480.909	445.105
10.5997	480.153	444.453
10.6117	479.399	443.803
10.6236	478.648	443.155
10.6355	477.898	442.509
10.6475	477.15	441.865
10.6594	476.405	441.224
10.6713	475.661	440.584
10.6833	474.919	439.946
10.6952	474.179	439.311
10.7071	473.441	438.677
10.7191	472.706	438.046
10.731	471.972	437.416
10.743	471.24	436.789
10.7549	470.51	436.163
10.7668	469.783	435.54
10.7788	469.057	434.919
10.7907	468.333	434.3
10.8026	467.611	433.682
10.8146	466.892	433.067
10.8265	466.174	432.454
10.8385	465.458	431.843
10.8504	464.745	431.234
10.8623	464.033	430.627
10.8743	463.324	430.022
10.8862	462.616	429.419
10.8981	461.911	428.819
10.9101	461.207	428.22
10.922	460.506	427.623
10.9339	459.806	427.028
10.9459	459.109	426.435
10.9578	458.414	425.845
10.9698	457.721	425.256
10.9817	457.029	424.669
10.9936	456.34	424.085
11.0056	455.653	423.502
11.0175	454.968	422.921
11.0294	454.285	422.343
11.0414	453.604	421.766
11.0533	452.925	421.191
11.0652	452.248	420.619
11.0772	451.574	420.048
11.0891	450.901	419.479
11.1011	450.23	418.913
11.113	449.562	418.348
11.1249	448.895	417.785
11.1369	448.23	417.225
11.1488	447.568	416.666
11.1607	446.908	416.109
11.1727	446.249	415.555
11.1846	445.593	415.002
11.1966	444.939	414.451
11.2085	444.287	413.902
11.2204	443.637	413.355
11.2324	442.989	412.81
11.2443	442.343	412.267
11.2562	441.699	411.726
11.2682	441.057	411.187
11.2801	440.417	410.65
11.292	439.779	410.115
11.304	439.143	409.582
11.3159	438.51	409.051
11.3279	437.878	408.521
11.3398	437.249	407.994
11.3517	436.621	407.468
11.3637	435.996	406.945
11.3756	435.372	406.423
11.3875	434.751	405.904
11.3995	434.132	405.386
11.4114	433.515	404.87
11.4233	432.899	404.356
11.4353	432.286	403.844
11.4472	431.675	403.334
11.4592	431.066	402.825
11.4711	430.459	402.319
11.483	429.854	401.814
11.495	429.251	401.312
11.5069	428.65	400.811
11.5188	428.051	400.312
11.5308	427.454	399.815
11.5427	426.859	399.32
11.5546	426.267	398.827
11.5666	425.676	398.336
11.5785	425.087	397.846
11.5905	424.5	397.358
11.6024	423.916	396.872
11.6143	423.333	396.388
11.6263	422.752	395.906
11.6382	422.174	395.426
11.6501	421.597	394.947
11.6621	421.022	394.471
11.674	420.45	393.996
11.686	419.879	393.523
11.6979	419.31	393.052
11.7098	418.744	392.582
11.7218	418.179	392.115
11.7337	417.616	391.649
11.7456	417.056	391.185
11.7576	416.497	390.723
11.7695	415.94	390.262
11.7814	415.385	389.804
11.7934	414.833	389.347
11.8053	414.282	388.892
11.8173	413.733	388.438
11.8292	413.186	387.987
11.8411	412.641	387.537
11.8531	412.099	387.089
11.865	411.558	386.643
11.8769	411.019	386.198
11.8889	410.482	385.755
11.9008	409.946	385.314
11.9127	409.413	384.875
11.9247	408.882	384.437
11.9366	408.353	384.001
11.9486	407.826	383.567
11.9605	407.3	383.135
11.9724	406.777	382.704
11.9844	406.255	382.275
11.9963	405.736	381.848
12.0082	405.218	381.422
12.0202	404.702	380.998
12.0321	404.188	380.576
12.0441	403.676	380.155
12.056	403.166	379.736
12.0679	402.658	379.319
12.0799	402.152	378.904
12.0918	401.647	378.49
12.1037	401.145	378.077
12.1157	400.644	377.667
12.1276	400.146	377.258
12.1395	399.649	376.851
12.1515	399.154	376.445
12.1634	398.661	376.041
12.1754	398.169	375.638
12.1873	397.68	375.238
12.1992	397.192	374.839
12.2112	396.707	374.441
12.2231	396.223	374.045
12.235	395.741	373.651
12.247	395.261	373.258
12.2589	394.783	372.867
12.2708	394.306	372.477
12.2828	393.831	372.089
12.2947	393.359	371.703
12.3067	392.888	371.318
12.3186	392.418	370.935
12.3305	391.951	370.553
12.3425	391.485	370.173
12.3544	391.022	369.795
12.3663	390.56	369.418
12.3783	390.099	369.042
12.3902	389.641	368.668
12.4021	389.184	368.296
12.4141	388.73	367.925
12.426	388.276	367.556
12.438	387.825	367.188
12.4499	387.376	366.821
12.4618	386.928	366.457
12.4738	386.482	366.093
12.4857	386.038	365.732
12.4976	385.595	365.371
12.5096	385.154	365.013
12.5215	384.715	364.655
12.5335	384.278	364.299
12.5454	383.842	363.945
12.5573	383.408	363.592
12.5693	382.976	363.241
12.5812	382.546	362.891
12.5931	382.117	362.543
12.6051	381.69	362.195
12.617	381.265	361.85
12.6289	380.841	361.506
12.6409	380.419	361.163
12.6528	379.999	360.822
12.6648	379.58	360.482
12.6767	379.164	360.144
12.6886	378.748	359.807
12.7006	378.335	359.471
12.7125	377.923	359.137
12.7244	377.513	358.804
12.7364	377.104	358.473
12.7483	376.697	358.143
12.7602	376.292	357.814
12.7722	375.888	357.487
12.7841	375.486	357.161
12.7961	375.086	356.837
12.808	374.687	356.514
12.8199	374.29	356.192
12.8319	373.894	355.872
12.8438	373.5	355.553
12.8557	373.108	355.236
12.8677	372.717	354.919
12.8796	372.328	354.604
12.8916	371.94	354.291
12.9035	371.554	353.979
12.9154	371.17	353.668
12.9274	370.787	353.358
12.9393	370.406	353.05
12.9512	370.026	352.743
12.9632	369.648	352.437
12.9751	369.271	352.133
12.987	368.896	351.83
12.999	368.523	351.528
13.0109	368.151	351.228
13.0229	367.78	350.929
13.0348	367.412	350.631
13.0467	367.044	350.334
13.0587	366.678	350.039
13.0706	366.314	349.745
13.0825	365.951	349.452
13.0945	365.59	349.161
13.1064	365.23	348.871
13.1183	364.872	348.582
13.1303	364.515	348.294
13.1422	364.159	348.007
13.1542	363.806	347.722
13.1661	363.453	347.438
13.178	363.102	347.155
13.19	362.753	346.874
13.2019	362.405	346.594
13.2138	362.058	346.314
13.2258	361.713	346.037
13.2377	361.369	345.76
13.2496	361.027	345.484
13.2616	360.686	345.21
13.2735	360.347	344.937
13.2855	360.009	344.665
13.2974	359.673	344.394
13.3093	359.338	344.125
13.3213	359.004	343.857
13.3332	358.672	343.589
13.3451	358.341	343.323
13.3571	358.011	343.059
13.369	357.683	342.795
13.381	357.357	342.532
13.3929	357.031	342.271
13.4048	356.707	342.011
13.4168	356.385	341.752
13.4287	356.064	341.494
13.4406	355.744	341.237
13.4526	355.425	340.981
13.4645	355.108	340.727
13.4764	354.793	340.473
13.4884	354.478	340.221
13.5003	354.165	339.97
13.5123	353.853	339.72
13.5242	353.543	339.471
13.5361	353.234	339.223
13.5481	352.926	338.976
13.56	352.62	338.731
13.5719	352.315	338.486
13.5839	352.011	338.243
13.5958	351.708	338
13.6077	351.407	337.759
13.6197	351.107	337.519
13.6316	350.809	337.28
13.6436	350.511	337.042
13.6555	350.215	336.805
13.6674	349.921	336.569
13.6794	349.627	336.334
13.6913	349.335	336.1
13.7032	349.044	335.867
13.7152	348.754	335.635
13.7271	348.466	335.405
13.7391	348.178	335.175
13.751	347.892	334.946
13.7629	347.608	334.719
13.7749	347.324	334.492
13.7868	347.042	334.266
13.7987	346.761	334.042
13.8107	346.481	333.818
13.8226	346.202	333.596
13.8345	345.925	333.374
13.8465	345.649	333.154
13.8584	345.374	332.934
13.8704	345.1	332.716
13.8823	344.828	332.498
13.8942	344.556	332.282
13.9062	344.286	332.066
13.9181	344.017	331.851
13.93	343.749	331.638
13.942	343.483	331.425
13.9539	343.217	331.213
13.9658	342.953	331.003
13.9778	342.69	330.793
13.9897	342.428	330.584
14.0017	342.167	330.376
14.0136	341.907	330.17
14.0255	341.648	329.964
14.0375	341.391	329.759
14.0494	341.135	329.555
14.0613	340.88	329.352
14.0733	340.626	329.149
14.0852	340.373	328.948
14.0971	340.121	328.748
14.1091	339.87	328.549
14.121	339.621	328.35
14.133	339.372	328.153
14.1449	339.125	327.956
14.1568	338.879	327.76
14.1688	338.633	327.565
14.1807	338.389	327.371
14.1926	338.146	327.178
14.2046	337.904	326.986
14.2165	337.664	326.795
14.2285	337.424	326.605
14.2404	337.185	326.415
14.2523	336.948	326.227
14.2643	336.711	326.039
14.2762	336.476	325.852
14.2881	336.241	325.666
14.3001	336.008	325.481
14.312	335.776	325.297
14.3239	335.544	325.114
14.3359	335.314	324.931
14.3478	335.085	324.75
14.3598	334.857	324.569
14.3717	334.629	324.389
14.3836	334.403	324.21
14.3956	334.178	324.032
14.4075	333.954	323.854
14.4194	333.731	323.678
14.4314	333.509	323.502
14.4433	333.288	323.327
14.4552	333.068	323.153
14.4672	332.849	322.98
14.4791	332.631	322.808
14.4911	332.414	322.636
14.503	332.198	322.465
14.5149	331.982	322.296
14.5269	331.768	322.126
14.5388	331.555	321.958
14.5507	331.343	321.791
14.5627	331.132	321.624
14.5746	330.922	321.458
14.5866	330.712	321.293
14.5985	330.504	321.129
14.6104	330.297	320.965
14.6224	330.09	320.802
14.6343	329.885	320.64
14.6462	329.68	320.479
14.6582	329.476	320.319
14.6701	329.274	320.159
14.682	329.072	320
14.694	328.871	319.842
14.7059	328.671	319.685
14.7179	328.472	319.528
14.7298	328.274	319.372
14.7417	328.077	319.217
14.7537	327.881	319.063
14.7656	327.686	318.909
14.7775	327.491	318.757
14.7895	327.298	318.605
14.8014	327.105	318.453
14.8133	326.914	318.303
14.8253	326.723	318.153
14.8372	326.533	318.004
14.8492	326.344	317.855
14.8611	326.156	317.708
14.873	325.968	317.561
14.885	325.782	317.415
14.8969	325.597	317.269
14.9088	325.412	317.124
14.9208	325.228	316.98
14.9327	325.045	316.837
14.9446	324.863	316.694
14.9566	324.682	316.552
14.9685	324.501	316.411
14.9805	324.322	316.271
14.9924	324.143	316.131
15.0043	323.965	315.992
15.0163	323.788	315.853
15.0282	323.612	315.716
15.0401	323.437	315.579
15.0521	323.262	315.442
15.064	323.089	315.307
15.076	322.916	315.172
15.0879	322.744	315.037
15.0998	322.573	314.904
15.1118	322.402	314.771
15.1237	322.233	314.638
15.1356	322.064	314.507
15.1476	321.896	314.376
15.1595	321.729	314.245
15.1714	321.563	314.116
15.1834	321.397	313.987
15.1953	321.232	313.858
15.2073	321.068	313.731
15.2192	320.905	313.604
15.2311	320.743	313.477
15.2431	320.581	313.351
15.255	320.42	313.226
15.2669	320.26	313.102
15.2789	320.101	312.978
15.2908	319.942	312.855
15.3027	319.784	312.732
15.3147	319.627	312.61
15.3266	319.471	312.489
15.3386	319.316	312.368
15.3505	319.161	312.248
15.3624	319.007	312.129
15.3744	318.854	312.01
15.3863	318.701	311.892
15.3982	318.549	311.774
15.4102	318.398	311.657
15.4221	318.248	311.541
15.4341	318.099	311.425
15.446	317.95	311.31
15.4579	317.802	311.195
15.4699	317.654	311.081
15.4818	317.508	310.968
15.4937	317.362	310.855
15.5057	317.217	310.742
15.5176	317.072	310.631
15.5295	316.929	310.52
15.5415	316.786	310.409
15.5534	316.643	310.299
15.5654	316.502	310.19
15.5773	316.361	310.081
15.5892	316.22	309.973
15.6012	316.081	309.866
15.6131	315.942	309.759
15.625	315.804	309.652
15.637	315.666	309.546
15.6489	315.53	309.441
15.6608	315.394	309.336
15.6728	315.258	309.232
15.6847	315.123	309.128
15.6967	314.989	309.025
15.7086	314.856	308.923
15.7205	314.723	308.821
15.7325	314.591	308.719
15.7444	314.46	308.618
15.7563	314.329	308.518
15.7683	314.199	308.418
15.7802	314.07	308.319
15.7921	313.941	308.22
15.8041	313.813	308.122
15.816	313.685	308.024
15.828	313.558	307.927
15.8399	313.432	307.83
15.8518	313.307	307.734
15.8638	313.182	307.638
15.8757	313.058	307.543
15.8876	312.934	307.449
15.8996	312.811	307.355
15.9115	312.689	307.261
15.9235	312.567	307.168
15.9354	312.446	307.075
15.9473	312.325	306.983
15.9593	312.206	306.892
15.9712	312.086	306.801
15.9831	311.968	306.71
15.9951	311.85	306.62
16.007	311.732	306.531
16.0189	311.616	306.442
16.0309	311.499	306.353
16.0428	311.384	306.265
16.0548	311.269	306.178
16.0667	311.154	306.091
16.0786	311.041	306.004
16.0906	310.927	305.918
16.1025	310.815	305.832
16.1144	310.703	305.747
16.1264	310.591	305.663
16.1383	310.48	305.578
16.1502	310.37	305.495
16.1622	310.26	305.411
16.1741	310.151	305.329
16.1861	310.043	305.246
16.198	309.935	305.164
16.2099	309.827	305.083
16.2219	309.721	305.002
16.2338	309.614	304.922
16.2457	309.509	304.841
16.2577	309.403	304.762
16.2696	309.299	304.683
16.2816	309.195	304.604
16.2935	309.091	304.526
16.3054	308.988	304.448
16.3174	308.886	304.371
16.3293	308.784	304.294
16.3412	308.683	304.217
16.3532	308.582	304.141
16.3651	308.482	304.066
16.377	308.382	303.991
16.389	308.283	303.916
16.4009	308.185	303.842
16.4129	308.087	303.768
16.4248	307.989	303.694
16.4367	307.892	303.621
16.4487	307.796	303.549
16.4606	307.7	303.476
16.4725	307.604	303.405
16.4845	307.509	303.333
16.4964	307.415	303.262
16.5083	307.321	303.192
16.5203	307.228	303.122
16.5322	307.135	303.052
16.5442	307.042	302.983
16.5561	306.95	302.914
16.568	306.859	302.845
16.58	306.768	302.777
16.5919	306.678	302.71
16.6038	306.588	302.642
16.6158	306.499	302.576
16.6277	306.41	302.509
16.6396	306.321	302.443
16.6516	306.233	302.377
16.6635	306.146	302.312
16.6755	306.059	302.247
16.6874	305.973	302.182
16.6993	305.887	302.118
16.7113	305.801	302.054
16.7232	305.716	301.991
16.7351	305.632	301.928
16.7471	305.548	301.865
16.759	305.464	301.803
16.771	305.381	301.741
16.7829	305.298	301.68
16.7948	305.216	301.619
16.8068	305.134	301.558
16.8187	305.053	301.497
16.8306	304.972	301.437
16.8426	304.892	301.378
16.8545	304.812	301.318
16.8664	304.733	301.259
16.8784	304.654	301.201
16.8903	304.575	301.142
16.9023	304.497	301.084
16.9142	304.419	301.027
16.9261	304.342	300.97
16.9381	304.265	300.913
16.95	304.189	300.856
16.9619	304.113	300.8
16.9739	304.038	300.744
16.9858	303.963	300.689
16.9977	303.888	300.634
17.0097	303.814	300.579
17.0216	303.74	300.524
17.0336	303.667	300.47
17.0455	303.594	300.416
17.0574	303.521	300.363
17.0694	303.449	300.31
17.0813	303.378	300.257
17.0932	303.307	300.205
17.1052	303.236	300.152
17.1171	303.165	300.101
17.1291	303.095	300.049
17.141	303.026	299.998
17.1529	302.957	299.947
17.1649	302.888	299.896
17.1768	302.819	299.846
17.1887	302.751	299.796
17.2007	302.684	299.747
17.2126	302.617	299.697
17.2245	302.55	299.648
17.2365	302.484	299.6
17.2484	302.418	299.551
17.2604	302.352	299.503
17.2723	302.287	299.455
17.2842	302.222	299.408
17.2962	302.158	299.361
17.3081	302.094	299.314
17.32	302.03	299.267
17.332	301.967	299.221
17.3439	301.904	299.175
17.3558	301.841	299.13
17.3678	301.779	299.084
17.3797	301.717	299.039
17.3917	301.656	298.994
17.4036	301.595	298.95
17.4155	301.534	298.905
17.4275	301.474	298.862
17.4394	301.414	298.818
17.4513	301.354	298.774
17.4633	301.295	298.731
17.4752	301.236	298.689
17.4871	301.177	298.646
17.4991	301.119	298.604
17.511	301.061	298.562
17.523	301.004	298.52
17.5349	300.947	298.478
17.5468	300.89	298.437
17.5588	300.834	298.396
17.5707	300.778	298.356
17.5826	300.722	298.315
17.5946	300.666	298.275
17.6065	300.611	298.235
17.6185	300.557	298.196
17.6304	300.502	298.156
17.6423	300.448	298.117
17.6543	300.395	298.078
17.6662	300.341	298.04
17.6781	300.288	298.002
17.6901	300.235	297.964
17.702	300.183	297.926
17.7139	300.131	297.888
17.7259	300.079	297.851
17.7378	300.028	297.814
17.7498	299.977	297.777
17.7617	299.926	297.74
17.7736	299.876	297.704
17.7856	299.825	297.668
17.7975	299.776	297.632
17.8094	299.726	297.596
17.8214	299.677	297.561
17.8333	299.628	297.526
17.8452	299.579	297.491
17.8572	299.531	297.456
17.8691	299.483	297.422
17.8811	299.435	297.388
17.893	299.388	297.354
17.9049	299.341	297.32
17.9169	299.294	297.287
17.9288	299.248	297.253
17.9407	299.202	297.22
17.9527	299.156	297.187
17.9646	299.11	297.155
17.9766	299.065	297.122
17.9885	299.02	297.09
18.0004	298.975	297.058
18.0124	298.931	297.027
18.0243	298.886	296.995
18.0362	298.843	296.964
18.0482	298.799	296.933
18.0601	298.756	296.902
18.072	298.713	296.871
18.084	298.67	296.841
18.0959	298.627	296.81
18.1079	298.585	296.78
18.1198	298.543	296.751
18.1317	298.502	296.721
18.1437	298.46	296.692
18.1556	298.419	296.662
18.1675	298.378	296.633
18.1795	298.338	296.604
18.1914	298.297	296.576
18.2033	298.257	296.547
18.2153	298.218	296.519
18.2272	298.178	296.491
18.2392	298.139	296.463
18.2511	298.1	296.436
18.263	298.061	296.408
18.275	298.023	296.381
18.2869	297.984	296.354
18.2988	297.946	296.327
18.3108	297.909	296.301
18.3227	297.871	296.274
18.3346	297.834	296.248
18.3466	297.797	296.222
18.3585	297.76	296.196
18.3705	297.724	296.17
18.3824	297.687	296.144
18.3943	297.651	296.119
18.4063	297.616	296.094
18.4182	297.58	296.069
18.4301	297.545	296.044
18.4421	297.51	296.019
18.454	297.475	295.995
18.466	297.44	295.971
18.4779	297.406	295.946
18.4898	297.372	295.923
18.5018	297.338	295.899
18.5137	297.304	295.875
18.5256	297.271	295.852
18.5376	297.238	295.828
18.5495	297.205	295.805
18.5614	297.172	295.782
18.5734	297.139	295.76
18.5853	297.107	295.737
18.5973	297.075	295.714
18.6092	297.043	295.692
18.6211	297.011	295.67
18.6331	296.98	295.648
18.645	296.949	295.626
18.6569	296.918	295.605
18.6689	296.887	295.583
18.6808	296.856	295.562
18.6927	296.826	295.541
18.7047	296.796	295.52
18.7166	296.766	295.499
18.7286	296.736	295.478
18.7405	296.706	295.457
18.7524	296.677	295.437
18.7644	296.648	295.417
18.7763	296.619	295.397
18.7882	296.59	295.377
18.8002	296.562	295.357
18.8121	296.533	295.337
18.8241	296.505	295.318
18.836	296.477	295.298
18.8479	296.45	295.279
18.8599	296.422	295.26
18.8718	296.395	295.241
18.8837	296.367	295.222
18.8957	296.34	295.203
18.9076	296.314	295.185
18.9195	296.287	295.166
18.9315	296.261	295.148
18.9434	296.234	295.13
18.9554	296.208	295.112
18.9673	296.183	295.094
18.9792	296.157	295.077
18.9912	296.131	295.059
19.0031	296.106	295.041
19.015	296.081	295.024
19.027	296.056	295.007
19.0389	296.031	294.99
19.0508	296.007	294.973
19.0628	295.982	294.956
19.0747	295.958	294.94
19.0867	295.934	294.923
19.0986	295.91	294.907
19.1105	295.886	294.89
19.1225	295.863	294.874
19.1344	295.839	294.858
19.1463	295.816	294.842
19.1583	295.793	294.826
19.1702	295.77	294.811
19.1821	295.747	294.795
19.1941	295.725	294.78
19.206	295.702	294.764
19.218	295.68	294.749
19.2299	295.658	294.734
19.2418	295.636	294.719
19.2538	295.614	294.704
19.2657	295.593	294.689
19.2776	295.571	294.675
19.2896	295.55	294.66
19.3015	295.529	294.646
19.3135	295.508	294.631
19.3254	295.487	294.617
19.3373	295.467	294.603
19.3493	295.446	294.589
19.3612	295.426	294.575
19.3731	295.405	294.562
19.3851	295.385	294.548
19.397	295.366	294.534
19.4089	295.346	294.521
19.4209	295.326	294.508
19.4328	295.307	294.494
19.4448	295.287	294.481
19.4567	295.268	294.468
19.4686	295.249	294.455
19.4806	295.23	294.443
19.4925	295.211	294.43
19.5044	295.193	294.417
19.5164	295.174	294.405
19.5283	295.156	294.392
19.5402	295.138	294.38
19.5522	295.12	294.368
19.5641	295.102	294.356
19.5761	295.084	294.344
19.588	295.066	294.332
19.5999	295.049	294.32
19.6119	295.031	294.308
19.6238	295.014	294.296
19.6357	294.997	294.285
19.6477	294.98	294.273
19.6596	294.963	294.262
19.6716	294.946	294.251
19.6835	294.93	294.24
19.6954	294.913	294.229
19.7074	294.897	294.218
19.7193	294.881	294.207
19.7312	294.864	294.196
19.7432	294.848	294.185
19.7551	294.833	294.174
19.767	294.817	294.164
19.779	294.801	294.153
19.7909	294.786	294.143
19.8029	294.77	294.133
19.8148	294.755	294.122
19.8267	294.74	294.112
19.8387	294.725	294.102
19.8506	294.71	294.092
19.8625	294.695	294.082
19.8745	294.68	294.072
19.8864	294.666	294.063
19.8983	294.651	294.053
19.9103	294.637	294.043
19.9222	294.623	294.034
19.9342	294.609	294.024
19.9461	294.594	294.015
19.958	294.581	294.006
19.97	294.567	293.997
19.9819	294.553	293.988
19.9938	294.539	293.978
20.0058	294.526	293.97
20.0177	294.513	293.961
20.0296	294.499	293.952
20.0416	294.486	293.943
20.0535	294.473	293.934
20.0655	294.46	293.926
20.0774	294.447	293.917
20.0893	294.434	293.909
20.1013	294.422	293.9
20.1132	294.409	293.892
20.1251	294.397	293.884
20.1371	294.384	293.876
20.149	294.372	293.867
20.161	294.36	293.859
20.1729	294.348	293.851
20.1848	294.336	293.844
20.1968	294.324	293.836
20.2087	294.312	293.828
20.2206	294.3	293.82
20.2326	294.289	293.813
20.2445	294.277	293.805
20.2564	294.266	293.797
20.2684	294.255	293.79
20.2803	294.243	293.783
20.2923	294.232	293.775
20.3042	294.221	293.768
20.3161	294.21	293.761
20.3281	294.199	293.754
20.34	294.189	293.746
20.3519	294.178	293.739
20.3639	294.167	293.732
20.3758	294.157	293.726
20.3877	294.146	293.719
20.3997	294.136	293.712
20.4116	294.126	293.705
20.4236	294.115	293.699
20.4355	294.105	293.692
20.4474	294.095	293.685
20.4594	294.085	293.679
20.4713	294.075	293.672
20.4832	294.066	293.666
20.4952	294.056	293.66
20.5071	294.046	293.653
20.5191	294.037	293.647
20.531	294.027	293.641
20.5429	294.018	293.635
20.5549	294.009	293.629
20.5668	293.999	293.623
20.5787	293.99	293.617
20.5907	293.981	293.611
20.6026	293.972	293.605
20.6145	293.963	293.599
20.6265	293.954	293.593
20.6384	293.946	293.588
20.6504	293.937	293.582
20.6623	293.928	293.576
20.6742	293.92	293.571
20.6862	293.911	293.565
20.6981	293.903	293.56
20.71	293.894	293.554
20.722	293.886	293.549
20.7339	293.878	293.544
20.7458	293.87	293.539
20.7578	293.862	293.533
20.7697	293.854	293.528
20.7817	293.846	293.523
20.7936	293.838	293.518
20.8055	293.83	293.513
20.8175	293.822	293.508
20.8294	293.815	293.503
20.8413	293.807	293.498
20.8533	293.799	293.493
20.8652	293.792	293.488
20.8771	293.784	293.483
20.8891	293.777	293.479
20.901	293.77	293.474
20.913	293.763	293.469
20.9249	293.755	293.465
20.9368	293.748	293.46
20.9488	293.741	293.456
20.9607	293.734	293.451
20.9726	293.727	293.447
20.9846	293.72	293.442
20.9965	293.714	293.438
21.0085	293.707	293.434
21.0204	293.7	293.429
21.0323	293.693	293.425
21.0443	293.687	293.421
21.0562	293.68	293.417
21.0681	293.674	293.413
21.0801	293.667	293.408
21.092	293.661	293.404
21.1039	293.655	293.4
21.1159	293.648	293.396
21.1278	293.642	293.392
21.1398	293.636	293.388
21.1517	293.63	293.385
21.1636	293.624	293.381
21.1756	293.618	293.377
21.1875	293.612	293.373
21.1994	293.606	293.369
21.2114	293.6	293.366
21.2233	293.595	293.362
21.2352	293.589	293.358
21.2472	293.583	293.355
21.2591	293.578	293.351
21.2711	293.572	293.348
21.283	293.566	293.344
21.2949	293.561	293.341
21.3069	293.556	293.337
21.3188	293.55	293.334
21.3307	293.545	293.33
21.3427	293.539	293.327
21.3546	293.534	293.324
21.3666	293.529	293.32
21.3785	293.524	293.317
21.3904	293.519	293.314
21.4024	293.514	293.311
21.4143	293.509	293.308
21.4262	293.504	293.304
21.4382	293.499	293.301
21.4501	293.494	293.298
21.462	293.489	293.295
21.474	293.484	293.292
21.4859	293.479	293.289
21.4979	293.475	293.286
21.5098	293.47	293.283
21.5217	293.465	293.28
21.5337	293.461	293.277
21.5456	293.456	293.275
21.5575	293.452	293.272
21.5695	293.447	293.269
21.5814	293.443	293.266
21.5933	293.439	293.263
21.6053	293.434	293.261
21.6172	293.43	293.258
21.6292	293.426	293.255
21.6411	293.421	293.253
21.653	293.417	293.25
21.665	293.413	293.247
21.6769	293.409	293.245
21.6888	293.405	293.242
21.7008	293.401	293.24
21.7127	293.397	293.237
21.7246	293.393	293.235
21.7366	293.389	293.232
21.7485	293.385	293.23
21.7605	293.381	293.228
21.7724	293.377	293.225
21.7843	293.374	293.223
21.7963	293.37	293.22
21.8082	293.366	293.218
21.8201	293.362	293.216
21.8321	293.359	293.214
21.844	293.355	293.211
21.856	293.352	293.209
21.8679	293.348	293.207
21.8798	293.344	293.205
21.8918	293.341	293.203
21.9037	293.337	293.2
21.9156	293.334	293.198
21.9276	293.331	293.196
21.9395	293.327	293.194
21.9514	293.324	293.192
21.9634	293.321	293.19
21.9753	293.317	293.188
21.9873	293.314	293.186
21.9992	293.311	293.184
22.0111	293.308	293.182
22.0231	293.305	293.18
22.035	293.302	293.178
22.0469	293.298	293.176
22.0589	293.295	293.174
22.0708	293.292	293.173
22.0827	293.289	293.171
22.0947	293.286	293.169
22.1066	293.283	293.167
22.1186	293.281	293.165
22.1305	293.278	293.164
22.1424	293.275	293.162
22.1544	293.272	293.16
22.1663	293.269	293.158
22.1782	293.266	293.157
22.1902	293.264	293.155
22.2021	293.261	293.153
22.2141	293.258	293.152
22.226	293.255	293.15
22.2379	293.253	293.148
22.2499	293.25	293.147
22.2618	293.248	293.145
22.2737	293.245	293.144
22.2857	293.242	293.142
22.2976	293.24	293.14
22.3095	293.237	293.139
22.3215	293.235	293.137
22.3334	293.232	293.136
22.3454	293.23	293.134
22.3573	293.228	293.133
22.3692	293.225	293.131
22.3812	293.223	293.13
22.3931	293.221	293.129
22.405	293.218	293.127
22.417	293.216	293.126
22.4289	293.214	293.124
22.4408	293.211	293.123
22.4528	293.209	293.122
22.4647	293.207	293.12
22.4767	293.205	293.119
22.4886	293.203	293.118
22.5005	293.2	293.116
22.5125	293.198	293.115
22.5244	293.196	293.114
22.5363	293.194	293.113
22.5483	293.192	293.111
22.5602	293.19	293.11
22.5721	293.188	293.109
22.5841	293.186	293.108
22.596	293.184	293.107
22.608	293.182	293.105
22.6199	293.18	293.104
22.6318	293.178	293.103
22.6438	293.176	293.102
22.6557	293.174	293.101
22.6676	293.172	293.1
22.6796	293.171	293.098
22.6915	293.169	293.097
22.7035	293.167	293.096
22.7154	293.165	293.095
22.7273	293.163	293.094
22.7393	293.162	293.093
22.7512	293.16	293.092
22.7631	293.158	293.091
22.7751	293.156	293.09
22.787	293.155	293.089
22.7989	293.153	293.088
22.8109	293.151	293.087
22.8228	293.15	293.086
22.8348	293.148	293.085
22.8467	293.147	293.084
22.8586	293.145	293.083
22.8706	293.143	293.082
22.8825	293.142	293.081
22.8944	293.14	293.08
22.9064	293.139	293.079
22.9183	293.137	293.078
22.9302	293.136	293.078
22.9422	293.134	293.077
22.9541	293.133	293.076
22.9661	293.131	293.075
22.978	293.13	293.074
22.9899	293.128	293.073
23.0019	293.127	293.072
23.0138	293.126	293.072
23.0257	293.124	293.071
23.0377	293.123	293.07
23.0496	293.122	293.069
23.0616	293.12	293.068
23.0735	293.119	293.068
23.0854	293.118	293.067
23.0974	293.116	293.066
23.1093	293.115	293.065
23.1212	293.114	293.065
23.1332	293.112	293.064
23.1451	293.111	293.063
23.157	293.11	293.062
23.169	293.109	293.062
23.1809	293.108	293.061
23.1929	293.106	293.06
23.2048	293.105	293.059
23.2167	293.104	293.059
23.2287	293.103	293.058
23.2406	293.102	293.057
23.2525	293.101	293.057
23.2645	293.099	293.056
23.2764	293.098	293.055
23.2883	293.097	293.055
23.3003	293.096	293.054
23.3122	293.095	293.054
23.3242	293.094	293.053
23.3361	293.093	293.052
23.348	293.092	293.052
23.36	293.091	293.051
23.3719	293.09	293.05
23.3838	293.089	293.05
23.3958	293.088	293.049
23.4077	293.087	293.049
23.4196	293.086	293.048
23.4316	293.085	293.048
23.4435	293.084	293.047
23.4555	293.083	293.046
23.4674	293.082	293.046
23.4793	293.081	293.045
23.4913	293.08	293.045
23.5032	293.079	293.044
23.5151	293.078	293.044
23.5271	293.077	293.043
23.539	293.077	293.043
23.551	293.076	293.042
23.5629	293.075	293.042
23.5748	293.074	293.041
23.5868	293.073	293.041
23.5987	293.072	293.04
23.6106	293.071	293.04
23.6226	293.071	293.039
23.6345	293.07	293.039
23.6464	293.069	293.038
23.6584	293.068	293.038
23.6703	293.067	293.037
23.6823	293.067	293.037
23.6942	293.066	293.037
23.7061	293.065	293.036
23.7181	293.064	293.036
23.73	293.064	293.035
23.7419	293.063	293.035
23.7539	293.062	293.034
23.7658	293.061	293.034
23.7777	293.061	293.034
23.7897	293.06	293.033
23.8016	293.059	293.033
23.8136	293.059	293.032
23.8255	293.058	293.032
23.8374	293.057	293.032
23.8494	293.057	293.031
23.8613	293.056	293.031
23.8732	293.056	293.031
