0	784.321	784.532
0.0119366	784.293	784.503
0.0238732	784.21	784.419
0.0358099	784.077	784.284
0.0477465	783.901	784.105
0.0596831	783.689	783.891
0.0716197	783.451	783.65
0.0835563	783.192	783.39
0.095493	782.92	783.116
0.10743	782.638	782.834
0.119366	782.35	782.545
0.131303	782.058	782.253
0.143239	781.764	781.959
0.155176	781.468	781.663
0.167113	781.17	781.366
0.179049	780.872	781.068
0.190986	780.574	780.769
0.202923	780.274	780.47
0.214859	779.974	780.171
0.226796	779.674	779.871
0.238732	779.373	779.57
0.250669	779.072	779.269
0.262606	778.77	778.968
0.274542	778.468	778.666
0.286479	778.165	778.363
0.298416	777.862	778.06
0.310352	777.558	777.757
0.322289	777.254	777.453
0.334225	776.949	777.149
0.346162	776.644	776.844
0.358099	776.339	776.539
0.370035	776.033	776.233
0.381972	775.727	775.927
0.393908	775.42	775.621
0.405845	775.113	775.314
0.417782	774.805	775.007
0.429718	774.497	774.699
0.441655	774.189	774.391
0.453592	773.88	774.082
0.465528	773.57	773.773
0.477465	773.26	773.463
0.489401	772.95	773.153
0.501338	772.639	772.843
0.513275	772.328	772.532
0.525211	772.017	772.22
0.537148	771.704	771.909
0.549085	771.392	771.596
0.561021	771.079	771.284
0.572958	770.766	770.971
0.584894	770.452	770.657
0.596831	770.138	770.343
0.608768	769.823	770.029
0.620704	769.508	769.714
0.632641	769.193	769.399
0.644578	768.877	769.084
0.656514	768.561	768.768
0.668451	768.244	768.451
0.680387	767.927	768.134
0.692324	767.609	767.817
0.704261	767.291	767.499
0.716197	766.973	767.181
0.728134	766.654	766.863
0.74007	766.335	766.544
0.752007	766.016	766.224
0.763944	765.695	765.905
0.77588	765.375	765.585
0.787817	765.054	765.264
0.799754	764.733	764.943
0.81169	764.411	764.622
0.823627	764.089	764.3
0.835563	763.767	763.978
0.8475	763.444	763.655
0.859437	763.121	763.332
0.871373	762.797	763.009
0.88331	762.473	762.685
0.895247	762.149	762.361
0.907183	761.824	762.036
0.91912	761.499	761.711
0.931056	761.173	761.386
0.942993	760.847	761.06
0.95493	760.521	760.734
0.966866	760.194	760.408
0.978803	759.867	760.081
0.99074	759.539	759.753
1.00268	759.211	759.426
1.01461	758.883	759.098
1.02655	758.554	758.769
1.03849	758.225	758.44
1.05042	757.896	758.111
1.06236	757.566	757.782
1.0743	757.236	757.452
1.08623	756.905	757.121
1.09817	756.574	756.791
1.11011	756.243	756.459
1.12204	755.911	756.128
1.13398	755.579	755.796
1.14592	755.247	755.464
1.15785	754.914	755.131
1.16979	754.581	754.799
1.18173	754.247	754.465
1.19366	753.914	754.132
1.2056	753.579	753.798
1.21754	753.245	753.463
1.22947	752.91	753.128
1.24141	752.574	752.793
1.25335	752.239	752.458
1.26528	751.903	752.122
1.27722	751.566	751.786
1.28916	751.23	751.449
1.30109	750.892	751.112
1.31303	750.555	750.775
1.32496	750.217	750.438
1.3369	749.879	750.1
1.34884	749.541	749.761
1.36077	749.202	749.423
1.37271	748.863	749.084
1.38465	748.523	748.745
1.39658	748.183	748.405
1.40852	747.843	748.065
1.42046	747.502	747.725
1.43239	747.161	747.384
1.44433	746.82	747.043
1.45627	746.479	746.702
1.4682	746.137	746.36
1.48014	745.795	746.018
1.49208	745.452	745.676
1.50401	745.109	745.333
1.51595	744.766	744.99
1.52789	744.422	744.647
1.53982	744.079	744.303
1.55176	743.734	743.959
1.5637	743.39	743.615
1.57563	743.045	743.27
1.58757	742.7	742.925
1.59951	742.355	742.58
1.61144	742.009	742.234
1.62338	741.663	741.888
1.63532	741.316	741.542
1.64725	740.97	741.196
1.65919	740.623	740.849
1.67113	740.275	740.502
1.68306	739.928	740.154
1.695	739.58	739.806
1.70694	739.231	739.458
1.71887	738.883	739.11
1.73081	738.534	738.761
1.74275	738.185	738.412
1.75468	737.835	738.063
1.76662	737.485	737.713
1.77856	737.135	737.364
1.79049	736.785	737.013
1.80243	736.434	736.663
1.81437	736.083	736.312
1.8263	735.732	735.961
1.83824	735.381	735.61
1.85018	735.029	735.258
1.86211	734.677	734.906
1.87405	734.324	734.554
1.88599	733.971	734.201
1.89792	733.618	733.849
1.90986	733.265	733.495
1.9218	732.912	733.142
1.93373	732.558	732.788
1.94567	732.204	732.434
1.95761	731.849	732.08
1.96954	731.495	731.726
1.98148	731.14	731.371
1.99342	730.784	731.016
2.00535	730.429	730.661
2.01729	730.073	730.305
2.02923	729.717	729.949
2.04116	729.361	729.593
2.0531	729.004	729.237
2.06504	728.647	728.88
2.07697	728.29	728.523
2.08891	727.933	728.166
2.10085	727.575	727.808
2.11278	727.217	727.45
2.12472	726.859	727.092
2.13666	726.501	726.734
2.14859	726.142	726.376
2.16053	725.783	726.017
2.17246	725.424	725.658
2.1844	725.065	725.299
2.19634	724.705	724.939
2.20827	724.345	724.579
2.22021	723.985	724.219
2.23215	723.624	723.859
2.24408	723.264	723.498
2.25602	722.903	723.138
2.26796	722.542	722.777
2.27989	722.18	722.415
2.29183	721.818	722.054
2.30377	721.457	721.692
2.3157	721.094	721.33
2.32764	720.732	720.968
2.33958	720.369	720.605
2.35151	720.007	720.243
2.36345	719.643	719.88
2.37539	719.28	719.517
2.38732	718.917	719.153
2.39926	718.553	718.789
2.4112	718.189	718.426
2.42313	717.824	718.061
2.43507	717.46	717.697
2.44701	717.095	717.333
2.45894	716.73	716.968
2.47088	716.365	716.603
2.48282	716	716.238
2.49475	715.634	715.872
2.50669	715.268	715.506
2.51863	714.902	715.141
2.53056	714.536	714.774
2.5425	714.17	714.408
2.55444	713.803	714.042
2.56637	713.436	713.675
2.57831	713.069	713.308
2.59025	712.702	712.941
2.60218	712.334	712.573
2.61412	711.967	712.206
2.62606	711.599	711.838
2.63799	711.23	711.47
2.64993	710.862	711.102
2.66187	710.494	710.733
2.6738	710.125	710.365
2.68574	709.756	709.996
2.69768	709.387	709.627
2.70961	709.017	709.258
2.72155	708.648	708.888
2.73349	708.278	708.519
2.74542	707.908	708.149
2.75736	707.538	707.779
2.7693	707.168	707.408
2.78123	706.797	707.038
2.79317	706.427	706.668
2.80511	706.056	706.297
2.81704	705.685	705.926
2.82898	705.313	705.555
2.84092	704.942	705.183
2.85285	704.57	704.812
2.86479	704.198	704.44
2.87673	703.826	704.068
2.88866	703.454	703.696
2.9006	703.082	703.324
2.91254	702.709	702.951
2.92447	702.337	702.579
2.93641	701.964	702.206
2.94835	701.591	701.833
2.96028	701.218	701.46
2.97222	700.844	701.087
2.98416	700.471	700.713
2.99609	700.097	700.34
3.00803	699.723	699.966
3.01997	699.349	699.592
3.0319	698.975	699.218
3.04384	698.6	698.843
3.05577	698.226	698.469
3.06771	697.851	698.094
3.07965	697.476	697.719
3.09158	697.101	697.345
3.10352	696.726	696.969
3.11546	696.35	696.594
3.12739	695.975	696.219
3.13933	695.599	695.843
3.15127	695.223	695.467
3.1632	694.847	695.091
3.17514	694.471	694.715
3.18708	694.095	694.339
3.19901	693.718	693.963
3.21095	693.342	693.586
3.22289	692.965	693.21
3.23482	692.588	692.833
3.24676	692.211	692.456
3.2587	691.834	692.079
3.27063	691.457	691.702
3.28257	691.079	691.324
3.29451	690.701	690.947
3.30644	690.324	690.569
3.31838	689.946	690.191
3.33032	689.568	689.813
3.34225	689.19	689.435
3.35419	688.811	689.057
3.36613	688.433	688.679
3.37806	688.054	688.3
3.39	687.676	687.921
3.40194	687.297	687.543
3.41387	686.918	687.164
3.42581	686.539	686.785
3.43775	686.159	686.406
3.44968	685.78	686.026
3.46162	685.401	685.647
3.47356	685.021	685.267
3.48549	684.641	684.888
3.49743	684.261	684.508
3.50937	683.881	684.128
3.5213	683.501	683.748
3.53324	683.121	683.368
3.54518	682.741	682.988
3.55711	682.36	682.607
3.56905	681.98	682.227
3.58099	681.599	681.846
3.59292	681.218	681.465
3.60486	680.837	681.084
3.6168	680.456	680.703
3.62873	680.075	680.322
3.64067	679.694	679.941
3.65261	679.312	679.56
3.66454	678.931	679.178
3.67648	678.549	678.797
3.68842	678.168	678.415
3.70035	677.786	678.033
3.71229	677.404	677.652
3.72423	677.022	677.27
3.73616	676.64	676.888
3.7481	676.258	676.505
3.76004	675.875	676.123
3.77197	675.493	675.741
3.78391	675.11	675.358
3.79585	674.728	674.976
3.80778	674.345	674.593
3.81972	673.962	674.21
3.83166	673.579	673.827
3.84359	673.196	673.445
3.85553	672.813	673.061
3.86747	672.43	672.678
3.8794	672.047	672.295
3.89134	671.663	671.912
3.90327	671.28	671.528
3.91521	670.896	671.145
3.92715	670.512	670.761
3.93908	670.129	670.377
3.95102	669.745	669.994
3.96296	669.361	669.61
3.97489	668.977	669.226
3.98683	668.593	668.842
3.99877	668.209	668.458
4.0107	667.824	668.073
4.02264	667.44	667.689
4.03458	667.056	667.305
4.04651	666.671	666.92
4.05845	666.287	666.536
4.07039	665.902	666.151
4.08232	665.517	665.767
4.09426	665.132	665.382
4.1062	664.747	664.997
4.11813	664.362	664.612
4.13007	663.977	664.227
4.14201	663.592	663.842
4.15394	663.207	663.457
4.16588	662.822	663.072
4.17782	662.437	662.686
4.18975	662.051	662.301
4.20169	661.666	661.915
4.21363	661.28	661.53
4.22556	660.894	661.144
4.2375	660.509	660.759
4.24944	660.123	660.373
4.26137	659.737	659.987
4.27331	659.351	659.601
4.28525	658.965	659.216
4.29718	658.579	658.83
4.30912	658.193	658.444
4.32106	657.807	658.057
4.33299	657.421	657.671
4.34493	657.035	657.285
4.35687	656.649	656.899
4.3688	656.262	656.512
4.38074	655.876	656.126
4.39268	655.489	655.74
4.40461	655.103	655.353
4.41655	654.716	654.967
4.42849	654.329	654.58
4.44042	653.943	654.193
4.45236	653.556	653.807
4.4643	653.169	653.42
4.47623	652.782	653.033
4.48817	652.395	652.646
4.50011	652.008	652.259
4.51204	651.621	651.872
4.52398	651.234	651.485
4.53592	650.847	651.098
4.54785	650.46	650.711
4.55979	650.073	650.324
4.57173	649.686	649.937
4.58366	649.298	649.549
4.5956	648.911	649.162
4.60754	648.524	648.775
4.61947	648.136	648.387
4.63141	647.749	648
4.64335	647.361	647.612
4.65528	646.974	647.225
4.66722	646.586	646.837
4.67916	646.198	646.449
4.69109	645.811	646.062
4.70303	645.423	645.674
4.71497	645.035	645.286
4.7269	644.647	644.899
4.73884	644.26	644.511
4.75078	643.872	644.123
4.76271	643.484	643.735
4.77465	643.096	643.347
4.78658	642.708	642.959
4.79852	642.32	642.571
4.81046	641.932	642.183
4.82239	641.544	641.795
4.83433	641.156	641.407
4.84627	640.768	641.019
4.8582	640.379	640.631
4.87014	639.991	640.242
4.88208	639.603	639.854
4.89401	639.215	639.466
4.90595	638.826	639.078
4.91789	638.438	638.689
4.92982	638.05	638.301
4.94176	637.661	637.913
4.9537	637.273	637.524
4.96563	636.884	637.136
4.97757	636.496	636.747
4.98951	636.108	636.359
5.00144	635.719	635.97
5.01338	635.33	635.582
5.02532	634.942	635.193
5.03725	634.553	634.805
5.04919	634.165	634.416
5.06113	633.776	634.028
5.07306	633.387	633.639
5.085	632.999	633.25
5.09694	632.61	632.862
5.10887	632.221	632.473
5.12081	631.833	632.084
5.13275	631.444	631.695
5.14468	631.055	631.307
5.15662	630.666	630.918
5.16856	630.278	630.529
5.18049	629.889	630.14
5.19243	629.5	629.751
5.20437	629.111	629.363
5.2163	628.722	628.974
5.22824	628.333	628.585
5.24018	627.944	628.196
5.25211	627.555	627.807
5.26405	627.166	627.418
5.27599	626.778	627.029
5.28792	626.389	626.64
5.29986	626	626.251
5.3118	625.611	625.862
5.32373	625.222	625.473
5.33567	624.833	625.084
5.34761	624.444	624.695
5.35954	624.055	624.306
5.37148	623.666	623.917
5.38342	623.276	623.528
5.39535	622.887	623.139
5.40729	622.498	622.75
5.41923	622.109	622.361
5.43116	621.72	621.972
5.4431	621.331	621.583
5.45504	620.942	621.194
5.46697	620.553	620.805
5.47891	620.164	620.416
5.49085	619.775	620.026
5.50278	619.386	619.637
5.51472	618.996	619.248
5.52666	618.607	618.859
5.53859	618.218	618.47
5.55053	617.829	618.081
5.56247	617.44	617.692
5.5744	617.051	617.302
5.58634	616.661	616.913
5.59828	616.272	616.524
5.61021	615.883	616.135
5.62215	615.494	615.746
5.63408	615.105	615.357
5.64602	614.716	614.967
5.65796	614.326	614.578
5.66989	613.937	614.189
5.68183	613.548	613.8
5.69377	613.159	613.411
5.7057	612.77	613.021
5.71764	612.381	612.632
5.72958	611.991	612.243
5.74151	611.602	611.854
5.75345	611.213	611.465
5.76539	610.824	611.076
5.77732	610.435	610.686
5.78926	610.045	610.297
5.8012	609.656	609.908
5.81313	609.267	609.519
5.82507	608.878	609.13
5.83701	608.489	608.74
5.84894	608.1	608.351
5.86088	607.71	607.962
5.87282	607.321	607.573
5.88475	606.932	607.184
5.89669	606.543	606.795
5.90863	606.154	606.405
5.92056	605.765	606.016
5.9325	605.376	605.627
5.94444	604.986	605.238
5.95637	604.597	604.849
5.96831	604.208	604.46
5.98025	603.819	604.071
5.99218	603.43	603.681
6.00412	603.041	603.292
6.01606	602.652	602.903
6.02799	602.263	602.514
6.03993	601.873	602.125
6.05187	601.484	601.736
6.0638	601.095	601.347
6.07574	600.706	600.958
6.08768	600.317	600.569
6.09961	599.928	600.18
6.11155	599.539	599.791
6.12349	599.15	599.401
6.13542	598.761	599.012
6.14736	598.372	598.623
6.1593	597.983	598.234
6.17123	597.594	597.845
6.18317	597.205	597.456
6.19511	596.816	597.067
6.20704	596.427	596.678
6.21898	596.038	596.289
6.23092	595.649	595.9
6.24285	595.26	595.511
6.25479	594.871	595.122
6.26673	594.482	594.733
6.27866	594.093	594.344
6.2906	593.704	593.955
6.30254	593.315	593.567
6.31447	592.926	593.178
6.32641	592.537	592.789
6.33835	592.148	592.4
6.35028	591.759	592.011
6.36222	591.371	591.622
6.37416	590.982	591.233
6.38609	590.593	590.844
6.39803	590.204	590.455
6.40997	589.815	590.067
6.4219	589.426	589.678
6.43384	589.037	589.289
6.44578	588.649	588.9
6.45771	588.26	588.511
6.46965	587.871	588.122
6.48159	587.482	587.734
6.49352	587.094	587.345
6.50546	586.705	586.956
6.51739	586.316	586.567
6.52933	585.927	586.179
6.54127	585.539	585.79
6.5532	585.15	585.401
6.56514	584.761	585.012
6.57708	584.372	584.624
6.58901	583.984	584.235
6.60095	583.595	583.846
6.61289	583.206	583.458
6.62482	582.818	583.069
6.63676	582.429	582.68
6.6487	582.04	582.292
6.66063	581.652	581.903
6.67257	581.263	581.514
6.68451	580.874	581.126
6.69644	580.486	580.737
6.70838	580.097	580.348
6.72032	579.709	579.96
6.73225	579.32	579.571
6.74419	578.932	579.183
6.75613	578.543	578.794
6.76806	578.155	578.406
6.78	577.766	578.017
6.79194	577.377	577.629
6.80387	576.989	577.24
6.81581	576.6	576.852
6.82775	576.212	576.463
6.83968	575.823	576.075
6.85162	575.435	575.686
6.86356	575.047	575.298
6.87549	574.658	574.909
6.88743	574.27	574.521
6.89937	573.881	574.132
6.9113	573.493	573.744
6.92324	573.104	573.355
6.93518	572.716	572.967
6.94711	572.328	572.579
6.95905	571.939	572.19
6.97099	571.551	571.802
6.98292	571.162	571.413
6.99486	570.774	571.025
7.0068	570.386	570.637
7.01873	569.997	570.248
7.03067	569.609	569.86
7.04261	569.221	569.472
7.05454	568.832	569.083
7.06648	568.444	568.695
7.07842	568.056	568.307
7.09035	567.668	567.919
7.10229	567.279	567.53
7.11423	566.891	567.142
7.12616	566.503	566.754
7.1381	566.115	566.365
7.15004	565.726	565.977
7.16197	565.338	565.589
7.17391	564.95	565.201
7.18585	564.562	564.813
7.19778	564.173	564.424
7.20972	563.785	564.036
7.22166	563.397	563.648
7.23359	563.009	563.26
7.24553	562.621	562.871
7.25747	562.232	562.483
7.2694	561.844	562.095
7.28134	561.456	561.707
7.29328	561.068	561.319
7.30521	560.68	560.931
7.31715	560.292	560.542
7.32909	559.903	560.154
7.34102	559.515	559.766
7.35296	559.127	559.378
7.36489	558.739	558.99
7.37683	558.351	558.602
7.38877	557.963	558.214
7.4007	557.575	557.825
7.41264	557.187	557.437
7.42458	556.798	557.049
7.43651	556.41	556.661
7.44845	556.022	556.273
7.46039	555.634	555.885
7.47232	555.246	555.497
7.48426	554.858	555.109
7.4962	554.47	554.721
7.50813	554.082	554.333
7.52007	553.694	553.944
7.53201	553.306	553.556
7.54394	552.918	553.168
7.55588	552.529	552.78
7.56782	552.141	552.392
7.57975	551.753	552.004
7.59169	551.365	551.616
7.60363	550.977	551.228
7.61556	550.589	550.84
7.6275	550.201	550.452
7.63944	549.813	550.064
7.65137	549.425	549.676
7.66331	549.037	549.288
7.67525	548.649	548.9
7.68718	548.261	548.512
7.69912	547.873	548.123
7.71106	547.485	547.735
7.72299	547.097	547.347
7.73493	546.708	546.959
7.74687	546.32	546.571
7.7588	545.932	546.183
7.77074	545.544	545.795
7.78268	545.156	545.407
7.79461	544.768	545.019
7.80655	544.38	544.631
7.81849	543.992	544.243
7.83042	543.604	543.855
7.84236	543.216	543.467
7.8543	542.828	543.079
7.86623	542.44	542.691
7.87817	542.052	542.302
7.89011	541.664	541.914
7.90204	541.275	541.526
7.91398	540.887	541.138
7.92592	540.499	540.75
7.93785	540.111	540.362
7.94979	539.723	539.974
7.96173	539.335	539.586
7.97366	538.947	539.198
7.9856	538.559	538.81
7.99754	538.171	538.421
8.00947	537.782	538.033
8.02141	537.394	537.645
8.03335	537.006	537.257
8.04528	536.618	536.869
8.05722	536.23	536.481
8.06916	535.842	536.092
8.08109	535.453	535.704
8.09303	535.065	535.316
8.10497	534.677	534.928
8.1169	534.289	534.54
8.12884	533.901	534.152
8.14078	533.512	533.763
8.15271	533.124	533.375
8.16465	532.736	532.987
8.17659	532.348	532.599
8.18852	531.959	532.21
8.20046	531.571	531.822
8.2124	531.183	531.434
8.22433	530.795	531.046
8.23627	530.406	530.657
8.2482	530.018	530.269
8.26014	529.63	529.881
8.27208	529.241	529.493
8.28401	528.853	529.104
8.29595	528.465	528.716
8.30789	528.076	528.328
8.31982	527.688	527.939
8.33176	527.3	527.551
8.3437	526.911	527.162
8.35563	526.523	526.774
8.36757	526.135	526.386
8.37951	525.746	525.997
8.39144	525.358	525.609
8.40338	524.969	525.22
8.41532	524.581	524.832
8.42725	524.192	524.444
8.43919	523.804	524.055
8.45113	523.415	523.667
8.46306	523.027	523.278
8.475	522.638	522.89
8.48694	522.25	522.501
8.49887	521.861	522.112
8.51081	521.473	521.724
8.52275	521.084	521.335
8.53468	520.696	520.947
8.54662	520.307	520.558
8.55856	519.918	520.17
8.57049	519.53	519.781
8.58243	519.141	519.392
8.59437	518.752	519.004
8.6063	518.364	518.615
8.61824	517.975	518.226
8.63018	517.586	517.838
8.64211	517.198	517.449
8.65405	516.809	517.06
8.66599	516.42	516.671
8.67792	516.031	516.283
8.68986	515.642	515.894
8.7018	515.254	515.505
8.71373	514.865	515.116
8.72567	514.476	514.727
8.73761	514.087	514.339
8.74954	513.698	513.95
8.76148	513.309	513.561
8.77342	512.92	513.172
8.78535	512.532	512.783
8.79729	512.143	512.394
8.80923	511.754	512.005
8.82116	511.365	511.616
8.8331	510.976	511.227
8.84504	510.587	510.838
8.85697	510.198	510.449
8.86891	509.809	510.06
8.88085	509.419	509.671
8.89278	509.03	509.282
8.90472	508.641	508.893
8.91666	508.252	508.504
8.92859	507.863	508.115
8.94053	507.474	507.726
8.95247	507.085	507.336
8.9644	506.695	506.947
8.97634	506.306	506.558
8.98828	505.917	506.169
9.00021	505.528	505.779
9.01215	505.138	505.39
9.02409	504.749	505.001
9.03602	504.36	504.612
9.04796	503.971	504.222
9.0599	503.581	503.833
9.07183	503.192	503.444
9.08377	502.802	503.054
9.0957	502.413	502.665
9.10764	502.024	502.275
9.11958	501.634	501.886
9.13151	501.245	501.497
9.14345	500.855	501.107
9.15539	500.466	500.718
9.16732	500.076	500.328
9.17926	499.687	499.939
9.1912	499.297	499.549
9.20313	498.907	499.159
9.21507	498.518	498.77
9.22701	498.128	498.38
9.23894	497.739	497.991
9.25088	497.349	497.601
9.26282	496.959	497.211
9.27475	496.57	496.822
9.28669	496.18	496.432
9.29863	495.79	496.042
9.31056	495.4	495.653
9.3225	495.011	495.263
9.33444	494.621	494.873
9.34637	494.231	494.483
9.35831	493.841	494.094
9.37025	493.451	493.704
9.38218	493.062	493.314
9.39412	492.672	492.924
9.40606	492.282	492.534
9.41799	491.892	492.144
9.42993	491.502	491.754
9.44187	491.112	491.364
9.4538	490.722	490.975
9.46574	490.332	490.585
9.47768	489.942	490.195
9.48961	489.552	489.805
9.50155	489.162	489.415
9.51349	488.772	489.025
9.52542	488.382	488.635
9.53736	487.992	488.245
9.5493	487.602	487.854
9.56123	487.212	487.464
9.57317	486.822	487.074
9.58511	486.432	486.684
9.59704	486.042	486.294
9.60898	485.652	485.904
9.62092	485.261	485.514
9.63285	484.871	485.124
9.64479	484.481	484.734
9.65673	484.091	484.343
9.66866	483.701	483.953
9.6806	483.311	483.563
9.69254	482.92	483.173
9.70447	482.53	482.783
9.71641	482.14	482.392
9.72835	481.75	482.002
9.74028	481.359	481.612
9.75222	480.969	481.222
9.76416	480.579	480.831
9.77609	480.189	480.441
9.78803	479.798	480.051
9.79997	479.408	479.661
9.8119	479.018	479.27
9.82384	478.627	478.88
9.83578	478.237	478.49
9.84771	477.847	478.099
9.85965	477.456	477.709
9.87159	477.066	477.319
9.88352	476.676	476.928
9.89546	476.285	476.538
9.9074	475.895	476.148
9.91933	475.505	475.757
9.93127	475.114	475.367
9.94321	474.724	474.977
9.95514	474.334	474.586
9.96708	473.943	474.196
9.97901	473.553	473.806
9.99095	473.163	473.415
10.0029	472.772	473.025
10.0148	472.382	472.634
10.0268	471.991	472.244
10.0387	471.601	471.854
10.0506	471.211	471.463
10.0626	470.82	471.073
10.0745	470.43	470.683
10.0864	470.04	470.292
10.0984	469.649	469.902
10.1103	469.259	469.512
10.1223	468.869	469.122
10.1342	468.479	468.731
10.1461	468.088	468.341
10.1581	467.698	467.951
10.17	467.308	467.56
10.1819	466.917	467.17
10.1939	466.527	466.78
10.2058	466.137	466.39
10.2177	465.747	465.999
10.2297	465.357	465.609
10.2416	464.966	465.219
10.2536	464.576	464.829
10.2655	464.186	464.439
10.2774	463.796	464.048
10.2894	463.406	463.658
10.3013	463.016	463.268
10.3132	462.626	462.878
10.3252	462.236	462.488
10.3371	461.846	462.098
10.3491	461.455	461.708
10.361	461.065	461.318
10.3729	460.676	460.928
10.3849	460.286	460.538
10.3968	459.896	460.148
10.4087	459.506	459.758
10.4207	459.116	459.368
10.4326	458.726	458.978
10.4445	458.336	458.589
10.4565	457.946	458.199
10.4684	457.557	457.809
10.4804	457.167	457.419
10.4923	456.777	457.03
10.5042	456.388	456.64
10.5162	455.998	456.25
10.5281	455.608	455.861
10.54	455.219	455.471
10.552	454.829	455.082
10.5639	454.44	454.692
10.5758	454.051	454.303
10.5878	453.661	453.913
10.5997	453.272	453.524
10.6117	452.883	453.135
10.6236	452.493	452.745
10.6355	452.104	452.356
10.6475	451.715	451.967
10.6594	451.326	451.578
10.6713	450.937	451.189
10.6833	450.548	450.8
10.6952	450.159	450.411
10.7071	449.77	450.022
10.7191	449.381	449.633
10.731	448.993	449.244
10.743	448.604	448.855
10.7549	448.215	448.467
10.7668	447.827	448.078
10.7788	447.438	447.69
10.7907	447.05	447.301
10.8026	446.661	446.913
10.8146	446.273	446.524
10.8265	445.885	446.136
10.8385	445.496	445.748
10.8504	445.108	445.36
10.8623	444.72	444.971
10.8743	444.332	444.583
10.8862	443.944	444.195
10.8981	443.556	443.808
10.9101	443.169	443.42
10.922	442.781	443.032
10.9339	442.393	442.644
10.9459	442.006	442.257
10.9578	441.619	441.869
10.9698	441.231	441.482
10.9817	440.844	441.095
10.9936	440.457	440.707
11.0056	440.07	440.32
11.0175	439.683	439.933
11.0294	439.296	439.546
11.0414	438.909	439.159
11.0533	438.522	438.773
11.0652	438.136	438.386
11.0772	437.749	437.999
11.0891	437.363	437.613
11.1011	436.976	437.226
11.113	436.59	436.84
11.1249	436.204	436.454
11.1369	435.818	436.068
11.1488	435.432	435.682
11.1607	435.046	435.296
11.1727	434.661	434.91
11.1846	434.275	434.525
11.1966	433.89	434.139
11.2085	433.504	433.754
11.2204	433.119	433.369
11.2324	432.734	432.983
11.2443	432.349	432.598
11.2562	431.964	432.213
11.2682	431.58	431.829
11.2801	431.195	431.444
11.292	430.811	431.059
11.304	430.426	430.675
11.3159	430.042	430.291
11.3279	429.658	429.907
11.3398	429.274	429.523
11.3517	428.89	429.139
11.3637	428.507	428.755
11.3756	428.123	428.371
11.3875	427.74	427.988
11.3995	427.357	427.605
11.4114	426.974	427.222
11.4233	426.591	426.839
11.4353	426.208	426.456
11.4472	425.826	426.073
11.4592	425.443	425.691
11.4711	425.061	425.308
11.483	424.679	424.926
11.495	424.297	424.544
11.5069	423.915	424.162
11.5188	423.533	423.78
11.5308	423.152	423.399
11.5427	422.771	423.017
11.5546	422.39	422.636
11.5666	422.009	422.255
11.5785	421.628	421.874
11.5905	421.247	421.494
11.6024	420.867	421.113
11.6143	420.487	420.733
11.6263	420.107	420.353
11.6382	419.727	419.973
11.6501	419.347	419.593
11.6621	418.968	419.213
11.674	418.589	418.834
11.686	418.21	418.455
11.6979	417.831	418.076
11.7098	417.452	417.697
11.7218	417.074	417.318
11.7337	416.695	416.94
11.7456	416.317	416.562
11.7576	415.94	416.184
11.7695	415.562	415.806
11.7814	415.185	415.429
11.7934	414.807	415.051
11.8053	414.431	414.674
11.8173	414.054	414.297
11.8292	413.677	413.921
11.8411	413.301	413.544
11.8531	412.925	413.168
11.865	412.549	412.792
11.8769	412.174	412.416
11.8889	411.798	412.041
11.9008	411.423	411.666
11.9127	411.048	411.291
11.9247	410.674	410.916
11.9366	410.299	410.541
11.9486	409.925	410.167
11.9605	409.551	409.793
11.9724	409.178	409.419
11.9844	408.804	409.046
11.9963	408.431	408.672
12.0082	408.058	408.299
12.0202	407.686	407.927
12.0321	407.313	407.554
12.0441	406.941	407.182
12.056	406.57	406.81
12.0679	406.198	406.438
12.0799	405.827	406.067
12.0918	405.456	405.696
12.1037	405.085	405.325
12.1157	404.715	404.954
12.1276	404.345	404.584
12.1395	403.975	404.214
12.1515	403.606	403.844
12.1634	403.236	403.475
12.1754	402.867	403.106
12.1873	402.499	402.737
12.1992	402.13	402.368
12.2112	401.762	402
12.2231	401.395	401.632
12.235	401.027	401.265
12.247	400.66	400.897
12.2589	400.293	400.53
12.2708	399.927	400.164
12.2828	399.561	399.797
12.2947	399.195	399.431
12.3067	398.83	399.066
12.3186	398.464	398.7
12.3305	398.1	398.335
12.3425	397.735	397.97
12.3544	397.371	397.606
12.3663	397.007	397.242
12.3783	396.644	396.878
12.3902	396.28	396.515
12.4021	395.918	396.152
12.4141	395.555	395.789
12.426	395.193	395.427
12.438	394.831	395.065
12.4499	394.47	394.703
12.4618	394.109	394.342
12.4738	393.748	393.981
12.4857	393.388	393.621
12.4976	393.028	393.26
12.5096	392.669	392.901
12.5215	392.31	392.541
12.5335	391.951	392.182
12.5454	391.592	391.824
12.5573	391.234	391.465
12.5693	390.877	391.107
12.5812	390.519	390.75
12.5931	390.163	390.393
12.6051	389.806	390.036
12.617	389.45	389.68
12.6289	389.094	389.324
12.6409	388.739	388.968
12.6528	388.384	388.613
12.6648	388.03	388.258
12.6767	387.676	387.904
12.6886	387.322	387.55
12.7006	386.969	387.197
12.7125	386.616	386.843
12.7244	386.264	386.491
12.7364	385.912	386.139
12.7483	385.56	385.787
12.7602	385.209	385.435
12.7722	384.859	385.084
12.7841	384.508	384.734
12.7961	384.159	384.384
12.808	383.809	384.034
12.8199	383.46	383.685
12.8319	383.112	383.336
12.8438	382.764	382.988
12.8557	382.416	382.64
12.8677	382.069	382.293
12.8796	381.723	381.946
12.8916	381.376	381.599
12.9035	381.031	381.253
12.9154	380.685	380.908
12.9274	380.341	380.563
12.9393	379.996	380.218
12.9512	379.653	379.874
12.9632	379.309	379.53
12.9751	378.966	379.187
12.987	378.624	378.844
12.999	378.282	378.502
13.0109	377.941	378.16
13.0229	377.6	377.819
13.0348	377.259	377.478
13.0467	376.919	377.138
13.0587	376.58	376.798
13.0706	376.241	376.459
13.0825	375.903	376.12
13.0945	375.565	375.782
13.1064	375.227	375.444
13.1183	374.891	375.107
13.1303	374.554	374.771
13.1422	374.218	374.434
13.1542	373.883	374.099
13.1661	373.548	373.764
13.178	373.214	373.429
13.19	372.88	373.095
13.2019	372.547	372.761
13.2138	372.215	372.428
13.2258	371.882	372.096
13.2377	371.551	371.764
13.2496	371.22	371.432
13.2616	370.889	371.102
13.2735	370.559	370.771
13.2855	370.23	370.442
13.2974	369.901	370.112
13.3093	369.573	369.784
13.3213	369.245	369.456
13.3332	368.918	369.128
13.3451	368.592	368.801
13.3571	368.266	368.475
13.369	367.94	368.149
13.381	367.615	367.824
13.3929	367.291	367.499
13.4048	366.967	367.175
13.4168	366.644	366.852
13.4287	366.322	366.529
13.4406	366	366.206
13.4526	365.679	365.885
13.4645	365.358	365.564
13.4764	365.038	365.243
13.4884	364.718	364.923
13.5003	364.399	364.604
13.5123	364.081	364.285
13.5242	363.763	363.967
13.5361	363.446	363.649
13.5481	363.129	363.332
13.56	362.814	363.016
13.5719	362.498	362.7
13.5839	362.184	362.385
13.5958	361.87	362.071
13.6077	361.556	361.757
13.6197	361.243	361.444
13.6316	360.931	361.131
13.6436	360.62	360.819
13.6555	360.309	360.508
13.6674	359.999	360.197
13.6794	359.689	359.887
13.6913	359.38	359.578
13.7032	359.072	359.269
13.7152	358.764	358.961
13.7271	358.457	358.653
13.7391	358.151	358.347
13.751	357.845	358.041
13.7629	357.54	357.735
13.7749	357.235	357.43
13.7868	356.932	357.126
13.7987	356.629	356.822
13.8107	356.326	356.52
13.8226	356.024	356.217
13.8345	355.723	355.916
13.8465	355.423	355.615
13.8584	355.123	355.315
13.8704	354.824	355.015
13.8823	354.526	354.717
13.8942	354.228	354.418
13.9062	353.931	354.121
13.9181	353.635	353.824
13.93	353.339	353.528
13.942	353.044	353.233
13.9539	352.75	352.938
13.9658	352.457	352.644
13.9778	352.164	352.351
13.9897	351.872	352.058
14.0017	351.58	351.766
14.0136	351.29	351.475
14.0255	351	351.185
14.0375	350.71	350.895
14.0494	350.422	350.606
14.0613	350.134	350.317
14.0733	349.847	350.03
14.0852	349.56	349.743
14.0971	349.274	349.457
14.1091	348.989	349.171
14.121	348.705	348.886
14.133	348.422	348.602
14.1449	348.139	348.319
14.1568	347.857	348.036
14.1688	347.575	347.755
14.1807	347.295	347.473
14.1926	347.015	347.193
14.2046	346.736	346.913
14.2165	346.457	346.635
14.2285	346.179	346.356
14.2404	345.903	346.079
14.2523	345.626	345.802
14.2643	345.351	345.526
14.2762	345.076	345.251
14.2881	344.802	344.977
14.3001	344.529	344.703
14.312	344.257	344.43
14.3239	343.985	344.158
14.3359	343.714	343.886
14.3478	343.444	343.616
14.3598	343.174	343.346
14.3717	342.906	343.077
14.3836	342.638	342.808
14.3956	342.371	342.541
14.4075	342.105	342.274
14.4194	341.839	342.008
14.4314	341.574	341.742
14.4433	341.31	341.478
14.4552	341.047	341.214
14.4672	340.784	340.951
14.4791	340.523	340.689
14.4911	340.262	340.427
14.503	340.002	340.167
14.5149	339.742	339.907
14.5269	339.484	339.648
14.5388	339.226	339.389
14.5507	338.969	339.132
14.5627	338.713	338.875
14.5746	338.457	338.619
14.5866	338.202	338.364
14.5985	337.949	338.11
14.6104	337.696	337.856
14.6224	337.443	337.603
14.6343	337.192	337.351
14.6462	336.941	337.1
14.6582	336.691	336.85
14.6701	336.442	336.6
14.682	336.194	336.351
14.694	335.946	336.103
14.7059	335.7	335.856
14.7179	335.454	335.609
14.7298	335.209	335.364
14.7417	334.965	335.119
14.7537	334.721	334.875
14.7656	334.478	334.632
14.7775	334.237	334.39
14.7895	333.996	334.148
14.8014	333.755	333.907
14.8133	333.516	333.667
14.8253	333.277	333.428
14.8372	333.039	333.19
14.8492	332.803	332.952
14.8611	332.566	332.716
14.873	332.331	332.48
14.885	332.097	332.245
14.8969	331.863	332.01
14.9088	331.63	331.777
14.9208	331.398	331.544
14.9327	331.167	331.313
14.9446	330.936	331.082
14.9566	330.707	330.851
14.9685	330.478	330.622
14.9805	330.25	330.394
14.9924	330.023	330.166
15.0043	329.796	329.939
15.0163	329.571	329.713
15.0282	329.346	329.488
15.0401	329.122	329.263
15.0521	328.899	329.04
15.064	328.677	328.817
15.076	328.456	328.595
15.0879	328.235	328.374
15.0998	328.016	328.154
15.1118	327.797	327.935
15.1237	327.579	327.716
15.1356	327.362	327.498
15.1476	327.145	327.281
15.1595	326.93	327.065
15.1714	326.715	326.85
15.1834	326.501	326.636
15.1953	326.288	326.422
15.2073	326.076	326.209
15.2192	325.864	325.997
15.2311	325.654	325.786
15.2431	325.444	325.576
15.255	325.235	325.366
15.2669	325.027	325.158
15.2789	324.82	324.95
15.2908	324.614	324.743
15.3027	324.408	324.537
15.3147	324.203	324.332
15.3266	323.999	324.127
15.3386	323.796	323.924
15.3505	323.594	323.721
15.3624	323.393	323.519
15.3744	323.192	323.318
15.3863	322.993	323.118
15.3982	322.794	322.918
15.4102	322.596	322.72
15.4221	322.398	322.522
15.4341	322.202	322.325
15.446	322.007	322.129
15.4579	321.812	321.934
15.4699	321.618	321.739
15.4818	321.425	321.546
15.4937	321.233	321.353
15.5057	321.041	321.161
15.5176	320.851	320.97
15.5295	320.661	320.78
15.5415	320.472	320.59
15.5534	320.284	320.402
15.5654	320.097	320.214
15.5773	319.91	320.027
15.5892	319.725	319.841
15.6012	319.54	319.656
15.6131	319.356	319.471
15.625	319.173	319.287
15.637	318.991	319.105
15.6489	318.81	318.923
15.6608	318.629	318.742
15.6728	318.449	318.561
15.6847	318.27	318.382
15.6967	318.092	318.203
15.7086	317.915	318.025
15.7205	317.738	317.848
15.7325	317.563	317.672
15.7444	317.388	317.497
15.7563	317.214	317.322
15.7683	317.041	317.148
15.7802	316.868	316.976
15.7921	316.697	316.804
15.8041	316.526	316.632
15.816	316.356	316.462
15.828	316.187	316.292
15.8399	316.019	316.123
15.8518	315.851	315.955
15.8638	315.685	315.788
15.8757	315.519	315.622
15.8876	315.354	315.456
15.8996	315.19	315.292
15.9115	315.026	315.128
15.9235	314.864	314.965
15.9354	314.702	314.802
15.9473	314.541	314.641
15.9593	314.381	314.48
15.9712	314.221	314.32
15.9831	314.063	314.161
15.9951	313.905	314.003
16.007	313.748	313.845
16.0189	313.592	313.689
16.0309	313.437	313.533
16.0428	313.282	313.378
16.0548	313.129	313.224
16.0667	312.976	313.07
16.0786	312.823	312.918
16.0906	312.672	312.766
16.1025	312.522	312.615
16.1144	312.372	312.464
16.1264	312.223	312.315
16.1383	312.075	312.166
16.1502	311.927	312.018
16.1622	311.781	311.871
16.1741	311.635	311.725
16.1861	311.49	311.579
16.198	311.345	311.434
16.2099	311.202	311.29
16.2219	311.059	311.147
16.2338	310.917	311.005
16.2457	310.776	310.863
16.2577	310.636	310.722
16.2696	310.496	310.582
16.2816	310.357	310.443
16.2935	310.219	310.304
16.3054	310.082	310.167
16.3174	309.946	310.03
16.3293	309.81	309.893
16.3412	309.675	309.758
16.3532	309.541	309.623
16.3651	309.407	309.489
16.377	309.274	309.356
16.389	309.142	309.224
16.4009	309.011	309.092
16.4129	308.881	308.961
16.4248	308.751	308.831
16.4367	308.622	308.701
16.4487	308.494	308.573
16.4606	308.367	308.445
16.4725	308.24	308.318
16.4845	308.114	308.191
16.4964	307.989	308.066
16.5083	307.864	307.941
16.5203	307.741	307.816
16.5322	307.618	307.693
16.5442	307.495	307.57
16.5561	307.374	307.448
16.568	307.253	307.327
16.58	307.133	307.206
16.5919	307.014	307.087
16.6038	306.895	306.967
16.6158	306.777	306.849
16.6277	306.66	306.732
16.6396	306.543	306.615
16.6516	306.428	306.498
16.6635	306.313	306.383
16.6755	306.198	306.268
16.6874	306.085	306.154
16.6993	305.972	306.041
16.7113	305.86	305.928
16.7232	305.748	305.816
16.7351	305.638	305.705
16.7471	305.527	305.595
16.759	305.418	305.485
16.771	305.309	305.376
16.7829	305.201	305.267
16.7948	305.094	305.159
16.8068	304.988	305.052
16.8187	304.882	304.946
16.8306	304.776	304.84
16.8426	304.672	304.735
16.8545	304.568	304.631
16.8664	304.465	304.527
16.8784	304.362	304.425
16.8903	304.26	304.322
16.9023	304.159	304.221
16.9142	304.059	304.12
16.9261	303.959	304.02
16.9381	303.86	303.92
16.95	303.761	303.821
16.9619	303.664	303.723
16.9739	303.566	303.625
16.9858	303.47	303.528
16.9977	303.374	303.432
17.0097	303.279	303.336
17.0216	303.184	303.241
17.0336	303.09	303.147
17.0455	302.997	303.053
17.0574	302.904	302.96
17.0694	302.812	302.868
17.0813	302.721	302.776
17.0932	302.63	302.685
17.1052	302.54	302.595
17.1171	302.451	302.505
17.1291	302.362	302.416
17.141	302.274	302.327
17.1529	302.186	302.239
17.1649	302.099	302.152
17.1768	302.013	302.065
17.1887	301.927	301.979
17.2007	301.842	301.893
17.2126	301.758	301.809
17.2245	301.674	301.724
17.2365	301.591	301.641
17.2484	301.508	301.558
17.2604	301.426	301.475
17.2723	301.344	301.393
17.2842	301.264	301.312
17.2962	301.183	301.231
17.3081	301.104	301.151
17.32	301.024	301.072
17.332	300.946	300.993
17.3439	300.868	300.915
17.3558	300.791	300.837
17.3678	300.714	300.76
17.3797	300.638	300.683
17.3917	300.562	300.607
17.4036	300.487	300.532
17.4155	300.413	300.457
17.4275	300.339	300.383
17.4394	300.265	300.309
17.4513	300.193	300.236
17.4633	300.12	300.163
17.4752	300.049	300.091
17.4871	299.978	300.02
17.4991	299.907	299.949
17.511	299.837	299.879
17.523	299.767	299.809
17.5349	299.699	299.74
17.5468	299.63	299.671
17.5588	299.562	299.603
17.5707	299.495	299.535
17.5826	299.428	299.468
17.5946	299.362	299.401
17.6065	299.296	299.335
17.6185	299.231	299.27
17.6304	299.166	299.205
17.6423	299.102	299.14
17.6543	299.038	299.076
17.6662	298.975	299.013
17.6781	298.913	298.95
17.6901	298.851	298.887
17.702	298.789	298.826
17.7139	298.728	298.764
17.7259	298.667	298.703
17.7378	298.607	298.643
17.7498	298.548	298.583
17.7617	298.489	298.523
17.7736	298.43	298.465
17.7856	298.372	298.406
17.7975	298.314	298.348
17.8094	298.257	298.291
17.8214	298.2	298.234
17.8333	298.144	298.177
17.8452	298.088	298.121
17.8572	298.033	298.066
17.8691	297.978	298.011
17.8811	297.924	297.956
17.893	297.87	297.902
17.9049	297.817	297.848
17.9169	297.764	297.795
17.9288	297.711	297.742
17.9407	297.659	297.69
17.9527	297.608	297.638
17.9646	297.557	297.587
17.9766	297.506	297.536
17.9885	297.456	297.485
18.0004	297.406	297.435
18.0124	297.357	297.386
18.0243	297.308	297.336
18.0362	297.259	297.288
18.0482	297.211	297.239
18.0601	297.164	297.191
18.072	297.116	297.144
18.084	297.07	297.097
18.0959	297.023	297.05
18.1079	296.977	297.004
18.1198	296.932	296.958
18.1317	296.887	296.913
18.1437	296.842	296.868
18.1556	296.798	296.824
18.1675	296.754	296.78
18.1795	296.711	296.736
18.1914	296.667	296.693
18.2033	296.625	296.65
18.2153	296.583	296.607
18.2272	296.541	296.565
18.2392	296.499	296.523
18.2511	296.458	296.482
18.263	296.417	296.441
18.275	296.377	296.4
18.2869	296.337	296.36
18.2988	296.297	296.32
18.3108	296.258	296.281
18.3227	296.219	296.242
18.3346	296.181	296.203
18.3466	296.143	296.165
18.3585	296.105	296.127
18.3705	296.068	296.089
18.3824	296.031	296.052
18.3943	295.994	296.015
18.4063	295.958	295.979
18.4182	295.922	295.943
18.4301	295.886	295.907
18.4421	295.851	295.872
18.454	295.816	295.836
18.466	295.782	295.802
18.4779	295.748	295.767
18.4898	295.714	295.733
18.5018	295.68	295.7
18.5137	295.647	295.666
18.5256	295.614	295.633
18.5376	295.582	295.6
18.5495	295.55	295.568
18.5614	295.518	295.536
18.5734	295.486	295.504
18.5853	295.455	295.473
18.5973	295.424	295.442
18.6092	295.393	295.411
18.6211	295.363	295.38
18.6331	295.333	295.35
18.645	295.303	295.32
18.6569	295.274	295.291
18.6689	295.245	295.262
18.6808	295.216	295.233
18.6927	295.188	295.204
18.7047	295.16	295.176
18.7166	295.132	295.148
18.7286	295.104	295.12
18.7405	295.077	295.093
18.7524	295.05	295.065
18.7644	295.023	295.039
18.7763	294.997	295.012
18.7882	294.971	294.986
18.8002	294.945	294.96
18.8121	294.919	294.934
18.8241	294.894	294.908
18.836	294.869	294.883
18.8479	294.844	294.858
18.8599	294.82	294.834
18.8718	294.796	294.809
18.8837	294.772	294.785
18.8957	294.748	294.761
18.9076	294.724	294.738
18.9195	294.701	294.714
18.9315	294.678	294.691
18.9434	294.656	294.668
18.9554	294.633	294.646
18.9673	294.611	294.624
18.9792	294.589	294.602
18.9912	294.567	294.58
19.0031	294.546	294.558
19.015	294.525	294.537
19.027	294.504	294.516
19.0389	294.483	294.495
19.0508	294.463	294.474
19.0628	294.442	294.454
19.0747	294.422	294.434
19.0867	294.403	294.414
19.0986	294.383	294.394
19.1105	294.364	294.375
19.1225	294.345	294.355
19.1344	294.326	294.336
19.1463	294.307	294.318
19.1583	294.289	294.299
19.1702	294.27	294.281
19.1821	294.252	294.262
19.1941	294.235	294.245
19.206	294.217	294.227
19.218	294.2	294.209
19.2299	294.182	294.192
19.2418	294.165	294.175
19.2538	294.149	294.158
19.2657	294.132	294.141
19.2776	294.116	294.125
19.2896	294.099	294.108
19.3015	294.083	294.092
19.3135	294.068	294.076
19.3254	294.052	294.061
19.3373	294.037	294.045
19.3493	294.021	294.03
19.3612	294.006	294.015
19.3731	293.992	294
19.3851	293.977	293.985
19.397	293.962	293.97
19.4089	293.948	293.956
19.4209	293.934	293.942
19.4328	293.92	293.928
19.4448	293.906	293.914
19.4567	293.893	293.9
19.4686	293.879	293.887
19.4806	293.866	293.873
19.4925	293.853	293.86
19.5044	293.84	293.847
19.5164	293.827	293.834
19.5283	293.814	293.821
19.5402	293.802	293.809
19.5522	293.79	293.796
19.5641	293.778	293.784
19.5761	293.766	293.772
19.588	293.754	293.76
19.5999	293.742	293.748
19.6119	293.731	293.737
19.6238	293.719	293.725
19.6357	293.708	293.714
19.6477	293.697	293.703
19.6596	293.686	293.692
19.6716	293.675	293.681
19.6835	293.664	293.67
19.6954	293.654	293.66
19.7074	293.644	293.649
19.7193	293.633	293.639
19.7312	293.623	293.629
19.7432	293.613	293.619
19.7551	293.604	293.609
19.767	293.594	293.599
19.779	293.584	293.589
19.7909	293.575	293.58
19.8029	293.566	293.571
19.8148	293.556	293.561
19.8267	293.547	293.552
19.8387	293.538	293.543
19.8506	293.53	293.534
19.8625	293.521	293.526
19.8745	293.512	293.517
19.8864	293.504	293.508
19.8983	293.496	293.5
19.9103	293.487	293.492
19.9222	293.479	293.484
19.9342	293.471	293.476
19.9461	293.463	293.468
19.958	293.456	293.46
19.97	293.448	293.452
19.9819	293.441	293.445
19.9938	293.433	293.437
20.0058	293.426	293.43
20.0177	293.419	293.422
20.0296	293.411	293.415
20.0416	293.404	293.408
20.0535	293.398	293.401
20.0655	293.391	293.394
20.0774	293.384	293.388
20.0893	293.377	293.381
20.1013	293.371	293.374
20.1132	293.364	293.368
20.1251	293.358	293.361
20.1371	293.352	293.355
20.149	293.346	293.349
20.161	293.34	293.343
20.1729	293.334	293.337
20.1848	293.328	293.331
20.1968	293.322	293.325
20.2087	293.316	293.319
20.2206	293.311	293.314
20.2326	293.305	293.308
20.2445	293.3	293.303
20.2564	293.294	293.297
20.2684	293.289	293.292
20.2803	293.284	293.287
20.2923	293.279	293.281
20.3042	293.274	293.276
20.3161	293.269	293.271
20.3281	293.264	293.266
20.34	293.259	293.262
20.3519	293.254	293.257
20.3639	293.25	293.252
20.3758	293.245	293.248
20.3877	293.241	293.243
20.3997	293.236	293.238
20.4116	293.232	293.234
20.4236	293.227	293.23
20.4355	293.223	293.225
20.4474	293.219	293.221
20.4594	293.215	293.217
20.4713	293.211	293.213
20.4832	293.207	293.209
20.4952	293.203	293.205
20.5071	293.199	293.201
20.5191	293.195	293.197
20.531	293.192	293.194
20.5429	293.188	293.19
20.5549	293.184	293.186
20.5668	293.181	293.183
20.5787	293.177	293.179
20.5907	293.174	293.176
20.6026	293.171	293.172
20.6145	293.167	293.169
20.6265	293.164	293.166
20.6384	293.161	293.162
20.6504	293.158	293.159
20.6623	293.155	293.156
20.6742	293.152	293.153
20.6862	293.149	293.15
20.6981	293.146	293.147
20.71	293.143	293.144
20.722	293.14	293.141
20.7339	293.137	293.138
20.7458	293.134	293.136
20.7578	293.132	293.133
20.7697	293.129	293.13
20.7817	293.126	293.128
20.7936	293.124	293.125
20.8055	293.121	293.122
20.8175	293.119	293.12
20.8294	293.116	293.118
20.8413	293.114	293.115
20.8533	293.112	293.113
20.8652	293.109	293.11
20.8771	293.107	293.108
20.8891	293.105	293.106
20.901	293.103	293.104
20.913	293.1	293.102
20.9249	293.098	293.099
20.9368	293.096	293.097
20.9488	293.094	293.095
20.9607	293.092	293.093
20.9726	293.09	293.091
20.9846	293.088	293.089
20.9965	293.087	293.087
21.0085	293.085	293.086
21.0204	293.083	293.084
21.0323	293.081	293.082
21.0443	293.079	293.08
21.0562	293.078	293.078
21.0681	293.076	293.077
21.0801	293.074	293.075
21.092	293.073	293.073
21.1039	293.071	293.072
21.1159	293.069	293.07
21.1278	293.068	293.069
21.1398	293.066	293.067
21.1517	293.065	293.066
21.1636	293.064	293.064
21.1756	293.062	293.063
21.1875	293.061	293.061
21.1994	293.059	293.06
21.2114	293.058	293.059
21.2233	293.057	293.057
21.2352	293.055	293.056
21.2472	293.054	293.055
21.2591	293.053	293.053
21.2711	293.052	293.052
21.283	293.05	293.051
21.2949	293.049	293.05
21.3069	293.048	293.049
21.3188	293.047	293.048
21.3307	293.046	293.046
21.3427	293.045	293.045
21.3546	293.044	293.044
21.3666	293.043	293.043
21.3785	293.042	293.042
21.3904	293.041	293.041
21.4024	293.04	293.04
21.4143	293.039	293.039
21.4262	293.038	293.038
21.4382	293.037	293.037
21.4501	293.036	293.037
21.462	293.035	293.036
21.474	293.034	293.035
21.4859	293.034	293.034
21.4979	293.033	293.033
21.5098	293.032	293.032
21.5217	293.031	293.032
21.5337	293.03	293.031
21.5456	293.03	293.03
21.5575	293.029	293.029
21.5695	293.028	293.029
21.5814	293.027	293.028
21.5933	293.027	293.027
21.6053	293.026	293.026
21.6172	293.025	293.026
21.6292	293.025	293.025
21.6411	293.024	293.024
21.653	293.024	293.024
21.665	293.023	293.023
21.6769	293.022	293.023
21.6888	293.022	293.022
21.7008	293.021	293.021
21.7127	293.021	293.021
21.7246	293.02	293.02
21.7366	293.02	293.02
21.7485	293.019	293.019
21.7605	293.019	293.019
21.7724	293.018	293.018
21.7843	293.018	293.018
21.7963	293.017	293.017
21.8082	293.017	293.017
21.8201	293.016	293.016
21.8321	293.016	293.016
21.844	293.015	293.016
21.856	293.015	293.015
21.8679	293.015	293.015
21.8798	293.014	293.014
21.8918	293.014	293.014
21.9037	293.013	293.014
21.9156	293.013	293.013
21.9276	293.013	293.013
21.9395	293.012	293.012
21.9514	293.012	293.012
21.9634	293.012	293.012
21.9753	293.011	293.011
21.9873	293.011	293.011
21.9992	293.011	293.011
22.0111	293.01	293.01
22.0231	293.01	293.01
22.035	293.01	293.01
22.0469	293.009	293.01
22.0589	293.009	293.009
22.0708	293.009	293.009
22.0827	293.009	293.009
22.0947	293.008	293.009
22.1066	293.008	293.008
22.1186	293.008	293.008
22.1305	293.008	293.008
22.1424	293.007	293.008
22.1544	293.007	293.007
22.1663	293.007	293.007
22.1782	293.007	293.007
22.1902	293.007	293.007
22.2021	293.006	293.006
22.2141	293.006	293.006
22.226	293.006	293.006
22.2379	293.006	293.006
22.2499	293.006	293.006
22.2618	293.005	293.006
22.2737	293.005	293.005
22.2857	293.005	293.005
22.2976	293.005	293.005
22.3095	293.005	293.005
22.3215	293.005	293.005
22.3334	293.005	293.005
22.3454	293.004	293.004
22.3573	293.004	293.004
22.3692	293.004	293.004
22.3812	293.004	293.004
22.3931	293.004	293.004
22.405	293.004	293.004
22.417	293.004	293.004
22.4289	293.003	293.004
22.4408	293.003	293.003
22.4528	293.003	293.003
22.4647	293.003	293.003
22.4767	293.003	293.003
22.4886	293.003	293.003
22.5005	293.003	293.003
22.5125	293.003	293.003
22.5244	293.003	293.003
22.5363	293.003	293.003
22.5483	293.002	293.002
22.5602	293.002	293.002
22.5721	293.002	293.002
22.5841	293.002	293.002
22.596	293.002	293.002
22.608	293.002	293.002
22.6199	293.002	293.002
22.6318	293.002	293.002
22.6438	293.002	293.002
22.6557	293.002	293.002
22.6676	293.002	293.002
22.6796	293.002	293.002
22.6915	293.002	293.002
22.7035	293.002	293.002
22.7154	293.001	293.001
22.7273	293.001	293.001
22.7393	293.001	293.001
22.7512	293.001	293.001
22.7631	293.001	293.001
22.7751	293.001	293.001
22.787	293.001	293.001
22.7989	293.001	293.001
22.8109	293.001	293.001
22.8228	293.001	293.001
22.8348	293.001	293.001
22.8467	293.001	293.001
22.8586	293.001	293.001
22.8706	293.001	293.001
22.8825	293.001	293.001
22.8944	293.001	293.001
22.9064	293.001	293.001
22.9183	293.001	293.001
22.9302	293.001	293.001
22.9422	293.001	293.001
22.9541	293.001	293.001
22.9661	293.001	293.001
22.978	293.001	293.001
22.9899	293.001	293.001
23.0019	293.001	293.001
23.0138	293.001	293.001
23.0257	293	293.001
23.0377	293	293
23.0496	293	293
23.0616	293	293
23.0735	293	293
23.0854	293	293
23.0974	293	293
23.1093	293	293
23.1212	293	293
23.1332	293	293
23.1451	293	293
23.157	293	293
23.169	293	293
23.1809	293	293
23.1929	293	293
23.2048	293	293
23.2167	293	293
23.2287	293	293
23.2406	293	293
23.2525	293	293
23.2645	293	293
23.2764	293	293
23.2883	293	293
23.3003	293	293
23.3122	293	293
23.3242	293	293
23.3361	293	293
23.348	293	293
23.36	293	293
23.3719	293	293
23.3838	293	293
23.3958	293	293
23.4077	293	293
23.4196	293	293
23.4316	293	293
23.4435	293	293
23.4555	293	293
23.4674	293	293
23.4793	293	293
23.4913	293	293
23.5032	293	293
23.5151	293	293
23.5271	293	293
23.539	293	293
23.551	293	293
23.5629	293	293
23.5748	293	293
23.5868	293	293
23.5987	293	293
23.6106	293	293
23.6226	293	293
23.6345	293	293
23.6464	293	293
23.6584	293	293
23.6703	293	293
23.6823	293	293
23.6942	293	293
23.7061	293	293
23.7181	293	293
23.73	293	293
23.7419	293	293
23.7539	293	293
23.7658	293	293
23.7777	293	293
23.7897	293	293
23.8016	293	293
23.8136	293	293
23.8255	293	293
23.8374	293	293
23.8494	293	293
23.8613	293	293
23.8732	293	293
