0	873	873
0.0119366	873	873
0.0238732	873	873
0.0358099	873	873
0.0477465	873	873
0.0596831	873	873
0.0716197	873	873
0.0835563	873	873
0.095493	873	873
0.10743	873	873
0.119366	873	873
0.131303	873	873
0.143239	873	873
0.155176	873	873
0.167113	873	873
0.179049	873	873
0.190986	873	873
0.202923	873	873
0.214859	873	873
0.226796	873	873
0.238732	873	873
0.250669	873	873
0.262606	873	873
0.274542	873	873
0.286479	873	873
0.298416	873	873
0.310352	873	873
0.322289	873	873
0.334225	873	873
0.346162	873	873
0.358099	873	873
0.370035	873	873
0.381972	873	873
0.393908	873	873
0.405845	873	873
0.417782	873	873
0.429718	873	873
0.441655	873	873
0.453592	873	873
0.465528	873	873
0.477465	873	873
0.489401	873	873
0.501338	873	873
0.513275	873	873
0.525211	873	873
0.537148	873	873
0.549085	873	873
0.561021	873	873
0.572958	873	873
0.584894	873	873
0.596831	873	873
0.608768	873	873
0.620704	873	873
0.632641	873	873
0.644578	873	873
0.656514	873	873
0.668451	873	873
0.680387	873	873
0.692324	873	873
0.704261	873	873
0.716197	873	873
0.728134	873	873
0.74007	873	873
0.752007	873	873
0.763944	873	873
0.77588	873	873
0.787817	873	873
0.799754	873	873
0.81169	873	873
0.823627	873	873
0.835563	872.999	872.999
0.8475	872.999	872.999
0.859437	872.999	872.999
0.871373	872.999	872.999
0.88331	872.999	872.999
0.895247	872.999	872.999
0.907183	872.999	872.999
0.91912	872.999	872.999
0.931056	872.999	872.999
0.942993	872.999	872.999
0.95493	872.999	872.999
0.966866	872.999	872.999
0.978803	872.999	872.999
0.99074	872.999	872.999
1.00268	872.999	872.999
1.01461	872.999	872.999
1.02655	872.999	872.999
1.03849	872.999	872.999
1.05042	872.999	872.999
1.06236	872.999	872.999
1.0743	872.999	872.999
1.08623	872.999	872.999
1.09817	872.999	872.999
1.11011	872.999	872.999
1.12204	872.999	872.999
1.13398	872.999	872.999
1.14592	872.999	872.999
1.15785	872.998	872.998
1.16979	872.998	872.998
1.18173	872.998	872.998
1.19366	872.998	872.998
1.2056	872.998	872.998
1.21754	872.998	872.998
1.22947	872.998	872.998
1.24141	872.998	872.998
1.25335	872.998	872.998
1.26528	872.998	872.998
1.27722	872.998	872.998
1.28916	872.998	872.998
1.30109	872.998	872.998
1.31303	872.998	872.998
1.32496	872.997	872.997
1.3369	872.997	872.997
1.34884	872.997	872.997
1.36077	872.997	872.997
1.37271	872.997	872.997
1.38465	872.997	872.997
1.39658	872.997	872.997
1.40852	872.997	872.997
1.42046	872.997	872.997
1.43239	872.996	872.996
1.44433	872.996	872.996
1.45627	872.996	872.996
1.4682	872.996	872.996
1.48014	872.996	872.996
1.49208	872.996	872.996
1.50401	872.996	872.996
1.51595	872.996	872.996
1.52789	872.995	872.995
1.53982	872.995	872.995
1.55176	872.995	872.995
1.5637	872.995	872.995
1.57563	872.995	872.995
1.58757	872.995	872.995
1.59951	872.994	872.994
1.61144	872.994	872.994
1.62338	872.994	872.994
1.63532	872.994	872.994
1.64725	872.994	872.994
1.65919	872.993	872.993
1.67113	872.993	872.993
1.68306	872.993	872.993
1.695	872.993	872.993
1.70694	872.993	872.993
1.71887	872.992	872.992
1.73081	872.992	872.992
1.74275	872.992	872.992
1.75468	872.992	872.992
1.76662	872.991	872.991
1.77856	872.991	872.991
1.79049	872.991	872.991
1.80243	872.991	872.991
1.81437	872.99	872.99
1.8263	872.99	872.99
1.83824	872.99	872.99
1.85018	872.989	872.989
1.86211	872.989	872.989
1.87405	872.989	872.989
1.88599	872.988	872.988
1.89792	872.988	872.988
1.90986	872.988	872.988
1.9218	872.987	872.987
1.93373	872.987	872.987
1.94567	872.987	872.987
1.95761	872.986	872.986
1.96954	872.986	872.986
1.98148	872.986	872.986
1.99342	872.985	872.985
2.00535	872.985	872.985
2.01729	872.984	872.984
2.02923	872.984	872.984
2.04116	872.983	872.983
2.0531	872.983	872.983
2.06504	872.982	872.983
2.07697	872.982	872.982
2.08891	872.982	872.982
2.10085	872.981	872.981
2.11278	872.981	872.981
2.12472	872.98	872.98
2.13666	872.979	872.979
2.14859	872.979	872.979
2.16053	872.978	872.978
2.17246	872.978	872.978
2.1844	872.977	872.977
2.19634	872.977	872.977
2.20827	872.976	872.976
2.22021	872.975	872.975
2.23215	872.975	872.975
2.24408	872.974	872.974
2.25602	872.973	872.973
2.26796	872.973	872.973
2.27989	872.972	872.972
2.29183	872.971	872.971
2.30377	872.97	872.97
2.3157	872.97	872.97
2.32764	872.969	872.969
2.33958	872.968	872.968
2.35151	872.967	872.967
2.36345	872.967	872.967
2.37539	872.966	872.966
2.38732	872.965	872.965
2.39926	872.964	872.964
2.4112	872.963	872.963
2.42313	872.962	872.962
2.43507	872.961	872.961
2.44701	872.96	872.96
2.45894	872.959	872.959
2.47088	872.958	872.958
2.48282	872.957	872.957
2.49475	872.956	872.956
2.50669	872.955	872.955
2.51863	872.954	872.954
2.53056	872.953	872.953
2.5425	872.952	872.952
2.55444	872.951	872.951
2.56637	872.95	872.95
2.57831	872.948	872.948
2.59025	872.947	872.947
2.60218	872.946	872.946
2.61412	872.945	872.945
2.62606	872.943	872.943
2.63799	872.942	872.942
2.64993	872.941	872.941
2.66187	872.939	872.939
2.6738	872.938	872.938
2.68574	872.937	872.937
2.69768	872.935	872.935
2.70961	872.934	872.934
2.72155	872.932	872.932
2.73349	872.931	872.931
2.74542	872.929	872.929
2.75736	872.927	872.927
2.7693	872.926	872.926
2.78123	872.924	872.924
2.79317	872.923	872.923
2.80511	872.921	872.921
2.81704	872.919	872.919
2.82898	872.917	872.917
2.84092	872.915	872.915
2.85285	872.914	872.914
2.86479	872.912	872.912
2.87673	872.91	872.91
2.88866	872.908	872.908
2.9006	872.906	872.906
2.91254	872.904	872.904
2.92447	872.902	872.902
2.93641	872.9	872.9
2.94835	872.897	872.897
2.96028	872.895	872.895
2.97222	872.893	872.893
2.98416	872.891	872.891
2.99609	872.888	872.888
3.00803	872.886	872.886
3.01997	872.884	872.884
3.0319	872.881	872.881
3.04384	872.879	872.879
3.05577	872.876	872.876
3.06771	872.874	872.874
3.07965	872.871	872.871
3.09158	872.868	872.868
3.10352	872.866	872.866
3.11546	872.863	872.863
3.12739	872.86	872.86
3.13933	872.857	872.857
3.15127	872.854	872.854
3.1632	872.851	872.851
3.17514	872.848	872.848
3.18708	872.845	872.845
3.19901	872.842	872.842
3.21095	872.839	872.839
3.22289	872.836	872.836
3.23482	872.832	872.832
3.24676	872.829	872.829
3.2587	872.826	872.826
3.27063	872.822	872.822
3.28257	872.819	872.819
3.29451	872.815	872.815
3.30644	872.812	872.812
3.31838	872.808	872.808
3.33032	872.804	872.804
3.34225	872.8	872.8
3.35419	872.796	872.796
3.36613	872.793	872.793
3.37806	872.789	872.789
3.39	872.784	872.784
3.40194	872.78	872.78
3.41387	872.776	872.776
3.42581	872.772	872.772
3.43775	872.768	872.768
3.44968	872.763	872.763
3.46162	872.759	872.759
3.47356	872.754	872.754
3.48549	872.749	872.75
3.49743	872.745	872.745
3.50937	872.74	872.74
3.5213	872.735	872.735
3.53324	872.73	872.73
3.54518	872.725	872.725
3.55711	872.72	872.72
3.56905	872.715	872.715
3.58099	872.71	872.71
3.59292	872.704	872.704
3.60486	872.699	872.699
3.6168	872.694	872.694
3.62873	872.688	872.688
3.64067	872.682	872.682
3.65261	872.677	872.677
3.66454	872.671	872.671
3.67648	872.665	872.665
3.68842	872.659	872.659
3.70035	872.653	872.653
3.71229	872.647	872.647
3.72423	872.64	872.64
3.73616	872.634	872.634
3.7481	872.627	872.627
3.76004	872.621	872.621
3.77197	872.614	872.614
3.78391	872.607	872.607
3.79585	872.601	872.601
3.80778	872.594	872.594
3.81972	872.587	872.587
3.83166	872.579	872.579
3.84359	872.572	872.572
3.85553	872.565	872.565
3.86747	872.557	872.557
3.8794	872.55	872.55
3.89134	872.542	872.542
3.90327	872.534	872.534
3.91521	872.526	872.526
3.92715	872.518	872.518
3.93908	872.51	872.51
3.95102	872.502	872.502
3.96296	872.493	872.493
3.97489	872.485	872.485
3.98683	872.476	872.476
3.99877	872.467	872.467
4.0107	872.458	872.458
4.02264	872.449	872.449
4.03458	872.44	872.44
4.04651	872.431	872.431
4.05845	872.422	872.422
4.07039	872.412	872.412
4.08232	872.402	872.403
4.09426	872.393	872.393
4.1062	872.383	872.383
4.11813	872.373	872.373
4.13007	872.363	872.363
4.14201	872.352	872.352
4.15394	872.342	872.342
4.16588	872.331	872.331
4.17782	872.32	872.32
4.18975	872.309	872.31
4.20169	872.298	872.298
4.21363	872.287	872.287
4.22556	872.276	872.276
4.2375	872.264	872.264
4.24944	872.253	872.253
4.26137	872.241	872.241
4.27331	872.229	872.229
4.28525	872.217	872.217
4.29718	872.205	872.205
4.30912	872.192	872.192
4.32106	872.18	872.18
4.33299	872.167	872.167
4.34493	872.154	872.154
4.35687	872.141	872.141
4.3688	872.128	872.128
4.38074	872.114	872.114
4.39268	872.101	872.101
4.40461	872.087	872.087
4.41655	872.073	872.073
4.42849	872.059	872.059
4.44042	872.045	872.045
4.45236	872.03	872.03
4.4643	872.015	872.015
4.47623	872.001	872.001
4.48817	871.986	871.986
4.50011	871.97	871.97
4.51204	871.955	871.955
4.52398	871.939	871.939
4.53592	871.924	871.924
4.54785	871.908	871.908
4.55979	871.891	871.891
4.57173	871.875	871.875
4.58366	871.858	871.859
4.5956	871.842	871.842
4.60754	871.825	871.825
4.61947	871.808	871.808
4.63141	871.79	871.79
4.64335	871.773	871.773
4.65528	871.755	871.755
4.66722	871.737	871.737
4.67916	871.718	871.719
4.69109	871.7	871.7
4.70303	871.681	871.681
4.71497	871.662	871.662
4.7269	871.643	871.643
4.73884	871.624	871.624
4.75078	871.604	871.604
4.76271	871.585	871.585
4.77465	871.565	871.565
4.78658	871.544	871.544
4.79852	871.524	871.524
4.81046	871.503	871.503
4.82239	871.482	871.482
4.83433	871.461	871.461
4.84627	871.439	871.439
4.8582	871.418	871.418
4.87014	871.396	871.396
4.88208	871.374	871.374
4.89401	871.351	871.351
4.90595	871.328	871.328
4.91789	871.305	871.305
4.92982	871.282	871.282
4.94176	871.259	871.259
4.9537	871.235	871.235
4.96563	871.211	871.211
4.97757	871.187	871.187
4.98951	871.162	871.162
5.00144	871.137	871.137
5.01338	871.112	871.112
5.02532	871.087	871.087
5.03725	871.061	871.061
5.04919	871.035	871.035
5.06113	871.009	871.009
5.07306	870.983	870.983
5.085	870.956	870.956
5.09694	870.929	870.929
5.10887	870.901	870.902
5.12081	870.874	870.874
5.13275	870.846	870.846
5.14468	870.818	870.818
5.15662	870.789	870.789
5.16856	870.76	870.76
5.18049	870.731	870.731
5.19243	870.702	870.702
5.20437	870.672	870.672
5.2163	870.642	870.642
5.22824	870.611	870.611
5.24018	870.581	870.581
5.25211	870.55	870.55
5.26405	870.518	870.518
5.27599	870.487	870.487
5.28792	870.455	870.455
5.29986	870.422	870.422
5.3118	870.39	870.39
5.32373	870.357	870.357
5.33567	870.323	870.323
5.34761	870.29	870.29
5.35954	870.256	870.256
5.37148	870.221	870.221
5.38342	870.187	870.187
5.39535	870.152	870.152
5.40729	870.116	870.116
5.41923	870.08	870.081
5.43116	870.044	870.045
5.4431	870.008	870.008
5.45504	869.971	869.971
5.46697	869.934	869.934
5.47891	869.896	869.897
5.49085	869.858	869.859
5.50278	869.82	869.82
5.51472	869.782	869.782
5.52666	869.743	869.743
5.53859	869.703	869.703
5.55053	869.663	869.663
5.56247	869.623	869.623
5.5744	869.583	869.583
5.58634	869.542	869.542
5.59828	869.5	869.5
5.61021	869.459	869.459
5.62215	869.416	869.417
5.63408	869.374	869.374
5.64602	869.331	869.331
5.65796	869.288	869.288
5.66989	869.244	869.244
5.68183	869.2	869.2
5.69377	869.155	869.155
5.7057	869.11	869.11
5.71764	869.065	869.065
5.72958	869.019	869.019
5.74151	868.973	868.973
5.75345	868.926	868.926
5.76539	868.879	868.879
5.77732	868.832	868.832
5.78926	868.784	868.784
5.8012	868.735	868.736
5.81313	868.687	868.687
5.82507	868.637	868.638
5.83701	868.588	868.588
5.84894	868.538	868.538
5.86088	868.487	868.487
5.87282	868.436	868.436
5.88475	868.384	868.385
5.89669	868.333	868.333
5.90863	868.28	868.28
5.92056	868.227	868.227
5.9325	868.174	868.174
5.94444	868.12	868.12
5.95637	868.066	868.066
5.96831	868.011	868.011
5.98025	867.956	867.956
5.99218	867.9	867.9
6.00412	867.844	867.844
6.01606	867.787	867.788
6.02799	867.73	867.731
6.03993	867.673	867.673
6.05187	867.615	867.615
6.0638	867.556	867.556
6.07574	867.497	867.497
6.08768	867.437	867.438
6.09961	867.377	867.377
6.11155	867.317	867.317
6.12349	867.256	867.256
6.13542	867.194	867.194
6.14736	867.132	867.132
6.1593	867.069	867.069
6.17123	867.006	867.006
6.18317	866.942	866.943
6.19511	866.878	866.878
6.20704	866.813	866.814
6.21898	866.748	866.748
6.23092	866.682	866.683
6.24285	866.616	866.616
6.25479	866.549	866.549
6.26673	866.482	866.482
6.27866	866.414	866.414
6.2906	866.345	866.346
6.30254	866.276	866.277
6.31447	866.207	866.207
6.32641	866.137	866.137
6.33835	866.066	866.066
6.35028	865.995	865.995
6.36222	865.923	865.923
6.37416	865.851	865.851
6.38609	865.778	865.778
6.39803	865.704	865.704
6.40997	865.63	865.63
6.4219	865.555	865.556
6.43384	865.48	865.48
6.44578	865.404	865.405
6.45771	865.328	865.328
6.46965	865.251	865.251
6.48159	865.174	865.174
6.49352	865.096	865.096
6.50546	865.017	865.017
6.51739	864.937	864.938
6.52933	864.858	864.858
6.54127	864.777	864.777
6.5532	864.696	864.696
6.56514	864.614	864.614
6.57708	864.532	864.532
6.58901	864.449	864.449
6.60095	864.365	864.366
6.61289	864.281	864.282
6.62482	864.197	864.197
6.63676	864.111	864.111
6.6487	864.025	864.025
6.66063	863.938	863.939
6.67257	863.851	863.851
6.68451	863.763	863.764
6.69644	863.675	863.675
6.70838	863.586	863.586
6.72032	863.496	863.496
6.73225	863.405	863.406
6.74419	863.314	863.315
6.75613	863.223	863.223
6.76806	863.13	863.13
6.78	863.037	863.037
6.79194	862.943	862.944
6.80387	862.849	862.849
6.81581	862.754	862.754
6.82775	862.658	862.659
6.83968	862.562	862.562
6.85162	862.465	862.465
6.86356	862.368	862.368
6.87549	862.269	862.27
6.88743	862.17	862.171
6.89937	862.071	862.071
6.9113	861.97	861.971
6.92324	861.869	861.87
6.93518	861.768	861.768
6.94711	861.665	861.665
6.95905	861.562	861.562
6.97099	861.458	861.459
6.98292	861.354	861.354
6.99486	861.249	861.249
7.0068	861.143	861.143
7.01873	861.036	861.037
7.03067	860.929	860.93
7.04261	860.821	860.822
7.05454	860.713	860.713
7.06648	860.603	860.604
7.07842	860.493	860.494
7.09035	860.383	860.383
7.10229	860.271	860.271
7.11423	860.159	860.159
7.12616	860.046	860.046
7.1381	859.932	859.933
7.15004	859.818	859.818
7.16197	859.703	859.703
7.17391	859.587	859.588
7.18585	859.471	859.471
7.19778	859.354	859.354
7.20972	859.236	859.236
7.22166	859.117	859.117
7.23359	858.997	858.998
7.24553	858.877	858.877
7.25747	858.756	858.757
7.2694	858.635	858.635
7.28134	858.512	858.512
7.29328	858.389	858.389
7.30521	858.265	858.265
7.31715	858.141	858.141
7.32909	858.015	858.015
7.34102	857.889	857.889
7.35296	857.762	857.762
7.36489	857.634	857.635
7.37683	857.506	857.506
7.38877	857.377	857.377
7.4007	857.247	857.247
7.41264	857.116	857.116
7.42458	856.985	856.985
7.43651	856.852	856.853
7.44845	856.719	856.72
7.46039	856.586	856.586
7.47232	856.451	856.451
7.48426	856.316	856.316
7.4962	856.179	856.18
7.50813	856.043	856.043
7.52007	855.905	855.905
7.53201	855.766	855.767
7.54394	855.627	855.627
7.55588	855.487	855.487
7.56782	855.346	855.347
7.57975	855.205	855.205
7.59169	855.062	855.063
7.60363	854.919	854.919
7.61556	854.775	854.775
7.6275	854.63	854.631
7.63944	854.485	854.485
7.65137	854.338	854.339
7.66331	854.191	854.191
7.67525	854.043	854.043
7.68718	853.894	853.895
7.69912	853.745	853.745
7.71106	853.594	853.595
7.72299	853.443	853.443
7.73493	853.291	853.291
7.74687	853.138	853.139
7.7588	852.985	852.985
7.77074	852.83	852.831
7.78268	852.675	852.675
7.79461	852.519	852.519
7.80655	852.362	852.362
7.81849	852.204	852.205
7.83042	852.046	852.046
7.84236	851.886	851.887
7.8543	851.726	851.727
7.86623	851.565	851.566
7.87817	851.404	851.404
7.89011	851.241	851.241
7.90204	851.077	851.078
7.91398	850.913	850.913
7.92592	850.748	850.748
7.93785	850.582	850.582
7.94979	850.415	850.416
7.96173	850.248	850.248
7.97366	850.079	850.08
7.9856	849.91	849.91
7.99754	849.74	849.74
8.00947	849.569	849.569
8.02141	849.397	849.397
8.03335	849.225	849.225
8.04528	849.051	849.051
8.05722	848.877	848.877
8.06916	848.702	848.702
8.08109	848.526	848.526
8.09303	848.349	848.349
8.10497	848.171	848.171
8.1169	847.993	847.993
8.12884	847.813	847.814
8.14078	847.633	847.633
8.15271	847.452	847.452
8.16465	847.27	847.271
8.17659	847.088	847.088
8.18852	846.904	846.904
8.20046	846.72	846.72
8.2124	846.534	846.535
8.22433	846.348	846.348
8.23627	846.161	846.162
8.2482	845.973	845.974
8.26014	845.785	845.785
8.27208	845.595	845.596
8.28401	845.405	845.405
8.29595	845.214	845.214
8.30789	845.022	845.022
8.31982	844.829	844.829
8.33176	844.635	844.635
8.3437	844.44	844.441
8.35563	844.245	844.245
8.36757	844.049	844.049
8.37951	843.851	843.852
8.39144	843.653	843.654
8.40338	843.454	843.455
8.41532	843.255	843.255
8.42725	843.054	843.054
8.43919	842.853	842.853
8.45113	842.65	842.651
8.46306	842.447	842.448
8.475	842.243	842.244
8.48694	842.038	842.039
8.49887	841.833	841.833
8.51081	841.626	841.626
8.52275	841.419	841.419
8.53468	841.21	841.211
8.54662	841.001	841.001
8.55856	840.791	840.791
8.57049	840.58	840.581
8.58243	840.369	840.369
8.59437	840.156	840.156
8.6063	839.943	839.943
8.61824	839.728	839.729
8.63018	839.513	839.514
8.64211	839.297	839.298
8.65405	839.08	839.081
8.66599	838.863	838.863
8.67792	838.644	838.645
8.68986	838.425	838.425
8.7018	838.205	838.205
8.71373	837.984	837.984
8.72567	837.762	837.762
8.73761	837.539	837.539
8.74954	837.315	837.315
8.76148	837.091	837.091
8.77342	836.865	836.866
8.78535	836.639	836.639
8.79729	836.412	836.412
8.80923	836.184	836.184
8.82116	835.955	835.956
8.8331	835.726	835.726
8.84504	835.495	835.496
8.85697	835.264	835.264
8.86891	835.032	835.032
8.88085	834.799	834.799
8.89278	834.565	834.565
8.90472	834.33	834.331
8.91666	834.095	834.095
8.92859	833.859	833.859
8.94053	833.621	833.622
8.95247	833.383	833.384
8.9644	833.145	833.145
8.97634	832.905	832.905
8.98828	832.664	832.665
9.00021	832.423	832.423
9.01215	832.181	832.181
9.02409	831.938	831.938
9.03602	831.694	831.694
9.04796	831.449	831.449
9.0599	831.203	831.204
9.07183	830.957	830.957
9.08377	830.71	830.71
9.0957	830.462	830.462
9.10764	830.213	830.213
9.11958	829.963	829.964
9.13151	829.713	829.713
9.14345	829.461	829.462
9.15539	829.209	829.209
9.16732	828.956	828.956
9.17926	828.702	828.703
9.1912	828.448	828.448
9.20313	828.192	828.193
9.21507	827.936	827.936
9.22701	827.679	827.679
9.23894	827.421	827.421
9.25088	827.162	827.163
9.26282	826.903	826.903
9.27475	826.642	826.643
9.28669	826.381	826.382
9.29863	826.119	826.12
9.31056	825.856	825.857
9.3225	825.593	825.593
9.33444	825.329	825.329
9.34637	825.063	825.064
9.35831	824.797	824.798
9.37025	824.531	824.531
9.38218	824.263	824.263
9.39412	823.995	823.995
9.40606	823.725	823.726
9.41799	823.455	823.456
9.42993	823.185	823.185
9.44187	822.913	822.913
9.4538	822.641	822.641
9.46574	822.368	822.368
9.47768	822.094	822.094
9.48961	821.819	821.819
9.50155	821.544	821.544
9.51349	821.267	821.268
9.52542	820.99	820.991
9.53736	820.713	820.713
9.5493	820.434	820.434
9.56123	820.155	820.155
9.57317	819.874	819.875
9.58511	819.594	819.594
9.59704	819.312	819.312
9.60898	819.029	819.03
9.62092	818.746	818.747
9.63285	818.462	818.463
9.64479	818.178	818.178
9.65673	817.892	817.892
9.66866	817.606	817.606
9.6806	817.319	817.319
9.69254	817.031	817.031
9.70447	816.743	816.743
9.71641	816.453	816.454
9.72835	816.163	816.164
9.74028	815.873	815.873
9.75222	815.581	815.582
9.76416	815.289	815.289
9.77609	814.996	814.996
9.78803	814.702	814.703
9.79997	814.408	814.408
9.8119	814.113	814.113
9.82384	813.817	813.817
9.83578	813.52	813.521
9.84771	813.223	813.223
9.85965	812.925	812.925
9.87159	812.626	812.627
9.88352	812.327	812.327
9.89546	812.027	812.027
9.9074	811.726	811.726
9.91933	811.424	811.424
9.93127	811.122	811.122
9.94321	810.819	810.819
9.95514	810.515	810.515
9.96708	810.211	810.211
9.97901	809.905	809.906
9.99095	809.6	809.6
10.0029	809.293	809.293
10.0148	808.986	808.986
10.0268	808.678	808.678
10.0387	808.369	808.37
10.0506	808.06	808.06
10.0626	807.75	807.75
10.0745	807.439	807.44
10.0864	807.128	807.128
10.0984	806.816	806.816
10.1103	806.504	806.504
10.1223	806.19	806.19
10.1342	805.876	805.876
10.1461	805.561	805.562
10.1581	805.246	805.246
10.17	804.93	804.93
10.1819	804.613	804.614
10.1939	804.296	804.296
10.2058	803.978	803.978
10.2177	803.66	803.66
10.2297	803.34	803.341
10.2416	803.02	803.021
10.2536	802.7	802.7
10.2655	802.379	802.379
10.2774	802.057	802.057
10.2894	801.734	801.735
10.3013	801.411	801.412
10.3132	801.088	801.088
10.3252	800.763	800.764
10.3371	800.438	800.439
10.3491	800.113	800.113
10.361	799.787	799.787
10.3729	799.46	799.46
10.3849	799.132	799.133
10.3968	798.804	798.805
10.4087	798.476	798.476
10.4207	798.146	798.147
10.4326	797.817	797.817
10.4445	797.486	797.486
10.4565	797.155	797.155
10.4684	796.823	796.824
10.4804	796.491	796.491
10.4923	796.158	796.159
10.5042	795.825	795.825
10.5162	795.491	795.491
10.5281	795.157	795.157
10.54	794.821	794.822
10.552	794.486	794.486
10.5639	794.149	794.15
10.5758	793.813	793.813
10.5878	793.475	793.475
10.5997	793.137	793.137
10.6117	792.799	792.799
10.6236	792.46	792.46
10.6355	792.12	792.12
10.6475	791.78	791.78
10.6594	791.439	791.439
10.6713	791.098	791.098
10.6833	790.756	790.756
10.6952	790.414	790.414
10.7071	790.071	790.071
10.7191	789.727	789.727
10.731	789.383	789.383
10.743	789.039	789.039
10.7549	788.694	788.694
10.7668	788.348	788.348
10.7788	788.002	788.002
10.7907	787.656	787.656
10.8026	787.309	787.309
10.8146	786.961	786.961
10.8265	786.613	786.613
10.8385	786.264	786.264
10.8504	785.915	785.915
10.8623	785.566	785.566
10.8743	785.215	785.216
10.8862	784.865	784.865
10.8981	784.514	784.514
10.9101	784.162	784.162
10.922	783.81	783.81
10.9339	783.458	783.458
10.9459	783.105	783.105
10.9578	782.751	782.751
10.9698	782.397	782.397
10.9817	782.043	782.043
10.9936	781.688	781.688
11.0056	781.333	781.333
11.0175	780.977	780.977
11.0294	780.62	780.621
11.0414	780.264	780.264
11.0533	779.907	779.907
11.0652	779.549	779.549
11.0772	779.191	779.191
11.0891	778.832	778.833
11.1011	778.473	778.474
11.113	778.114	778.114
11.1249	777.754	777.754
11.1369	777.394	777.394
11.1488	777.033	777.033
11.1607	776.672	776.672
11.1727	776.311	776.311
11.1846	775.949	775.949
11.1966	775.586	775.587
11.2085	775.224	775.224
11.2204	774.86	774.861
11.2324	774.497	774.497
11.2443	774.133	774.133
11.2562	773.769	773.769
11.2682	773.404	773.404
11.2801	773.039	773.039
11.292	772.673	772.673
11.304	772.307	772.307
11.3159	771.941	771.941
11.3279	771.574	771.574
11.3398	771.207	771.207
11.3517	770.839	770.839
11.3637	770.471	770.472
11.3756	770.103	770.103
11.3875	769.735	769.735
11.3995	769.366	769.366
11.4114	768.996	768.996
11.4233	768.627	768.627
11.4353	768.257	768.257
11.4472	767.886	767.886
11.4592	767.515	767.515
11.4711	767.144	767.144
11.483	766.773	766.773
11.495	766.401	766.401
11.5069	766.029	766.029
11.5188	765.656	765.656
11.5308	765.284	765.284
11.5427	764.91	764.91
11.5546	764.537	764.537
11.5666	764.163	764.163
11.5785	763.789	763.789
11.5905	763.415	763.415
11.6024	763.04	763.04
11.6143	762.665	762.665
11.6263	762.289	762.289
11.6382	761.914	761.914
11.6501	761.538	761.538
11.6621	761.161	761.161
11.674	760.785	760.785
11.686	760.408	760.408
11.6979	760.031	760.031
11.7098	759.653	759.653
11.7218	759.275	759.275
11.7337	758.897	758.897
11.7456	758.519	758.519
11.7576	758.14	758.14
11.7695	757.761	757.761
11.7814	757.382	757.382
11.7934	757.002	757.003
11.8053	756.623	756.623
11.8173	756.243	756.243
11.8292	755.862	755.862
11.8411	755.482	755.482
11.8531	755.101	755.101
11.865	754.72	754.72
11.8769	754.339	754.339
11.8889	753.957	753.957
11.9008	753.575	753.575
11.9127	753.193	753.193
11.9247	752.811	752.811
11.9366	752.428	752.428
11.9486	752.045	752.045
11.9605	751.662	751.662
11.9724	751.279	751.279
11.9844	750.895	750.896
11.9963	750.512	750.512
12.0082	750.128	750.128
12.0202	749.744	749.744
12.0321	749.359	749.359
12.0441	748.974	748.974
12.056	748.59	748.59
12.0679	748.204	748.205
12.0799	747.819	747.819
12.0918	747.434	747.434
12.1037	747.048	747.048
12.1157	746.662	746.662
12.1276	746.276	746.276
12.1395	745.89	745.89
12.1515	745.503	745.503
12.1634	745.116	745.116
12.1754	744.729	744.729
12.1873	744.342	744.342
12.1992	743.955	743.955
12.2112	743.567	743.567
12.2231	743.18	743.18
12.235	742.792	742.792
12.247	742.404	742.404
12.2589	742.016	742.016
12.2708	741.627	741.627
12.2828	741.239	741.239
12.2947	740.85	740.85
12.3067	740.461	740.461
12.3186	740.072	740.072
12.3305	739.683	739.683
12.3425	739.293	739.293
12.3544	738.904	738.904
12.3663	738.514	738.514
12.3783	738.124	738.124
12.3902	737.734	737.734
12.4021	737.344	737.344
12.4141	736.954	736.954
12.426	736.563	736.563
12.438	736.173	736.173
12.4499	735.782	735.782
12.4618	735.391	735.391
12.4738	735	735
12.4857	734.609	734.609
12.4976	734.217	734.217
12.5096	733.826	733.826
12.5215	733.434	733.434
12.5335	733.043	733.043
12.5454	732.651	732.651
12.5573	732.259	732.259
12.5693	731.867	731.867
12.5812	731.475	731.475
12.5931	731.082	731.082
12.6051	730.69	730.69
12.617	730.297	730.297
12.6289	729.905	729.905
12.6409	729.512	729.512
12.6528	729.119	729.119
12.6648	728.726	728.726
12.6767	728.333	728.333
12.6886	727.94	727.94
12.7006	727.546	727.546
12.7125	727.153	727.153
12.7244	726.76	726.76
12.7364	726.366	726.366
12.7483	725.972	725.972
12.7602	725.578	725.578
12.7722	725.185	725.185
12.7841	724.791	724.791
12.7961	724.397	724.397
12.808	724.002	724.002
12.8199	723.608	723.608
12.8319	723.214	723.214
12.8438	722.82	722.82
12.8557	722.425	722.425
12.8677	722.031	722.031
12.8796	721.636	721.636
12.8916	721.241	721.241
12.9035	720.847	720.846
12.9154	720.452	720.452
12.9274	720.057	720.057
12.9393	719.662	719.662
12.9512	719.267	719.267
12.9632	718.872	718.872
12.9751	718.477	718.476
12.987	718.081	718.081
12.999	717.686	717.686
13.0109	717.291	717.291
13.0229	716.895	716.895
13.0348	716.5	716.5
13.0467	716.104	716.104
13.0587	715.709	715.709
13.0706	715.313	715.313
13.0825	714.917	714.917
13.0945	714.522	714.522
13.1064	714.126	714.126
13.1183	713.73	713.73
13.1303	713.334	713.334
13.1422	712.938	712.938
13.1542	712.543	712.543
13.1661	712.147	712.147
13.178	711.751	711.751
13.19	711.355	711.354
13.2019	710.958	710.958
13.2138	710.562	710.562
13.2258	710.166	710.166
13.2377	709.77	709.77
13.2496	709.374	709.374
13.2616	708.978	708.977
13.2735	708.581	708.581
13.2855	708.185	708.185
13.2974	707.789	707.789
13.3093	707.392	707.392
13.3213	706.996	706.996
13.3332	706.6	706.599
13.3451	706.203	706.203
13.3571	705.807	705.807
13.369	705.41	705.41
13.381	705.014	705.014
13.3929	704.617	704.617
13.4048	704.221	704.221
13.4168	703.824	703.824
13.4287	703.428	703.428
13.4406	703.031	703.031
13.4526	702.635	702.634
13.4645	702.238	702.238
13.4764	701.841	701.841
13.4884	701.445	701.445
13.5003	701.048	701.048
13.5123	700.652	700.652
13.5242	700.255	700.255
13.5361	699.858	699.858
13.5481	699.462	699.462
13.56	699.065	699.065
13.5719	698.669	698.668
13.5839	698.272	698.272
13.5958	697.875	697.875
13.6077	697.479	697.479
13.6197	697.082	697.082
13.6316	696.685	696.685
13.6436	696.289	696.289
13.6555	695.892	695.892
13.6674	695.496	695.496
13.6794	695.099	695.099
13.6913	694.702	694.702
13.7032	694.306	694.306
13.7152	693.909	693.909
13.7271	693.513	693.513
13.7391	693.116	693.116
13.751	692.72	692.719
13.7629	692.323	692.323
13.7749	691.926	691.926
13.7868	691.53	691.53
13.7987	691.133	691.133
13.8107	690.737	690.737
13.8226	690.341	690.34
13.8345	689.944	689.944
13.8465	689.548	689.548
13.8584	689.151	689.151
13.8704	688.755	688.755
13.8823	688.358	688.358
13.8942	687.962	687.962
13.9062	687.566	687.566
13.9181	687.169	687.169
13.93	686.773	686.773
13.942	686.377	686.377
13.9539	685.981	685.98
13.9658	685.584	685.584
13.9778	685.188	685.188
13.9897	684.792	684.792
14.0017	684.396	684.396
14.0136	684	684
14.0255	683.603	683.603
14.0375	683.207	683.207
14.0494	682.811	682.811
14.0613	682.415	682.415
14.0733	682.019	682.019
14.0852	681.623	681.623
14.0971	681.227	681.227
14.1091	680.831	680.831
14.121	680.435	680.435
14.133	680.04	680.04
14.1449	679.644	679.644
14.1568	679.248	679.248
14.1688	678.852	678.852
14.1807	678.456	678.456
14.1926	678.061	678.061
14.2046	677.665	677.665
14.2165	677.269	677.269
14.2285	676.874	676.874
14.2404	676.478	676.478
14.2523	676.083	676.083
14.2643	675.687	675.687
14.2762	675.292	675.292
14.2881	674.896	674.896
14.3001	674.501	674.501
14.312	674.105	674.105
14.3239	673.71	673.71
14.3359	673.315	673.315
14.3478	672.919	672.919
14.3598	672.524	672.524
14.3717	672.129	672.129
14.3836	671.734	671.734
14.3956	671.339	671.339
14.4075	670.944	670.944
14.4194	670.549	670.548
14.4314	670.154	670.153
14.4433	669.759	669.758
14.4552	669.364	669.364
14.4672	668.969	668.969
14.4791	668.574	668.574
14.4911	668.179	668.179
14.503	667.784	667.784
14.5149	667.389	667.389
14.5269	666.995	666.995
14.5388	666.6	666.6
14.5507	666.205	666.205
14.5627	665.811	665.811
14.5746	665.416	665.416
14.5866	665.022	665.022
14.5985	664.627	664.627
14.6104	664.233	664.233
14.6224	663.838	663.838
14.6343	663.444	663.444
14.6462	663.05	663.05
14.6582	662.655	662.655
14.6701	662.261	662.261
14.682	661.867	661.867
14.694	661.473	661.473
14.7059	661.079	661.079
14.7179	660.685	660.685
14.7298	660.291	660.291
14.7417	659.897	659.897
14.7537	659.503	659.503
14.7656	659.109	659.109
14.7775	658.715	658.715
14.7895	658.321	658.321
14.8014	657.927	657.927
14.8133	657.534	657.534
14.8253	657.14	657.14
14.8372	656.746	656.746
14.8492	656.353	656.353
14.8611	655.959	655.959
14.873	655.566	655.565
14.885	655.172	655.172
14.8969	654.779	654.779
14.9088	654.385	654.385
14.9208	653.992	653.992
14.9327	653.598	653.598
14.9446	653.205	653.205
14.9566	652.812	652.812
14.9685	652.419	652.419
14.9805	652.026	652.025
14.9924	651.632	651.632
15.0043	651.239	651.239
15.0163	650.846	650.846
15.0282	650.453	650.453
15.0401	650.06	650.06
15.0521	649.667	649.667
15.064	649.274	649.274
15.076	648.882	648.882
15.0879	648.489	648.489
15.0998	648.096	648.096
15.1118	647.703	647.703
15.1237	647.311	647.311
15.1356	646.918	646.918
15.1476	646.525	646.525
15.1595	646.133	646.133
15.1714	645.74	645.74
15.1834	645.348	645.348
15.1953	644.955	644.955
15.2073	644.563	644.563
15.2192	644.171	644.171
15.2311	643.778	643.778
15.2431	643.386	643.386
15.255	642.994	642.994
15.2669	642.602	642.601
15.2789	642.209	642.209
15.2908	641.817	641.817
15.3027	641.425	641.425
15.3147	641.033	641.033
15.3266	640.641	640.641
15.3386	640.249	640.249
15.3505	639.857	639.857
15.3624	639.465	639.465
15.3744	639.073	639.073
15.3863	638.681	638.681
15.3982	638.29	638.29
15.4102	637.898	637.898
15.4221	637.506	637.506
15.4341	637.115	637.114
15.446	636.723	636.723
15.4579	636.331	636.331
15.4699	635.94	635.94
15.4818	635.548	635.548
15.4937	635.157	635.157
15.5057	634.765	634.765
15.5176	634.374	634.374
15.5295	633.982	633.982
15.5415	633.591	633.591
15.5534	633.2	633.2
15.5654	632.808	632.808
15.5773	632.417	632.417
15.5892	632.026	632.026
15.6012	631.635	631.635
15.6131	631.243	631.243
15.625	630.852	630.852
15.637	630.461	630.461
15.6489	630.07	630.07
15.6608	629.679	629.679
15.6728	629.288	629.288
15.6847	628.897	628.897
15.6967	628.506	628.506
15.7086	628.115	628.115
15.7205	627.724	627.724
15.7325	627.334	627.333
15.7444	626.943	626.943
15.7563	626.552	626.552
15.7683	626.161	626.161
15.7802	625.77	625.77
15.7921	625.38	625.38
15.8041	624.989	624.989
15.816	624.599	624.598
15.828	624.208	624.208
15.8399	623.817	623.817
15.8518	623.427	623.427
15.8638	623.036	623.036
15.8757	622.646	622.646
15.8876	622.255	622.255
15.8996	621.865	621.865
15.9115	621.475	621.474
15.9235	621.084	621.084
15.9354	620.694	620.694
15.9473	620.304	620.303
15.9593	619.913	619.913
15.9712	619.523	619.523
15.9831	619.133	619.133
15.9951	618.743	618.742
16.007	618.352	618.352
16.0189	617.962	617.962
16.0309	617.572	617.572
16.0428	617.182	617.182
16.0548	616.792	616.792
16.0667	616.402	616.402
16.0786	616.012	616.012
16.0906	615.622	615.622
16.1025	615.232	615.232
16.1144	614.842	614.842
16.1264	614.452	614.452
16.1383	614.062	614.062
16.1502	613.672	613.672
16.1622	613.282	613.282
16.1741	612.893	612.893
16.1861	612.503	612.503
16.198	612.113	612.113
16.2099	611.723	611.723
16.2219	611.333	611.333
16.2338	610.944	610.944
16.2457	610.554	610.554
16.2577	610.164	610.164
16.2696	609.775	609.775
16.2816	609.385	609.385
16.2935	608.996	608.996
16.3054	608.606	608.606
16.3174	608.216	608.216
16.3293	607.827	607.827
16.3412	607.437	607.437
16.3532	607.048	607.048
16.3651	606.658	606.658
16.377	606.269	606.269
16.389	605.88	605.879
16.4009	605.49	605.49
16.4129	605.101	605.101
16.4248	604.711	604.711
16.4367	604.322	604.322
16.4487	603.933	603.933
16.4606	603.543	603.543
16.4725	603.154	603.154
16.4845	602.765	602.765
16.4964	602.375	602.375
16.5083	601.986	601.986
16.5203	601.597	601.597
16.5322	601.208	601.208
16.5442	600.819	600.819
16.5561	600.429	600.429
16.568	600.04	600.04
16.58	599.651	599.651
16.5919	599.262	599.262
16.6038	598.873	598.873
16.6158	598.484	598.484
16.6277	598.095	598.095
16.6396	597.706	597.706
16.6516	597.317	597.317
16.6635	596.928	596.928
16.6755	596.539	596.539
16.6874	596.15	596.15
16.6993	595.761	595.761
16.7113	595.372	595.372
16.7232	594.983	594.983
16.7351	594.594	594.594
16.7471	594.205	594.205
16.759	593.816	593.816
16.771	593.427	593.427
16.7829	593.038	593.038
16.7948	592.649	592.649
16.8068	592.261	592.261
16.8187	591.872	591.872
16.8306	591.483	591.483
16.8426	591.094	591.094
16.8545	590.705	590.705
16.8664	590.317	590.317
16.8784	589.928	589.928
16.8903	589.539	589.539
16.9023	589.151	589.15
16.9142	588.762	588.762
16.9261	588.373	588.373
16.9381	587.984	587.984
16.95	587.596	587.596
16.9619	587.207	587.207
16.9739	586.818	586.818
16.9858	586.43	586.43
16.9977	586.041	586.041
17.0097	585.653	585.653
17.0216	585.264	585.264
17.0336	584.875	584.875
17.0455	584.487	584.487
17.0574	584.098	584.098
17.0694	583.71	583.71
17.0813	583.321	583.321
17.0932	582.933	582.933
17.1052	582.544	582.544
17.1171	582.156	582.156
17.1291	581.767	581.767
17.141	581.379	581.379
17.1529	580.99	580.99
17.1649	580.602	580.602
17.1768	580.214	580.214
17.1887	579.825	579.825
17.2007	579.437	579.437
17.2126	579.048	579.048
17.2245	578.66	578.66
17.2365	578.272	578.272
17.2484	577.883	577.883
17.2604	577.495	577.495
17.2723	577.107	577.107
17.2842	576.718	576.718
17.2962	576.33	576.33
17.3081	575.942	575.942
17.32	575.554	575.554
17.332	575.165	575.165
17.3439	574.777	574.777
17.3558	574.389	574.389
17.3678	574.001	574.001
17.3797	573.612	573.612
17.3917	573.224	573.224
17.4036	572.836	572.836
17.4155	572.448	572.448
17.4275	572.06	572.06
17.4394	571.672	571.672
17.4513	571.283	571.283
17.4633	570.895	570.895
17.4752	570.507	570.507
17.4871	570.119	570.119
17.4991	569.731	569.731
17.511	569.343	569.343
17.523	568.955	568.955
17.5349	568.567	568.567
17.5468	568.179	568.179
17.5588	567.791	567.791
17.5707	567.403	567.403
17.5826	567.015	567.015
17.5946	566.627	566.627
17.6065	566.239	566.239
17.6185	565.851	565.851
17.6304	565.463	565.463
17.6423	565.075	565.075
17.6543	564.687	564.687
17.6662	564.299	564.299
17.6781	563.911	563.911
17.6901	563.524	563.524
17.702	563.136	563.136
17.7139	562.748	562.748
17.7259	562.36	562.36
17.7378	561.972	561.972
17.7498	561.585	561.584
17.7617	561.197	561.197
17.7736	560.809	560.809
17.7856	560.421	560.421
17.7975	560.034	560.033
17.8094	559.646	559.646
17.8214	559.258	559.258
17.8333	558.87	558.87
17.8452	558.483	558.483
17.8572	558.095	558.095
17.8691	557.707	557.707
17.8811	557.32	557.32
17.893	556.932	556.932
17.9049	556.545	556.545
17.9169	556.157	556.157
17.9288	555.77	555.77
17.9407	555.382	555.382
17.9527	554.995	554.995
17.9646	554.607	554.607
17.9766	554.22	554.22
17.9885	553.832	553.832
18.0004	553.445	553.445
18.0124	553.057	553.057
18.0243	552.67	552.67
18.0362	552.282	552.282
18.0482	551.895	551.895
18.0601	551.508	551.508
18.072	551.12	551.12
18.084	550.733	550.733
18.0959	550.346	550.346
18.1079	549.959	549.959
18.1198	549.571	549.571
18.1317	549.184	549.184
18.1437	548.797	548.797
18.1556	548.41	548.41
18.1675	548.023	548.023
18.1795	547.635	547.635
18.1914	547.248	547.248
18.2033	546.861	546.861
18.2153	546.474	546.474
18.2272	546.087	546.087
18.2392	545.7	545.7
18.2511	545.313	545.313
18.263	544.926	544.926
18.275	544.539	544.539
18.2869	544.152	544.152
18.2988	543.765	543.765
18.3108	543.379	543.378
18.3227	542.992	542.992
18.3346	542.605	542.605
18.3466	542.218	542.218
18.3585	541.831	541.831
18.3705	541.445	541.445
18.3824	541.058	541.058
18.3943	540.671	540.671
18.4063	540.285	540.284
18.4182	539.898	539.898
18.4301	539.511	539.511
18.4421	539.125	539.125
18.454	538.738	538.738
18.466	538.352	538.352
18.4779	537.965	537.965
18.4898	537.579	537.579
18.5018	537.192	537.192
18.5137	536.806	536.806
18.5256	536.42	536.419
18.5376	536.033	536.033
18.5495	535.647	535.647
18.5614	535.261	535.261
18.5734	534.874	534.874
18.5853	534.488	534.488
18.5973	534.102	534.102
18.6092	533.716	533.716
18.6211	533.33	533.33
18.6331	532.944	532.944
18.645	532.558	532.558
18.6569	532.172	532.172
18.6689	531.786	531.786
18.6808	531.4	531.4
18.6927	531.014	531.014
18.7047	530.628	530.628
18.7166	530.242	530.242
18.7286	529.857	529.857
18.7405	529.471	529.471
18.7524	529.085	529.085
18.7644	528.7	528.699
18.7763	528.314	528.314
18.7882	527.928	527.928
18.8002	527.543	527.543
18.8121	527.157	527.157
18.8241	526.772	526.772
18.836	526.387	526.386
18.8479	526.001	526.001
18.8599	525.616	525.616
18.8718	525.231	525.231
18.8837	524.845	524.845
18.8957	524.46	524.46
18.9076	524.075	524.075
18.9195	523.69	523.69
18.9315	523.305	523.305
18.9434	522.92	522.92
18.9554	522.535	522.535
18.9673	522.15	522.15
18.9792	521.765	521.765
18.9912	521.38	521.38
19.0031	520.996	520.996
19.015	520.611	520.611
19.027	520.226	520.226
19.0389	519.842	519.842
19.0508	519.457	519.457
19.0628	519.073	519.073
19.0747	518.688	518.688
19.0867	518.304	518.304
19.0986	517.92	517.919
19.1105	517.535	517.535
19.1225	517.151	517.151
19.1344	516.767	516.767
19.1463	516.383	516.383
19.1583	515.999	515.999
19.1702	515.615	515.615
19.1821	515.231	515.231
19.1941	514.847	514.847
19.206	514.463	514.463
19.218	514.079	514.079
19.2299	513.696	513.696
19.2418	513.312	513.312
19.2538	512.928	512.928
19.2657	512.545	512.545
19.2776	512.161	512.161
19.2896	511.778	511.778
19.3015	511.395	511.395
19.3135	511.012	511.011
19.3254	510.628	510.628
19.3373	510.245	510.245
19.3493	509.862	509.862
19.3612	509.479	509.479
19.3731	509.096	509.096
19.3851	508.713	508.713
19.397	508.331	508.331
19.4089	507.948	507.948
19.4209	507.565	507.565
19.4328	507.183	507.183
19.4448	506.8	506.8
19.4567	506.418	506.418
19.4686	506.035	506.035
19.4806	505.653	505.653
19.4925	505.271	505.271
19.5044	504.889	504.889
19.5164	504.507	504.507
19.5283	504.125	504.125
19.5402	503.743	503.743
19.5522	503.361	503.361
19.5641	502.979	502.979
19.5761	502.598	502.598
19.588	502.216	502.216
19.5999	501.835	501.835
19.6119	501.453	501.453
19.6238	501.072	501.072
19.6357	500.691	500.691
19.6477	500.31	500.309
19.6596	499.928	499.928
19.6716	499.547	499.547
19.6835	499.167	499.166
19.6954	498.786	498.786
19.7074	498.405	498.405
19.7193	498.024	498.024
19.7312	497.644	497.644
19.7432	497.263	497.263
19.7551	496.883	496.883
19.767	496.503	496.503
19.779	496.123	496.123
19.7909	495.742	495.742
19.8029	495.363	495.362
19.8148	494.983	494.983
19.8267	494.603	494.603
19.8387	494.223	494.223
19.8506	493.844	493.843
19.8625	493.464	493.464
19.8745	493.085	493.085
19.8864	492.705	492.705
19.8983	492.326	492.326
19.9103	491.947	491.947
19.9222	491.568	491.568
19.9342	491.189	491.189
19.9461	490.81	490.81
19.958	490.432	490.432
19.97	490.053	490.053
19.9819	489.675	489.674
19.9938	489.296	489.296
20.0058	488.918	488.918
20.0177	488.54	488.54
20.0296	488.162	488.162
20.0416	487.784	487.784
20.0535	487.406	487.406
20.0655	487.028	487.028
20.0774	486.651	486.651
20.0893	486.273	486.273
20.1013	485.896	485.896
20.1132	485.519	485.519
20.1251	485.141	485.141
20.1371	484.764	484.764
20.149	484.388	484.387
20.161	484.011	484.011
20.1729	483.634	483.634
20.1848	483.258	483.258
20.1968	482.881	482.881
20.2087	482.505	482.505
20.2206	482.129	482.129
20.2326	481.753	481.753
20.2445	481.377	481.377
20.2564	481.001	481.001
20.2684	480.625	480.625
20.2803	480.25	480.25
20.2923	479.875	479.874
20.3042	479.499	479.499
20.3161	479.124	479.124
20.3281	478.749	478.749
20.34	478.374	478.374
20.3519	478	477.999
20.3639	477.625	477.625
20.3758	477.251	477.25
20.3877	476.876	476.876
20.3997	476.502	476.502
20.4116	476.128	476.128
20.4236	475.754	475.754
20.4355	475.38	475.38
20.4474	475.007	475.007
20.4594	474.633	474.633
20.4713	474.26	474.26
20.4832	473.887	473.887
20.4952	473.514	473.514
20.5071	473.141	473.141
20.5191	472.768	472.768
20.531	472.396	472.395
20.5429	472.023	472.023
20.5549	471.651	471.651
20.5668	471.279	471.279
20.5787	470.907	470.907
20.5907	470.535	470.535
20.6026	470.163	470.163
20.6145	469.792	469.792
20.6265	469.42	469.42
20.6384	469.049	469.049
20.6504	468.678	468.678
20.6623	468.307	468.307
20.6742	467.937	467.937
20.6862	467.566	467.566
20.6981	467.196	467.196
20.71	466.825	466.825
20.722	466.455	466.455
20.7339	466.086	466.085
20.7458	465.716	465.716
20.7578	465.346	465.346
20.7697	464.977	464.977
20.7817	464.608	464.608
20.7936	464.239	464.239
20.8055	463.87	463.87
20.8175	463.501	463.501
20.8294	463.133	463.133
20.8413	462.764	462.764
20.8533	462.396	462.396
20.8652	462.028	462.028
20.8771	461.66	461.66
20.8891	461.293	461.293
20.901	460.925	460.925
20.913	460.558	460.558
20.9249	460.191	460.191
20.9368	459.824	459.824
20.9488	459.458	459.457
20.9607	459.091	459.091
20.9726	458.725	458.725
20.9846	458.359	458.358
20.9965	457.993	457.993
21.0085	457.627	457.627
21.0204	457.261	457.261
21.0323	456.896	456.896
21.0443	456.531	456.531
21.0562	456.166	456.166
21.0681	455.801	455.801
21.0801	455.437	455.436
21.092	455.072	455.072
21.1039	454.708	454.708
21.1159	454.344	454.344
21.1278	453.98	453.98
21.1398	453.617	453.617
21.1517	453.253	453.253
21.1636	452.89	452.89
21.1756	452.527	452.527
21.1875	452.165	452.165
21.1994	451.802	451.802
21.2114	451.44	451.44
21.2233	451.078	451.078
21.2352	450.716	450.716
21.2472	450.354	450.354
21.2591	449.993	449.993
21.2711	449.632	449.632
21.283	449.271	449.271
21.2949	448.91	448.91
21.3069	448.549	448.549
21.3188	448.189	448.189
21.3307	447.829	447.829
21.3427	447.469	447.469
21.3546	447.109	447.109
21.3666	446.75	446.75
21.3785	446.391	446.391
21.3904	446.032	446.032
21.4024	445.673	445.673
21.4143	445.314	445.314
21.4262	444.956	444.956
21.4382	444.598	444.598
21.4501	444.24	444.24
21.462	443.883	443.883
21.474	443.525	443.525
21.4859	443.168	443.168
21.4979	442.811	442.811
21.5098	442.455	442.455
21.5217	442.098	442.098
21.5337	441.742	441.742
21.5456	441.386	441.386
21.5575	441.031	441.031
21.5695	440.675	440.675
21.5814	440.32	440.32
21.5933	439.965	439.965
21.6053	439.611	439.611
21.6172	439.256	439.256
21.6292	438.902	438.902
21.6411	438.548	438.548
21.653	438.195	438.194
21.665	437.841	437.841
21.6769	437.488	437.488
21.6888	437.135	437.135
21.7008	436.783	436.783
21.7127	436.43	436.43
21.7246	436.078	436.078
21.7366	435.726	435.726
21.7485	435.375	435.375
21.7605	435.024	435.024
21.7724	434.673	434.673
21.7843	434.322	434.322
21.7963	433.971	433.971
21.8082	433.621	433.621
21.8201	433.271	433.271
21.8321	432.922	432.922
21.844	432.572	432.572
21.856	432.223	432.223
21.8679	431.874	431.874
21.8798	431.526	431.526
21.8918	431.178	431.178
21.9037	430.83	430.83
21.9156	430.482	430.482
21.9276	430.135	430.134
21.9395	429.787	429.787
21.9514	429.441	429.441
21.9634	429.094	429.094
21.9753	428.748	428.748
21.9873	428.402	428.402
21.9992	428.056	428.056
22.0111	427.711	427.711
22.0231	427.366	427.366
22.035	427.021	427.021
22.0469	426.676	426.676
22.0589	426.332	426.332
22.0708	425.988	425.988
22.0827	425.645	425.645
22.0947	425.302	425.301
22.1066	424.959	424.958
22.1186	424.616	424.616
22.1305	424.273	424.273
22.1424	423.931	423.931
22.1544	423.59	423.589
22.1663	423.248	423.248
22.1782	422.907	422.907
22.1902	422.566	422.566
22.2021	422.226	422.226
22.2141	421.885	421.885
22.226	421.546	421.545
22.2379	421.206	421.206
22.2499	420.867	420.867
22.2618	420.528	420.528
22.2737	420.189	420.189
22.2857	419.851	419.851
22.2976	419.513	419.513
22.3095	419.175	419.175
22.3215	418.838	418.838
22.3334	418.501	418.501
22.3454	418.164	418.164
22.3573	417.828	417.828
22.3692	417.492	417.492
22.3812	417.156	417.156
22.3931	416.821	416.821
22.405	416.486	416.486
22.417	416.151	416.151
22.4289	415.817	415.817
22.4408	415.483	415.483
22.4528	415.149	415.149
22.4647	414.816	414.816
22.4767	414.483	414.483
22.4886	414.15	414.15
22.5005	413.818	413.818
22.5125	413.486	413.486
22.5244	413.155	413.155
22.5363	412.823	412.823
22.5483	412.493	412.492
22.5602	412.162	412.162
22.5721	411.832	411.832
22.5841	411.502	411.502
22.596	411.173	411.172
22.608	410.843	410.843
22.6199	410.515	410.514
22.6318	410.186	410.186
22.6438	409.858	409.858
22.6557	409.53	409.53
22.6676	409.203	409.203
22.6796	408.876	408.876
22.6915	408.55	408.549
22.7035	408.223	408.223
22.7154	407.897	407.897
22.7273	407.572	407.572
22.7393	407.247	407.247
22.7512	406.922	406.922
22.7631	406.598	406.597
22.7751	406.274	406.273
22.787	405.95	405.95
22.7989	405.627	405.627
22.8109	405.304	405.304
22.8228	404.981	404.981
22.8348	404.659	404.659
22.8467	404.337	404.337
22.8586	404.016	404.016
22.8706	403.695	403.695
22.8825	403.374	403.374
22.8944	403.054	403.054
22.9064	402.734	402.734
22.9183	402.415	402.415
22.9302	402.096	402.096
22.9422	401.777	401.777
22.9541	401.459	401.459
22.9661	401.141	401.141
22.978	400.824	400.823
22.9899	400.506	400.506
23.0019	400.19	400.19
23.0138	399.873	399.873
23.0257	399.558	399.557
23.0377	399.242	399.242
23.0496	398.927	398.927
23.0616	398.612	398.612
23.0735	398.298	398.298
23.0854	397.984	397.984
23.0974	397.671	397.67
23.1093	397.357	397.357
23.1212	397.045	397.045
23.1332	396.732	396.732
23.1451	396.421	396.42
23.157	396.109	396.109
23.169	395.798	395.798
23.1809	395.488	395.487
23.1929	395.177	395.177
23.2048	394.868	394.867
23.2167	394.558	394.558
23.2287	394.249	394.249
23.2406	393.941	393.94
23.2525	393.632	393.632
23.2645	393.325	393.325
23.2764	393.017	393.017
23.2883	392.711	392.71
23.3003	392.404	392.404
23.3122	392.098	392.098
23.3242	391.793	391.792
23.3361	391.487	391.487
23.348	391.183	391.183
23.36	390.878	390.878
23.3719	390.575	390.574
23.3838	390.271	390.271
23.3958	389.968	389.968
23.4077	389.666	389.665
23.4196	389.363	389.363
23.4316	389.062	389.062
23.4435	388.761	388.76
23.4555	388.46	388.459
23.4674	388.159	388.159
23.4793	387.859	387.859
23.4913	387.56	387.56
23.5032	387.261	387.261
23.5151	386.962	386.962
23.5271	386.664	386.664
23.539	386.366	386.366
23.551	386.069	386.069
23.5629	385.772	385.772
23.5748	385.476	385.476
23.5868	385.18	385.18
23.5987	384.885	384.885
23.6106	384.59	384.59
23.6226	384.296	384.296
23.6345	384.003	384.003
23.6464	383.711	383.71
23.6584	383.419	383.419
23.6703	383.13	383.129
23.6823	382.842	382.841
23.6942	382.557	382.555
23.7061	382.275	382.273
23.7181	381.997	381.995
23.73	381.726	381.723
23.7419	381.461	381.458
23.7539	381.206	381.202
23.7658	380.963	380.958
23.7777	380.734	380.727
23.7897	380.522	380.514
23.8016	380.33	380.321
23.8136	380.161	380.151
23.8255	380.018	380.007
23.8374	379.904	379.892
23.8494	379.82	379.808
23.8613	379.769	379.756
23.8732	379.752	379.739
