0	872.76	872.892
0.0119366	872.758	872.891
0.0238732	872.754	872.89
0.0358099	872.75	872.889
0.0477465	872.746	872.887
0.0596831	872.742	872.885
0.0716197	872.738	872.883
0.0835563	872.734	872.881
0.095493	872.729	872.879
0.10743	872.725	872.877
0.119366	872.721	872.875
0.131303	872.716	872.872
0.143239	872.712	872.87
0.155176	872.707	872.868
0.167113	872.703	872.866
0.179049	872.698	872.863
0.190986	872.694	872.861
0.202923	872.689	872.859
0.214859	872.684	872.856
0.226796	872.679	872.854
0.238732	872.674	872.851
0.250669	872.669	872.849
0.262606	872.664	872.846
0.274542	872.659	872.844
0.286479	872.653	872.841
0.298416	872.648	872.838
0.310352	872.643	872.836
0.322289	872.637	872.833
0.334225	872.632	872.83
0.346162	872.626	872.827
0.358099	872.621	872.825
0.370035	872.615	872.822
0.381972	872.609	872.819
0.393908	872.603	872.816
0.405845	872.597	872.813
0.417782	872.591	872.81
0.429718	872.585	872.806
0.441655	872.579	872.803
0.453592	872.572	872.8
0.465528	872.566	872.797
0.477465	872.56	872.794
0.489401	872.553	872.79
0.501338	872.547	872.787
0.513275	872.54	872.783
0.525211	872.533	872.78
0.537148	872.526	872.776
0.549085	872.519	872.773
0.561021	872.512	872.769
0.572958	872.505	872.765
0.584894	872.498	872.762
0.596831	872.491	872.758
0.608768	872.483	872.754
0.620704	872.476	872.75
0.632641	872.468	872.746
0.644578	872.46	872.742
0.656514	872.453	872.738
0.668451	872.445	872.734
0.680387	872.437	872.73
0.692324	872.429	872.726
0.704261	872.421	872.721
0.716197	872.412	872.717
0.728134	872.404	872.712
0.74007	872.395	872.708
0.752007	872.387	872.703
0.763944	872.378	872.699
0.77588	872.369	872.694
0.787817	872.36	872.69
0.799754	872.351	872.685
0.81169	872.342	872.68
0.823627	872.333	872.675
0.835563	872.324	872.67
0.8475	872.314	872.665
0.859437	872.305	872.66
0.871373	872.295	872.655
0.88331	872.285	872.649
0.895247	872.276	872.644
0.907183	872.266	872.639
0.91912	872.255	872.633
0.931056	872.245	872.628
0.942993	872.235	872.622
0.95493	872.224	872.617
0.966866	872.214	872.611
0.978803	872.203	872.605
0.99074	872.192	872.599
1.00268	872.181	872.593
1.01461	872.17	872.587
1.02655	872.159	872.581
1.03849	872.147	872.575
1.05042	872.136	872.569
1.06236	872.124	872.562
1.0743	872.113	872.556
1.08623	872.101	872.549
1.09817	872.089	872.543
1.11011	872.077	872.536
1.12204	872.064	872.529
1.13398	872.052	872.522
1.14592	872.039	872.515
1.15785	872.026	872.508
1.16979	872.014	872.501
1.18173	872.001	872.494
1.19366	871.987	872.487
1.2056	871.974	872.479
1.21754	871.961	872.472
1.22947	871.947	872.464
1.24141	871.933	872.457
1.25335	871.919	872.449
1.26528	871.905	872.441
1.27722	871.891	872.433
1.28916	871.877	872.425
1.30109	871.862	872.417
1.31303	871.848	872.409
1.32496	871.833	872.4
1.3369	871.818	872.392
1.34884	871.803	872.383
1.36077	871.787	872.375
1.37271	871.772	872.366
1.38465	871.756	872.357
1.39658	871.74	872.348
1.40852	871.724	872.339
1.42046	871.708	872.33
1.43239	871.692	872.321
1.44433	871.675	872.311
1.45627	871.659	872.302
1.4682	871.642	872.292
1.48014	871.625	872.282
1.49208	871.608	872.273
1.50401	871.59	872.263
1.51595	871.573	872.253
1.52789	871.555	872.242
1.53982	871.537	872.232
1.55176	871.519	872.222
1.5637	871.5	872.211
1.57563	871.482	872.2
1.58757	871.463	872.19
1.59951	871.444	872.179
1.61144	871.425	872.168
1.62338	871.406	872.156
1.63532	871.386	872.145
1.64725	871.367	872.134
1.65919	871.347	872.122
1.67113	871.327	872.11
1.68306	871.306	872.099
1.695	871.286	872.087
1.70694	871.265	872.075
1.71887	871.244	872.062
1.73081	871.223	872.05
1.74275	871.202	872.037
1.75468	871.18	872.025
1.76662	871.159	872.012
1.77856	871.137	871.999
1.79049	871.114	871.986
1.80243	871.092	871.973
1.81437	871.069	871.959
1.8263	871.046	871.946
1.83824	871.023	871.932
1.85018	871	871.918
1.86211	870.977	871.904
1.87405	870.953	871.89
1.88599	870.929	871.876
1.89792	870.905	871.862
1.90986	870.88	871.847
1.9218	870.855	871.832
1.93373	870.83	871.817
1.94567	870.805	871.802
1.95761	870.78	871.787
1.96954	870.754	871.772
1.98148	870.728	871.756
1.99342	870.702	871.74
2.00535	870.676	871.725
2.01729	870.649	871.709
2.02923	870.622	871.692
2.04116	870.595	871.676
2.0531	870.567	871.659
2.06504	870.54	871.643
2.07697	870.512	871.626
2.08891	870.484	871.609
2.10085	870.455	871.591
2.11278	870.426	871.574
2.12472	870.397	871.556
2.13666	870.368	871.538
2.14859	870.339	871.52
2.16053	870.309	871.502
2.17246	870.279	871.484
2.1844	870.248	871.465
2.19634	870.218	871.446
2.20827	870.187	871.427
2.22021	870.156	871.408
2.23215	870.124	871.389
2.24408	870.092	871.369
2.25602	870.06	871.35
2.26796	870.028	871.33
2.27989	869.995	871.31
2.29183	869.962	871.289
2.30377	869.929	871.269
2.3157	869.896	871.248
2.32764	869.862	871.227
2.33958	869.828	871.206
2.35151	869.793	871.184
2.36345	869.759	871.163
2.37539	869.724	871.141
2.38732	869.688	871.119
2.39926	869.653	871.097
2.4112	869.617	871.074
2.42313	869.58	871.052
2.43507	869.544	871.029
2.44701	869.507	871.006
2.45894	869.47	870.982
2.47088	869.432	870.959
2.48282	869.394	870.935
2.49475	869.356	870.911
2.50669	869.318	870.886
2.51863	869.279	870.862
2.53056	869.24	870.837
2.5425	869.2	870.812
2.55444	869.16	870.787
2.56637	869.12	870.761
2.57831	869.079	870.736
2.59025	869.039	870.71
2.60218	868.997	870.684
2.61412	868.956	870.657
2.62606	868.914	870.63
2.63799	868.872	870.603
2.64993	868.829	870.576
2.66187	868.786	870.549
2.6738	868.743	870.521
2.68574	868.699	870.493
2.69768	868.655	870.465
2.70961	868.611	870.436
2.72155	868.566	870.408
2.73349	868.521	870.379
2.74542	868.475	870.349
2.75736	868.429	870.32
2.7693	868.383	870.29
2.78123	868.337	870.26
2.79317	868.29	870.229
2.80511	868.242	870.199
2.81704	868.194	870.168
2.82898	868.146	870.136
2.84092	868.098	870.105
2.85285	868.049	870.073
2.86479	868	870.041
2.87673	867.95	870.009
2.88866	867.9	869.976
2.9006	867.849	869.943
2.91254	867.798	869.91
2.92447	867.747	869.876
2.93641	867.695	869.842
2.94835	867.643	869.808
2.96028	867.591	869.774
2.97222	867.538	869.739
2.98416	867.485	869.704
2.99609	867.431	869.669
3.00803	867.377	869.633
3.01997	867.322	869.597
3.0319	867.267	869.561
3.04384	867.212	869.524
3.05577	867.156	869.487
3.06771	867.1	869.45
3.07965	867.043	869.412
3.09158	866.986	869.375
3.10352	866.928	869.336
3.11546	866.871	869.298
3.12739	866.812	869.259
3.13933	866.753	869.22
3.15127	866.694	869.18
3.1632	866.634	869.14
3.17514	866.574	869.1
3.18708	866.514	869.06
3.19901	866.452	869.019
3.21095	866.391	868.977
3.22289	866.329	868.936
3.23482	866.267	868.894
3.24676	866.204	868.852
3.2587	866.14	868.809
3.27063	866.077	868.766
3.28257	866.012	868.723
3.29451	865.948	868.679
3.30644	865.882	868.635
3.31838	865.817	868.591
3.33032	865.751	868.546
3.34225	865.684	868.501
3.35419	865.617	868.455
3.36613	865.549	868.409
3.37806	865.481	868.363
3.39	865.413	868.316
3.40194	865.344	868.269
3.41387	865.274	868.222
3.42581	865.204	868.174
3.43775	865.134	868.126
3.44968	865.063	868.078
3.46162	864.991	868.029
3.47356	864.919	867.979
3.48549	864.847	867.93
3.49743	864.774	867.88
3.50937	864.7	867.829
3.5213	864.626	867.778
3.53324	864.552	867.727
3.54518	864.477	867.675
3.55711	864.401	867.623
3.56905	864.325	867.571
3.58099	864.249	867.518
3.59292	864.172	867.464
3.60486	864.094	867.411
3.6168	864.016	867.357
3.62873	863.937	867.302
3.64067	863.858	867.247
3.65261	863.779	867.192
3.66454	863.698	867.136
3.67648	863.618	867.08
3.68842	863.536	867.023
3.70035	863.455	866.966
3.71229	863.372	866.908
3.72423	863.289	866.85
3.73616	863.206	866.792
3.7481	863.122	866.733
3.76004	863.037	866.674
3.77197	862.952	866.614
3.78391	862.866	866.554
3.79585	862.78	866.493
3.80778	862.694	866.432
3.81972	862.606	866.371
3.83166	862.518	866.309
3.84359	862.43	866.247
3.85553	862.341	866.184
3.86747	862.251	866.12
3.8794	862.161	866.057
3.89134	862.07	865.992
3.90327	861.979	865.928
3.91521	861.887	865.862
3.92715	861.795	865.797
3.93908	861.702	865.731
3.95102	861.608	865.664
3.96296	861.514	865.597
3.97489	861.419	865.529
3.98683	861.324	865.461
3.99877	861.228	865.393
4.0107	861.132	865.324
4.02264	861.034	865.254
4.03458	860.937	865.184
4.04651	860.838	865.114
4.05845	860.74	865.043
4.07039	860.64	864.972
4.08232	860.54	864.9
4.09426	860.439	864.827
4.1062	860.338	864.754
4.11813	860.236	864.681
4.13007	860.134	864.607
4.14201	860.03	864.532
4.15394	859.927	864.457
4.16588	859.822	864.382
4.17782	859.717	864.306
4.18975	859.612	864.229
4.20169	859.505	864.152
4.21363	859.399	864.075
4.22556	859.291	863.997
4.2375	859.183	863.918
4.24944	859.074	863.839
4.26137	858.965	863.759
4.27331	858.855	863.679
4.28525	858.744	863.598
4.29718	858.633	863.517
4.30912	858.521	863.435
4.32106	858.409	863.353
4.33299	858.296	863.27
4.34493	858.182	863.186
4.35687	858.067	863.103
4.3688	857.952	863.018
4.38074	857.837	862.933
4.39268	857.72	862.847
4.40461	857.603	862.761
4.41655	857.486	862.674
4.42849	857.367	862.587
4.44042	857.248	862.499
4.45236	857.129	862.411
4.4643	857.008	862.322
4.47623	856.887	862.232
4.48817	856.766	862.142
4.50011	856.643	862.051
4.51204	856.52	861.96
4.52398	856.397	861.868
4.53592	856.272	861.776
4.54785	856.148	861.683
4.55979	856.022	861.589
4.57173	855.896	861.495
4.58366	855.769	861.4
4.5956	855.641	861.305
4.60754	855.513	861.209
4.61947	855.384	861.113
4.63141	855.254	861.016
4.64335	855.124	860.918
4.65528	854.993	860.82
4.66722	854.861	860.721
4.67916	854.728	860.621
4.69109	854.595	860.521
4.70303	854.461	860.42
4.71497	854.327	860.319
4.7269	854.192	860.217
4.73884	854.056	860.115
4.75078	853.919	860.012
4.76271	853.782	859.908
4.77465	853.644	859.804
4.78658	853.505	859.699
4.79852	853.366	859.593
4.81046	853.226	859.487
4.82239	853.085	859.38
4.83433	852.944	859.272
4.84627	852.802	859.164
4.8582	852.659	859.056
4.87014	852.515	858.946
4.88208	852.371	858.836
4.89401	852.226	858.726
4.90595	852.08	858.614
4.91789	851.934	858.503
4.92982	851.787	858.39
4.94176	851.639	858.277
4.9537	851.49	858.163
4.96563	851.341	858.049
4.97757	851.191	857.934
4.98951	851.04	857.818
5.00144	850.889	857.701
5.01338	850.737	857.584
5.02532	850.584	857.467
5.03725	850.43	857.348
5.04919	850.276	857.229
5.06113	850.121	857.11
5.07306	849.965	856.989
5.085	849.808	856.868
5.09694	849.651	856.747
5.10887	849.493	856.625
5.12081	849.334	856.502
5.13275	849.175	856.378
5.14468	849.015	856.254
5.15662	848.854	856.129
5.16856	848.692	856.003
5.18049	848.53	855.877
5.19243	848.367	855.75
5.20437	848.203	855.622
5.2163	848.038	855.494
5.22824	847.873	855.365
5.24018	847.707	855.235
5.25211	847.54	855.104
5.26405	847.372	854.973
5.27599	847.204	854.842
5.28792	847.035	854.709
5.29986	846.865	854.576
5.3118	846.695	854.442
5.32373	846.524	854.308
5.33567	846.352	854.172
5.34761	846.179	854.037
5.35954	846.005	853.9
5.37148	845.831	853.763
5.38342	845.656	853.625
5.39535	845.48	853.486
5.40729	845.304	853.346
5.41923	845.126	853.206
5.43116	844.948	853.066
5.4431	844.77	852.924
5.45504	844.59	852.782
5.46697	844.41	852.639
5.47891	844.229	852.495
5.49085	844.047	852.351
5.50278	843.865	852.206
5.51472	843.681	852.06
5.52666	843.497	851.914
5.53859	843.312	851.766
5.55053	843.127	851.618
5.56247	842.941	851.47
5.5744	842.754	851.32
5.58634	842.566	851.17
5.59828	842.377	851.02
5.61021	842.188	850.868
5.62215	841.998	850.716
5.63408	841.807	850.563
5.64602	841.615	850.409
5.65796	841.423	850.255
5.66989	841.23	850.1
5.68183	841.036	849.944
5.69377	840.841	849.787
5.7057	840.646	849.63
5.71764	840.45	849.472
5.72958	840.253	849.313
5.74151	840.055	849.153
5.75345	839.857	848.993
5.76539	839.657	848.832
5.77732	839.457	848.67
5.78926	839.257	848.508
5.8012	839.055	848.345
5.81313	838.853	848.181
5.82507	838.65	848.016
5.83701	838.446	847.85
5.84894	838.241	847.684
5.86088	838.036	847.517
5.87282	837.83	847.35
5.88475	837.623	847.181
5.89669	837.416	847.012
5.90863	837.207	846.842
5.92056	836.998	846.672
5.9325	836.788	846.5
5.94444	836.578	846.328
5.95637	836.366	846.155
5.96831	836.154	845.981
5.98025	835.941	845.807
5.99218	835.727	845.632
6.00412	835.513	845.456
6.01606	835.298	845.279
6.02799	835.082	845.102
6.03993	834.865	844.924
6.05187	834.648	844.745
6.0638	834.429	844.565
6.07574	834.21	844.385
6.08768	833.991	844.204
6.09961	833.77	844.022
6.11155	833.549	843.839
6.12349	833.327	843.656
6.13542	833.104	843.471
6.14736	832.88	843.286
6.1593	832.656	843.101
6.17123	832.431	842.914
6.18317	832.205	842.727
6.19511	831.979	842.539
6.20704	831.751	842.35
6.21898	831.523	842.161
6.23092	831.294	841.97
6.24285	831.065	841.779
6.25479	830.834	841.587
6.26673	830.603	841.395
6.27866	830.371	841.202
6.2906	830.139	841.007
6.30254	829.905	840.813
6.31447	829.671	840.617
6.32641	829.436	840.421
6.33835	829.201	840.223
6.35028	828.964	840.026
6.36222	828.727	839.827
6.37416	828.49	839.627
6.38609	828.251	839.427
6.39803	828.012	839.226
6.40997	827.771	839.025
6.4219	827.531	838.822
6.43384	827.289	838.619
6.44578	827.047	838.415
6.45771	826.804	838.21
6.46965	826.56	838.004
6.48159	826.315	837.798
6.49352	826.07	837.591
6.50546	825.824	837.383
6.51739	825.577	837.175
6.52933	825.33	836.965
6.54127	825.082	836.755
6.5532	824.833	836.544
6.56514	824.583	836.332
6.57708	824.332	836.12
6.58901	824.081	835.907
6.60095	823.829	835.693
6.61289	823.577	835.478
6.62482	823.323	835.263
6.63676	823.069	835.046
6.6487	822.815	834.829
6.66063	822.559	834.612
6.67257	822.303	834.393
6.68451	822.046	834.174
6.69644	821.788	833.954
6.70838	821.53	833.733
6.72032	821.27	833.511
6.73225	821.011	833.289
6.74419	820.75	833.066
6.75613	820.489	832.842
6.76806	820.227	832.617
6.78	819.964	832.392
6.79194	819.7	832.166
6.80387	819.436	831.939
6.81581	819.171	831.711
6.82775	818.906	831.483
6.83968	818.64	831.254
6.85162	818.373	831.024
6.86356	818.105	830.793
6.87549	817.836	830.561
6.88743	817.567	830.329
6.89937	817.297	830.096
6.9113	817.027	829.863
6.92324	816.756	829.628
6.93518	816.484	829.393
6.94711	816.211	829.157
6.95905	815.938	828.92
6.97099	815.664	828.683
6.98292	815.389	828.444
6.99486	815.114	828.206
7.0068	814.838	827.966
7.01873	814.561	827.725
7.03067	814.284	827.484
7.04261	814.005	827.242
7.05454	813.727	826.999
7.06648	813.447	826.756
7.07842	813.167	826.512
7.09035	812.886	826.267
7.10229	812.605	826.021
7.11423	812.322	825.775
7.12616	812.039	825.528
7.1381	811.756	825.28
7.15004	811.472	825.031
7.16197	811.187	824.782
7.17391	810.901	824.531
7.18585	810.615	824.281
7.19778	810.328	824.029
7.20972	810.041	823.777
7.22166	809.752	823.524
7.23359	809.463	823.27
7.24553	809.174	823.015
7.25747	808.884	822.76
7.2694	808.593	822.504
7.28134	808.301	822.247
7.29328	808.009	821.99
7.30521	807.716	821.732
7.31715	807.423	821.473
7.32909	807.129	821.213
7.34102	806.834	820.953
7.35296	806.539	820.692
7.36489	806.243	820.43
7.37683	805.946	820.168
7.38877	805.649	819.904
7.4007	805.351	819.64
7.41264	805.052	819.376
7.42458	804.753	819.11
7.43651	804.453	818.844
7.44845	804.153	818.578
7.46039	803.852	818.31
7.47232	803.55	818.042
7.48426	803.248	817.773
7.4962	802.945	817.503
7.50813	802.641	817.233
7.52007	802.337	816.962
7.53201	802.032	816.69
7.54394	801.727	816.418
7.55588	801.421	816.145
7.56782	801.115	815.871
7.57975	800.807	815.596
7.59169	800.499	815.321
7.60363	800.191	815.045
7.61556	799.882	814.769
7.6275	799.572	814.491
7.63944	799.262	814.213
7.65137	798.951	813.935
7.66331	798.64	813.655
7.67525	798.328	813.375
7.68718	798.015	813.094
7.69912	797.702	812.813
7.71106	797.389	812.531
7.72299	797.074	812.248
7.73493	796.759	811.965
7.74687	796.444	811.681
7.7588	796.128	811.396
7.77074	795.811	811.11
7.78268	795.494	810.824
7.79461	795.176	810.537
7.80655	794.858	810.25
7.81849	794.539	809.962
7.83042	794.22	809.673
7.84236	793.9	809.384
7.8543	793.579	809.093
7.86623	793.258	808.803
7.87817	792.936	808.511
7.89011	792.614	808.219
7.90204	792.291	807.926
7.91398	791.968	807.633
7.92592	791.644	807.339
7.93785	791.32	807.044
7.94979	790.995	806.749
7.96173	790.669	806.453
7.97366	790.343	806.156
7.9856	790.016	805.859
7.99754	789.689	805.561
8.00947	789.362	805.263
8.02141	789.034	804.963
8.03335	788.705	804.664
8.04528	788.376	804.363
8.05722	788.046	804.062
8.06916	787.716	803.76
8.08109	787.385	803.458
8.09303	787.054	803.155
8.10497	786.722	802.852
8.1169	786.39	802.547
8.12884	786.057	802.243
8.14078	785.724	801.937
8.15271	785.39	801.631
8.16465	785.055	801.324
8.17659	784.721	801.017
8.18852	784.385	800.709
8.20046	784.05	800.401
8.2124	783.713	800.092
8.22433	783.377	799.782
8.23627	783.039	799.472
8.2482	782.702	799.161
8.26014	782.363	798.849
8.27208	782.025	798.537
8.28401	781.685	798.225
8.29595	781.346	797.911
8.30789	781.006	797.598
8.31982	780.665	797.283
8.33176	780.324	796.968
8.3437	779.982	796.653
8.35563	779.641	796.336
8.36757	779.298	796.02
8.37951	778.955	795.702
8.39144	778.612	795.385
8.40338	778.268	795.066
8.41532	777.924	794.747
8.42725	777.579	794.427
8.43919	777.234	794.107
8.45113	776.888	793.787
8.46306	776.542	793.465
8.475	776.196	793.143
8.48694	775.849	792.821
8.49887	775.501	792.498
8.51081	775.154	792.175
8.52275	774.805	791.851
8.53468	774.457	791.526
8.54662	774.108	791.201
8.55856	773.758	790.875
8.57049	773.408	790.549
8.58243	773.058	790.222
8.59437	772.707	789.895
8.6063	772.356	789.567
8.61824	772.005	789.239
8.63018	771.653	788.91
8.64211	771.3	788.58
8.65405	770.947	788.251
8.66599	770.594	787.92
8.67792	770.241	787.589
8.68986	769.887	787.258
8.7018	769.532	786.926
8.71373	769.177	786.593
8.72567	768.822	786.26
8.73761	768.467	785.927
8.74954	768.111	785.593
8.76148	767.755	785.258
8.77342	767.398	784.923
8.78535	767.041	784.587
8.79729	766.683	784.251
8.80923	766.325	783.915
8.82116	765.967	783.578
8.8331	765.609	783.24
8.84504	765.25	782.902
8.85697	764.89	782.564
8.86891	764.531	782.225
8.88085	764.171	781.885
8.89278	763.81	781.546
8.90472	763.45	781.205
8.91666	763.089	780.864
8.92859	762.727	780.523
8.94053	762.365	780.181
8.95247	762.003	779.839
8.9644	761.641	779.496
8.97634	761.278	779.153
8.98828	760.915	778.809
9.00021	760.551	778.465
9.01215	760.188	778.121
9.02409	759.823	777.776
9.03602	759.459	777.43
9.04796	759.094	777.084
9.0599	758.729	776.738
9.07183	758.364	776.391
9.08377	757.998	776.044
9.0957	757.632	775.696
9.10764	757.265	775.348
9.11958	756.899	774.999
9.13151	756.532	774.65
9.14345	756.164	774.301
9.15539	755.797	773.951
9.16732	755.429	773.601
9.17926	755.06	773.25
9.1912	754.692	772.899
9.20313	754.323	772.548
9.21507	753.954	772.196
9.22701	753.584	771.843
9.23894	753.215	771.491
9.25088	752.845	771.138
9.26282	752.474	770.784
9.27475	752.104	770.43
9.28669	751.733	770.076
9.29863	751.362	769.721
9.31056	750.99	769.366
9.3225	750.619	769.01
9.33444	750.247	768.654
9.34637	749.874	768.298
9.35831	749.502	767.941
9.37025	749.129	767.584
9.38218	748.756	767.227
9.39412	748.383	766.869
9.40606	748.009	766.511
9.41799	747.635	766.152
9.42993	747.261	765.793
9.44187	746.887	765.434
9.4538	746.512	765.074
9.46574	746.137	764.714
9.47768	745.762	764.354
9.48961	745.387	763.993
9.50155	745.011	763.632
9.51349	744.635	763.27
9.52542	744.259	762.909
9.53736	743.883	762.546
9.5493	743.506	762.184
9.56123	743.13	761.821
9.57317	742.753	761.458
9.58511	742.375	761.094
9.59704	741.998	760.73
9.60898	741.62	760.366
9.62092	741.242	760.001
9.63285	740.864	759.637
9.64479	740.486	759.271
9.65673	740.107	758.906
9.66866	739.729	758.54
9.6806	739.35	758.174
9.69254	738.97	757.807
9.70447	738.591	757.44
9.71641	738.211	757.073
9.72835	737.831	756.706
9.74028	737.451	756.338
9.75222	737.071	755.97
9.76416	736.691	755.601
9.77609	736.31	755.233
9.78803	735.929	754.864
9.79997	735.548	754.494
9.8119	735.167	754.125
9.82384	734.786	753.755
9.83578	734.404	753.385
9.84771	734.022	753.014
9.85965	733.64	752.644
9.87159	733.258	752.273
9.88352	732.876	751.901
9.89546	732.493	751.53
9.9074	732.111	751.158
9.91933	731.728	750.786
9.93127	731.345	750.413
9.94321	730.962	750.04
9.95514	730.578	749.667
9.96708	730.195	749.294
9.97901	729.811	748.921
9.99095	729.427	748.547
10.0029	729.043	748.173
10.0148	728.659	747.799
10.0268	728.274	747.424
10.0387	727.89	747.049
10.0506	727.505	746.674
10.0626	727.12	746.299
10.0745	726.735	745.923
10.0864	726.35	745.547
10.0984	725.965	745.171
10.1103	725.58	744.795
10.1223	725.194	744.419
10.1342	724.808	744.042
10.1461	724.423	743.665
10.1581	724.037	743.288
10.17	723.65	742.91
10.1819	723.264	742.532
10.1939	722.878	742.155
10.2058	722.491	741.776
10.2177	722.105	741.398
10.2297	721.718	741.019
10.2416	721.331	740.641
10.2536	720.944	740.262
10.2655	720.557	739.882
10.2774	720.169	739.503
10.2894	719.782	739.123
10.3013	719.394	738.743
10.3132	719.007	738.363
10.3252	718.619	737.983
10.3371	718.231	737.602
10.3491	717.843	737.222
10.361	717.455	736.841
10.3729	717.067	736.46
10.3849	716.678	736.078
10.3968	716.29	735.697
10.4087	715.901	735.315
10.4207	715.513	734.933
10.4326	715.124	734.551
10.4445	714.735	734.169
10.4565	714.346	733.787
10.4684	713.957	733.404
10.4804	713.568	733.021
10.4923	713.178	732.638
10.5042	712.789	732.255
10.5162	712.4	731.872
10.5281	712.01	731.488
10.54	711.62	731.105
10.552	711.231	730.721
10.5639	710.841	730.337
10.5758	710.451	729.953
10.5878	710.061	729.568
10.5997	709.671	729.184
10.6117	709.281	728.799
10.6236	708.89	728.414
10.6355	708.5	728.029
10.6475	708.11	727.644
10.6594	707.719	727.259
10.6713	707.329	726.874
10.6833	706.938	726.488
10.6952	706.547	726.102
10.7071	706.156	725.716
10.7191	705.766	725.33
10.731	705.375	724.944
10.743	704.984	724.558
10.7549	704.593	724.172
10.7668	704.201	723.785
10.7788	703.81	723.398
10.7907	703.419	723.011
10.8026	703.028	722.624
10.8146	702.636	722.237
10.8265	702.245	721.85
10.8385	701.853	721.463
10.8504	701.462	721.075
10.8623	701.07	720.688
10.8743	700.678	720.3
10.8862	700.287	719.912
10.8981	699.895	719.524
10.9101	699.503	719.136
10.922	699.111	718.748
10.9339	698.719	718.359
10.9459	698.327	717.971
10.9578	697.935	717.582
10.9698	697.543	717.194
10.9817	697.151	716.805
10.9936	696.759	716.416
11.0056	696.366	716.027
11.0175	695.974	715.638
11.0294	695.582	715.249
11.0414	695.189	714.86
11.0533	694.797	714.47
11.0652	694.404	714.081
11.0772	694.012	713.691
11.0891	693.619	713.301
11.1011	693.227	712.912
11.113	692.834	712.522
11.1249	692.442	712.132
11.1369	692.049	711.742
11.1488	691.656	711.352
11.1607	691.263	710.961
11.1727	690.871	710.571
11.1846	690.478	710.181
11.1966	690.085	709.79
11.2085	689.692	709.4
11.2204	689.299	709.009
11.2324	688.906	708.618
11.2443	688.513	708.227
11.2562	688.12	707.836
11.2682	687.727	707.445
11.2801	687.334	707.054
11.292	686.941	706.663
11.304	686.548	706.272
11.3159	686.155	705.881
11.3279	685.762	705.49
11.3398	685.369	705.098
11.3517	684.976	704.707
11.3637	684.582	704.315
11.3756	684.189	703.924
11.3875	683.796	703.532
11.3995	683.403	703.14
11.4114	683.01	702.749
11.4233	682.616	702.357
11.4353	682.223	701.965
11.4472	681.83	701.573
11.4592	681.436	701.181
11.4711	681.043	700.789
11.483	680.65	700.397
11.495	680.257	700.005
11.5069	679.863	699.612
11.5188	679.47	699.22
11.5308	679.076	698.828
11.5427	678.683	698.435
11.5546	678.29	698.043
11.5666	677.896	697.65
11.5785	677.503	697.258
11.5905	677.11	696.865
11.6024	676.716	696.473
11.6143	676.323	696.08
11.6263	675.929	695.688
11.6382	675.536	695.295
11.6501	675.143	694.902
11.6621	674.749	694.509
11.674	674.356	694.116
11.686	673.962	693.724
11.6979	673.569	693.331
11.7098	673.175	692.938
11.7218	672.782	692.545
11.7337	672.389	692.152
11.7456	671.995	691.759
11.7576	671.602	691.366
11.7695	671.208	690.973
11.7814	670.815	690.579
11.7934	670.421	690.186
11.8053	670.028	689.793
11.8173	669.635	689.4
11.8292	669.241	689.007
11.8411	668.848	688.613
11.8531	668.455	688.22
11.865	668.061	687.827
11.8769	667.668	687.434
11.8889	667.274	687.04
11.9008	666.881	686.647
11.9127	666.488	686.253
11.9247	666.094	685.86
11.9366	665.701	685.467
11.9486	665.308	685.073
11.9605	664.914	684.68
11.9724	664.521	684.286
11.9844	664.128	683.893
11.9963	663.735	683.499
12.0082	663.341	683.106
12.0202	662.948	682.712
12.0321	662.555	682.319
12.0441	662.162	681.925
12.056	661.768	681.532
12.0679	661.375	681.138
12.0799	660.982	680.744
12.0918	660.589	680.351
12.1037	660.196	679.957
12.1157	659.802	679.564
12.1276	659.409	679.17
12.1395	659.016	678.776
12.1515	658.623	678.383
12.1634	658.23	677.989
12.1754	657.837	677.595
12.1873	657.444	677.202
12.1992	657.051	676.808
12.2112	656.658	676.415
12.2231	656.265	676.021
12.235	655.872	675.627
12.247	655.479	675.234
12.2589	655.086	674.84
12.2708	654.693	674.446
12.2828	654.3	674.053
12.2947	653.907	673.659
12.3067	653.514	673.265
12.3186	653.121	672.872
12.3305	652.728	672.478
12.3425	652.336	672.084
12.3544	651.943	671.691
12.3663	651.55	671.297
12.3783	651.157	670.904
12.3902	650.765	670.51
12.4021	650.372	670.116
12.4141	649.979	669.723
12.426	649.586	669.329
12.438	649.194	668.936
12.4499	648.801	668.542
12.4618	648.408	668.148
12.4738	648.016	667.755
12.4857	647.623	667.361
12.4976	647.231	666.968
12.5096	646.838	666.574
12.5215	646.446	666.181
12.5335	646.053	665.787
12.5454	645.661	665.394
12.5573	645.268	665
12.5693	644.876	664.607
12.5812	644.483	664.213
12.5931	644.091	663.82
12.6051	643.699	663.426
12.617	643.306	663.033
12.6289	642.914	662.639
12.6409	642.522	662.246
12.6528	642.129	661.853
12.6648	641.737	661.459
12.6767	641.345	661.066
12.6886	640.953	660.673
12.7006	640.561	660.279
12.7125	640.169	659.886
12.7244	639.776	659.493
12.7364	639.384	659.099
12.7483	638.992	658.706
12.7602	638.6	658.313
12.7722	638.208	657.92
12.7841	637.816	657.526
12.7961	637.424	657.133
12.808	637.032	656.74
12.8199	636.64	656.347
12.8319	636.248	655.954
12.8438	635.857	655.561
12.8557	635.465	655.168
12.8677	635.073	654.775
12.8796	634.681	654.382
12.8916	634.289	653.989
12.9035	633.898	653.596
12.9154	633.506	653.203
12.9274	633.114	652.81
12.9393	632.722	652.417
12.9512	632.331	652.024
12.9632	631.939	651.631
12.9751	631.548	651.238
12.987	631.156	650.845
12.999	630.764	650.452
13.0109	630.373	650.059
13.0229	629.981	649.667
13.0348	629.59	649.274
13.0467	629.199	648.881
13.0587	628.807	648.488
13.0706	628.416	648.096
13.0825	628.024	647.703
13.0945	627.633	647.31
13.1064	627.242	646.918
13.1183	626.85	646.525
13.1303	626.459	646.132
13.1422	626.068	645.74
13.1542	625.677	645.347
13.1661	625.286	644.955
13.178	624.894	644.562
13.19	624.503	644.17
13.2019	624.112	643.777
13.2138	623.721	643.385
13.2258	623.33	642.993
13.2377	622.939	642.6
13.2496	622.548	642.208
13.2616	622.157	641.816
13.2735	621.766	641.423
13.2855	621.375	641.031
13.2974	620.984	640.639
13.3093	620.593	640.247
13.3213	620.202	639.854
13.3332	619.812	639.462
13.3451	619.421	639.07
13.3571	619.03	638.678
13.369	618.639	638.286
13.381	618.249	637.894
13.3929	617.858	637.502
13.4048	617.467	637.11
13.4168	617.076	636.718
13.4287	616.686	636.326
13.4406	616.295	635.934
13.4526	615.905	635.542
13.4645	615.514	635.15
13.4764	615.124	634.758
13.4884	614.733	634.367
13.5003	614.343	633.975
13.5123	613.952	633.583
13.5242	613.562	633.191
13.5361	613.171	632.8
13.5481	612.781	632.408
13.56	612.391	632.016
13.5719	612	631.625
13.5839	611.61	631.233
13.5958	611.22	630.841
13.6077	610.829	630.45
13.6197	610.439	630.058
13.6316	610.049	629.667
13.6436	609.659	629.275
13.6555	609.269	628.884
13.6674	608.879	628.492
13.6794	608.488	628.101
13.6913	608.098	627.71
13.7032	607.708	627.318
13.7152	607.318	626.927
13.7271	606.928	626.536
13.7391	606.538	626.144
13.751	606.148	625.753
13.7629	605.758	625.362
13.7749	605.369	624.971
13.7868	604.979	624.58
13.7987	604.589	624.189
13.8107	604.199	623.797
13.8226	603.809	623.406
13.8345	603.419	623.015
13.8465	603.03	622.624
13.8584	602.64	622.233
13.8704	602.25	621.842
13.8823	601.86	621.451
13.8942	601.471	621.061
13.9062	601.081	620.67
13.9181	600.692	620.279
13.93	600.302	619.888
13.942	599.912	619.497
13.9539	599.523	619.106
13.9658	599.133	618.716
13.9778	598.744	618.325
13.9897	598.354	617.934
14.0017	597.965	617.543
14.0136	597.575	617.153
14.0255	597.186	616.762
14.0375	596.797	616.372
14.0494	596.407	615.981
14.0613	596.018	615.59
14.0733	595.629	615.2
14.0852	595.239	614.809
14.0971	594.85	614.419
14.1091	594.461	614.029
14.121	594.072	613.638
14.133	593.683	613.248
14.1449	593.293	612.857
14.1568	592.904	612.467
14.1688	592.515	612.077
14.1807	592.126	611.686
14.1926	591.737	611.296
14.2046	591.348	610.906
14.2165	590.959	610.516
14.2285	590.57	610.126
14.2404	590.181	609.735
14.2523	589.792	609.345
14.2643	589.403	608.955
14.2762	589.014	608.565
14.2881	588.625	608.175
14.3001	588.236	607.785
14.312	587.848	607.395
14.3239	587.459	607.005
14.3359	587.07	606.615
14.3478	586.681	606.225
14.3598	586.293	605.835
14.3717	585.904	605.445
14.3836	585.515	605.055
14.3956	585.127	604.666
14.4075	584.738	604.276
14.4194	584.349	603.886
14.4314	583.961	603.496
14.4433	583.572	603.106
14.4552	583.184	602.717
14.4672	582.795	602.327
14.4791	582.407	601.937
14.4911	582.018	601.548
14.503	581.63	601.158
14.5149	581.241	600.769
14.5269	580.853	600.379
14.5388	580.465	599.989
14.5507	580.076	599.6
14.5627	579.688	599.21
14.5746	579.3	598.821
14.5866	578.911	598.432
14.5985	578.523	598.042
14.6104	578.135	597.653
14.6224	577.747	597.263
14.6343	577.359	596.874
14.6462	576.97	596.485
14.6582	576.582	596.095
14.6701	576.194	595.706
14.682	575.806	595.317
14.694	575.418	594.928
14.7059	575.03	594.539
14.7179	574.642	594.149
14.7298	574.254	593.76
14.7417	573.866	593.371
14.7537	573.478	592.982
14.7656	573.09	592.593
14.7775	572.703	592.204
14.7895	572.315	591.815
14.8014	571.927	591.426
14.8133	571.539	591.037
14.8253	571.151	590.648
14.8372	570.764	590.259
14.8492	570.376	589.87
14.8611	569.988	589.481
14.873	569.601	589.092
14.885	569.213	588.703
14.8969	568.826	588.315
14.9088	568.438	587.926
14.9208	568.05	587.537
14.9327	567.663	587.148
14.9446	567.275	586.76
14.9566	566.888	586.371
14.9685	566.501	585.982
14.9805	566.113	585.594
14.9924	565.726	585.205
15.0043	565.339	584.816
15.0163	564.951	584.428
15.0282	564.564	584.039
15.0401	564.177	583.651
15.0521	563.79	583.262
15.064	563.402	582.874
15.076	563.015	582.485
15.0879	562.628	582.097
15.0998	562.241	581.709
15.1118	561.854	581.32
15.1237	561.467	580.932
15.1356	561.08	580.544
15.1476	560.693	580.155
15.1595	560.306	579.767
15.1714	559.919	579.379
15.1834	559.532	578.99
15.1953	559.145	578.602
15.2073	558.758	578.214
15.2192	558.372	577.826
15.2311	557.985	577.438
15.2431	557.598	577.05
15.255	557.212	576.662
15.2669	556.825	576.274
15.2789	556.438	575.886
15.2908	556.052	575.498
15.3027	555.665	575.11
15.3147	555.279	574.722
15.3266	554.892	574.334
15.3386	554.506	573.946
15.3505	554.119	573.558
15.3624	553.733	573.17
15.3744	553.346	572.782
15.3863	552.96	572.395
15.3982	552.574	572.007
15.4102	552.188	571.619
15.4221	551.801	571.231
15.4341	551.415	570.844
15.446	551.029	570.456
15.4579	550.643	570.068
15.4699	550.257	569.681
15.4818	549.871	569.293
15.4937	549.485	568.906
15.5057	549.099	568.518
15.5176	548.713	568.131
15.5295	548.327	567.743
15.5415	547.941	567.356
15.5534	547.556	566.968
15.5654	547.17	566.581
15.5773	546.784	566.194
15.5892	546.398	565.806
15.6012	546.013	565.419
15.6131	545.627	565.032
15.625	545.242	564.644
15.637	544.856	564.257
15.6489	544.471	563.87
15.6608	544.085	563.483
15.6728	543.7	563.096
15.6847	543.314	562.709
15.6967	542.929	562.322
15.7086	542.544	561.935
15.7205	542.159	561.548
15.7325	541.773	561.161
15.7444	541.388	560.774
15.7563	541.003	560.387
15.7683	540.618	560
15.7802	540.233	559.613
15.7921	539.848	559.226
15.8041	539.463	558.839
15.816	539.078	558.453
15.828	538.694	558.066
15.8399	538.309	557.679
15.8518	537.924	557.293
15.8638	537.54	556.906
15.8757	537.155	556.519
15.8876	536.77	556.133
15.8996	536.386	555.746
15.9115	536.001	555.36
15.9235	535.617	554.973
15.9354	535.233	554.587
15.9473	534.848	554.2
15.9593	534.464	553.814
15.9712	534.08	553.428
15.9831	533.696	553.041
15.9951	533.311	552.655
16.007	532.927	552.269
16.0189	532.543	551.883
16.0309	532.159	551.497
16.0428	531.775	551.111
16.0548	531.392	550.724
16.0667	531.008	550.338
16.0786	530.624	549.952
16.0906	530.24	549.566
16.1025	529.857	549.18
16.1144	529.473	548.795
16.1264	529.09	548.409
16.1383	528.706	548.023
16.1502	528.323	547.637
16.1622	527.939	547.251
16.1741	527.556	546.866
16.1861	527.173	546.48
16.198	526.79	546.094
16.2099	526.407	545.709
16.2219	526.024	545.323
16.2338	525.641	544.938
16.2457	525.258	544.552
16.2577	524.875	544.167
16.2696	524.492	543.781
16.2816	524.109	543.396
16.2935	523.727	543.011
16.3054	523.344	542.626
16.3174	522.962	542.24
16.3293	522.579	541.855
16.3412	522.197	541.47
16.3532	521.814	541.085
16.3651	521.432	540.7
16.377	521.05	540.315
16.389	520.668	539.93
16.4009	520.286	539.545
16.4129	519.904	539.16
16.4248	519.522	538.775
16.4367	519.14	538.391
16.4487	518.758	538.006
16.4606	518.376	537.621
16.4725	517.995	537.237
16.4845	517.613	536.852
16.4964	517.232	536.468
16.5083	516.85	536.083
16.5203	516.469	535.699
16.5322	516.088	535.314
16.5442	515.706	534.93
16.5561	515.325	534.546
16.568	514.944	534.161
16.58	514.563	533.777
16.5919	514.182	533.393
16.6038	513.802	533.009
16.6158	513.421	532.625
16.6277	513.04	532.241
16.6396	512.66	531.857
16.6516	512.279	531.473
16.6635	511.899	531.09
16.6755	511.518	530.706
16.6874	511.138	530.322
16.6993	510.758	529.938
16.7113	510.378	529.555
16.7232	509.998	529.171
16.7351	509.618	528.788
16.7471	509.238	528.404
16.759	508.858	528.021
16.771	508.479	527.638
16.7829	508.099	527.255
16.7948	507.72	526.871
16.8068	507.34	526.488
16.8187	506.961	526.105
16.8306	506.582	525.722
16.8426	506.203	525.339
16.8545	505.824	524.956
16.8664	505.445	524.574
16.8784	505.066	524.191
16.8903	504.687	523.808
16.9023	504.308	523.425
16.9142	503.93	523.043
16.9261	503.551	522.66
16.9381	503.173	522.278
16.95	502.795	521.896
16.9619	502.417	521.513
16.9739	502.039	521.131
16.9858	501.661	520.749
16.9977	501.283	520.367
17.0097	500.905	519.985
17.0216	500.527	519.603
17.0336	500.15	519.221
17.0455	499.772	518.839
17.0574	499.395	518.457
17.0694	499.018	518.076
17.0813	498.641	517.694
17.0932	498.263	517.313
17.1052	497.887	516.931
17.1171	497.51	516.55
17.1291	497.133	516.168
17.141	496.756	515.787
17.1529	496.38	515.406
17.1649	496.003	515.025
17.1768	495.627	514.644
17.1887	495.251	514.263
17.2007	494.875	513.882
17.2126	494.499	513.501
17.2245	494.123	513.121
17.2365	493.748	512.74
17.2484	493.372	512.359
17.2604	492.996	511.979
17.2723	492.621	511.599
17.2842	492.246	511.218
17.2962	491.871	510.838
17.3081	491.496	510.458
17.32	491.121	510.078
17.332	490.746	509.698
17.3439	490.371	509.318
17.3558	489.997	508.938
17.3678	489.623	508.559
17.3797	489.248	508.179
17.3917	488.874	507.799
17.4036	488.5	507.42
17.4155	488.126	507.041
17.4275	487.752	506.661
17.4394	487.379	506.282
17.4513	487.005	505.903
17.4633	486.632	505.524
17.4752	486.259	505.145
17.4871	485.886	504.766
17.4991	485.513	504.388
17.511	485.14	504.009
17.523	484.767	503.63
17.5349	484.394	503.252
17.5468	484.022	502.874
17.5588	483.65	502.495
17.5707	483.278	502.117
17.5826	482.906	501.739
17.5946	482.534	501.361
17.6065	482.162	500.984
17.6185	481.79	500.606
17.6304	481.419	500.228
17.6423	481.048	499.851
17.6543	480.676	499.473
17.6662	480.305	499.096
17.6781	479.935	498.719
17.6901	479.564	498.341
17.702	479.193	497.964
17.7139	478.823	497.588
17.7259	478.452	497.211
17.7378	478.082	496.834
17.7498	477.712	496.457
17.7617	477.343	496.081
17.7736	476.973	495.705
17.7856	476.603	495.328
17.7975	476.234	494.952
17.8094	475.865	494.576
17.8214	475.496	494.2
17.8333	475.127	493.825
17.8452	474.758	493.449
17.8572	474.389	493.073
17.8691	474.021	492.698
17.8811	473.653	492.322
17.893	473.285	491.947
17.9049	472.917	491.572
17.9169	472.549	491.197
17.9288	472.181	490.822
17.9407	471.814	490.448
17.9527	471.447	490.073
17.9646	471.079	489.698
17.9766	470.712	489.324
17.9885	470.346	488.95
18.0004	469.979	488.576
18.0124	469.612	488.202
18.0243	469.246	487.828
18.0362	468.88	487.454
18.0482	468.513	487.08
18.0601	468.147	486.707
18.072	467.782	486.334
18.084	467.416	485.96
18.0959	467.05	485.587
18.1079	466.685	485.214
18.1198	466.319	484.841
18.1317	465.954	484.469
18.1437	465.588	484.096
18.1556	465.223	483.724
18.1675	464.858	483.351
18.1795	464.492	482.979
18.1914	464.127	482.607
18.2033	463.762	482.235
18.2153	463.396	481.863
18.2272	463.031	481.492
18.2392	462.665	481.12
18.2511	462.3	480.748
18.263	461.934	480.377
18.275	461.567	480.006
18.2869	461.201	479.635
18.2988	460.834	479.264
18.3108	460.467	478.893
18.3227	460.1	478.522
18.3346	459.732	478.151
18.3466	459.363	477.781
18.3585	458.994	477.41
18.3705	458.625	477.04
18.3824	458.255	476.669
18.3943	457.884	476.299
18.4063	457.513	475.929
18.4182	457.141	475.558
18.4301	456.768	475.188
18.4421	456.394	474.818
18.454	456.019	474.448
18.466	455.643	474.078
18.4779	455.267	473.708
18.4898	454.889	473.338
18.5018	454.511	472.968
18.5137	454.131	472.598
18.5256	453.75	472.227
18.5376	453.369	471.857
18.5495	452.986	471.487
18.5614	452.602	471.117
18.5734	452.217	470.746
18.5853	451.831	470.376
18.5973	451.443	470.005
18.6092	451.055	469.635
18.6211	450.666	469.264
18.6331	450.275	468.893
18.645	449.884	468.522
18.6569	449.491	468.151
18.6689	449.098	467.78
18.6808	448.703	467.408
18.6927	448.307	467.036
18.7047	447.911	466.665
18.7166	447.514	466.293
18.7286	447.116	465.92
18.7405	446.717	465.548
18.7524	446.317	465.175
18.7644	445.916	464.802
18.7763	445.515	464.429
18.7882	445.113	464.056
18.8002	444.711	463.682
18.8121	444.308	463.308
18.8241	443.904	462.934
18.836	443.499	462.559
18.8479	443.094	462.185
18.8599	442.689	461.81
18.8718	442.283	461.434
18.8837	441.876	461.059
18.8957	441.469	460.683
18.9076	441.061	460.307
18.9195	440.653	459.93
18.9315	440.244	459.553
18.9434	439.835	459.176
18.9554	439.425	458.799
18.9673	439.015	458.421
18.9792	438.604	458.043
18.9912	438.192	457.664
19.0031	437.78	457.285
19.015	437.368	456.906
19.027	436.954	456.526
19.0389	436.541	456.147
19.0508	436.126	455.766
19.0628	435.711	455.385
19.0747	435.295	455.004
19.0867	434.879	454.623
19.0986	434.462	454.241
19.1105	434.044	453.859
19.1225	433.625	453.476
19.1344	433.206	453.093
19.1463	432.786	452.709
19.1583	432.365	452.325
19.1702	431.944	451.941
19.1821	431.521	451.556
19.1941	431.098	451.17
19.206	430.674	450.785
19.218	430.249	450.398
19.2299	429.823	450.012
19.2418	429.397	449.624
19.2538	428.97	449.237
19.2657	428.541	448.848
19.2776	428.112	448.46
19.2896	427.682	448.07
19.3015	427.251	447.68
19.3135	426.819	447.29
19.3254	426.387	446.899
19.3373	425.953	446.508
19.3493	425.518	446.116
19.3612	425.083	445.723
19.3731	424.647	445.33
19.3851	424.209	444.937
19.397	423.771	444.542
19.4089	423.332	444.147
19.4209	422.892	443.752
19.4328	422.451	443.356
19.4448	422.009	442.959
19.4567	421.566	442.562
19.4686	421.122	442.164
19.4806	420.677	441.765
19.4925	420.231	441.366
19.5044	419.785	440.966
19.5164	419.337	440.566
19.5283	418.889	440.165
19.5402	418.439	439.763
19.5522	417.989	439.36
19.5641	417.537	438.957
19.5761	417.085	438.553
19.588	416.631	438.148
19.5999	416.177	437.743
19.6119	415.722	437.337
19.6238	415.266	436.93
19.6357	414.809	436.522
19.6477	414.351	436.114
19.6596	413.892	435.705
19.6716	413.432	435.295
19.6835	412.971	434.885
19.6954	412.509	434.474
19.7074	412.047	434.062
19.7193	411.583	433.649
19.7312	411.119	433.235
19.7432	410.653	432.821
19.7551	410.187	432.406
19.767	409.72	431.99
19.779	409.251	431.573
19.7909	408.782	431.155
19.8029	408.312	430.737
19.8148	407.842	430.318
19.8267	407.37	429.898
19.8387	406.897	429.477
19.8506	406.424	429.055
19.8625	405.949	428.632
19.8745	405.474	428.209
19.8864	404.998	427.785
19.8983	404.521	427.36
19.9103	404.043	426.934
19.9222	403.565	426.507
19.9342	403.085	426.079
19.9461	402.605	425.651
19.958	402.124	425.221
19.97	401.642	424.791
19.9819	401.159	424.36
19.9938	400.675	423.928
20.0058	400.191	423.495
20.0177	399.706	423.061
20.0296	399.22	422.626
20.0416	398.734	422.19
20.0535	398.246	421.754
20.0655	397.758	421.316
20.0774	397.269	420.878
20.0893	396.78	420.439
20.1013	396.289	419.998
20.1132	395.798	419.557
20.1251	395.307	419.115
20.1371	394.814	418.672
20.149	394.321	418.228
20.161	393.827	417.784
20.1729	393.333	417.338
20.1848	392.838	416.891
20.1968	392.342	416.444
20.2087	391.846	415.995
20.2206	391.349	415.546
20.2326	390.852	415.096
20.2445	390.354	414.645
20.2564	389.855	414.192
20.2684	389.356	413.739
20.2803	388.856	413.285
20.2923	388.356	412.831
20.3042	387.856	412.375
20.3161	387.354	411.918
20.3281	386.853	411.46
20.34	386.351	411.002
20.3519	385.848	410.542
20.3639	385.345	410.082
20.3758	384.841	409.621
20.3877	384.338	409.158
20.3997	383.833	408.695
20.4116	383.329	408.231
20.4236	382.824	407.766
20.4355	382.318	407.301
20.4474	381.813	406.834
20.4594	381.307	406.366
20.4713	380.801	405.898
20.4832	380.294	405.428
20.4952	379.787	404.958
20.5071	379.28	404.487
20.5191	378.773	404.015
20.531	378.266	403.542
20.5429	377.758	403.069
20.5549	377.25	402.594
20.5668	376.742	402.119
20.5787	376.234	401.643
20.5907	375.726	401.165
20.6026	375.217	400.688
20.6145	374.709	400.209
20.6265	374.201	399.729
20.6384	373.692	399.249
20.6504	373.184	398.768
20.6623	372.675	398.286
20.6742	372.166	397.803
20.6862	371.658	397.32
20.6981	371.15	396.836
20.71	370.641	396.351
20.722	370.133	395.865
20.7339	369.625	395.378
20.7458	369.117	394.891
20.7578	368.609	394.403
20.7697	368.101	393.914
20.7817	367.594	393.425
20.7936	367.087	392.935
20.8055	366.58	392.444
20.8175	366.073	391.953
20.8294	365.567	391.461
20.8413	365.06	390.968
20.8533	364.555	390.474
20.8652	364.049	389.98
20.8771	363.544	389.486
20.8891	363.039	388.99
20.901	362.535	388.495
20.913	362.031	387.998
20.9249	361.528	387.501
20.9368	361.025	387.003
20.9488	360.523	386.505
20.9607	360.021	386.007
20.9726	359.52	385.507
20.9846	359.019	385.008
20.9965	358.519	384.507
21.0085	358.019	384.007
21.0204	357.52	383.506
21.0323	357.022	383.004
21.0443	356.525	382.502
21.0562	356.028	381.999
21.0681	355.532	381.497
21.0801	355.036	380.993
21.092	354.542	380.49
21.1039	354.048	379.986
21.1159	353.555	379.481
21.1278	353.063	378.977
21.1398	352.572	378.472
21.1517	352.082	377.966
21.1636	351.592	377.461
21.1756	351.104	376.955
21.1875	350.616	376.449
21.1994	350.13	375.943
21.2114	349.644	375.436
21.2233	349.16	374.929
21.2352	348.676	374.423
21.2472	348.194	373.915
21.2591	347.713	373.408
21.2711	347.233	372.901
21.283	346.754	372.394
21.2949	346.276	371.886
21.3069	345.8	371.379
21.3188	345.324	370.871
21.3307	344.85	370.363
21.3427	344.377	369.856
21.3546	343.906	369.348
21.3666	343.435	368.841
21.3785	342.967	368.333
21.3904	342.499	367.826
21.4024	342.033	367.318
21.4143	341.568	366.811
21.4262	341.105	366.304
21.4382	340.643	365.797
21.4501	340.182	365.29
21.462	339.723	364.784
21.474	339.266	364.277
21.4859	338.81	363.771
21.4979	338.356	363.265
21.5098	337.903	362.76
21.5217	337.452	362.254
21.5337	337.002	361.749
21.5456	336.554	361.245
21.5575	336.108	360.741
21.5695	335.664	360.237
21.5814	335.221	359.733
21.5933	334.78	359.23
21.6053	334.34	358.728
21.6172	333.903	358.226
21.6292	333.467	357.724
21.6411	333.033	357.223
21.653	332.601	356.723
21.665	332.17	356.223
21.6769	331.742	355.723
21.6888	331.315	355.225
21.7008	330.89	354.727
21.7127	330.468	354.229
21.7246	330.047	353.733
21.7366	329.628	353.237
21.7485	329.211	352.742
21.7605	328.796	352.247
21.7724	328.384	351.753
21.7843	327.973	351.26
21.7963	327.564	350.768
21.8082	327.157	350.277
21.8201	326.753	349.787
21.8321	326.35	349.298
21.844	325.95	348.809
21.856	325.552	348.321
21.8679	325.156	347.835
21.8798	324.762	347.349
21.8918	324.37	346.865
21.9037	323.981	346.381
21.9156	323.594	345.899
21.9276	323.209	345.418
21.9395	322.826	344.937
21.9514	322.446	344.458
21.9634	322.067	343.98
21.9753	321.691	343.504
21.9873	321.318	343.028
21.9992	320.947	342.554
22.0111	320.578	342.081
22.0231	320.211	341.609
22.035	319.847	341.139
22.0469	319.485	340.67
22.0589	319.126	340.202
22.0708	318.769	339.735
22.0827	318.414	339.27
22.0947	318.062	338.807
22.1066	317.713	338.345
22.1186	317.365	337.884
22.1305	317.021	337.425
22.1424	316.678	336.967
22.1544	316.339	336.511
22.1663	316.001	336.057
22.1782	315.666	335.604
22.1902	315.334	335.153
22.2021	315.004	334.703
22.2141	314.677	334.255
22.226	314.353	333.809
22.2379	314.03	333.364
22.2499	313.711	332.921
22.2618	313.394	332.48
22.2737	313.079	332.04
22.2857	312.768	331.603
22.2976	312.458	331.167
22.3095	312.152	330.733
22.3215	311.848	330.301
22.3334	311.546	329.871
22.3454	311.247	329.442
22.3573	310.951	329.016
22.3692	310.658	328.591
22.3812	310.367	328.169
22.3931	310.078	327.748
22.405	309.793	327.329
22.417	309.509	326.913
22.4289	309.229	326.498
22.4408	308.951	326.086
22.4528	308.676	325.675
22.4647	308.404	325.267
22.4767	308.134	324.861
22.4886	307.867	324.457
22.5005	307.602	324.055
22.5125	307.34	323.655
22.5244	307.081	323.258
22.5363	306.825	322.862
22.5483	306.571	322.469
22.5602	306.32	322.078
22.5721	306.071	321.69
22.5841	305.825	321.303
22.596	305.582	320.919
22.608	305.341	320.538
22.6199	305.103	320.158
22.6318	304.868	319.781
22.6438	304.636	319.406
22.6557	304.406	319.034
22.6676	304.178	318.664
22.6796	303.954	318.296
22.6915	303.732	317.931
22.7035	303.512	317.569
22.7154	303.295	317.208
22.7273	303.081	316.851
22.7393	302.87	316.495
22.7512	302.661	316.143
22.7631	302.454	315.792
22.7751	302.251	315.444
22.787	302.049	315.099
22.7989	301.851	314.756
22.8109	301.655	314.416
22.8228	301.462	314.079
22.8348	301.271	313.744
22.8467	301.083	313.411
22.8586	300.897	313.081
22.8706	300.714	312.754
22.8825	300.533	312.43
22.8944	300.355	312.108
22.9064	300.179	311.788
22.9183	300.006	311.472
22.9302	299.836	311.157
22.9422	299.668	310.846
22.9541	299.502	310.537
22.9661	299.339	310.231
22.978	299.178	309.928
22.9899	299.02	309.627
23.0019	298.864	309.33
23.0138	298.711	309.034
23.0257	298.56	308.742
23.0377	298.411	308.452
23.0496	298.265	308.165
23.0616	298.121	307.881
23.0735	297.98	307.599
23.0854	297.841	307.32
23.0974	297.704	307.044
23.1093	297.57	306.771
23.1212	297.438	306.5
23.1332	297.308	306.233
23.1451	297.18	305.968
23.157	297.055	305.705
23.169	296.932	305.446
23.1809	296.811	305.189
23.1929	296.693	304.935
23.2048	296.576	304.684
23.2167	296.462	304.436
23.2287	296.35	304.19
23.2406	296.24	303.947
23.2525	296.132	303.707
23.2645	296.027	303.47
23.2764	295.923	303.235
23.2883	295.822	303.003
23.3003	295.723	302.774
23.3122	295.625	302.548
23.3242	295.53	302.325
23.3361	295.437	302.104
23.348	295.346	301.886
23.36	295.256	301.671
23.3719	295.169	301.459
23.3838	295.084	301.249
23.3958	295	301.042
23.4077	294.919	300.838
23.4196	294.839	300.636
23.4316	294.762	300.438
23.4435	294.686	300.242
23.4555	294.612	300.048
23.4674	294.54	299.858
23.4793	294.469	299.67
23.4913	294.401	299.485
23.5032	294.334	299.303
23.5151	294.269	299.123
23.5271	294.205	298.946
23.539	294.144	298.772
23.551	294.084	298.6
23.5629	294.025	298.431
23.5748	293.969	298.265
23.5868	293.913	298.101
23.5987	293.86	297.94
23.6106	293.808	297.782
23.6226	293.758	297.627
23.6345	293.709	297.474
23.6464	293.661	297.323
23.6584	293.616	297.176
23.6703	293.571	297.031
23.6823	293.528	296.889
23.6942	293.487	296.749
23.7061	293.447	296.612
23.7181	293.408	296.478
23.73	293.371	296.347
23.7419	293.335	296.219
23.7539	293.3	296.094
23.7658	293.266	295.972
23.7777	293.234	295.855
23.7897	293.203	295.742
23.8016	293.173	295.636
23.8136	293.144	295.537
23.8255	293.117	295.447
23.8374	293.09	295.37
23.8494	293.064	295.309
23.8613	293.038	295.268
23.8732	293	295.254
