0	784.444	784.459
0.0119366	784.424	784.44
0.0238732	784.366	784.381
0.0358099	784.272	784.285
0.0477465	784.143	784.155
0.0596831	783.982	783.993
0.0716197	783.794	783.804
0.0835563	783.583	783.591
0.095493	783.351	783.358
0.10743	783.103	783.109
0.119366	782.842	782.847
0.131303	782.571	782.575
0.143239	782.293	782.295
0.155176	782.008	782.01
0.167113	781.719	781.721
0.179049	781.427	781.429
0.190986	781.133	781.134
0.202923	780.837	780.838
0.214859	780.54	780.541
0.226796	780.242	780.243
0.238732	779.943	779.944
0.250669	779.643	779.644
0.262606	779.343	779.344
0.274542	779.043	779.043
0.286479	778.741	778.742
0.298416	778.44	778.441
0.310352	778.138	778.138
0.322289	777.835	777.836
0.334225	777.532	777.533
0.346162	777.228	777.229
0.358099	776.925	776.925
0.370035	776.62	776.621
0.381972	776.315	776.316
0.393908	776.01	776.011
0.405845	775.704	775.705
0.417782	775.398	775.399
0.429718	775.091	775.092
0.441655	774.784	774.785
0.453592	774.477	774.478
0.465528	774.169	774.17
0.477465	773.861	773.861
0.489401	773.552	773.553
0.501338	773.243	773.243
0.513275	772.933	772.934
0.525211	772.623	772.624
0.537148	772.312	772.313
0.549085	772.001	772.002
0.561021	771.69	771.691
0.572958	771.378	771.379
0.584894	771.066	771.066
0.596831	770.753	770.754
0.608768	770.44	770.441
0.620704	770.126	770.127
0.632641	769.812	769.813
0.644578	769.498	769.499
0.656514	769.183	769.184
0.668451	768.868	768.869
0.680387	768.552	768.553
0.692324	768.236	768.237
0.704261	767.92	767.921
0.716197	767.603	767.604
0.728134	767.286	767.286
0.74007	766.968	766.969
0.752007	766.65	766.651
0.763944	766.331	766.332
0.77588	766.012	766.013
0.787817	765.693	765.694
0.799754	765.373	765.374
0.81169	765.053	765.054
0.823627	764.733	764.733
0.835563	764.412	764.412
0.8475	764.09	764.091
0.859437	763.768	763.769
0.871373	763.446	763.447
0.88331	763.124	763.125
0.895247	762.801	762.802
0.907183	762.477	762.478
0.91912	762.154	762.155
0.931056	761.83	761.83
0.942993	761.505	761.506
0.95493	761.18	761.181
0.966866	760.855	760.856
0.978803	760.529	760.53
0.99074	760.203	760.204
1.00268	759.877	759.877
1.01461	759.55	759.551
1.02655	759.223	759.223
1.03849	758.895	758.896
1.05042	758.567	758.568
1.06236	758.239	758.239
1.0743	757.91	757.911
1.08623	757.581	757.582
1.09817	757.251	757.252
1.11011	756.921	756.922
1.12204	756.591	756.592
1.13398	756.261	756.261
1.14592	755.93	755.931
1.15785	755.598	755.599
1.16979	755.267	755.267
1.18173	754.935	754.935
1.19366	754.602	754.603
1.2056	754.269	754.27
1.21754	753.936	753.937
1.22947	753.603	753.604
1.24141	753.269	753.27
1.25335	752.935	752.935
1.26528	752.6	752.601
1.27722	752.265	752.266
1.28916	751.93	751.931
1.30109	751.594	751.595
1.31303	751.258	751.259
1.32496	750.922	750.923
1.3369	750.585	750.586
1.34884	750.248	750.249
1.36077	749.911	749.911
1.37271	749.573	749.574
1.38465	749.235	749.236
1.39658	748.896	748.897
1.40852	748.558	748.558
1.42046	748.219	748.219
1.43239	747.879	747.88
1.44433	747.539	747.54
1.45627	747.199	747.2
1.4682	746.859	746.86
1.48014	746.518	746.519
1.49208	746.177	746.178
1.50401	745.835	745.836
1.51595	745.494	745.494
1.52789	745.152	745.152
1.53982	744.809	744.81
1.55176	744.466	744.467
1.5637	744.123	744.124
1.57563	743.78	743.781
1.58757	743.436	743.437
1.59951	743.092	743.093
1.61144	742.748	742.749
1.62338	742.403	742.404
1.63532	742.058	742.059
1.64725	741.713	741.714
1.65919	741.367	741.368
1.67113	741.021	741.022
1.68306	740.675	740.676
1.695	740.329	740.329
1.70694	739.982	739.982
1.71887	739.635	739.635
1.73081	739.287	739.288
1.74275	738.939	738.94
1.75468	738.591	738.592
1.76662	738.243	738.244
1.77856	737.894	737.895
1.79049	737.545	737.546
1.80243	737.196	737.197
1.81437	736.846	736.847
1.8263	736.496	736.497
1.83824	736.146	736.147
1.85018	735.796	735.797
1.86211	735.445	735.446
1.87405	735.094	735.095
1.88599	734.743	734.744
1.89792	734.391	734.392
1.90986	734.039	734.04
1.9218	733.687	733.688
1.93373	733.335	733.336
1.94567	732.982	732.983
1.95761	732.629	732.63
1.96954	732.276	732.276
1.98148	731.922	731.923
1.99342	731.568	731.569
2.00535	731.214	731.215
2.01729	730.86	730.861
2.02923	730.505	730.506
2.04116	730.15	730.151
2.0531	729.795	729.796
2.06504	729.439	729.44
2.07697	729.084	729.084
2.08891	728.728	728.728
2.10085	728.371	728.372
2.11278	728.015	728.016
2.12472	727.658	727.659
2.13666	727.301	727.302
2.14859	726.944	726.944
2.16053	726.586	726.587
2.17246	726.228	726.229
2.1844	725.87	725.871
2.19634	725.512	725.513
2.20827	725.153	725.154
2.22021	724.794	724.795
2.23215	724.435	724.436
2.24408	724.076	724.077
2.25602	723.716	723.717
2.26796	723.356	723.357
2.27989	722.996	722.997
2.29183	722.636	722.637
2.30377	722.275	722.276
2.3157	721.914	721.915
2.32764	721.553	721.554
2.33958	721.192	721.193
2.35151	720.831	720.831
2.36345	720.469	720.47
2.37539	720.107	720.108
2.38732	719.745	719.745
2.39926	719.382	719.383
2.4112	719.019	719.02
2.42313	718.656	718.657
2.43507	718.293	718.294
2.44701	717.93	717.931
2.45894	717.566	717.567
2.47088	717.202	717.203
2.48282	716.838	716.839
2.49475	716.474	716.475
2.50669	716.109	716.11
2.51863	715.745	715.746
2.53056	715.38	715.381
2.5425	715.015	715.015
2.55444	714.649	714.65
2.56637	714.284	714.284
2.57831	713.918	713.919
2.59025	713.552	713.553
2.60218	713.185	713.186
2.61412	712.819	712.82
2.62606	712.452	712.453
2.63799	712.085	712.086
2.64993	711.718	711.719
2.66187	711.351	711.352
2.6738	710.984	710.984
2.68574	710.616	710.617
2.69768	710.248	710.249
2.70961	709.88	709.881
2.72155	709.512	709.512
2.73349	709.143	709.144
2.74542	708.774	708.775
2.75736	708.406	708.406
2.7693	708.036	708.037
2.78123	707.667	707.668
2.79317	707.298	707.299
2.80511	706.928	706.929
2.81704	706.558	706.559
2.82898	706.188	706.189
2.84092	705.818	705.819
2.85285	705.448	705.448
2.86479	705.077	705.078
2.87673	704.706	704.707
2.88866	704.335	704.336
2.9006	703.964	703.965
2.91254	703.593	703.594
2.92447	703.221	703.222
2.93641	702.85	702.85
2.94835	702.478	702.479
2.96028	702.106	702.106
2.97222	701.733	701.734
2.98416	701.361	701.362
2.99609	700.989	700.989
3.00803	700.616	700.617
3.01997	700.243	700.244
3.0319	699.87	699.871
3.04384	699.497	699.497
3.05577	699.123	699.124
3.06771	698.75	698.75
3.07965	698.376	698.377
3.09158	698.002	698.003
3.10352	697.628	697.629
3.11546	697.254	697.255
3.12739	696.879	696.88
3.13933	696.505	696.506
3.15127	696.13	696.131
3.1632	695.755	695.756
3.17514	695.38	695.381
3.18708	695.005	695.006
3.19901	694.63	694.631
3.21095	694.254	694.255
3.22289	693.879	693.88
3.23482	693.503	693.504
3.24676	693.127	693.128
3.2587	692.751	692.752
3.27063	692.375	692.376
3.28257	691.998	691.999
3.29451	691.622	691.623
3.30644	691.245	691.246
3.31838	690.868	690.869
3.33032	690.492	690.492
3.34225	690.114	690.115
3.35419	689.737	689.738
3.36613	689.36	689.361
3.37806	688.982	688.983
3.39	688.605	688.606
3.40194	688.227	688.228
3.41387	687.849	687.85
3.42581	687.471	687.472
3.43775	687.093	687.094
3.44968	686.715	686.716
3.46162	686.336	686.337
3.47356	685.958	685.959
3.48549	685.579	685.58
3.49743	685.2	685.201
3.50937	684.821	684.822
3.5213	684.442	684.443
3.53324	684.063	684.064
3.54518	683.684	683.685
3.55711	683.304	683.305
3.56905	682.925	682.926
3.58099	682.545	682.546
3.59292	682.166	682.166
3.60486	681.786	681.786
3.6168	681.406	681.406
3.62873	681.025	681.026
3.64067	680.645	680.646
3.65261	680.265	680.266
3.66454	679.884	679.885
3.67648	679.504	679.505
3.68842	679.123	679.124
3.70035	678.742	678.743
3.71229	678.361	678.362
3.72423	677.98	677.981
3.73616	677.599	677.6
3.7481	677.218	677.219
3.76004	676.837	676.838
3.77197	676.455	676.456
3.78391	676.074	676.075
3.79585	675.692	675.693
3.80778	675.31	675.311
3.81972	674.929	674.929
3.83166	674.547	674.547
3.84359	674.165	674.165
3.85553	673.782	673.783
3.86747	673.4	673.401
3.8794	673.018	673.019
3.89134	672.635	672.636
3.90327	672.253	672.254
3.91521	671.87	671.871
3.92715	671.488	671.488
3.93908	671.105	671.106
3.95102	670.722	670.723
3.96296	670.339	670.34
3.97489	669.956	669.957
3.98683	669.573	669.573
3.99877	669.189	669.19
4.0107	668.806	668.807
4.02264	668.423	668.423
4.03458	668.039	668.04
4.04651	667.655	667.656
4.05845	667.272	667.273
4.07039	666.888	666.889
4.08232	666.504	666.505
4.09426	666.12	666.121
4.1062	665.736	665.737
4.11813	665.352	665.353
4.13007	664.968	664.969
4.14201	664.584	664.585
4.15394	664.2	664.2
4.16588	663.815	663.816
4.17782	663.431	663.432
4.18975	663.046	663.047
4.20169	662.662	662.662
4.21363	662.277	662.278
4.22556	661.892	661.893
4.2375	661.507	661.508
4.24944	661.122	661.123
4.26137	660.737	660.738
4.27331	660.352	660.353
4.28525	659.967	659.968
4.29718	659.582	659.583
4.30912	659.197	659.198
4.32106	658.812	658.812
4.33299	658.426	658.427
4.34493	658.041	658.042
4.35687	657.655	657.656
4.3688	657.27	657.271
4.38074	656.884	656.885
4.39268	656.499	656.499
4.40461	656.113	656.114
4.41655	655.727	655.728
4.42849	655.341	655.342
4.44042	654.955	654.956
4.45236	654.569	654.57
4.4643	654.183	654.184
4.47623	653.797	653.798
4.48817	653.411	653.412
4.50011	653.025	653.026
4.51204	652.639	652.639
4.52398	652.252	652.253
4.53592	651.866	651.867
4.54785	651.48	651.48
4.55979	651.093	651.094
4.57173	650.707	650.708
4.58366	650.32	650.321
4.5956	649.934	649.934
4.60754	649.547	649.548
4.61947	649.16	649.161
4.63141	648.773	648.774
4.64335	648.387	648.387
4.65528	648	648.001
4.66722	647.613	647.614
4.67916	647.226	647.227
4.69109	646.839	646.84
4.70303	646.452	646.453
4.71497	646.065	646.066
4.7269	645.678	645.679
4.73884	645.291	645.292
4.75078	644.904	644.904
4.76271	644.516	644.517
4.77465	644.129	644.13
4.78658	643.742	643.743
4.79852	643.355	643.355
4.81046	642.967	642.968
4.82239	642.58	642.581
4.83433	642.192	642.193
4.84627	641.805	641.806
4.8582	641.417	641.418
4.87014	641.03	641.031
4.88208	640.642	640.643
4.89401	640.255	640.255
4.90595	639.867	639.868
4.91789	639.479	639.48
4.92982	639.092	639.092
4.94176	638.704	638.705
4.9537	638.316	638.317
4.96563	637.928	637.929
4.97757	637.54	637.541
4.98951	637.152	637.153
5.00144	636.765	636.765
5.01338	636.377	636.377
5.02532	635.989	635.99
5.03725	635.601	635.602
5.04919	635.213	635.214
5.06113	634.825	634.826
5.07306	634.437	634.437
5.085	634.049	634.049
5.09694	633.66	633.661
5.10887	633.272	633.273
5.12081	632.884	632.885
5.13275	632.496	632.497
5.14468	632.108	632.109
5.15662	631.72	631.72
5.16856	631.331	631.332
5.18049	630.943	630.944
5.19243	630.555	630.556
5.20437	630.166	630.167
5.2163	629.778	629.779
5.22824	629.39	629.391
5.24018	629.001	629.002
5.25211	628.613	628.614
5.26405	628.225	628.225
5.27599	627.836	627.837
5.28792	627.448	627.449
5.29986	627.059	627.06
5.3118	626.671	626.672
5.32373	626.282	626.283
5.33567	625.894	625.895
5.34761	625.505	625.506
5.35954	625.117	625.118
5.37148	624.728	624.729
5.38342	624.34	624.341
5.39535	623.951	623.952
5.40729	623.563	623.563
5.41923	623.174	623.175
5.43116	622.785	622.786
5.4431	622.397	622.398
5.45504	622.008	622.009
5.46697	621.619	621.62
5.47891	621.231	621.232
5.49085	620.842	620.843
5.50278	620.453	620.454
5.51472	620.065	620.066
5.52666	619.676	619.677
5.53859	619.287	619.288
5.55053	618.899	618.899
5.56247	618.51	618.511
5.5744	618.121	618.122
5.58634	617.732	617.733
5.59828	617.344	617.344
5.61021	616.955	616.956
5.62215	616.566	616.567
5.63408	616.177	616.178
5.64602	615.789	615.789
5.65796	615.4	615.401
5.66989	615.011	615.012
5.68183	614.622	614.623
5.69377	614.233	614.234
5.7057	613.845	613.845
5.71764	613.456	613.457
5.72958	613.067	613.068
5.74151	612.678	612.679
5.75345	612.289	612.29
5.76539	611.901	611.901
5.77732	611.512	611.513
5.78926	611.123	611.124
5.8012	610.734	610.735
5.81313	610.345	610.346
5.82507	609.956	609.957
5.83701	609.568	609.568
5.84894	609.179	609.18
5.86088	608.79	608.791
5.87282	608.401	608.402
5.88475	608.012	608.013
5.89669	607.623	607.624
5.90863	607.235	607.235
5.92056	606.846	606.846
5.9325	606.457	606.458
5.94444	606.068	606.069
5.95637	605.679	605.68
5.96831	605.29	605.291
5.98025	604.901	604.902
5.99218	604.513	604.513
6.00412	604.124	604.125
6.01606	603.735	603.736
6.02799	603.346	603.347
6.03993	602.957	602.958
6.05187	602.568	602.569
6.0638	602.18	602.18
6.07574	601.791	601.792
6.08768	601.402	601.403
6.09961	601.013	601.014
6.11155	600.624	600.625
6.12349	600.235	600.236
6.13542	599.847	599.847
6.14736	599.458	599.459
6.1593	599.069	599.07
6.17123	598.68	598.681
6.18317	598.291	598.292
6.19511	597.903	597.903
6.20704	597.514	597.515
6.21898	597.125	597.126
6.23092	596.736	596.737
6.24285	596.347	596.348
6.25479	595.959	595.959
6.26673	595.57	595.571
6.27866	595.181	595.182
6.2906	594.792	594.793
6.30254	594.404	594.404
6.31447	594.015	594.016
6.32641	593.626	593.627
6.33835	593.237	593.238
6.35028	592.849	592.849
6.36222	592.46	592.461
6.37416	592.071	592.072
6.38609	591.682	591.683
6.39803	591.294	591.295
6.40997	590.905	590.906
6.4219	590.516	590.517
6.43384	590.128	590.128
6.44578	589.739	589.74
6.45771	589.35	589.351
6.46965	588.962	588.962
6.48159	588.573	588.574
6.49352	588.184	588.185
6.50546	587.796	587.796
6.51739	587.407	587.408
6.52933	587.018	587.019
6.54127	586.63	586.63
6.5532	586.241	586.242
6.56514	585.852	585.853
6.57708	585.464	585.464
6.58901	585.075	585.076
6.60095	584.686	584.687
6.61289	584.298	584.299
6.62482	583.909	583.91
6.63676	583.521	583.521
6.6487	583.132	583.133
6.66063	582.743	582.744
6.67257	582.355	582.356
6.68451	581.966	581.967
6.69644	581.578	581.579
6.70838	581.189	581.19
6.72032	580.801	580.801
6.73225	580.412	580.413
6.74419	580.024	580.024
6.75613	579.635	579.636
6.76806	579.246	579.247
6.78	578.858	578.859
6.79194	578.469	578.47
6.80387	578.081	578.082
6.81581	577.692	577.693
6.82775	577.304	577.305
6.83968	576.915	576.916
6.85162	576.527	576.528
6.86356	576.138	576.139
6.87549	575.75	575.751
6.88743	575.361	575.362
6.89937	574.973	574.974
6.9113	574.585	574.585
6.92324	574.196	574.197
6.93518	573.808	573.808
6.94711	573.419	573.42
6.95905	573.031	573.031
6.97099	572.642	572.643
6.98292	572.254	572.255
6.99486	571.865	571.866
7.0068	571.477	571.478
7.01873	571.089	571.089
7.03067	570.7	570.701
7.04261	570.312	570.313
7.05454	569.923	569.924
7.06648	569.535	569.536
7.07842	569.147	569.147
7.09035	568.758	568.759
7.10229	568.37	568.371
7.11423	567.981	567.982
7.12616	567.593	567.594
7.1381	567.205	567.205
7.15004	566.816	566.817
7.16197	566.428	566.429
7.17391	566.039	566.04
7.18585	565.651	565.652
7.19778	565.263	565.264
7.20972	564.874	564.875
7.22166	564.486	564.487
7.23359	564.098	564.098
7.24553	563.709	563.71
7.25747	563.321	563.322
7.2694	562.933	562.933
7.28134	562.544	562.545
7.29328	562.156	562.157
7.30521	561.768	561.768
7.31715	561.379	561.38
7.32909	560.991	560.992
7.34102	560.603	560.603
7.35296	560.214	560.215
7.36489	559.826	559.827
7.37683	559.438	559.438
7.38877	559.049	559.05
7.4007	558.661	558.662
7.41264	558.273	558.273
7.42458	557.884	557.885
7.43651	557.496	557.497
7.44845	557.108	557.108
7.46039	556.719	556.72
7.47232	556.331	556.332
7.48426	555.943	555.943
7.4962	555.554	555.555
7.50813	555.166	555.167
7.52007	554.778	554.778
7.53201	554.389	554.39
7.54394	554.001	554.002
7.55588	553.613	553.613
7.56782	553.224	553.225
7.57975	552.836	552.837
7.59169	552.447	552.448
7.60363	552.059	552.06
7.61556	551.671	551.672
7.6275	551.282	551.283
7.63944	550.894	550.895
7.65137	550.506	550.506
7.66331	550.117	550.118
7.67525	549.729	549.73
7.68718	549.341	549.341
7.69912	548.952	548.953
7.71106	548.564	548.565
7.72299	548.175	548.176
7.73493	547.787	547.788
7.74687	547.399	547.399
7.7588	547.01	547.011
7.77074	546.622	546.623
7.78268	546.233	546.234
7.79461	545.845	545.846
7.80655	545.456	545.457
7.81849	545.068	545.069
7.83042	544.68	544.68
7.84236	544.291	544.292
7.8543	543.903	543.903
7.86623	543.514	543.515
7.87817	543.126	543.127
7.89011	542.737	542.738
7.90204	542.349	542.35
7.91398	541.96	541.961
7.92592	541.572	541.573
7.93785	541.183	541.184
7.94979	540.795	540.796
7.96173	540.406	540.407
7.97366	540.018	540.018
7.9856	539.629	539.63
7.99754	539.241	539.241
8.00947	538.852	538.853
8.02141	538.463	538.464
8.03335	538.075	538.076
8.04528	537.686	537.687
8.05722	537.298	537.298
8.06916	536.909	536.91
8.08109	536.52	536.521
8.09303	536.132	536.132
8.10497	535.743	535.744
8.1169	535.354	535.355
8.12884	534.966	534.966
8.14078	534.577	534.578
8.15271	534.188	534.189
8.16465	533.8	533.8
8.17659	533.411	533.412
8.18852	533.022	533.023
8.20046	532.633	532.634
8.2124	532.245	532.245
8.22433	531.856	531.857
8.23627	531.467	531.468
8.2482	531.078	531.079
8.26014	530.689	530.69
8.27208	530.301	530.301
8.28401	529.912	529.912
8.29595	529.523	529.524
8.30789	529.134	529.135
8.31982	528.745	528.746
8.33176	528.356	528.357
8.3437	527.967	527.968
8.35563	527.578	527.579
8.36757	527.189	527.19
8.37951	526.8	526.801
8.39144	526.411	526.412
8.40338	526.022	526.023
8.41532	525.633	525.634
8.42725	525.244	525.245
8.43919	524.855	524.856
8.45113	524.466	524.467
8.46306	524.077	524.078
8.475	523.688	523.689
8.48694	523.299	523.3
8.49887	522.91	522.91
8.51081	522.52	522.521
8.52275	522.131	522.132
8.53468	521.742	521.743
8.54662	521.353	521.354
8.55856	520.964	520.964
8.57049	520.574	520.575
8.58243	520.185	520.186
8.59437	519.796	519.797
8.6063	519.406	519.407
8.61824	519.017	519.018
8.63018	518.628	518.628
8.64211	518.238	518.239
8.65405	517.849	517.85
8.66599	517.459	517.46
8.67792	517.07	517.071
8.68986	516.681	516.681
8.7018	516.291	516.292
8.71373	515.902	515.902
8.72567	515.512	515.513
8.73761	515.123	515.123
8.74954	514.733	514.734
8.76148	514.343	514.344
8.77342	513.954	513.955
8.78535	513.564	513.565
8.79729	513.174	513.175
8.80923	512.785	512.786
8.82116	512.395	512.396
8.8331	512.005	512.006
8.84504	511.616	511.616
8.85697	511.226	511.227
8.86891	510.836	510.837
8.88085	510.446	510.447
8.89278	510.056	510.057
8.90472	509.667	509.667
8.91666	509.277	509.278
8.92859	508.887	508.888
8.94053	508.497	508.498
8.95247	508.107	508.108
8.9644	507.717	507.718
8.97634	507.327	507.328
8.98828	506.937	506.938
9.00021	506.547	506.548
9.01215	506.157	506.158
9.02409	505.767	505.768
9.03602	505.377	505.378
9.04796	504.987	504.987
9.0599	504.596	504.597
9.07183	504.206	504.207
9.08377	503.816	503.817
9.0957	503.426	503.427
9.10764	503.036	503.036
9.11958	502.645	502.646
9.13151	502.255	502.256
9.14345	501.865	501.866
9.15539	501.474	501.475
9.16732	501.084	501.085
9.17926	500.694	500.695
9.1912	500.303	500.304
9.20313	499.913	499.914
9.21507	499.522	499.523
9.22701	499.132	499.133
9.23894	498.742	498.742
9.25088	498.351	498.352
9.26282	497.96	497.961
9.27475	497.57	497.571
9.28669	497.179	497.18
9.29863	496.789	496.79
9.31056	496.398	496.399
9.3225	496.007	496.008
9.33444	495.617	495.618
9.34637	495.226	495.227
9.35831	494.835	494.836
9.37025	494.445	494.445
9.38218	494.054	494.055
9.39412	493.663	493.664
9.40606	493.272	493.273
9.41799	492.882	492.882
9.42993	492.491	492.492
9.44187	492.1	492.101
9.4538	491.709	491.71
9.46574	491.318	491.319
9.47768	490.927	490.928
9.48961	490.536	490.537
9.50155	490.145	490.146
9.51349	489.754	489.755
9.52542	489.363	489.364
9.53736	488.972	488.973
9.5493	488.581	488.582
9.56123	488.19	488.191
9.57317	487.799	487.8
9.58511	487.408	487.409
9.59704	487.017	487.018
9.60898	486.626	486.627
9.62092	486.235	486.236
9.63285	485.844	485.844
9.64479	485.452	485.453
9.65673	485.061	485.062
9.66866	484.67	484.671
9.6806	484.279	484.28
9.69254	483.888	483.888
9.70447	483.496	483.497
9.71641	483.105	483.106
9.72835	482.714	482.715
9.74028	482.323	482.323
9.75222	481.931	481.932
9.76416	481.54	481.541
9.77609	481.149	481.15
9.78803	480.757	480.758
9.79997	480.366	480.367
9.8119	479.975	479.975
9.82384	479.583	479.584
9.83578	479.192	479.193
9.84771	478.801	478.801
9.85965	478.409	478.41
9.87159	478.018	478.019
9.88352	477.626	477.627
9.89546	477.235	477.236
9.9074	476.844	476.844
9.91933	476.452	476.453
9.93127	476.061	476.061
9.94321	475.669	475.67
9.95514	475.278	475.279
9.96708	474.886	474.887
9.97901	474.495	474.496
9.99095	474.103	474.104
10.0029	473.712	473.713
10.0148	473.321	473.321
10.0268	472.929	472.93
10.0387	472.538	472.538
10.0506	472.146	472.147
10.0626	471.755	471.755
10.0745	471.363	471.364
10.0864	470.972	470.973
10.0984	470.58	470.581
10.1103	470.189	470.19
10.1223	469.797	469.798
10.1342	469.406	469.407
10.1461	469.014	469.015
10.1581	468.623	468.624
10.17	468.232	468.232
10.1819	467.84	467.841
10.1939	467.449	467.45
10.2058	467.057	467.058
10.2177	466.666	466.667
10.2297	466.275	466.275
10.2416	465.883	465.884
10.2536	465.492	465.493
10.2655	465.101	465.101
10.2774	464.709	464.71
10.2894	464.318	464.319
10.3013	463.927	463.927
10.3132	463.535	463.536
10.3252	463.144	463.145
10.3371	462.753	462.754
10.3491	462.361	462.362
10.361	461.97	461.971
10.3729	461.579	461.58
10.3849	461.188	461.189
10.3968	460.797	460.798
10.4087	460.406	460.406
10.4207	460.015	460.015
10.4326	459.623	459.624
10.4445	459.232	459.233
10.4565	458.841	458.842
10.4684	458.45	458.451
10.4804	458.059	458.06
10.4923	457.668	457.669
10.5042	457.278	457.278
10.5162	456.887	456.887
10.5281	456.496	456.497
10.54	456.105	456.106
10.552	455.714	455.715
10.5639	455.324	455.324
10.5758	454.933	454.934
10.5878	454.542	454.543
10.5997	454.152	454.152
10.6117	453.761	453.762
10.6236	453.37	453.371
10.6355	452.98	452.981
10.6475	452.59	452.59
10.6594	452.199	452.2
10.6713	451.809	451.81
10.6833	451.418	451.419
10.6952	451.028	451.029
10.7071	450.638	450.639
10.7191	450.248	450.249
10.731	449.858	449.859
10.743	449.468	449.468
10.7549	449.078	449.078
10.7668	448.688	448.689
10.7788	448.298	448.299
10.7907	447.908	447.909
10.8026	447.518	447.519
10.8146	447.129	447.129
10.8265	446.739	446.74
10.8385	446.349	446.35
10.8504	445.96	445.961
10.8623	445.571	445.571
10.8743	445.181	445.182
10.8862	444.792	444.793
10.8981	444.403	444.404
10.9101	444.014	444.014
10.922	443.625	443.625
10.9339	443.236	443.236
10.9459	442.847	442.847
10.9578	442.458	442.459
10.9698	442.069	442.07
10.9817	441.68	441.681
10.9936	441.292	441.293
11.0056	440.903	440.904
11.0175	440.515	440.516
11.0294	440.127	440.127
11.0414	439.738	439.739
11.0533	439.35	439.351
11.0652	438.962	438.963
11.0772	438.574	438.575
11.0891	438.186	438.187
11.1011	437.799	437.799
11.113	437.411	437.412
11.1249	437.024	437.024
11.1369	436.636	436.637
11.1488	436.249	436.25
11.1607	435.862	435.862
11.1727	435.474	435.475
11.1846	435.087	435.088
11.1966	434.701	434.701
11.2085	434.314	434.315
11.2204	433.927	433.928
11.2324	433.541	433.541
11.2443	433.154	433.155
11.2562	432.768	432.769
11.2682	432.382	432.382
11.2801	431.996	431.996
11.292	431.61	431.61
11.304	431.224	431.225
11.3159	430.838	430.839
11.3279	430.453	430.453
11.3398	430.067	430.068
11.3517	429.682	429.683
11.3637	429.297	429.298
11.3756	428.912	428.913
11.3875	428.527	428.528
11.3995	428.142	428.143
11.4114	427.758	427.759
11.4233	427.373	427.374
11.4353	426.989	426.99
11.4472	426.605	426.606
11.4592	426.221	426.222
11.4711	425.837	425.838
11.483	425.454	425.454
11.495	425.07	425.071
11.5069	424.687	424.688
11.5188	424.304	424.305
11.5308	423.921	423.922
11.5427	423.538	423.539
11.5546	423.155	423.156
11.5666	422.773	422.774
11.5785	422.391	422.391
11.5905	422.009	422.009
11.6024	421.627	421.627
11.6143	421.245	421.246
11.6263	420.863	420.864
11.6382	420.482	420.483
11.6501	420.101	420.101
11.6621	419.72	419.72
11.674	419.339	419.34
11.686	418.958	418.959
11.6979	418.578	418.579
11.7098	418.198	418.198
11.7218	417.818	417.818
11.7337	417.438	417.439
11.7456	417.058	417.059
11.7576	416.679	416.68
11.7695	416.3	416.3
11.7814	415.921	415.921
11.7934	415.542	415.543
11.8053	415.163	415.164
11.8173	414.785	414.786
11.8292	414.407	414.408
11.8411	414.029	414.03
11.8531	413.651	413.652
11.865	413.274	413.275
11.8769	412.897	412.898
11.8889	412.52	412.521
11.9008	412.143	412.144
11.9127	411.767	411.767
11.9247	411.39	411.391
11.9366	411.014	411.015
11.9486	410.639	410.639
11.9605	410.263	410.264
11.9724	409.888	409.889
11.9844	409.513	409.514
11.9963	409.138	409.139
12.0082	408.764	408.764
12.0202	408.39	408.39
12.0321	408.016	408.016
12.0441	407.642	407.643
12.056	407.269	407.269
12.0679	406.895	406.896
12.0799	406.523	406.523
12.0918	406.15	406.151
12.1037	405.778	405.778
12.1157	405.406	405.406
12.1276	405.034	405.035
12.1395	404.662	404.663
12.1515	404.291	404.292
12.1634	403.92	403.921
12.1754	403.55	403.55
12.1873	403.18	403.18
12.1992	402.81	402.81
12.2112	402.44	402.441
12.2231	402.07	402.071
12.235	401.701	401.702
12.247	401.333	401.333
12.2589	400.964	400.965
12.2708	400.596	400.597
12.2828	400.228	400.229
12.2947	399.861	399.861
12.3067	399.494	399.494
12.3186	399.127	399.127
12.3305	398.76	398.761
12.3425	398.394	398.395
12.3544	398.028	398.029
12.3663	397.663	397.663
12.3783	397.298	397.298
12.3902	396.933	396.933
12.4021	396.568	396.569
12.4141	396.204	396.205
12.426	395.84	395.841
12.438	395.477	395.478
12.4499	395.114	395.115
12.4618	394.751	394.752
12.4738	394.389	394.389
12.4857	394.027	394.028
12.4976	393.665	393.666
12.5096	393.304	393.305
12.5215	392.943	392.944
12.5335	392.583	392.583
12.5454	392.223	392.223
12.5573	391.863	391.863
12.5693	391.504	391.504
12.5812	391.145	391.145
12.5931	390.786	390.787
12.6051	390.428	390.428
12.617	390.07	390.071
12.6289	389.713	389.713
12.6409	389.356	389.356
12.6528	388.999	389
12.6648	388.643	388.644
12.6767	388.287	388.288
12.6886	387.932	387.932
12.7006	387.577	387.577
12.7125	387.222	387.223
12.7244	386.868	386.869
12.7364	386.515	386.515
12.7483	386.161	386.162
12.7602	385.809	385.809
12.7722	385.456	385.457
12.7841	385.104	385.105
12.7961	384.753	384.753
12.808	384.402	384.402
12.8199	384.051	384.052
12.8319	383.701	383.701
12.8438	383.351	383.352
12.8557	383.002	383.002
12.8677	382.653	382.654
12.8796	382.305	382.305
12.8916	381.957	381.957
12.9035	381.609	381.61
12.9154	381.262	381.263
12.9274	380.916	380.916
12.9393	380.57	380.57
12.9512	380.224	380.225
12.9632	379.879	379.88
12.9751	379.535	379.535
12.987	379.191	379.191
12.999	378.847	378.847
13.0109	378.504	378.504
13.0229	378.161	378.162
13.0348	377.819	377.819
13.0467	377.477	377.478
13.0587	377.136	377.137
13.0706	376.796	376.796
13.0825	376.455	376.456
13.0945	376.116	376.116
13.1064	375.777	375.777
13.1183	375.438	375.439
13.1303	375.1	375.1
13.1422	374.762	374.763
13.1542	374.425	374.426
13.1661	374.089	374.089
13.178	373.753	373.753
13.19	373.417	373.418
13.2019	373.082	373.083
13.2138	372.748	372.749
13.2258	372.414	372.415
13.2377	372.081	372.081
13.2496	371.748	371.749
13.2616	371.416	371.416
13.2735	371.084	371.085
13.2855	370.753	370.754
13.2974	370.423	370.423
13.3093	370.093	370.093
13.3213	369.763	369.764
13.3332	369.434	369.435
13.3451	369.106	369.107
13.3571	368.778	368.779
13.369	368.451	368.452
13.381	368.125	368.125
13.3929	367.799	367.799
13.4048	367.473	367.474
13.4168	367.148	367.149
13.4287	366.824	366.825
13.4406	366.5	366.501
13.4526	366.177	366.178
13.4645	365.855	365.855
13.4764	365.533	365.533
13.4884	365.212	365.212
13.5003	364.891	364.891
13.5123	364.571	364.571
13.5242	364.252	364.252
13.5361	363.933	363.933
13.5481	363.614	363.615
13.56	363.297	363.297
13.5719	362.98	362.98
13.5839	362.663	362.664
13.5958	362.348	362.348
13.6077	362.033	362.033
13.6197	361.718	361.718
13.6316	361.404	361.405
13.6436	361.091	361.091
13.6555	360.778	360.779
13.6674	360.466	360.467
13.6794	360.155	360.155
13.6913	359.844	359.845
13.7032	359.534	359.535
13.7152	359.225	359.225
13.7271	358.916	358.917
13.7391	358.608	358.608
13.751	358.301	358.301
13.7629	357.994	357.994
13.7749	357.688	357.688
13.7868	357.382	357.383
13.7987	357.078	357.078
13.8107	356.773	356.774
13.8226	356.47	356.47
13.8345	356.167	356.168
13.8465	355.865	355.865
13.8584	355.564	355.564
13.8704	355.263	355.263
13.8823	354.963	354.963
13.8942	354.664	354.664
13.9062	354.365	354.365
13.9181	354.067	354.067
13.93	353.77	353.77
13.942	353.473	353.473
13.9539	353.177	353.177
13.9658	352.882	352.882
13.9778	352.587	352.588
13.9897	352.293	352.294
14.0017	352	352.001
14.0136	351.708	351.708
14.0255	351.416	351.417
14.0375	351.125	351.126
14.0494	350.835	350.835
14.0613	350.545	350.546
14.0733	350.257	350.257
14.0852	349.968	349.969
14.0971	349.681	349.681
14.1091	349.394	349.395
14.121	349.108	349.109
14.133	348.823	348.824
14.1449	348.539	348.539
14.1568	348.255	348.255
14.1688	347.972	347.972
14.1807	347.69	347.69
14.1926	347.408	347.408
14.2046	347.127	347.128
14.2165	346.847	346.848
14.2285	346.568	346.568
14.2404	346.289	346.29
14.2523	346.011	346.012
14.2643	345.734	345.735
14.2762	345.458	345.458
14.2881	345.182	345.183
14.3001	344.908	344.908
14.312	344.634	344.634
14.3239	344.36	344.361
14.3359	344.088	344.088
14.3478	343.816	343.816
14.3598	343.545	343.545
14.3717	343.275	343.275
14.3836	343.005	343.005
14.3956	342.736	342.737
14.4075	342.468	342.469
14.4194	342.201	342.201
14.4314	341.935	341.935
14.4433	341.669	341.669
14.4552	341.404	341.405
14.4672	341.14	341.14
14.4791	340.877	340.877
14.4911	340.614	340.615
14.503	340.353	340.353
14.5149	340.092	340.092
14.5269	339.831	339.832
14.5388	339.572	339.572
14.5507	339.314	339.314
14.5627	339.056	339.056
14.5746	338.799	338.799
14.5866	338.542	338.543
14.5985	338.287	338.287
14.6104	338.032	338.033
14.6224	337.779	337.779
14.6343	337.525	337.526
14.6462	337.273	337.273
14.6582	337.022	337.022
14.6701	336.771	336.771
14.682	336.521	336.522
14.694	336.272	336.272
14.7059	336.024	336.024
14.7179	335.777	335.777
14.7298	335.53	335.53
14.7417	335.284	335.284
14.7537	335.039	335.039
14.7656	334.795	334.795
14.7775	334.552	334.552
14.7895	334.309	334.309
14.8014	334.067	334.067
14.8133	333.826	333.827
14.8253	333.586	333.586
14.8372	333.347	333.347
14.8492	333.108	333.109
14.8611	332.871	332.871
14.873	332.634	332.634
14.885	332.398	332.398
14.8969	332.163	332.163
14.9088	331.928	331.928
14.9208	331.695	331.695
14.9327	331.462	331.462
14.9446	331.23	331.23
14.9566	330.999	330.999
14.9685	330.769	330.769
14.9805	330.539	330.539
14.9924	330.311	330.311
15.0043	330.083	330.083
15.0163	329.856	329.856
15.0282	329.63	329.63
15.0401	329.405	329.405
15.0521	329.18	329.18
15.064	328.956	328.957
15.076	328.734	328.734
15.0879	328.512	328.512
15.0998	328.291	328.291
15.1118	328.07	328.07
15.1237	327.851	327.851
15.1356	327.632	327.632
15.1476	327.414	327.414
15.1595	327.197	327.197
15.1714	326.981	326.981
15.1834	326.766	326.766
15.1953	326.551	326.552
15.2073	326.338	326.338
15.2192	326.125	326.125
15.2311	325.913	325.913
15.2431	325.702	325.702
15.255	325.492	325.492
15.2669	325.282	325.282
15.2789	325.074	325.074
15.2908	324.866	324.866
15.3027	324.659	324.659
15.3147	324.453	324.453
15.3266	324.248	324.248
15.3386	324.043	324.043
15.3505	323.84	323.84
15.3624	323.637	323.637
15.3744	323.435	323.435
15.3863	323.234	323.234
15.3982	323.034	323.034
15.4102	322.834	322.834
15.4221	322.636	322.636
15.4341	322.438	322.438
15.446	322.241	322.241
15.4579	322.045	322.045
15.4699	321.85	321.85
15.4818	321.655	321.656
15.4937	321.462	321.462
15.5057	321.269	321.269
15.5176	321.077	321.077
15.5295	320.886	320.886
15.5415	320.696	320.696
15.5534	320.507	320.507
15.5654	320.318	320.318
15.5773	320.131	320.131
15.5892	319.944	319.944
15.6012	319.758	319.758
15.6131	319.573	319.573
15.625	319.388	319.388
15.637	319.205	319.205
15.6489	319.022	319.022
15.6608	318.84	318.84
15.6728	318.659	318.659
15.6847	318.479	318.479
15.6967	318.299	318.3
15.7086	318.121	318.121
15.7205	317.943	317.943
15.7325	317.766	317.766
15.7444	317.59	317.59
15.7563	317.415	317.415
15.7683	317.241	317.241
15.7802	317.067	317.067
15.7921	316.894	316.894
15.8041	316.722	316.722
15.816	316.551	316.551
15.828	316.381	316.381
15.8399	316.211	316.211
15.8518	316.043	316.043
15.8638	315.875	315.875
15.8757	315.708	315.708
15.8876	315.542	315.542
15.8996	315.376	315.376
15.9115	315.212	315.212
15.9235	315.048	315.048
15.9354	314.885	314.885
15.9473	314.723	314.723
15.9593	314.562	314.562
15.9712	314.401	314.401
15.9831	314.241	314.241
15.9951	314.083	314.083
16.007	313.925	313.925
16.0189	313.767	313.767
16.0309	313.611	313.611
16.0428	313.455	313.455
16.0548	313.3	313.3
16.0667	313.146	313.146
16.0786	312.993	312.993
16.0906	312.84	312.84
16.1025	312.689	312.689
16.1144	312.538	312.538
16.1264	312.388	312.388
16.1383	312.239	312.239
16.1502	312.09	312.09
16.1622	311.942	311.942
16.1741	311.795	311.795
16.1861	311.649	311.649
16.198	311.504	311.504
16.2099	311.359	311.359
16.2219	311.216	311.216
16.2338	311.073	311.073
16.2457	310.93	310.93
16.2577	310.789	310.789
16.2696	310.648	310.648
16.2816	310.509	310.509
16.2935	310.369	310.369
16.3054	310.231	310.231
16.3174	310.094	310.094
16.3293	309.957	309.957
16.3412	309.821	309.821
16.3532	309.686	309.686
16.3651	309.551	309.551
16.377	309.417	309.417
16.389	309.284	309.284
16.4009	309.152	309.152
16.4129	309.021	309.021
16.4248	308.89	308.89
16.4367	308.76	308.76
16.4487	308.631	308.631
16.4606	308.503	308.503
16.4725	308.375	308.375
16.4845	308.248	308.248
16.4964	308.122	308.122
16.5083	307.996	307.996
16.5203	307.872	307.872
16.5322	307.748	307.748
16.5442	307.625	307.625
16.5561	307.502	307.502
16.568	307.38	307.38
16.58	307.259	307.259
16.5919	307.139	307.139
16.6038	307.02	307.02
16.6158	306.901	306.901
16.6277	306.783	306.783
16.6396	306.665	306.665
16.6516	306.549	306.549
16.6635	306.433	306.433
16.6755	306.318	306.318
16.6874	306.203	306.203
16.6993	306.089	306.089
16.7113	305.976	305.976
16.7232	305.864	305.864
16.7351	305.752	305.752
16.7471	305.641	305.641
16.759	305.531	305.531
16.771	305.422	305.422
16.7829	305.313	305.313
16.7948	305.205	305.205
16.8068	305.097	305.097
16.8187	304.99	304.99
16.8306	304.884	304.884
16.8426	304.779	304.779
16.8545	304.674	304.674
16.8664	304.57	304.57
16.8784	304.467	304.467
16.8903	304.364	304.364
16.9023	304.262	304.262
16.9142	304.161	304.161
16.9261	304.06	304.06
16.9381	303.96	303.96
16.95	303.861	303.861
16.9619	303.763	303.762
16.9739	303.665	303.664
16.9858	303.567	303.567
16.9977	303.471	303.471
17.0097	303.375	303.375
17.0216	303.279	303.279
17.0336	303.185	303.185
17.0455	303.091	303.091
17.0574	302.997	302.997
17.0694	302.904	302.904
17.0813	302.812	302.812
17.0932	302.721	302.721
17.1052	302.63	302.63
17.1171	302.54	302.54
17.1291	302.45	302.45
17.141	302.361	302.361
17.1529	302.273	302.273
17.1649	302.186	302.185
17.1768	302.098	302.098
17.1887	302.012	302.012
17.2007	301.926	301.926
17.2126	301.841	301.841
17.2245	301.756	301.756
17.2365	301.672	301.672
17.2484	301.589	301.589
17.2604	301.506	301.506
17.2723	301.424	301.424
17.2842	301.343	301.343
17.2962	301.262	301.262
17.3081	301.181	301.181
17.32	301.102	301.102
17.332	301.022	301.022
17.3439	300.944	300.944
17.3558	300.866	300.866
17.3678	300.788	300.788
17.3797	300.712	300.712
17.3917	300.635	300.635
17.4036	300.56	300.56
17.4155	300.485	300.484
17.4275	300.41	300.41
17.4394	300.336	300.336
17.4513	300.263	300.263
17.4633	300.19	300.19
17.4752	300.117	300.117
17.4871	300.046	300.046
17.4991	299.975	299.974
17.511	299.904	299.904
17.523	299.834	299.834
17.5349	299.764	299.764
17.5468	299.695	299.695
17.5588	299.627	299.627
17.5707	299.559	299.559
17.5826	299.492	299.492
17.5946	299.425	299.425
17.6065	299.358	299.358
17.6185	299.293	299.293
17.6304	299.227	299.227
17.6423	299.163	299.163
17.6543	299.099	299.098
17.6662	299.035	299.035
17.6781	298.972	298.972
17.6901	298.909	298.909
17.702	298.847	298.847
17.7139	298.785	298.785
17.7259	298.724	298.724
17.7378	298.663	298.663
17.7498	298.603	298.603
17.7617	298.544	298.544
17.7736	298.485	298.484
17.7856	298.426	298.426
17.7975	298.368	298.368
17.8094	298.31	298.31
17.8214	298.253	298.253
17.8333	298.196	298.196
17.8452	298.14	298.14
17.8572	298.084	298.084
17.8691	298.029	298.029
17.8811	297.974	297.974
17.893	297.92	297.92
17.9049	297.866	297.866
17.9169	297.813	297.812
17.9288	297.76	297.76
17.9407	297.707	297.707
17.9527	297.655	297.655
17.9646	297.603	297.603
17.9766	297.552	297.552
17.9885	297.502	297.502
18.0004	297.451	297.451
18.0124	297.402	297.402
18.0243	297.352	297.352
18.0362	297.303	297.303
18.0482	297.255	297.255
18.0601	297.207	297.207
18.072	297.159	297.159
18.084	297.112	297.112
18.0959	297.065	297.065
18.1079	297.019	297.019
18.1198	296.973	296.973
18.1317	296.927	296.927
18.1437	296.882	296.882
18.1556	296.838	296.838
18.1675	296.793	296.793
18.1795	296.75	296.749
18.1914	296.706	296.706
18.2033	296.663	296.663
18.2153	296.62	296.62
18.2272	296.578	296.578
18.2392	296.536	296.536
18.2511	296.495	296.495
18.263	296.454	296.454
18.275	296.413	296.413
18.2869	296.373	296.372
18.2988	296.333	296.333
18.3108	296.293	296.293
18.3227	296.254	296.254
18.3346	296.215	296.215
18.3466	296.177	296.177
18.3585	296.139	296.138
18.3705	296.101	296.101
18.3824	296.063	296.063
18.3943	296.026	296.026
18.4063	295.99	295.99
18.4182	295.954	295.954
18.4301	295.918	295.918
18.4421	295.882	295.882
18.454	295.847	295.847
18.466	295.812	295.812
18.4779	295.777	295.777
18.4898	295.743	295.743
18.5018	295.709	295.709
18.5137	295.676	295.676
18.5256	295.643	295.643
18.5376	295.61	295.61
18.5495	295.577	295.577
18.5614	295.545	295.545
18.5734	295.513	295.513
18.5853	295.482	295.482
18.5973	295.451	295.451
18.6092	295.42	295.42
18.6211	295.389	295.389
18.6331	295.359	295.359
18.645	295.329	295.329
18.6569	295.299	295.299
18.6689	295.27	295.27
18.6808	295.241	295.241
18.6927	295.212	295.212
18.7047	295.184	295.184
18.7166	295.156	295.156
18.7286	295.128	295.128
18.7405	295.1	295.1
18.7524	295.073	295.073
18.7644	295.046	295.046
18.7763	295.019	295.019
18.7882	294.993	294.993
18.8002	294.967	294.967
18.8121	294.941	294.941
18.8241	294.915	294.915
18.836	294.89	294.89
18.8479	294.865	294.865
18.8599	294.84	294.84
18.8718	294.816	294.816
18.8837	294.792	294.792
18.8957	294.768	294.768
18.9076	294.744	294.744
18.9195	294.721	294.721
18.9315	294.698	294.698
18.9434	294.675	294.675
18.9554	294.652	294.652
18.9673	294.63	294.63
18.9792	294.607	294.607
18.9912	294.586	294.586
19.0031	294.564	294.564
19.015	294.543	294.542
19.027	294.521	294.521
19.0389	294.5	294.5
19.0508	294.48	294.48
19.0628	294.459	294.459
19.0747	294.439	294.439
19.0867	294.419	294.419
19.0986	294.399	294.399
19.1105	294.38	294.38
19.1225	294.36	294.36
19.1344	294.341	294.341
19.1463	294.322	294.322
19.1583	294.304	294.304
19.1702	294.285	294.285
19.1821	294.267	294.267
19.1941	294.249	294.249
19.206	294.231	294.231
19.218	294.214	294.214
19.2299	294.196	294.196
19.2418	294.179	294.179
19.2538	294.162	294.162
19.2657	294.146	294.146
19.2776	294.129	294.129
19.2896	294.113	294.113
19.3015	294.097	294.096
19.3135	294.081	294.08
19.3254	294.065	294.065
19.3373	294.049	294.049
19.3493	294.034	294.034
19.3612	294.019	294.019
19.3731	294.004	294.004
19.3851	293.989	293.989
19.397	293.974	293.974
19.4089	293.96	293.96
19.4209	293.945	293.945
19.4328	293.931	293.931
19.4448	293.917	293.917
19.4567	293.904	293.903
19.4686	293.89	293.89
19.4806	293.876	293.876
19.4925	293.863	293.863
19.5044	293.85	293.85
19.5164	293.837	293.837
19.5283	293.824	293.824
19.5402	293.812	293.812
19.5522	293.799	293.799
19.5641	293.787	293.787
19.5761	293.775	293.775
19.588	293.763	293.763
19.5999	293.751	293.751
19.6119	293.74	293.74
19.6238	293.728	293.728
19.6357	293.717	293.717
19.6477	293.706	293.706
19.6596	293.695	293.695
19.6716	293.684	293.684
19.6835	293.673	293.673
19.6954	293.662	293.662
19.7074	293.652	293.652
19.7193	293.641	293.641
19.7312	293.631	293.631
19.7432	293.621	293.621
19.7551	293.611	293.611
19.767	293.601	293.601
19.779	293.592	293.592
19.7909	293.582	293.582
19.8029	293.573	293.573
19.8148	293.564	293.564
19.8267	293.554	293.554
19.8387	293.545	293.545
19.8506	293.536	293.536
19.8625	293.528	293.528
19.8745	293.519	293.519
19.8864	293.51	293.51
19.8983	293.502	293.502
19.9103	293.494	293.494
19.9222	293.486	293.486
19.9342	293.478	293.477
19.9461	293.47	293.47
19.958	293.462	293.462
19.97	293.454	293.454
19.9819	293.446	293.446
19.9938	293.439	293.439
20.0058	293.431	293.431
20.0177	293.424	293.424
20.0296	293.417	293.417
20.0416	293.41	293.41
20.0535	293.403	293.403
20.0655	293.396	293.396
20.0774	293.389	293.389
20.0893	293.382	293.382
20.1013	293.376	293.376
20.1132	293.369	293.369
20.1251	293.363	293.363
20.1371	293.357	293.357
20.149	293.35	293.35
20.161	293.344	293.344
20.1729	293.338	293.338
20.1848	293.332	293.332
20.1968	293.326	293.326
20.2087	293.321	293.321
20.2206	293.315	293.315
20.2326	293.309	293.309
20.2445	293.304	293.304
20.2564	293.298	293.298
20.2684	293.293	293.293
20.2803	293.288	293.288
20.2923	293.283	293.283
20.3042	293.278	293.278
20.3161	293.273	293.273
20.3281	293.268	293.268
20.34	293.263	293.263
20.3519	293.258	293.258
20.3639	293.253	293.253
20.3758	293.249	293.249
20.3877	293.244	293.244
20.3997	293.239	293.239
20.4116	293.235	293.235
20.4236	293.231	293.231
20.4355	293.226	293.226
20.4474	293.222	293.222
20.4594	293.218	293.218
20.4713	293.214	293.214
20.4832	293.21	293.21
20.4952	293.206	293.206
20.5071	293.202	293.202
20.5191	293.198	293.198
20.531	293.194	293.194
20.5429	293.191	293.191
20.5549	293.187	293.187
20.5668	293.183	293.183
20.5787	293.18	293.18
20.5907	293.176	293.176
20.6026	293.173	293.173
20.6145	293.17	293.17
20.6265	293.166	293.166
20.6384	293.163	293.163
20.6504	293.16	293.16
20.6623	293.157	293.157
20.6742	293.154	293.154
20.6862	293.151	293.151
20.6981	293.148	293.148
20.71	293.145	293.145
20.722	293.142	293.142
20.7339	293.139	293.139
20.7458	293.136	293.136
20.7578	293.134	293.134
20.7697	293.131	293.131
20.7817	293.128	293.128
20.7936	293.126	293.126
20.8055	293.123	293.123
20.8175	293.121	293.121
20.8294	293.118	293.118
20.8413	293.116	293.116
20.8533	293.113	293.113
20.8652	293.111	293.111
20.8771	293.109	293.109
20.8891	293.106	293.106
20.901	293.104	293.104
20.913	293.102	293.102
20.9249	293.1	293.1
20.9368	293.098	293.098
20.9488	293.096	293.096
20.9607	293.094	293.094
20.9726	293.092	293.092
20.9846	293.09	293.09
20.9965	293.088	293.088
21.0085	293.086	293.086
21.0204	293.084	293.084
21.0323	293.082	293.082
21.0443	293.081	293.081
21.0562	293.079	293.079
21.0681	293.077	293.077
21.0801	293.075	293.075
21.092	293.074	293.074
21.1039	293.072	293.072
21.1159	293.071	293.071
21.1278	293.069	293.069
21.1398	293.067	293.067
21.1517	293.066	293.066
21.1636	293.065	293.065
21.1756	293.063	293.063
21.1875	293.062	293.062
21.1994	293.06	293.06
21.2114	293.059	293.059
21.2233	293.058	293.058
21.2352	293.056	293.056
21.2472	293.055	293.055
21.2591	293.054	293.054
21.2711	293.053	293.053
21.283	293.051	293.051
21.2949	293.05	293.05
21.3069	293.049	293.049
21.3188	293.048	293.048
21.3307	293.047	293.047
21.3427	293.046	293.046
21.3546	293.045	293.045
21.3666	293.044	293.044
21.3785	293.043	293.042
21.3904	293.041	293.041
21.4024	293.041	293.041
21.4143	293.04	293.04
21.4262	293.039	293.039
21.4382	293.038	293.038
21.4501	293.037	293.037
21.462	293.036	293.036
21.474	293.035	293.035
21.4859	293.034	293.034
21.4979	293.033	293.033
21.5098	293.033	293.033
21.5217	293.032	293.032
21.5337	293.031	293.031
21.5456	293.03	293.03
21.5575	293.029	293.029
21.5695	293.029	293.029
21.5814	293.028	293.028
21.5933	293.027	293.027
21.6053	293.027	293.027
21.6172	293.026	293.026
21.6292	293.025	293.025
21.6411	293.025	293.025
21.653	293.024	293.024
21.665	293.023	293.023
21.6769	293.023	293.023
21.6888	293.022	293.022
21.7008	293.022	293.022
21.7127	293.021	293.021
21.7246	293.021	293.021
21.7366	293.02	293.02
21.7485	293.019	293.019
21.7605	293.019	293.019
21.7724	293.018	293.018
21.7843	293.018	293.018
21.7963	293.017	293.017
21.8082	293.017	293.017
21.8201	293.017	293.017
21.8321	293.016	293.016
21.844	293.016	293.016
21.856	293.015	293.015
21.8679	293.015	293.015
21.8798	293.014	293.014
21.8918	293.014	293.014
21.9037	293.014	293.014
21.9156	293.013	293.013
21.9276	293.013	293.013
21.9395	293.013	293.013
21.9514	293.012	293.012
21.9634	293.012	293.012
21.9753	293.012	293.012
21.9873	293.011	293.011
21.9992	293.011	293.011
22.0111	293.011	293.011
22.0231	293.01	293.01
22.035	293.01	293.01
22.0469	293.01	293.01
22.0589	293.009	293.009
22.0708	293.009	293.009
22.0827	293.009	293.009
22.0947	293.009	293.009
22.1066	293.008	293.008
22.1186	293.008	293.008
22.1305	293.008	293.008
22.1424	293.008	293.008
22.1544	293.007	293.007
22.1663	293.007	293.007
22.1782	293.007	293.007
22.1902	293.007	293.007
22.2021	293.007	293.007
22.2141	293.006	293.006
22.226	293.006	293.006
22.2379	293.006	293.006
22.2499	293.006	293.006
22.2618	293.006	293.006
22.2737	293.005	293.005
22.2857	293.005	293.005
22.2976	293.005	293.005
22.3095	293.005	293.005
22.3215	293.005	293.005
22.3334	293.005	293.005
22.3454	293.004	293.004
22.3573	293.004	293.004
22.3692	293.004	293.004
22.3812	293.004	293.004
22.3931	293.004	293.004
22.405	293.004	293.004
22.417	293.004	293.004
22.4289	293.004	293.004
22.4408	293.003	293.003
22.4528	293.003	293.003
22.4647	293.003	293.003
22.4767	293.003	293.003
22.4886	293.003	293.003
22.5005	293.003	293.003
22.5125	293.003	293.003
22.5244	293.003	293.003
22.5363	293.003	293.003
22.5483	293.003	293.003
22.5602	293.002	293.002
22.5721	293.002	293.002
22.5841	293.002	293.002
22.596	293.002	293.002
22.608	293.002	293.002
22.6199	293.002	293.002
22.6318	293.002	293.002
22.6438	293.002	293.002
22.6557	293.002	293.002
22.6676	293.002	293.002
22.6796	293.002	293.002
22.6915	293.002	293.002
22.7035	293.002	293.002
22.7154	293.002	293.002
22.7273	293.001	293.001
22.7393	293.001	293.001
22.7512	293.001	293.001
22.7631	293.001	293.001
22.7751	293.001	293.001
22.787	293.001	293.001
22.7989	293.001	293.001
22.8109	293.001	293.001
22.8228	293.001	293.001
22.8348	293.001	293.001
22.8467	293.001	293.001
22.8586	293.001	293.001
22.8706	293.001	293.001
22.8825	293.001	293.001
22.8944	293.001	293.001
22.9064	293.001	293.001
22.9183	293.001	293.001
22.9302	293.001	293.001
22.9422	293.001	293.001
22.9541	293.001	293.001
22.9661	293.001	293.001
22.978	293.001	293.001
22.9899	293.001	293.001
23.0019	293.001	293.001
23.0138	293.001	293.001
23.0257	293.001	293.001
23.0377	293	293
23.0496	293	293
23.0616	293	293
23.0735	293	293
23.0854	293	293
23.0974	293	293
23.1093	293	293
23.1212	293	293
23.1332	293	293
23.1451	293	293
23.157	293	293
23.169	293	293
23.1809	293	293
23.1929	293	293
23.2048	293	293
23.2167	293	293
23.2287	293	293
23.2406	293	293
23.2525	293	293
23.2645	293	293
23.2764	293	293
23.2883	293	293
23.3003	293	293
23.3122	293	293
23.3242	293	293
23.3361	293	293
23.348	293	293
23.36	293	293
23.3719	293	293
23.3838	293	293
23.3958	293	293
23.4077	293	293
23.4196	293	293
23.4316	293	293
23.4435	293	293
23.4555	293	293
23.4674	293	293
23.4793	293	293
23.4913	293	293
23.5032	293	293
23.5151	293	293
23.5271	293	293
23.539	293	293
23.551	293	293
23.5629	293	293
23.5748	293	293
23.5868	293	293
23.5987	293	293
23.6106	293	293
23.6226	293	293
23.6345	293	293
23.6464	293	293
23.6584	293	293
23.6703	293	293
23.6823	293	293
23.6942	293	293
23.7061	293	293
23.7181	293	293
23.73	293	293
23.7419	293	293
23.7539	293	293
23.7658	293	293
23.7777	293	293
23.7897	293	293
23.8016	293	293
23.8136	293	293
23.8255	293	293
23.8374	293	293
23.8494	293	293
23.8613	293	293
23.8732	293	293
