0	873	873
0.0119366	873	873
0.0238732	873	873
0.0358099	873	873
0.0477465	873	873
0.0596831	873	873
0.0716197	873	873
0.0835563	873	873
0.095493	873	873
0.10743	873	873
0.119366	873	873
0.131303	873	873
0.143239	873	873
0.155176	873	873
0.167113	873	873
0.179049	873	873
0.190986	873	873
0.202923	873	873
0.214859	873	873
0.226796	873	873
0.238732	873	873
0.250669	873	873
0.262606	873	873
0.274542	873	873
0.286479	873	873
0.298416	873	873
0.310352	873	873
0.322289	873	873
0.334225	873	873
0.346162	873	873
0.358099	873	873
0.370035	873	873
0.381972	873	873
0.393908	873	873
0.405845	873	873
0.417782	873	873
0.429718	873	873
0.441655	873	873
0.453592	873	873
0.465528	873	873
0.477465	873	873
0.489401	873	873
0.501338	873	873
0.513275	873	873
0.525211	873	873
0.537148	873	873
0.549085	873	873
0.561021	873	873
0.572958	873	873
0.584894	873	873
0.596831	873	873
0.608768	873	873
0.620704	873	873
0.632641	873	873
0.644578	873	873
0.656514	873	873
0.668451	873	873
0.680387	873	873
0.692324	873	873
0.704261	873	873
0.716197	873	873
0.728134	873	873
0.74007	873	873
0.752007	873	873
0.763944	873	873
0.77588	873	873
0.787817	872.999	872.999
0.799754	872.999	872.999
0.81169	872.999	872.999
0.823627	872.999	872.999
0.835563	872.999	872.999
0.8475	872.999	872.999
0.859437	872.999	872.999
0.871373	872.999	872.999
0.88331	872.999	872.999
0.895247	872.999	872.999
0.907183	872.999	872.999
0.91912	872.999	872.999
0.931056	872.999	872.999
0.942993	872.999	872.999
0.95493	872.999	872.999
0.966866	872.999	872.999
0.978803	872.999	872.999
0.99074	872.999	872.999
1.00268	872.999	872.999
1.01461	872.999	872.999
1.02655	872.999	872.999
1.03849	872.999	872.999
1.05042	872.999	872.999
1.06236	872.999	872.999
1.0743	872.999	872.999
1.08623	872.999	872.999
1.09817	872.998	872.998
1.11011	872.998	872.998
1.12204	872.998	872.998
1.13398	872.998	872.998
1.14592	872.998	872.998
1.15785	872.998	872.998
1.16979	872.998	872.998
1.18173	872.998	872.998
1.19366	872.998	872.998
1.2056	872.998	872.998
1.21754	872.998	872.998
1.22947	872.998	872.998
1.24141	872.998	872.998
1.25335	872.998	872.998
1.26528	872.997	872.997
1.27722	872.997	872.997
1.28916	872.997	872.997
1.30109	872.997	872.997
1.31303	872.997	872.997
1.32496	872.997	872.997
1.3369	872.997	872.997
1.34884	872.997	872.997
1.36077	872.997	872.997
1.37271	872.996	872.996
1.38465	872.996	872.996
1.39658	872.996	872.996
1.40852	872.996	872.996
1.42046	872.996	872.996
1.43239	872.996	872.996
1.44433	872.996	872.996
1.45627	872.996	872.996
1.4682	872.995	872.995
1.48014	872.995	872.995
1.49208	872.995	872.995
1.50401	872.995	872.995
1.51595	872.995	872.995
1.52789	872.995	872.995
1.53982	872.994	872.994
1.55176	872.994	872.994
1.5637	872.994	872.994
1.57563	872.994	872.994
1.58757	872.994	872.994
1.59951	872.993	872.993
1.61144	872.993	872.993
1.62338	872.993	872.993
1.63532	872.993	872.993
1.64725	872.993	872.993
1.65919	872.992	872.992
1.67113	872.992	872.992
1.68306	872.992	872.992
1.695	872.992	872.992
1.70694	872.991	872.991
1.71887	872.991	872.991
1.73081	872.991	872.991
1.74275	872.991	872.991
1.75468	872.99	872.99
1.76662	872.99	872.99
1.77856	872.99	872.99
1.79049	872.989	872.989
1.80243	872.989	872.989
1.81437	872.989	872.989
1.8263	872.988	872.988
1.83824	872.988	872.988
1.85018	872.988	872.988
1.86211	872.987	872.987
1.87405	872.987	872.987
1.88599	872.987	872.987
1.89792	872.986	872.986
1.90986	872.986	872.986
1.9218	872.985	872.985
1.93373	872.985	872.985
1.94567	872.985	872.985
1.95761	872.984	872.984
1.96954	872.984	872.984
1.98148	872.983	872.983
1.99342	872.983	872.983
2.00535	872.982	872.982
2.01729	872.982	872.982
2.02923	872.981	872.981
2.04116	872.981	872.981
2.0531	872.98	872.98
2.06504	872.98	872.98
2.07697	872.979	872.979
2.08891	872.979	872.979
2.10085	872.978	872.978
2.11278	872.977	872.977
2.12472	872.977	872.977
2.13666	872.976	872.976
2.14859	872.975	872.975
2.16053	872.975	872.975
2.17246	872.974	872.974
2.1844	872.973	872.973
2.19634	872.973	872.973
2.20827	872.972	872.972
2.22021	872.971	872.971
2.23215	872.971	872.971
2.24408	872.97	872.97
2.25602	872.969	872.969
2.26796	872.968	872.968
2.27989	872.967	872.967
2.29183	872.967	872.967
2.30377	872.966	872.966
2.3157	872.965	872.965
2.32764	872.964	872.964
2.33958	872.963	872.963
2.35151	872.962	872.962
2.36345	872.961	872.961
2.37539	872.96	872.96
2.38732	872.959	872.959
2.39926	872.958	872.958
2.4112	872.957	872.957
2.42313	872.956	872.956
2.43507	872.955	872.955
2.44701	872.954	872.954
2.45894	872.953	872.953
2.47088	872.952	872.952
2.48282	872.951	872.951
2.49475	872.949	872.949
2.50669	872.948	872.948
2.51863	872.947	872.947
2.53056	872.946	872.946
2.5425	872.944	872.944
2.55444	872.943	872.943
2.56637	872.942	872.942
2.57831	872.94	872.94
2.59025	872.939	872.939
2.60218	872.937	872.937
2.61412	872.936	872.936
2.62606	872.935	872.935
2.63799	872.933	872.933
2.64993	872.931	872.931
2.66187	872.93	872.93
2.6738	872.928	872.928
2.68574	872.927	872.927
2.69768	872.925	872.925
2.70961	872.923	872.923
2.72155	872.922	872.922
2.73349	872.92	872.92
2.74542	872.918	872.918
2.75736	872.916	872.916
2.7693	872.914	872.914
2.78123	872.912	872.912
2.79317	872.91	872.91
2.80511	872.908	872.908
2.81704	872.906	872.906
2.82898	872.904	872.904
2.84092	872.902	872.902
2.85285	872.9	872.9
2.86479	872.898	872.898
2.87673	872.896	872.896
2.88866	872.893	872.893
2.9006	872.891	872.891
2.91254	872.889	872.889
2.92447	872.886	872.886
2.93641	872.884	872.884
2.94835	872.881	872.881
2.96028	872.879	872.879
2.97222	872.876	872.876
2.98416	872.874	872.874
2.99609	872.871	872.871
3.00803	872.868	872.868
3.01997	872.866	872.866
3.0319	872.863	872.863
3.04384	872.86	872.86
3.05577	872.857	872.857
3.06771	872.854	872.854
3.07965	872.851	872.851
3.09158	872.848	872.848
3.10352	872.845	872.845
3.11546	872.842	872.842
3.12739	872.838	872.838
3.13933	872.835	872.835
3.15127	872.832	872.832
3.1632	872.828	872.828
3.17514	872.825	872.825
3.18708	872.821	872.821
3.19901	872.818	872.818
3.21095	872.814	872.814
3.22289	872.811	872.811
3.23482	872.807	872.807
3.24676	872.803	872.803
3.2587	872.799	872.799
3.27063	872.795	872.795
3.28257	872.791	872.791
3.29451	872.787	872.787
3.30644	872.783	872.783
3.31838	872.779	872.779
3.33032	872.774	872.774
3.34225	872.77	872.77
3.35419	872.765	872.765
3.36613	872.761	872.761
3.37806	872.756	872.756
3.39	872.752	872.752
3.40194	872.747	872.747
3.41387	872.742	872.742
3.42581	872.737	872.737
3.43775	872.732	872.732
3.44968	872.727	872.727
3.46162	872.722	872.722
3.47356	872.717	872.717
3.48549	872.711	872.711
3.49743	872.706	872.706
3.50937	872.701	872.701
3.5213	872.695	872.695
3.53324	872.689	872.689
3.54518	872.684	872.684
3.55711	872.678	872.678
3.56905	872.672	872.672
3.58099	872.666	872.666
3.59292	872.66	872.66
3.60486	872.654	872.654
3.6168	872.647	872.647
3.62873	872.641	872.641
3.64067	872.634	872.634
3.65261	872.628	872.628
3.66454	872.621	872.621
3.67648	872.614	872.614
3.68842	872.607	872.607
3.70035	872.6	872.6
3.71229	872.593	872.593
3.72423	872.586	872.586
3.73616	872.579	872.579
3.7481	872.571	872.571
3.76004	872.564	872.564
3.77197	872.556	872.556
3.78391	872.548	872.548
3.79585	872.541	872.541
3.80778	872.533	872.533
3.81972	872.524	872.524
3.83166	872.516	872.516
3.84359	872.508	872.508
3.85553	872.499	872.499
3.86747	872.491	872.491
3.8794	872.482	872.482
3.89134	872.473	872.473
3.90327	872.464	872.464
3.91521	872.455	872.455
3.92715	872.446	872.446
3.93908	872.437	872.437
3.95102	872.427	872.427
3.96296	872.417	872.418
3.97489	872.408	872.408
3.98683	872.398	872.398
3.99877	872.388	872.388
4.0107	872.378	872.378
4.02264	872.367	872.367
4.03458	872.357	872.357
4.04651	872.346	872.346
4.05845	872.335	872.335
4.07039	872.325	872.325
4.08232	872.313	872.314
4.09426	872.302	872.302
4.1062	872.291	872.291
4.11813	872.279	872.279
4.13007	872.268	872.268
4.14201	872.256	872.256
4.15394	872.244	872.244
4.16588	872.232	872.232
4.17782	872.219	872.219
4.18975	872.207	872.207
4.20169	872.194	872.194
4.21363	872.181	872.182
4.22556	872.168	872.169
4.2375	872.155	872.155
4.24944	872.142	872.142
4.26137	872.128	872.129
4.27331	872.115	872.115
4.28525	872.101	872.101
4.29718	872.087	872.087
4.30912	872.073	872.073
4.32106	872.058	872.058
4.33299	872.044	872.044
4.34493	872.029	872.029
4.35687	872.014	872.014
4.3688	871.999	871.999
4.38074	871.983	871.983
4.39268	871.968	871.968
4.40461	871.952	871.952
4.41655	871.936	871.936
4.42849	871.92	871.92
4.44042	871.904	871.904
4.45236	871.887	871.887
4.4643	871.87	871.87
4.47623	871.853	871.853
4.48817	871.836	871.836
4.50011	871.819	871.819
4.51204	871.801	871.801
4.52398	871.783	871.783
4.53592	871.765	871.765
4.54785	871.747	871.747
4.55979	871.728	871.728
4.57173	871.71	871.71
4.58366	871.691	871.691
4.5956	871.671	871.672
4.60754	871.652	871.652
4.61947	871.632	871.632
4.63141	871.612	871.613
4.64335	871.592	871.592
4.65528	871.572	871.572
4.66722	871.551	871.551
4.67916	871.531	871.531
4.69109	871.509	871.509
4.70303	871.488	871.488
4.71497	871.466	871.467
4.7269	871.445	871.445
4.73884	871.422	871.423
4.75078	871.4	871.4
4.76271	871.377	871.378
4.77465	871.355	871.355
4.78658	871.331	871.331
4.79852	871.308	871.308
4.81046	871.284	871.284
4.82239	871.26	871.26
4.83433	871.236	871.236
4.84627	871.211	871.212
4.8582	871.187	871.187
4.87014	871.162	871.162
4.88208	871.136	871.136
4.89401	871.11	871.111
4.90595	871.085	871.085
4.91789	871.058	871.058
4.92982	871.032	871.032
4.94176	871.005	871.005
4.9537	870.978	870.978
4.96563	870.95	870.95
4.97757	870.923	870.923
4.98951	870.895	870.895
5.00144	870.866	870.866
5.01338	870.838	870.838
5.02532	870.809	870.809
5.03725	870.779	870.779
5.04919	870.75	870.75
5.06113	870.72	870.72
5.07306	870.689	870.69
5.085	870.659	870.659
5.09694	870.628	870.628
5.10887	870.597	870.597
5.12081	870.565	870.565
5.13275	870.533	870.533
5.14468	870.501	870.501
5.15662	870.468	870.468
5.16856	870.435	870.436
5.18049	870.402	870.402
5.19243	870.368	870.369
5.20437	870.334	870.335
5.2163	870.3	870.3
5.22824	870.265	870.266
5.24018	870.23	870.231
5.25211	870.195	870.195
5.26405	870.159	870.159
5.27599	870.123	870.123
5.28792	870.086	870.087
5.29986	870.05	870.05
5.3118	870.012	870.012
5.32373	869.975	869.975
5.33567	869.937	869.937
5.34761	869.898	869.898
5.35954	869.859	869.86
5.37148	869.82	869.82
5.38342	869.781	869.781
5.39535	869.741	869.741
5.40729	869.7	869.7
5.41923	869.659	869.66
5.43116	869.618	869.618
5.4431	869.577	869.577
5.45504	869.535	869.535
5.46697	869.492	869.492
5.47891	869.449	869.449
5.49085	869.406	869.406
5.50278	869.362	869.363
5.51472	869.318	869.318
5.52666	869.274	869.274
5.53859	869.229	869.229
5.55053	869.183	869.184
5.56247	869.138	869.138
5.5744	869.091	869.091
5.58634	869.045	869.045
5.59828	868.997	868.998
5.61021	868.95	868.95
5.62215	868.902	868.902
5.63408	868.853	868.853
5.64602	868.804	868.804
5.65796	868.755	868.755
5.66989	868.705	868.705
5.68183	868.655	868.655
5.69377	868.604	868.604
5.7057	868.553	868.553
5.71764	868.501	868.501
5.72958	868.449	868.449
5.74151	868.396	868.396
5.75345	868.343	868.343
5.76539	868.289	868.289
5.77732	868.235	868.235
5.78926	868.18	868.18
5.8012	868.125	868.125
5.81313	868.069	868.07
5.82507	868.013	868.014
5.83701	867.957	867.957
5.84894	867.9	867.9
5.86088	867.842	867.842
5.87282	867.784	867.784
5.88475	867.725	867.725
5.89669	867.666	867.666
5.90863	867.606	867.606
5.92056	867.546	867.546
5.9325	867.485	867.485
5.94444	867.424	867.424
5.95637	867.362	867.362
5.96831	867.3	867.3
5.98025	867.237	867.237
5.99218	867.173	867.173
6.00412	867.109	867.109
6.01606	867.045	867.045
6.02799	866.98	866.98
6.03993	866.914	866.914
6.05187	866.848	866.848
6.0638	866.781	866.781
6.07574	866.714	866.714
6.08768	866.646	866.646
6.09961	866.577	866.577
6.11155	866.508	866.508
6.12349	866.439	866.439
6.13542	866.368	866.369
6.14736	866.298	866.298
6.1593	866.226	866.227
6.17123	866.154	866.155
6.18317	866.082	866.082
6.19511	866.009	866.009
6.20704	865.935	865.935
6.21898	865.861	865.861
6.23092	865.786	865.786
6.24285	865.71	865.71
6.25479	865.634	865.634
6.26673	865.557	865.558
6.27866	865.48	865.48
6.2906	865.402	865.402
6.30254	865.323	865.324
6.31447	865.244	865.245
6.32641	865.164	865.165
6.33835	865.084	865.084
6.35028	865.003	865.003
6.36222	864.921	864.921
6.37416	864.839	864.839
6.38609	864.756	864.756
6.39803	864.672	864.672
6.40997	864.588	864.588
6.4219	864.503	864.503
6.43384	864.417	864.417
6.44578	864.331	864.331
6.45771	864.244	864.244
6.46965	864.156	864.157
6.48159	864.068	864.068
6.49352	863.979	863.98
6.50546	863.89	863.89
6.51739	863.8	863.8
6.52933	863.709	863.709
6.54127	863.617	863.617
6.5532	863.525	863.525
6.56514	863.432	863.432
6.57708	863.338	863.338
6.58901	863.244	863.244
6.60095	863.149	863.149
6.61289	863.053	863.053
6.62482	862.956	862.957
6.63676	862.859	862.86
6.6487	862.762	862.762
6.66063	862.663	862.663
6.67257	862.564	862.564
6.68451	862.464	862.464
6.69644	862.363	862.363
6.70838	862.262	862.262
6.72032	862.16	862.16
6.73225	862.057	862.057
6.74419	861.953	861.953
6.75613	861.849	861.849
6.76806	861.744	861.744
6.78	861.638	861.638
6.79194	861.531	861.532
6.80387	861.424	861.424
6.81581	861.316	861.316
6.82775	861.207	861.208
6.83968	861.098	861.098
6.85162	860.988	860.988
6.86356	860.877	860.877
6.87549	860.765	860.765
6.88743	860.652	860.653
6.89937	860.539	860.539
6.9113	860.425	860.425
6.92324	860.31	860.311
6.93518	860.195	860.195
6.94711	860.078	860.079
6.95905	859.961	859.962
6.97099	859.843	859.844
6.98292	859.725	859.725
6.99486	859.605	859.606
7.0068	859.485	859.485
7.01873	859.364	859.364
7.03067	859.242	859.242
7.04261	859.119	859.12
7.05454	858.996	858.996
7.06648	858.872	858.872
7.07842	858.747	858.747
7.09035	858.621	858.621
7.10229	858.494	858.495
7.11423	858.367	858.367
7.12616	858.239	858.239
7.1381	858.11	858.11
7.15004	857.98	857.98
7.16197	857.849	857.849
7.17391	857.718	857.718
7.18585	857.585	857.586
7.19778	857.452	857.452
7.20972	857.318	857.319
7.22166	857.183	857.184
7.23359	857.048	857.048
7.24553	856.911	856.912
7.25747	856.774	856.774
7.2694	856.636	856.636
7.28134	856.497	856.497
7.29328	856.357	856.357
7.30521	856.216	856.217
7.31715	856.075	856.075
7.32909	855.933	855.933
7.34102	855.789	855.79
7.35296	855.645	855.646
7.36489	855.5	855.501
7.37683	855.355	855.355
7.38877	855.208	855.208
7.4007	855.06	855.061
7.41264	854.912	854.912
7.42458	854.763	854.763
7.43651	854.613	854.613
7.44845	854.462	854.462
7.46039	854.31	854.31
7.47232	854.157	854.158
7.48426	854.004	854.004
7.4962	853.849	853.85
7.50813	853.694	853.694
7.52007	853.538	853.538
7.53201	853.381	853.381
7.54394	853.223	853.223
7.55588	853.064	853.064
7.56782	852.904	852.904
7.57975	852.744	852.744
7.59169	852.582	852.582
7.60363	852.42	852.42
7.61556	852.256	852.257
7.6275	852.092	852.092
7.63944	851.927	851.927
7.65137	851.761	851.761
7.66331	851.594	851.594
7.67525	851.426	851.427
7.68718	851.258	851.258
7.69912	851.088	851.088
7.71106	850.917	850.918
7.72299	850.746	850.746
7.73493	850.574	850.574
7.74687	850.4	850.401
7.7588	850.226	850.227
7.77074	850.051	850.052
7.78268	849.875	849.876
7.79461	849.698	849.699
7.80655	849.521	849.521
7.81849	849.342	849.342
7.83042	849.162	849.162
7.84236	848.982	848.982
7.8543	848.8	848.8
7.86623	848.618	848.618
7.87817	848.434	848.435
7.89011	848.25	848.25
7.90204	848.065	848.065
7.91398	847.879	847.879
7.92592	847.692	847.692
7.93785	847.504	847.504
7.94979	847.315	847.315
7.96173	847.125	847.125
7.97366	846.934	846.934
7.9856	846.742	846.743
7.99754	846.55	846.55
8.00947	846.356	846.356
8.02141	846.161	846.162
8.03335	845.966	845.966
8.04528	845.769	845.77
8.05722	845.572	845.572
8.06916	845.374	845.374
8.08109	845.175	845.175
8.09303	844.974	844.975
8.10497	844.773	844.774
8.1169	844.571	844.572
8.12884	844.368	844.368
8.14078	844.164	844.164
8.15271	843.959	843.96
8.16465	843.753	843.754
8.17659	843.547	843.547
8.18852	843.339	843.339
8.20046	843.13	843.13
8.2124	842.92	842.921
8.22433	842.71	842.71
8.23627	842.498	842.499
8.2482	842.286	842.286
8.26014	842.072	842.073
8.27208	841.858	841.858
8.28401	841.642	841.643
8.29595	841.426	841.426
8.30789	841.209	841.209
8.31982	840.991	840.991
8.33176	840.771	840.772
8.3437	840.551	840.552
8.35563	840.33	840.33
8.36757	840.108	840.108
8.37951	839.885	839.885
8.39144	839.661	839.661
8.40338	839.436	839.437
8.41532	839.21	839.211
8.42725	838.983	838.984
8.43919	838.756	838.756
8.45113	838.527	838.527
8.46306	838.297	838.298
8.475	838.067	838.067
8.48694	837.835	837.835
8.49887	837.602	837.603
8.51081	837.369	837.369
8.52275	837.134	837.135
8.53468	836.899	836.899
8.54662	836.663	836.663
8.55856	836.425	836.426
8.57049	836.187	836.187
8.58243	835.948	835.948
8.59437	835.708	835.708
8.6063	835.466	835.467
8.61824	835.224	835.225
8.63018	834.981	834.982
8.64211	834.737	834.738
8.65405	834.492	834.493
8.66599	834.246	834.247
8.67792	834	834
8.68986	833.752	833.752
8.7018	833.503	833.503
8.71373	833.253	833.254
8.72567	833.003	833.003
8.73761	832.751	832.751
8.74954	832.498	832.499
8.76148	832.245	832.245
8.77342	831.99	831.991
8.78535	831.735	831.735
8.79729	831.479	831.479
8.80923	831.221	831.222
8.82116	830.963	830.964
8.8331	830.704	830.704
8.84504	830.444	830.444
8.85697	830.183	830.183
8.86891	829.921	829.921
8.88085	829.658	829.658
8.89278	829.394	829.394
8.90472	829.129	829.13
8.91666	828.864	828.864
8.92859	828.597	828.597
8.94053	828.329	828.33
8.95247	828.061	828.061
8.9644	827.791	827.792
8.97634	827.521	827.521
8.98828	827.249	827.25
9.00021	826.977	826.978
9.01215	826.704	826.704
9.02409	826.43	826.43
9.03602	826.155	826.155
9.04796	825.879	825.879
9.0599	825.602	825.602
9.07183	825.324	825.324
9.08377	825.045	825.046
9.0957	824.766	824.766
9.10764	824.485	824.485
9.11958	824.204	824.204
9.13151	823.921	823.922
9.14345	823.638	823.638
9.15539	823.354	823.354
9.16732	823.069	823.069
9.17926	822.782	822.783
9.1912	822.495	822.496
9.20313	822.208	822.208
9.21507	821.919	821.919
9.22701	821.629	821.63
9.23894	821.339	821.339
9.25088	821.047	821.047
9.26282	820.755	820.755
9.27475	820.461	820.462
9.28669	820.167	820.168
9.29863	819.872	819.873
9.31056	819.576	819.577
9.3225	819.279	819.28
9.33444	818.982	818.982
9.34637	818.683	818.683
9.35831	818.384	818.384
9.37025	818.083	818.084
9.38218	817.782	817.782
9.39412	817.48	817.48
9.40606	817.177	817.177
9.41799	816.873	816.873
9.42993	816.568	816.569
9.44187	816.263	816.263
9.4538	815.956	815.956
9.46574	815.649	815.649
9.47768	815.341	815.341
9.48961	815.032	815.032
9.50155	814.722	814.722
9.51349	814.411	814.411
9.52542	814.099	814.099
9.53736	813.787	813.787
9.5493	813.473	813.474
9.56123	813.159	813.159
9.57317	812.844	812.844
9.58511	812.528	812.528
9.59704	812.211	812.212
9.60898	811.894	811.894
9.62092	811.575	811.576
9.63285	811.256	811.256
9.64479	810.936	810.936
9.65673	810.615	810.615
9.66866	810.293	810.294
9.6806	809.971	809.971
9.69254	809.647	809.648
9.70447	809.323	809.324
9.71641	808.998	808.999
9.72835	808.672	808.673
9.74028	808.346	808.346
9.75222	808.018	808.019
9.76416	807.69	807.69
9.77609	807.361	807.361
9.78803	807.031	807.031
9.79997	806.7	806.701
9.8119	806.369	806.369
9.82384	806.037	806.037
9.83578	805.704	805.704
9.84771	805.37	805.37
9.85965	805.035	805.035
9.87159	804.7	804.7
9.88352	804.363	804.364
9.89546	804.026	804.027
9.9074	803.689	803.689
9.91933	803.35	803.35
9.93127	803.011	803.011
9.94321	802.671	802.671
9.95514	802.33	802.33
9.96708	801.988	801.989
9.97901	801.646	801.646
9.99095	801.303	801.303
10.0029	800.959	800.959
10.0148	800.614	800.615
10.0268	800.269	800.269
10.0387	799.923	799.923
10.0506	799.576	799.576
10.0626	799.229	799.229
10.0745	798.88	798.881
10.0864	798.531	798.531
10.0984	798.181	798.182
10.1103	797.831	797.831
10.1223	797.48	797.48
10.1342	797.128	797.128
10.1461	796.775	796.775
10.1581	796.422	796.422
10.17	796.068	796.068
10.1819	795.713	795.713
10.1939	795.357	795.358
10.2058	795.001	795.001
10.2177	794.644	794.644
10.2297	794.287	794.287
10.2416	793.928	793.929
10.2536	793.569	793.57
10.2655	793.21	793.21
10.2774	792.849	792.85
10.2894	792.488	792.488
10.3013	792.127	792.127
10.3132	791.764	791.764
10.3252	791.401	791.401
10.3371	791.037	791.038
10.3491	790.673	790.673
10.361	790.308	790.308
10.3729	789.942	789.942
10.3849	789.576	789.576
10.3968	789.209	789.209
10.4087	788.841	788.841
10.4207	788.473	788.473
10.4326	788.104	788.104
10.4445	787.734	787.735
10.4565	787.364	787.364
10.4684	786.993	786.994
10.4804	786.622	786.622
10.4923	786.25	786.25
10.5042	785.877	785.877
10.5162	785.504	785.504
10.5281	785.13	785.13
10.54	784.755	784.756
10.552	784.38	784.38
10.5639	784.004	784.005
10.5758	783.628	783.628
10.5878	783.251	783.251
10.5997	782.873	782.874
10.6117	782.495	782.496
10.6236	782.117	782.117
10.6355	781.737	781.738
10.6475	781.357	781.358
10.6594	780.977	780.977
10.6713	780.596	780.596
10.6833	780.214	780.215
10.6952	779.832	779.832
10.7071	779.449	779.45
10.7191	779.066	779.066
10.731	778.682	778.682
10.743	778.298	778.298
10.7549	777.913	777.913
10.7668	777.527	777.528
10.7788	777.141	777.142
10.7907	776.755	776.755
10.8026	776.368	776.368
10.8146	775.98	775.98
10.8265	775.592	775.592
10.8385	775.203	775.203
10.8504	774.814	774.814
10.8623	774.424	774.424
10.8743	774.034	774.034
10.8862	773.643	773.643
10.8981	773.252	773.252
10.9101	772.86	772.86
10.922	772.468	772.468
10.9339	772.075	772.075
10.9459	771.682	771.682
10.9578	771.288	771.288
10.9698	770.894	770.894
10.9817	770.499	770.5
10.9936	770.104	770.104
11.0056	769.709	769.709
11.0175	769.312	769.313
11.0294	768.916	768.916
11.0414	768.519	768.519
11.0533	768.121	768.121
11.0652	767.723	767.724
11.0772	767.325	767.325
11.0891	766.926	766.926
11.1011	766.527	766.527
11.113	766.127	766.127
11.1249	765.727	765.727
11.1369	765.326	765.326
11.1488	764.925	764.925
11.1607	764.524	764.524
11.1727	764.122	764.122
11.1846	763.719	763.719
11.1966	763.317	763.317
11.2085	762.913	762.914
11.2204	762.51	762.51
11.2324	762.106	762.106
11.2443	761.701	761.702
11.2562	761.297	761.297
11.2682	760.891	760.892
11.2801	760.486	760.486
11.292	760.08	760.08
11.304	759.673	759.674
11.3159	759.267	759.267
11.3279	758.86	758.86
11.3398	758.452	758.452
11.3517	758.044	758.044
11.3637	757.636	757.636
11.3756	757.227	757.228
11.3875	756.818	756.819
11.3995	756.409	756.409
11.4114	755.999	756
11.4233	755.589	755.59
11.4353	755.179	755.179
11.4472	754.768	754.768
11.4592	754.357	754.357
11.4711	753.946	753.946
11.483	753.534	753.534
11.495	753.122	753.122
11.5069	752.71	752.71
11.5188	752.297	752.297
11.5308	751.884	751.884
11.5427	751.47	751.471
11.5546	751.057	751.057
11.5666	750.643	750.643
11.5785	750.229	750.229
11.5905	749.814	749.814
11.6024	749.399	749.399
11.6143	748.984	748.984
11.6263	748.568	748.568
11.6382	748.153	748.153
11.6501	747.736	747.737
11.6621	747.32	747.32
11.674	746.903	746.904
11.686	746.487	746.487
11.6979	746.069	746.069
11.7098	745.652	745.652
11.7218	745.234	745.234
11.7337	744.816	744.816
11.7456	744.398	744.398
11.7576	743.979	743.98
11.7695	743.561	743.561
11.7814	743.142	743.142
11.7934	742.722	742.722
11.8053	742.303	742.303
11.8173	741.883	741.883
11.8292	741.463	741.463
11.8411	741.043	741.043
11.8531	740.622	740.623
11.865	740.202	740.202
11.8769	739.781	739.781
11.8889	739.36	739.36
11.9008	738.938	738.938
11.9127	738.517	738.517
11.9247	738.095	738.095
11.9366	737.673	737.673
11.9486	737.251	737.251
11.9605	736.828	736.828
11.9724	736.406	736.406
11.9844	735.983	735.983
11.9963	735.56	735.56
12.0082	735.137	735.137
12.0202	734.713	734.713
12.0321	734.29	734.29
12.0441	733.866	733.866
12.056	733.442	733.442
12.0679	733.018	733.018
12.0799	732.594	732.594
12.0918	732.169	732.169
12.1037	731.745	731.745
12.1157	731.32	731.32
12.1276	730.895	730.895
12.1395	730.47	730.47
12.1515	730.044	730.045
12.1634	729.619	729.619
12.1754	729.193	729.194
12.1873	728.768	728.768
12.1992	728.342	728.342
12.2112	727.916	727.916
12.2231	727.49	727.49
12.235	727.063	727.063
12.247	726.637	726.637
12.2589	726.21	726.21
12.2708	725.784	725.784
12.2828	725.357	725.357
12.2947	724.93	724.93
12.3067	724.503	724.503
12.3186	724.076	724.076
12.3305	723.648	723.648
12.3425	723.221	723.221
12.3544	722.794	722.794
12.3663	722.366	722.366
12.3783	721.938	721.938
12.3902	721.51	721.51
12.4021	721.082	721.082
12.4141	720.654	720.654
12.426	720.226	720.226
12.438	719.798	719.798
12.4499	719.37	719.37
12.4618	718.941	718.941
12.4738	718.513	718.513
12.4857	718.084	718.084
12.4976	717.656	717.656
12.5096	717.227	717.227
12.5215	716.798	716.798
12.5335	716.369	716.369
12.5454	715.94	715.94
12.5573	715.511	715.511
12.5693	715.082	715.082
12.5812	714.653	714.653
12.5931	714.224	714.224
12.6051	713.795	713.795
12.617	713.366	713.366
12.6289	712.936	712.936
12.6409	712.507	712.507
12.6528	712.077	712.077
12.6648	711.648	711.648
12.6767	711.218	711.218
12.6886	710.789	710.789
12.7006	710.359	710.359
12.7125	709.93	709.93
12.7244	709.5	709.5
12.7364	709.07	709.07
12.7483	708.64	708.64
12.7602	708.211	708.211
12.7722	707.781	707.781
12.7841	707.351	707.351
12.7961	706.921	706.921
12.808	706.491	706.491
12.8199	706.061	706.061
12.8319	705.632	705.632
12.8438	705.202	705.202
12.8557	704.772	704.772
12.8677	704.342	704.342
12.8796	703.912	703.912
12.8916	703.482	703.482
12.9035	703.052	703.052
12.9154	702.622	702.622
12.9274	702.192	702.192
12.9393	701.762	701.762
12.9512	701.332	701.332
12.9632	700.902	700.902
12.9751	700.472	700.472
12.987	700.043	700.043
12.999	699.613	699.613
13.0109	699.183	699.183
13.0229	698.753	698.753
13.0348	698.323	698.323
13.0467	697.893	697.893
13.0587	697.463	697.463
13.0706	697.034	697.034
13.0825	696.604	696.604
13.0945	696.174	696.174
13.1064	695.744	695.744
13.1183	695.315	695.315
13.1303	694.885	694.885
13.1422	694.456	694.456
13.1542	694.026	694.026
13.1661	693.596	693.596
13.178	693.167	693.167
13.19	692.738	692.737
13.2019	692.308	692.308
13.2138	691.879	691.879
13.2258	691.449	691.449
13.2377	691.02	691.02
13.2496	690.591	690.591
13.2616	690.162	690.162
13.2735	689.733	689.733
13.2855	689.304	689.304
13.2974	688.875	688.875
13.3093	688.446	688.446
13.3213	688.017	688.017
13.3332	687.588	687.588
13.3451	687.159	687.159
13.3571	686.73	686.73
13.369	686.302	686.302
13.381	685.873	685.873
13.3929	685.445	685.445
13.4048	685.016	685.016
13.4168	684.588	684.588
13.4287	684.159	684.159
13.4406	683.731	683.731
13.4526	683.303	683.303
13.4645	682.875	682.875
13.4764	682.447	682.447
13.4884	682.019	682.019
13.5003	681.591	681.591
13.5123	681.163	681.163
13.5242	680.736	680.735
13.5361	680.308	680.308
13.5481	679.88	679.88
13.56	679.453	679.453
13.5719	679.026	679.025
13.5839	678.598	678.598
13.5958	678.171	678.171
13.6077	677.744	677.744
13.6197	677.317	677.317
13.6316	676.89	676.89
13.6436	676.463	676.463
13.6555	676.036	676.036
13.6674	675.61	675.61
13.6794	675.183	675.183
13.6913	674.757	674.757
13.7032	674.33	674.33
13.7152	673.904	673.904
13.7271	673.478	673.478
13.7391	673.052	673.052
13.751	672.626	672.626
13.7629	672.2	672.2
13.7749	671.774	671.774
13.7868	671.349	671.349
13.7987	670.923	670.923
13.8107	670.498	670.498
13.8226	670.072	670.072
13.8345	669.647	669.647
13.8465	669.222	669.222
13.8584	668.797	668.797
13.8704	668.372	668.372
13.8823	667.947	667.947
13.8942	667.523	667.523
13.9062	667.098	667.098
13.9181	666.674	666.674
13.93	666.249	666.249
13.942	665.825	665.825
13.9539	665.401	665.401
13.9658	664.977	664.977
13.9778	664.553	664.553
13.9897	664.129	664.129
14.0017	663.706	663.706
14.0136	663.282	663.282
14.0255	662.859	662.859
14.0375	662.436	662.436
14.0494	662.013	662.012
14.0613	661.59	661.589
14.0733	661.167	661.167
14.0852	660.744	660.744
14.0971	660.321	660.321
14.1091	659.899	659.899
14.121	659.476	659.476
14.133	659.054	659.054
14.1449	658.632	658.632
14.1568	658.21	658.21
14.1688	657.788	657.788
14.1807	657.366	657.366
14.1926	656.945	656.945
14.2046	656.523	656.523
14.2165	656.102	656.102
14.2285	655.681	655.681
14.2404	655.259	655.259
14.2523	654.839	654.838
14.2643	654.418	654.418
14.2762	653.997	653.997
14.2881	653.576	653.576
14.3001	653.156	653.156
14.312	652.736	652.736
14.3239	652.316	652.315
14.3359	651.896	651.895
14.3478	651.476	651.476
14.3598	651.056	651.056
14.3717	650.636	650.636
14.3836	650.217	650.217
14.3956	649.797	649.797
14.4075	649.378	649.378
14.4194	648.959	648.959
14.4314	648.54	648.54
14.4433	648.121	648.121
14.4552	647.703	647.703
14.4672	647.284	647.284
14.4791	646.866	646.866
14.4911	646.448	646.448
14.503	646.03	646.03
14.5149	645.612	645.612
14.5269	645.194	645.194
14.5388	644.776	644.776
14.5507	644.359	644.359
14.5627	643.941	643.941
14.5746	643.524	643.524
14.5866	643.107	643.107
14.5985	642.69	642.69
14.6104	642.273	642.273
14.6224	641.857	641.857
14.6343	641.44	641.44
14.6462	641.024	641.024
14.6582	640.607	640.607
14.6701	640.191	640.191
14.682	639.775	639.775
14.694	639.36	639.36
14.7059	638.944	638.944
14.7179	638.528	638.528
14.7298	638.113	638.113
14.7417	637.698	637.698
14.7537	637.283	637.283
14.7656	636.868	636.868
14.7775	636.453	636.453
14.7895	636.038	636.038
14.8014	635.624	635.624
14.8133	635.21	635.21
14.8253	634.795	634.795
14.8372	634.381	634.381
14.8492	633.967	633.967
14.8611	633.554	633.554
14.873	633.14	633.14
14.885	632.727	632.727
14.8969	632.313	632.313
14.9088	631.9	631.9
14.9208	631.487	631.487
14.9327	631.074	631.074
14.9446	630.661	630.661
14.9566	630.249	630.249
14.9685	629.836	629.836
14.9805	629.424	629.424
14.9924	629.012	629.012
15.0043	628.6	628.6
15.0163	628.188	628.188
15.0282	627.776	627.776
15.0401	627.365	627.365
15.0521	626.954	626.953
15.064	626.542	626.542
15.076	626.131	626.131
15.0879	625.72	625.72
15.0998	625.309	625.309
15.1118	624.899	624.899
15.1237	624.488	624.488
15.1356	624.078	624.078
15.1476	623.668	623.667
15.1595	623.257	623.257
15.1714	622.847	622.847
15.1834	622.438	622.438
15.1953	622.028	622.028
15.2073	621.619	621.618
15.2192	621.209	621.209
15.2311	620.8	620.8
15.2431	620.391	620.391
15.255	619.982	619.982
15.2669	619.573	619.573
15.2789	619.165	619.165
15.2908	618.756	618.756
15.3027	618.348	618.348
15.3147	617.94	617.94
15.3266	617.532	617.532
15.3386	617.124	617.124
15.3505	616.716	616.716
15.3624	616.308	616.308
15.3744	615.901	615.901
15.3863	615.494	615.493
15.3982	615.086	615.086
15.4102	614.679	614.679
15.4221	614.272	614.272
15.4341	613.866	613.866
15.446	613.459	613.459
15.4579	613.053	613.053
15.4699	612.646	612.646
15.4818	612.24	612.24
15.4937	611.834	611.834
15.5057	611.428	611.428
15.5176	611.023	611.023
15.5295	610.617	610.617
15.5415	610.212	610.212
15.5534	609.806	609.806
15.5654	609.401	609.401
15.5773	608.996	608.996
15.5892	608.591	608.591
15.6012	608.187	608.187
15.6131	607.782	607.782
15.625	607.378	607.377
15.637	606.973	606.973
15.6489	606.569	606.569
15.6608	606.165	606.165
15.6728	605.761	605.761
15.6847	605.357	605.357
15.6967	604.954	604.954
15.7086	604.55	604.55
15.7205	604.147	604.147
15.7325	603.744	603.744
15.7444	603.341	603.341
15.7563	602.938	602.938
15.7683	602.535	602.535
15.7802	602.133	602.133
15.7921	601.73	601.73
15.8041	601.328	601.328
15.816	600.926	600.926
15.828	600.524	600.524
15.8399	600.122	600.122
15.8518	599.72	599.72
15.8638	599.318	599.318
15.8757	598.917	598.917
15.8876	598.515	598.515
15.8996	598.114	598.114
15.9115	597.713	597.713
15.9235	597.312	597.312
15.9354	596.911	596.911
15.9473	596.511	596.511
15.9593	596.11	596.11
15.9712	595.71	595.71
15.9831	595.31	595.309
15.9951	594.909	594.909
16.007	594.509	594.509
16.0189	594.11	594.109
16.0309	593.71	593.71
16.0428	593.31	593.31
16.0548	592.911	592.911
16.0667	592.511	592.511
16.0786	592.112	592.112
16.0906	591.713	591.713
16.1025	591.314	591.314
16.1144	590.916	590.916
16.1264	590.517	590.517
16.1383	590.118	590.118
16.1502	589.72	589.72
16.1622	589.322	589.322
16.1741	588.924	588.924
16.1861	588.526	588.526
16.198	588.128	588.128
16.2099	587.73	587.73
16.2219	587.333	587.333
16.2338	586.935	586.935
16.2457	586.538	586.538
16.2577	586.141	586.141
16.2696	585.744	585.744
16.2816	585.347	585.347
16.2935	584.95	584.95
16.3054	584.553	584.553
16.3174	584.157	584.157
16.3293	583.76	583.76
16.3412	583.364	583.364
16.3532	582.968	582.968
16.3651	582.572	582.572
16.377	582.176	582.176
16.389	581.78	581.78
16.4009	581.385	581.385
16.4129	580.989	580.989
16.4248	580.594	580.594
16.4367	580.199	580.198
16.4487	579.803	579.803
16.4606	579.408	579.408
16.4725	579.014	579.014
16.4845	578.619	578.619
16.4964	578.224	578.224
16.5083	577.83	577.83
16.5203	577.436	577.435
16.5322	577.041	577.041
16.5442	576.647	576.647
16.5561	576.253	576.253
16.568	575.859	575.859
16.58	575.466	575.466
16.5919	575.072	575.072
16.6038	574.679	574.679
16.6158	574.285	574.285
16.6277	573.892	573.892
16.6396	573.499	573.499
16.6516	573.106	573.106
16.6635	572.713	572.713
16.6755	572.321	572.321
16.6874	571.928	571.928
16.6993	571.536	571.536
16.7113	571.143	571.143
16.7232	570.751	570.751
16.7351	570.359	570.359
16.7471	569.967	569.967
16.759	569.575	569.575
16.771	569.184	569.183
16.7829	568.792	568.792
16.7948	568.4	568.4
16.8068	568.009	568.009
16.8187	567.618	567.618
16.8306	567.227	567.227
16.8426	566.836	566.836
16.8545	566.445	566.445
16.8664	566.054	566.054
16.8784	565.664	565.664
16.8903	565.273	565.273
16.9023	564.883	564.883
16.9142	564.493	564.493
16.9261	564.103	564.103
16.9381	563.713	563.713
16.95	563.323	563.323
16.9619	562.933	562.933
16.9739	562.543	562.543
16.9858	562.154	562.154
16.9977	561.764	561.764
17.0097	561.375	561.375
17.0216	560.986	560.986
17.0336	560.597	560.597
17.0455	560.208	560.208
17.0574	559.819	559.819
17.0694	559.431	559.431
17.0813	559.042	559.042
17.0932	558.654	558.654
17.1052	558.265	558.265
17.1171	557.877	557.877
17.1291	557.489	557.489
17.141	557.101	557.101
17.1529	556.714	556.713
17.1649	556.326	556.326
17.1768	555.938	555.938
17.1887	555.551	555.551
17.2007	555.163	555.163
17.2126	554.776	554.776
17.2245	554.389	554.389
17.2365	554.002	554.002
17.2484	553.615	553.615
17.2604	553.229	553.229
17.2723	552.842	552.842
17.2842	552.456	552.455
17.2962	552.069	552.069
17.3081	551.683	551.683
17.32	551.297	551.297
17.332	550.911	550.911
17.3439	550.525	550.525
17.3558	550.139	550.139
17.3678	549.753	549.753
17.3797	549.368	549.368
17.3917	548.982	548.982
17.4036	548.597	548.597
17.4155	548.212	548.212
17.4275	547.827	547.827
17.4394	547.442	547.442
17.4513	547.057	547.057
17.4633	546.672	546.672
17.4752	546.288	546.288
17.4871	545.903	545.903
17.4991	545.519	545.519
17.511	545.135	545.135
17.523	544.751	544.751
17.5349	544.367	544.367
17.5468	543.983	543.983
17.5588	543.599	543.599
17.5707	543.215	543.215
17.5826	542.832	542.832
17.5946	542.448	542.448
17.6065	542.065	542.065
17.6185	541.682	541.682
17.6304	541.299	541.299
17.6423	540.916	540.916
17.6543	540.533	540.533
17.6662	540.151	540.15
17.6781	539.768	539.768
17.6901	539.386	539.385
17.702	539.003	539.003
17.7139	538.621	538.621
17.7259	538.239	538.239
17.7378	537.857	537.857
17.7498	537.475	537.475
17.7617	537.093	537.093
17.7736	536.712	536.712
17.7856	536.33	536.33
17.7975	535.949	535.949
17.8094	535.568	535.568
17.8214	535.186	535.186
17.8333	534.805	534.805
17.8452	534.425	534.425
17.8572	534.044	534.044
17.8691	533.663	533.663
17.8811	533.283	533.283
17.893	532.902	532.902
17.9049	532.522	532.522
17.9169	532.142	532.142
17.9288	531.762	531.762
17.9407	531.382	531.382
17.9527	531.002	531.002
17.9646	530.622	530.622
17.9766	530.243	530.243
17.9885	529.863	529.863
18.0004	529.484	529.484
18.0124	529.105	529.105
18.0243	528.726	528.726
18.0362	528.347	528.347
18.0482	527.968	527.968
18.0601	527.589	527.589
18.072	527.21	527.21
18.084	526.832	526.832
18.0959	526.454	526.454
18.1079	526.075	526.075
18.1198	525.697	525.697
18.1317	525.319	525.319
18.1437	524.941	524.941
18.1556	524.564	524.564
18.1675	524.186	524.186
18.1795	523.809	523.809
18.1914	523.431	523.431
18.2033	523.054	523.054
18.2153	522.677	522.677
18.2272	522.3	522.3
18.2392	521.923	521.923
18.2511	521.546	521.546
18.263	521.17	521.17
18.275	520.793	520.793
18.2869	520.417	520.417
18.2988	520.041	520.041
18.3108	519.664	519.664
18.3227	519.288	519.288
18.3346	518.913	518.913
18.3466	518.537	518.537
18.3585	518.161	518.161
18.3705	517.786	517.786
18.3824	517.41	517.41
18.3943	517.035	517.035
18.4063	516.66	516.66
18.4182	516.285	516.285
18.4301	515.91	515.91
18.4421	515.535	515.535
18.454	515.161	515.161
18.466	514.786	514.786
18.4779	514.412	514.412
18.4898	514.038	514.038
18.5018	513.664	513.664
18.5137	513.29	513.29
18.5256	512.916	512.916
18.5376	512.542	512.542
18.5495	512.169	512.169
18.5614	511.795	511.795
18.5734	511.422	511.422
18.5853	511.049	511.049
18.5973	510.676	510.676
18.6092	510.303	510.303
18.6211	509.93	509.93
18.6331	509.558	509.557
18.645	509.185	509.185
18.6569	508.813	508.813
18.6689	508.44	508.44
18.6808	508.068	508.068
18.6927	507.696	507.696
18.7047	507.324	507.324
18.7166	506.953	506.953
18.7286	506.581	506.581
18.7405	506.21	506.21
18.7524	505.838	505.838
18.7644	505.467	505.467
18.7763	505.096	505.096
18.7882	504.725	504.725
18.8002	504.355	504.355
18.8121	503.984	503.984
18.8241	503.613	503.613
18.836	503.243	503.243
18.8479	502.873	502.873
18.8599	502.503	502.503
18.8718	502.133	502.133
18.8837	501.763	501.763
18.8957	501.393	501.393
18.9076	501.024	501.024
18.9195	500.655	500.655
18.9315	500.285	500.285
18.9434	499.916	499.916
18.9554	499.547	499.547
18.9673	499.178	499.178
18.9792	498.81	498.81
18.9912	498.441	498.441
19.0031	498.073	498.073
19.015	497.705	497.705
19.027	497.337	497.336
19.0389	496.969	496.969
19.0508	496.601	496.601
19.0628	496.233	496.233
19.0747	495.866	495.866
19.0867	495.498	495.498
19.0986	495.131	495.131
19.1105	494.764	494.764
19.1225	494.397	494.397
19.1344	494.03	494.03
19.1463	493.664	493.663
19.1583	493.297	493.297
19.1702	492.931	492.931
19.1821	492.564	492.564
19.1941	492.198	492.198
19.206	491.833	491.832
19.218	491.467	491.467
19.2299	491.101	491.101
19.2418	490.736	490.736
19.2538	490.37	490.37
19.2657	490.005	490.005
19.2776	489.64	489.64
19.2896	489.275	489.275
19.3015	488.911	488.911
19.3135	488.546	488.546
19.3254	488.182	488.182
19.3373	487.818	487.818
19.3493	487.454	487.454
19.3612	487.09	487.09
19.3731	486.726	486.726
19.3851	486.362	486.362
19.397	485.999	485.999
19.4089	485.636	485.636
19.4209	485.272	485.272
19.4328	484.909	484.909
19.4448	484.547	484.547
19.4567	484.184	484.184
19.4686	483.822	483.821
19.4806	483.459	483.459
19.4925	483.097	483.097
19.5044	482.735	482.735
19.5164	482.373	482.373
19.5283	482.011	482.011
19.5402	481.65	481.65
19.5522	481.289	481.289
19.5641	480.927	480.927
19.5761	480.566	480.566
19.588	480.206	480.205
19.5999	479.845	479.845
19.6119	479.484	479.484
19.6238	479.124	479.124
19.6357	478.764	478.764
19.6477	478.404	478.404
19.6596	478.044	478.044
19.6716	477.684	477.684
19.6835	477.325	477.325
19.6954	476.965	476.965
19.7074	476.606	476.606
19.7193	476.247	476.247
19.7312	475.888	475.888
19.7432	475.53	475.529
19.7551	475.171	475.171
19.767	474.813	474.813
19.779	474.455	474.455
19.7909	474.097	474.097
19.8029	473.739	473.739
19.8148	473.381	473.381
19.8267	473.024	473.024
19.8387	472.666	472.666
19.8506	472.309	472.309
19.8625	471.952	471.952
19.8745	471.596	471.596
19.8864	471.239	471.239
19.8983	470.883	470.883
19.9103	470.527	470.527
19.9222	470.171	470.171
19.9342	469.815	469.815
19.9461	469.459	469.459
19.958	469.104	469.104
19.97	468.748	468.748
19.9819	468.393	468.393
19.9938	468.038	468.038
20.0058	467.684	467.684
20.0177	467.329	467.329
20.0296	466.975	466.975
20.0416	466.621	466.62
20.0535	466.267	466.266
20.0655	465.913	465.913
20.0774	465.559	465.559
20.0893	465.206	465.206
20.1013	464.853	464.852
20.1132	464.499	464.499
20.1251	464.147	464.147
20.1371	463.794	463.794
20.149	463.442	463.441
20.161	463.089	463.089
20.1729	462.737	462.737
20.1848	462.385	462.385
20.1968	462.034	462.034
20.2087	461.682	461.682
20.2206	461.331	461.331
20.2326	460.98	460.98
20.2445	460.629	460.629
20.2564	460.278	460.278
20.2684	459.928	459.928
20.2803	459.577	459.577
20.2923	459.227	459.227
20.3042	458.878	458.877
20.3161	458.528	458.528
20.3281	458.178	458.178
20.34	457.829	457.829
20.3519	457.48	457.48
20.3639	457.131	457.131
20.3758	456.783	456.782
20.3877	456.434	456.434
20.3997	456.086	456.086
20.4116	455.738	455.738
20.4236	455.39	455.39
20.4355	455.042	455.042
20.4474	454.695	454.695
20.4594	454.348	454.348
20.4713	454.001	454.001
20.4832	453.654	453.654
20.4952	453.307	453.307
20.5071	452.961	452.961
20.5191	452.615	452.615
20.531	452.269	452.269
20.5429	451.923	451.923
20.5549	451.578	451.578
20.5668	451.233	451.233
20.5787	450.888	450.888
20.5907	450.543	450.543
20.6026	450.198	450.198
20.6145	449.854	449.854
20.6265	449.51	449.51
20.6384	449.166	449.166
20.6504	448.822	448.822
20.6623	448.479	448.478
20.6742	448.135	448.135
20.6862	447.792	447.792
20.6981	447.449	447.449
20.71	447.107	447.107
20.722	446.765	446.764
20.7339	446.422	446.422
20.7458	446.081	446.08
20.7578	445.739	445.739
20.7697	445.397	445.397
20.7817	445.056	445.056
20.7936	444.715	444.715
20.8055	444.375	444.374
20.8175	444.034	444.034
20.8294	443.694	443.694
20.8413	443.354	443.354
20.8533	443.014	443.014
20.8652	442.674	442.674
20.8771	442.335	442.335
20.8891	441.996	441.996
20.901	441.657	441.657
20.913	441.319	441.318
20.9249	440.98	440.98
20.9368	440.642	440.642
20.9488	440.304	440.304
20.9607	439.967	439.966
20.9726	439.629	439.629
20.9846	439.292	439.292
20.9965	438.955	438.955
21.0085	438.618	438.618
21.0204	438.282	438.282
21.0323	437.946	437.946
21.0443	437.61	437.61
21.0562	437.274	437.274
21.0681	436.939	436.939
21.0801	436.604	436.604
21.092	436.269	436.269
21.1039	435.934	435.934
21.1159	435.6	435.6
21.1278	435.266	435.266
21.1398	434.932	434.932
21.1517	434.598	434.598
21.1636	434.265	434.265
21.1756	433.932	433.932
21.1875	433.599	433.599
21.1994	433.266	433.266
21.2114	432.934	432.934
21.2233	432.602	432.602
21.2352	432.27	432.27
21.2472	431.939	431.939
21.2591	431.607	431.607
21.2711	431.276	431.276
21.283	430.946	430.946
21.2949	430.615	430.615
21.3069	430.285	430.285
21.3188	429.955	429.955
21.3307	429.626	429.625
21.3427	429.296	429.296
21.3546	428.967	428.967
21.3666	428.638	428.638
21.3785	428.31	428.31
21.3904	427.981	427.981
21.4024	427.653	427.653
21.4143	427.326	427.325
21.4262	426.998	426.998
21.4382	426.671	426.671
21.4501	426.344	426.344
21.462	426.017	426.017
21.474	425.691	425.691
21.4859	425.365	425.365
21.4979	425.039	425.039
21.5098	424.714	424.714
21.5217	424.388	424.388
21.5337	424.064	424.063
21.5456	423.739	423.739
21.5575	423.415	423.414
21.5695	423.09	423.09
21.5814	422.767	422.767
21.5933	422.443	422.443
21.6053	422.12	422.12
21.6172	421.797	421.797
21.6292	421.474	421.474
21.6411	421.152	421.152
21.653	420.83	420.83
21.665	420.508	420.508
21.6769	420.187	420.187
21.6888	419.866	419.866
21.7008	419.545	419.545
21.7127	419.224	419.224
21.7246	418.904	418.904
21.7366	418.584	418.584
21.7485	418.265	418.264
21.7605	417.945	417.945
21.7724	417.626	417.626
21.7843	417.307	417.307
21.7963	416.989	416.989
21.8082	416.671	416.671
21.8201	416.353	416.353
21.8321	416.035	416.035
21.844	415.718	415.718
21.856	415.401	415.401
21.8679	415.085	415.085
21.8798	414.768	414.768
21.8918	414.453	414.452
21.9037	414.137	414.137
21.9156	413.822	413.821
21.9276	413.507	413.506
21.9395	413.192	413.192
21.9514	412.877	412.877
21.9634	412.563	412.563
21.9753	412.25	412.249
21.9873	411.936	411.936
21.9992	411.623	411.623
22.0111	411.31	411.31
22.0231	410.998	410.998
22.035	410.686	410.686
22.0469	410.374	410.374
22.0589	410.062	410.062
22.0708	409.751	409.751
22.0827	409.44	409.44
22.0947	409.13	409.13
22.1066	408.82	408.819
22.1186	408.51	408.51
22.1305	408.2	408.2
22.1424	407.891	407.891
22.1544	407.582	407.582
22.1663	407.274	407.273
22.1782	406.965	406.965
22.1902	406.657	406.657
22.2021	406.35	406.35
22.2141	406.043	406.043
22.226	405.736	405.736
22.2379	405.429	405.429
22.2499	405.123	405.123
22.2618	404.817	404.817
22.2737	404.512	404.512
22.2857	404.207	404.207
22.2976	403.902	403.902
22.3095	403.597	403.597
22.3215	403.293	403.293
22.3334	402.99	402.989
22.3454	402.686	402.686
22.3573	402.383	402.383
22.3692	402.08	402.08
22.3812	401.778	401.778
22.3931	401.476	401.476
22.405	401.174	401.174
22.417	400.873	400.873
22.4289	400.572	400.572
22.4408	400.271	400.271
22.4528	399.971	399.971
22.4647	399.671	399.671
22.4767	399.372	399.371
22.4886	399.072	399.072
22.5005	398.773	398.773
22.5125	398.475	398.475
22.5244	398.177	398.177
22.5363	397.879	397.879
22.5483	397.582	397.582
22.5602	397.285	397.285
22.5721	396.988	396.988
22.5841	396.692	396.692
22.596	396.396	396.396
22.608	396.1	396.1
22.6199	395.805	395.805
22.6318	395.51	395.51
22.6438	395.216	395.216
22.6557	394.922	394.921
22.6676	394.628	394.628
22.6796	394.335	394.334
22.6915	394.042	394.041
22.7035	393.749	393.749
22.7154	393.457	393.457
22.7273	393.165	393.165
22.7393	392.873	392.873
22.7512	392.582	392.582
22.7631	392.292	392.291
22.7751	392.001	392.001
22.787	391.711	391.711
22.7989	391.422	391.422
22.8109	391.133	391.132
22.8228	390.844	390.844
22.8348	390.555	390.555
22.8467	390.267	390.267
22.8586	389.98	389.979
22.8706	389.692	389.692
22.8825	389.405	389.405
22.8944	389.119	389.119
22.9064	388.833	388.833
22.9183	388.547	388.547
22.9302	388.262	388.262
22.9422	387.977	387.977
22.9541	387.692	387.692
22.9661	387.408	387.408
22.978	387.124	387.124
22.9899	386.841	386.841
23.0019	386.558	386.558
23.0138	386.275	386.275
23.0257	385.993	385.993
23.0377	385.711	385.711
23.0496	385.43	385.43
23.0616	385.149	385.149
23.0735	384.868	384.868
23.0854	384.588	384.588
23.0974	384.308	384.308
23.1093	384.029	384.029
23.1212	383.75	383.75
23.1332	383.472	383.471
23.1451	383.193	383.193
23.157	382.916	382.915
23.169	382.638	382.638
23.1809	382.361	382.361
23.1929	382.085	382.085
23.2048	381.809	381.809
23.2167	381.533	381.533
23.2287	381.258	381.258
23.2406	380.983	380.983
23.2525	380.708	380.708
23.2645	380.434	380.434
23.2764	380.161	380.16
23.2883	379.887	379.887
23.3003	379.615	379.614
23.3122	379.342	379.342
23.3242	379.07	379.07
23.3361	378.799	378.799
23.348	378.528	378.527
23.36	378.257	378.257
23.3719	377.987	377.986
23.3838	377.717	377.716
23.3958	377.447	377.447
23.4077	377.178	377.178
23.4196	376.91	376.909
23.4316	376.642	376.641
23.4435	376.374	376.374
23.4555	376.107	376.106
23.4674	375.84	375.84
23.4793	375.574	375.573
23.4913	375.308	375.308
23.5032	375.043	375.043
23.5151	374.778	374.778
23.5271	374.514	374.514
23.539	374.251	374.251
23.551	373.989	373.989
23.5629	373.728	373.727
23.5748	373.468	373.467
23.5868	373.209	373.208
23.5987	372.952	372.951
23.6106	372.697	372.696
23.6226	372.444	372.443
23.6345	372.194	372.192
23.6464	371.947	371.945
23.6584	371.704	371.702
23.6703	371.465	371.463
23.6823	371.231	371.229
23.6942	371.004	371.001
23.7061	370.784	370.781
23.7181	370.571	370.568
23.73	370.368	370.364
23.7419	370.175	370.171
23.7539	369.994	369.989
23.7658	369.825	369.819
23.7777	369.67	369.664
23.7897	369.529	369.523
23.8016	369.405	369.399
23.8136	369.298	369.291
23.8255	369.209	369.202
23.8374	369.139	369.132
23.8494	369.089	369.081
23.8613	369.058	369.051
23.8732	369.048	369.04
