0	863.211	866.426
0.0119366	863.175	866.414
0.0238732	863.101	866.381
0.0358099	863.025	866.337
0.0477465	862.949	866.288
0.0596831	862.872	866.235
0.0716197	862.794	866.18
0.0835563	862.716	866.125
0.095493	862.637	866.068
0.10743	862.558	866.011
0.119366	862.479	865.953
0.131303	862.399	865.895
0.143239	862.319	865.836
0.155176	862.238	865.777
0.167113	862.156	865.718
0.179049	862.074	865.658
0.190986	861.992	865.598
0.202923	861.909	865.538
0.214859	861.826	865.477
0.226796	861.742	865.415
0.238732	861.658	865.354
0.250669	861.573	865.291
0.262606	861.488	865.229
0.274542	861.402	865.166
0.286479	861.316	865.103
0.298416	861.229	865.039
0.310352	861.142	864.975
0.322289	861.054	864.91
0.334225	860.966	864.845
0.346162	860.877	864.78
0.358099	860.788	864.714
0.370035	860.698	864.648
0.381972	860.608	864.581
0.393908	860.517	864.514
0.405845	860.426	864.447
0.417782	860.334	864.379
0.429718	860.242	864.31
0.441655	860.149	864.242
0.453592	860.056	864.172
0.465528	859.962	864.103
0.477465	859.868	864.033
0.489401	859.773	863.962
0.501338	859.678	863.891
0.513275	859.582	863.82
0.525211	859.485	863.748
0.537148	859.388	863.676
0.549085	859.291	863.603
0.561021	859.193	863.53
0.572958	859.095	863.457
0.584894	858.995	863.383
0.596831	858.896	863.308
0.608768	858.796	863.233
0.620704	858.695	863.158
0.632641	858.594	863.082
0.644578	858.492	863.006
0.656514	858.39	862.929
0.668451	858.287	862.852
0.680387	858.184	862.774
0.692324	858.08	862.696
0.704261	857.975	862.617
0.716197	857.87	862.538
0.728134	857.765	862.459
0.74007	857.658	862.379
0.752007	857.552	862.298
0.763944	857.445	862.217
0.77588	857.337	862.136
0.787817	857.228	862.054
0.799754	857.119	861.972
0.81169	857.01	861.889
0.823627	856.9	861.805
0.835563	856.789	861.721
0.8475	856.678	861.637
0.859437	856.566	861.552
0.871373	856.454	861.467
0.88331	856.341	861.381
0.895247	856.228	861.295
0.907183	856.114	861.208
0.91912	855.999	861.121
0.931056	855.884	861.033
0.942993	855.768	860.945
0.95493	855.652	860.856
0.966866	855.535	860.767
0.978803	855.418	860.677
0.99074	855.299	860.587
1.00268	855.181	860.496
1.01461	855.062	860.405
1.02655	854.942	860.313
1.03849	854.821	860.221
1.05042	854.7	860.128
1.06236	854.579	860.035
1.0743	854.456	859.941
1.08623	854.334	859.846
1.09817	854.21	859.751
1.11011	854.086	859.656
1.12204	853.962	859.56
1.13398	853.836	859.464
1.14592	853.711	859.367
1.15785	853.584	859.269
1.16979	853.457	859.171
1.18173	853.33	859.073
1.19366	853.201	858.973
1.2056	853.073	858.874
1.21754	852.943	858.774
1.22947	852.813	858.673
1.24141	852.682	858.572
1.25335	852.551	858.47
1.26528	852.419	858.367
1.27722	852.287	858.265
1.28916	852.154	858.161
1.30109	852.02	858.057
1.31303	851.886	857.953
1.32496	851.751	857.848
1.3369	851.615	857.742
1.34884	851.479	857.636
1.36077	851.342	857.529
1.37271	851.204	857.422
1.38465	851.066	857.314
1.39658	850.928	857.205
1.40852	850.788	857.096
1.42046	850.648	856.987
1.43239	850.508	856.877
1.44433	850.366	856.766
1.45627	850.225	856.655
1.4682	850.082	856.543
1.48014	849.939	856.431
1.49208	849.795	856.318
1.50401	849.651	856.204
1.51595	849.506	856.09
1.52789	849.36	855.975
1.53982	849.214	855.86
1.55176	849.067	855.744
1.5637	848.919	855.628
1.57563	848.771	855.511
1.58757	848.622	855.393
1.59951	848.472	855.275
1.61144	848.322	855.157
1.62338	848.171	855.037
1.63532	848.02	854.917
1.64725	847.867	854.797
1.65919	847.715	854.676
1.67113	847.561	854.554
1.68306	847.407	854.432
1.695	847.252	854.309
1.70694	847.097	854.185
1.71887	846.941	854.061
1.73081	846.784	853.937
1.74275	846.626	853.811
1.75468	846.468	853.685
1.76662	846.31	853.559
1.77856	846.15	853.432
1.79049	845.99	853.304
1.80243	845.83	853.176
1.81437	845.668	853.047
1.8263	845.506	852.917
1.83824	845.343	852.787
1.85018	845.18	852.656
1.86211	845.016	852.525
1.87405	844.851	852.393
1.88599	844.686	852.261
1.89792	844.52	852.127
1.90986	844.353	851.993
1.9218	844.186	851.859
1.93373	844.018	851.724
1.94567	843.849	851.588
1.95761	843.68	851.452
1.96954	843.51	851.315
1.98148	843.339	851.177
1.99342	843.167	851.039
2.00535	842.995	850.9
2.01729	842.823	850.761
2.02923	842.649	850.621
2.04116	842.475	850.48
2.0531	842.3	850.339
2.06504	842.125	850.197
2.07697	841.949	850.054
2.08891	841.772	849.911
2.10085	841.594	849.767
2.11278	841.416	849.622
2.12472	841.237	849.477
2.13666	841.057	849.331
2.14859	840.877	849.185
2.16053	840.696	849.038
2.17246	840.515	848.89
2.1844	840.332	848.742
2.19634	840.149	848.593
2.20827	839.966	848.443
2.22021	839.781	848.293
2.23215	839.596	848.142
2.24408	839.41	847.99
2.25602	839.224	847.838
2.26796	839.037	847.685
2.27989	838.849	847.531
2.29183	838.661	847.377
2.30377	838.471	847.222
2.3157	838.282	847.066
2.32764	838.091	846.91
2.33958	837.9	846.753
2.35151	837.708	846.596
2.36345	837.515	846.437
2.37539	837.322	846.278
2.38732	837.128	846.119
2.39926	836.933	845.959
2.4112	836.738	845.798
2.42313	836.542	845.636
2.43507	836.345	845.474
2.44701	836.147	845.311
2.45894	835.949	845.148
2.47088	835.75	844.984
2.48282	835.551	844.819
2.49475	835.35	844.653
2.50669	835.149	844.487
2.51863	834.948	844.32
2.53056	834.745	844.153
2.5425	834.542	843.984
2.55444	834.339	843.815
2.56637	834.134	843.646
2.57831	833.929	843.476
2.59025	833.723	843.305
2.60218	833.517	843.133
2.61412	833.309	842.961
2.62606	833.101	842.788
2.63799	832.893	842.614
2.64993	832.683	842.44
2.66187	832.473	842.265
2.6738	832.263	842.089
2.68574	832.051	841.913
2.69768	831.839	841.736
2.70961	831.626	841.558
2.72155	831.413	841.38
2.73349	831.199	841.201
2.74542	830.984	841.021
2.75736	830.768	840.84
2.7693	830.552	840.659
2.78123	830.335	840.477
2.79317	830.117	840.295
2.80511	829.899	840.112
2.81704	829.68	839.928
2.82898	829.46	839.743
2.84092	829.239	839.558
2.85285	829.018	839.372
2.86479	828.796	839.185
2.87673	828.574	838.998
2.88866	828.351	838.81
2.9006	828.127	838.621
2.91254	827.902	838.432
2.92447	827.677	838.242
2.93641	827.451	838.051
2.94835	827.224	837.86
2.96028	826.996	837.667
2.97222	826.768	837.475
2.98416	826.54	837.281
2.99609	826.31	837.087
3.00803	826.08	836.892
3.01997	825.849	836.696
3.0319	825.617	836.5
3.04384	825.385	836.303
3.05577	825.152	836.105
3.06771	824.918	835.907
3.07965	824.684	835.707
3.09158	824.449	835.508
3.10352	824.213	835.307
3.11546	823.977	835.106
3.12739	823.74	834.904
3.13933	823.502	834.701
3.15127	823.263	834.498
3.1632	823.024	834.294
3.17514	822.784	834.089
3.18708	822.544	833.884
3.19901	822.302	833.678
3.21095	822.06	833.471
3.22289	821.818	833.264
3.23482	821.574	833.055
3.24676	821.33	832.846
3.2587	821.086	832.637
3.27063	820.84	832.427
3.28257	820.594	832.216
3.29451	820.347	832.004
3.30644	820.1	831.791
3.31838	819.852	831.578
3.33032	819.603	831.365
3.34225	819.354	831.15
3.35419	819.103	830.935
3.36613	818.853	830.719
3.37806	818.601	830.502
3.39	818.349	830.285
3.40194	818.096	830.067
3.41387	817.842	829.848
3.42581	817.588	829.629
3.43775	817.333	829.409
3.44968	817.078	829.188
3.46162	816.822	828.967
3.47356	816.565	828.745
3.48549	816.307	828.522
3.49743	816.049	828.298
3.50937	815.79	828.074
3.5213	815.53	827.849
3.53324	815.27	827.623
3.54518	815.009	827.397
3.55711	814.747	827.17
3.56905	814.485	826.942
3.58099	814.222	826.714
3.59292	813.958	826.484
3.60486	813.694	826.255
3.6168	813.429	826.024
3.62873	813.163	825.793
3.64067	812.897	825.561
3.65261	812.63	825.328
3.66454	812.363	825.095
3.67648	812.094	824.861
3.68842	811.825	824.626
3.70035	811.556	824.391
3.71229	811.286	824.155
3.72423	811.015	823.918
3.73616	810.743	823.68
3.7481	810.471	823.442
3.76004	810.198	823.203
3.77197	809.925	822.964
3.78391	809.65	822.724
3.79585	809.376	822.483
3.80778	809.1	822.241
3.81972	808.824	821.999
3.83166	808.547	821.756
3.84359	808.27	821.512
3.85553	807.992	821.268
3.86747	807.713	821.022
3.8794	807.434	820.777
3.89134	807.154	820.53
3.90327	806.873	820.283
3.91521	806.592	820.035
3.92715	806.31	819.787
3.93908	806.027	819.538
3.95102	805.744	819.288
3.96296	805.461	819.037
3.97489	805.176	818.786
3.98683	804.891	818.534
3.99877	804.605	818.281
4.0107	804.319	818.028
4.02264	804.032	817.774
4.03458	803.744	817.52
4.04651	803.456	817.264
4.05845	803.167	817.008
4.07039	802.878	816.752
4.08232	802.588	816.494
4.09426	802.297	816.236
4.1062	802.006	815.977
4.11813	801.714	815.718
4.13007	801.421	815.458
4.14201	801.128	815.197
4.15394	800.834	814.936
4.16588	800.54	814.674
4.17782	800.245	814.411
4.18975	799.949	814.148
4.20169	799.653	813.884
4.21363	799.356	813.619
4.22556	799.059	813.354
4.2375	798.761	813.088
4.24944	798.462	812.821
4.26137	798.163	812.553
4.27331	797.863	812.285
4.28525	797.563	812.017
4.29718	797.262	811.747
4.30912	796.96	811.477
4.32106	796.658	811.207
4.33299	796.355	810.935
4.34493	796.051	810.663
4.35687	795.747	810.39
4.3688	795.443	810.117
4.38074	795.138	809.843
4.39268	794.832	809.569
4.40461	794.525	809.293
4.41655	794.218	809.017
4.42849	793.911	808.741
4.44042	793.603	808.464
4.45236	793.294	808.186
4.4643	792.985	807.907
4.47623	792.675	807.628
4.48817	792.365	807.348
4.50011	792.054	807.068
4.51204	791.742	806.787
4.52398	791.43	806.505
4.53592	791.117	806.222
4.54785	790.804	805.939
4.55979	790.49	805.656
4.57173	790.176	805.371
4.58366	789.861	805.087
4.5956	789.545	804.801
4.60754	789.229	804.515
4.61947	788.913	804.228
4.63141	788.595	803.94
4.64335	788.278	803.652
4.65528	787.959	803.364
4.66722	787.641	803.074
4.67916	787.321	802.784
4.69109	787.001	802.494
4.70303	786.681	802.203
4.71497	786.36	801.911
4.7269	786.038	801.618
4.73884	785.716	801.325
4.75078	785.393	801.031
4.76271	785.07	800.737
4.77465	784.747	800.442
4.78658	784.422	800.147
4.79852	784.098	799.851
4.81046	783.772	799.554
4.82239	783.446	799.256
4.83433	783.12	798.958
4.84627	782.793	798.66
4.8582	782.466	798.361
4.87014	782.138	798.061
4.88208	781.809	797.76
4.89401	781.481	797.459
4.90595	781.151	797.158
4.91789	780.821	796.856
4.92982	780.491	796.553
4.94176	780.16	796.25
4.9537	779.828	795.946
4.96563	779.496	795.641
4.97757	779.164	795.336
4.98951	778.831	795.03
5.00144	778.497	794.724
5.01338	778.163	794.417
5.02532	777.828	794.109
5.03725	777.493	793.801
5.04919	777.158	793.492
5.06113	776.822	793.183
5.07306	776.485	792.873
5.085	776.149	792.563
5.09694	775.811	792.252
5.10887	775.473	791.94
5.12081	775.135	791.628
5.13275	774.796	791.316
5.14468	774.456	791.002
5.15662	774.117	790.688
5.16856	773.776	790.374
5.18049	773.435	790.059
5.19243	773.094	789.744
5.20437	772.752	789.427
5.2163	772.41	789.111
5.22824	772.067	788.794
5.24018	771.724	788.476
5.25211	771.381	788.158
5.26405	771.037	787.839
5.27599	770.692	787.519
5.28792	770.347	787.199
5.29986	770.002	786.879
5.3118	769.656	786.558
5.32373	769.31	786.236
5.33567	768.963	785.914
5.34761	768.616	785.591
5.35954	768.268	785.268
5.37148	767.92	784.944
5.38342	767.571	784.62
5.39535	767.222	784.295
5.40729	766.873	783.97
5.41923	766.523	783.644
5.43116	766.173	783.317
5.4431	765.822	782.99
5.45504	765.471	782.663
5.46697	765.119	782.335
5.47891	764.767	782.006
5.49085	764.415	781.677
5.50278	764.062	781.348
5.51472	763.709	781.018
5.52666	763.355	780.687
5.53859	763.001	780.356
5.55053	762.647	780.024
5.56247	762.292	779.692
5.5744	761.936	779.36
5.58634	761.581	779.027
5.59828	761.224	778.693
5.61021	760.868	778.359
5.62215	760.511	778.024
5.63408	760.154	777.689
5.64602	759.796	777.353
5.65796	759.438	777.017
5.66989	759.079	776.681
5.68183	758.72	776.344
5.69377	758.361	776.006
5.7057	758.001	775.668
5.71764	757.641	775.329
5.72958	757.281	774.99
5.74151	756.92	774.651
5.75345	756.559	774.311
5.76539	756.197	773.97
5.77732	755.835	773.629
5.78926	755.473	773.288
5.8012	755.11	772.946
5.81313	754.747	772.604
5.82507	754.384	772.261
5.83701	754.02	771.917
5.84894	753.656	771.574
5.86088	753.291	771.229
5.87282	752.926	770.885
5.88475	752.561	770.54
5.89669	752.196	770.194
5.90863	751.83	769.848
5.92056	751.463	769.501
5.9325	751.097	769.154
5.94444	750.73	768.807
5.95637	750.362	768.459
5.96831	749.995	768.111
5.98025	749.627	767.762
5.99218	749.258	767.413
6.00412	748.89	767.063
6.01606	748.521	766.713
6.02799	748.151	766.363
6.03993	747.781	766.012
6.05187	747.411	765.66
6.0638	747.041	765.309
6.07574	746.67	764.956
6.08768	746.299	764.604
6.09961	745.928	764.251
6.11155	745.556	763.897
6.12349	745.184	763.543
6.13542	744.812	763.189
6.14736	744.44	762.834
6.1593	744.067	762.479
6.17123	743.694	762.124
6.18317	743.32	761.768
6.19511	742.946	761.411
6.20704	742.572	761.054
6.21898	742.198	760.697
6.23092	741.823	760.34
6.24285	741.448	759.982
6.25479	741.073	759.623
6.26673	740.697	759.265
6.27866	740.321	758.905
6.2906	739.945	758.546
6.30254	739.568	758.186
6.31447	739.192	757.826
6.32641	738.815	757.465
6.33835	738.437	757.104
6.35028	738.06	756.742
6.36222	737.682	756.381
6.37416	737.304	756.018
6.38609	736.925	755.656
6.39803	736.546	755.293
6.40997	736.167	754.929
6.4219	735.788	754.566
6.43384	735.409	754.202
6.44578	735.029	753.837
6.45771	734.649	753.472
6.46965	734.268	753.107
6.48159	733.888	752.742
6.49352	733.507	752.376
6.50546	733.126	752.01
6.51739	732.745	751.643
6.52933	732.363	751.276
6.54127	731.981	750.909
6.5532	731.599	750.541
6.56514	731.217	750.173
6.57708	730.834	749.805
6.58901	730.451	749.436
6.60095	730.068	749.067
6.61289	729.685	748.698
6.62482	729.302	748.328
6.63676	728.918	747.958
6.6487	728.534	747.588
6.66063	728.15	747.217
6.67257	727.765	746.846
6.68451	727.38	746.475
6.69644	726.996	746.103
6.70838	726.61	745.731
6.72032	726.225	745.359
6.73225	725.839	744.986
6.74419	725.454	744.613
6.75613	725.068	744.24
6.76806	724.681	743.867
6.78	724.295	743.493
6.79194	723.908	743.119
6.80387	723.521	742.744
6.81581	723.134	742.369
6.82775	722.747	741.994
6.83968	722.36	741.619
6.85162	721.972	741.243
6.86356	721.584	740.867
6.87549	721.196	740.491
6.88743	720.808	740.115
6.89937	720.419	739.738
6.9113	720.031	739.361
6.92324	719.642	738.983
6.93518	719.253	738.606
6.94711	718.864	738.228
6.95905	718.474	737.85
6.97099	718.085	737.471
6.98292	717.695	737.092
6.99486	717.305	736.713
7.0068	716.915	736.334
7.01873	716.524	735.954
7.03067	716.134	735.574
7.04261	715.743	735.194
7.05454	715.352	734.814
7.06648	714.961	734.433
7.07842	714.57	734.052
7.09035	714.179	733.671
7.10229	713.787	733.29
7.11423	713.396	732.908
7.12616	713.004	732.526
7.1381	712.612	732.144
7.15004	712.22	731.761
7.16197	711.827	731.379
7.17391	711.435	730.996
7.18585	711.042	730.613
7.19778	710.649	730.229
7.20972	710.256	729.846
7.22166	709.863	729.462
7.23359	709.47	729.078
7.24553	709.077	728.693
7.25747	708.683	728.309
7.2694	708.29	727.924
7.28134	707.896	727.539
7.29328	707.502	727.154
7.30521	707.108	726.768
7.31715	706.714	726.382
7.32909	706.319	725.996
7.34102	705.925	725.61
7.35296	705.53	725.224
7.36489	705.135	724.837
7.37683	704.74	724.45
7.38877	704.345	724.063
7.4007	703.95	723.676
7.41264	703.555	723.289
7.42458	703.16	722.901
7.43651	702.764	722.513
7.44845	702.369	722.125
7.46039	701.973	721.737
7.47232	701.577	721.349
7.48426	701.181	720.96
7.4962	700.785	720.571
7.50813	700.389	720.182
7.52007	699.992	719.793
7.53201	699.596	719.403
7.54394	699.2	719.014
7.55588	698.803	718.624
7.56782	698.406	718.234
7.57975	698.009	717.844
7.59169	697.612	717.454
7.60363	697.215	717.063
7.61556	696.818	716.672
7.6275	696.421	716.282
7.63944	696.024	715.891
7.65137	695.626	715.499
7.66331	695.229	715.108
7.67525	694.831	714.716
7.68718	694.433	714.325
7.69912	694.036	713.933
7.71106	693.638	713.541
7.72299	693.24	713.149
7.73493	692.842	712.756
7.74687	692.444	712.364
7.7588	692.045	711.971
7.77074	691.647	711.578
7.78268	691.249	711.185
7.79461	690.85	710.792
7.80655	690.452	710.399
7.81849	690.053	710.005
7.83042	689.654	709.612
7.84236	689.256	709.218
7.8543	688.857	708.824
7.86623	688.458	708.43
7.87817	688.059	708.036
7.89011	687.66	707.642
7.90204	687.261	707.247
7.91398	686.861	706.852
7.92592	686.462	706.458
7.93785	686.063	706.063
7.94979	685.664	705.668
7.96173	685.264	705.273
7.97366	684.865	704.878
7.9856	684.465	704.482
7.99754	684.066	704.087
8.00947	683.666	703.691
8.02141	683.266	703.295
8.03335	682.866	702.899
8.04528	682.467	702.504
8.05722	682.067	702.107
8.06916	681.667	701.711
8.08109	681.267	701.315
8.09303	680.867	700.918
8.10497	680.467	700.522
8.1169	680.067	700.125
8.12884	679.666	699.728
8.14078	679.266	699.332
8.15271	678.866	698.935
8.16465	678.466	698.537
8.17659	678.065	698.14
8.18852	677.665	697.743
8.20046	677.265	697.346
8.2124	676.864	696.948
8.22433	676.464	696.551
8.23627	676.063	696.153
8.2482	675.663	695.755
8.26014	675.262	695.357
8.27208	674.861	694.959
8.28401	674.461	694.561
8.29595	674.06	694.163
8.30789	673.659	693.765
8.31982	673.259	693.366
8.33176	672.858	692.968
8.3437	672.457	692.57
8.35563	672.056	692.171
8.36757	671.656	691.772
8.37951	671.255	691.374
8.39144	670.854	690.975
8.40338	670.453	690.576
8.41532	670.052	690.177
8.42725	669.651	689.778
8.43919	669.25	689.379
8.45113	668.849	688.98
8.46306	668.448	688.58
8.475	668.047	688.181
8.48694	667.646	687.782
8.49887	667.245	687.382
8.51081	666.844	686.983
8.52275	666.443	686.583
8.53468	666.042	686.184
8.54662	665.641	685.784
8.55856	665.24	685.384
8.57049	664.839	684.984
8.58243	664.438	684.584
8.59437	664.037	684.184
8.6063	663.636	683.784
8.61824	663.235	683.384
8.63018	662.834	682.984
8.64211	662.433	682.584
8.65405	662.032	682.184
8.66599	661.631	681.784
8.67792	661.23	681.383
8.68986	660.829	680.983
8.7018	660.427	680.583
8.71373	660.026	680.182
8.72567	659.625	679.782
8.73761	659.224	679.381
8.74954	658.823	678.981
8.76148	658.422	678.58
8.77342	658.021	678.179
8.78535	657.62	677.779
8.79729	657.219	677.378
8.80923	656.818	676.977
8.82116	656.417	676.577
8.8331	656.016	676.176
8.84504	655.615	675.775
8.85697	655.214	675.374
8.86891	654.813	674.973
8.88085	654.412	674.572
8.89278	654.011	674.171
8.90472	653.61	673.77
8.91666	653.21	673.369
8.92859	652.809	672.968
8.94053	652.408	672.567
8.95247	652.007	672.166
8.9644	651.606	671.765
8.97634	651.205	671.364
8.98828	650.805	670.963
9.00021	650.404	670.561
9.01215	650.003	670.16
9.02409	649.602	669.759
9.03602	649.202	669.358
9.04796	648.801	668.957
9.0599	648.4	668.555
9.07183	648	668.154
9.08377	647.599	667.753
9.0957	647.199	667.352
9.10764	646.798	666.95
9.11958	646.398	666.549
9.13151	645.997	666.148
9.14345	645.597	665.746
9.15539	645.196	665.345
9.16732	644.796	664.944
9.17926	644.396	664.542
9.1912	643.995	664.141
9.20313	643.595	663.74
9.21507	643.195	663.338
9.22701	642.795	662.937
9.23894	642.395	662.536
9.25088	641.994	662.134
9.26282	641.594	661.733
9.27475	641.194	661.332
9.28669	640.794	660.93
9.29863	640.394	660.529
9.31056	639.994	660.128
9.3225	639.594	659.726
9.33444	639.194	659.325
9.34637	638.795	658.924
9.35831	638.395	658.522
9.37025	637.995	658.121
9.38218	637.595	657.72
9.39412	637.196	657.319
9.40606	636.796	656.917
9.41799	636.396	656.516
9.42993	635.997	656.115
9.44187	635.597	655.714
9.4538	635.198	655.312
9.46574	634.799	654.911
9.47768	634.399	654.51
9.48961	634	654.109
9.50155	633.601	653.708
9.51349	633.201	653.307
9.52542	632.802	652.906
9.53736	632.403	652.504
9.5493	632.004	652.103
9.56123	631.605	651.702
9.57317	631.206	651.301
9.58511	630.807	650.9
9.59704	630.408	650.499
9.60898	630.009	650.098
9.62092	629.61	649.697
9.63285	629.212	649.297
9.64479	628.813	648.896
9.65673	628.414	648.495
9.66866	628.016	648.094
9.6806	627.617	647.693
9.69254	627.219	647.292
9.70447	626.82	646.892
9.71641	626.422	646.491
9.72835	626.024	646.09
9.74028	625.626	645.69
9.75222	625.227	645.289
9.76416	624.829	644.889
9.77609	624.431	644.488
9.78803	624.033	644.087
9.79997	623.635	643.687
9.8119	623.237	643.287
9.82384	622.839	642.886
9.83578	622.442	642.486
9.84771	622.044	642.085
9.85965	621.646	641.685
9.87159	621.248	641.285
9.88352	620.851	640.885
9.89546	620.453	640.484
9.9074	620.056	640.084
9.91933	619.659	639.684
9.93127	619.261	639.284
9.94321	618.864	638.884
9.95514	618.467	638.484
9.96708	618.07	638.084
9.97901	617.673	637.684
9.99095	617.276	637.284
10.0029	616.879	636.885
10.0148	616.482	636.485
10.0268	616.085	636.085
10.0387	615.688	635.685
10.0506	615.291	635.286
10.0626	614.895	634.886
10.0745	614.498	634.487
10.0864	614.102	634.087
10.0984	613.705	633.688
10.1103	613.309	633.288
10.1223	612.913	632.889
10.1342	612.516	632.49
10.1461	612.12	632.09
10.1581	611.724	631.691
10.17	611.328	631.292
10.1819	610.932	630.893
10.1939	610.536	630.494
10.2058	610.141	630.095
10.2177	609.745	629.696
10.2297	609.349	629.297
10.2416	608.953	628.898
10.2536	608.558	628.5
10.2655	608.162	628.101
10.2774	607.767	627.702
10.2894	607.372	627.304
10.3013	606.976	626.905
10.3132	606.581	626.506
10.3252	606.186	626.108
10.3371	605.791	625.71
10.3491	605.396	625.311
10.361	605.001	624.913
10.3729	604.606	624.515
10.3849	604.212	624.117
10.3968	603.817	623.718
10.4087	603.422	623.32
10.4207	603.028	622.922
10.4326	602.633	622.524
10.4445	602.239	622.127
10.4565	601.844	621.729
10.4684	601.45	621.331
10.4804	601.056	620.933
10.4923	600.662	620.536
10.5042	600.268	620.138
10.5162	599.874	619.741
10.5281	599.48	619.343
10.54	599.086	618.946
10.552	598.692	618.549
10.5639	598.299	618.151
10.5758	597.905	617.754
10.5878	597.512	617.357
10.5997	597.118	616.96
10.6117	596.725	616.563
10.6236	596.332	616.166
10.6355	595.938	615.769
10.6475	595.545	615.372
10.6594	595.152	614.976
10.6713	594.759	614.579
10.6833	594.366	614.182
10.6952	593.974	613.786
10.7071	593.581	613.389
10.7191	593.188	612.993
10.731	592.796	612.596
10.743	592.403	612.2
10.7549	592.011	611.804
10.7668	591.618	611.408
10.7788	591.226	611.012
10.7907	590.834	610.616
10.8026	590.442	610.22
10.8146	590.05	609.824
10.8265	589.658	609.428
10.8385	589.266	609.033
10.8504	588.874	608.637
10.8623	588.483	608.241
10.8743	588.091	607.846
10.8862	587.699	607.45
10.8981	587.308	607.055
10.9101	586.917	606.66
10.922	586.525	606.265
10.9339	586.134	605.869
10.9459	585.743	605.474
10.9578	585.352	605.079
10.9698	584.961	604.684
10.9817	584.57	604.29
10.9936	584.179	603.895
11.0056	583.789	603.5
11.0175	583.398	603.105
11.0294	583.007	602.711
11.0414	582.617	602.316
11.0533	582.227	601.922
11.0652	581.836	601.528
11.0772	581.446	601.133
11.0891	581.056	600.739
11.1011	580.666	600.345
11.113	580.276	599.951
11.1249	579.886	599.557
11.1369	579.496	599.163
11.1488	579.107	598.769
11.1607	578.717	598.376
11.1727	578.327	597.982
11.1846	577.938	597.588
11.1966	577.549	597.195
11.2085	577.159	596.801
11.2204	576.77	596.408
11.2324	576.381	596.015
11.2443	575.992	595.622
11.2562	575.603	595.229
11.2682	575.214	594.836
11.2801	574.825	594.443
11.292	574.437	594.05
11.304	574.048	593.657
11.3159	573.66	593.264
11.3279	573.271	592.872
11.3398	572.883	592.479
11.3517	572.494	592.086
11.3637	572.106	591.694
11.3756	571.718	591.302
11.3875	571.33	590.91
11.3995	570.942	590.517
11.4114	570.554	590.125
11.4233	570.167	589.733
11.4353	569.779	589.341
11.4472	569.392	588.95
11.4592	569.004	588.558
11.4711	568.617	588.166
11.483	568.229	587.775
11.495	567.842	587.383
11.5069	567.455	586.992
11.5188	567.068	586.6
11.5308	566.681	586.209
11.5427	566.294	585.818
11.5546	565.907	585.427
11.5666	565.521	585.036
11.5785	565.134	584.645
11.5905	564.748	584.254
11.6024	564.361	583.863
11.6143	563.975	583.472
11.6263	563.588	583.082
11.6382	563.202	582.691
11.6501	562.816	582.301
11.6621	562.43	581.91
11.674	562.044	581.52
11.686	561.658	581.13
11.6979	561.273	580.74
11.7098	560.887	580.35
11.7218	560.502	579.96
11.7337	560.116	579.57
11.7456	559.731	579.18
11.7576	559.345	578.791
11.7695	558.96	578.401
11.7814	558.575	578.011
11.7934	558.19	577.622
11.8053	557.805	577.233
11.8173	557.42	576.843
11.8292	557.035	576.454
11.8411	556.651	576.065
11.8531	556.266	575.676
11.865	555.882	575.287
11.8769	555.497	574.898
11.8889	555.113	574.51
11.9008	554.728	574.121
11.9127	554.344	573.732
11.9247	553.96	573.344
11.9366	553.576	572.955
11.9486	553.192	572.567
11.9605	552.808	572.179
11.9724	552.425	571.791
11.9844	552.041	571.403
11.9963	551.657	571.015
12.0082	551.274	570.627
12.0202	550.891	570.239
12.0321	550.507	569.851
12.0441	550.124	569.464
12.056	549.741	569.076
12.0679	549.358	568.689
12.0799	548.975	568.301
12.0918	548.592	567.914
12.1037	548.209	567.527
12.1157	547.826	567.14
12.1276	547.444	566.753
12.1395	547.061	566.366
12.1515	546.679	565.979
12.1634	546.296	565.592
12.1754	545.914	565.205
12.1873	545.532	564.819
12.1992	545.15	564.432
12.2112	544.768	564.046
12.2231	544.386	563.659
12.235	544.004	563.273
12.247	543.622	562.887
12.2589	543.24	562.501
12.2708	542.859	562.115
12.2828	542.477	561.729
12.2947	542.096	561.343
12.3067	541.714	560.957
12.3186	541.333	560.572
12.3305	540.952	560.186
12.3425	540.57	559.801
12.3544	540.189	559.415
12.3663	539.808	559.03
12.3783	539.427	558.645
12.3902	539.047	558.26
12.4021	538.666	557.875
12.4141	538.285	557.49
12.426	537.904	557.105
12.438	537.524	556.72
12.4499	537.143	556.335
12.4618	536.763	555.951
12.4738	536.383	555.566
12.4857	536.003	555.182
12.4976	535.622	554.797
12.5096	535.242	554.413
12.5215	534.862	554.029
12.5335	534.482	553.645
12.5454	534.103	553.261
12.5573	533.723	552.877
12.5693	533.343	552.493
12.5812	532.963	552.109
12.5931	532.584	551.725
12.6051	532.204	551.342
12.617	531.825	550.958
12.6289	531.446	550.575
12.6409	531.066	550.192
12.6528	530.687	549.808
12.6648	530.308	549.425
12.6767	529.929	549.042
12.6886	529.55	548.659
12.7006	529.171	548.276
12.7125	528.792	547.893
12.7244	528.413	547.511
12.7364	528.035	547.128
12.7483	527.656	546.745
12.7602	527.277	546.363
12.7722	526.899	545.98
12.7841	526.52	545.598
12.7961	526.142	545.216
12.808	525.764	544.834
12.8199	525.385	544.452
12.8319	525.007	544.07
12.8438	524.629	543.688
12.8557	524.251	543.306
12.8677	523.873	542.924
12.8796	523.495	542.542
12.8916	523.117	542.161
12.9035	522.739	541.779
12.9154	522.361	541.398
12.9274	521.984	541.016
12.9393	521.606	540.635
12.9512	521.228	540.254
12.9632	520.851	539.873
12.9751	520.473	539.492
12.987	520.096	539.111
12.999	519.718	538.73
13.0109	519.341	538.349
13.0229	518.964	537.968
13.0348	518.587	537.588
13.0467	518.209	537.207
13.0587	517.832	536.826
13.0706	517.455	536.446
13.0825	517.078	536.066
13.0945	516.701	535.685
13.1064	516.324	535.305
13.1183	515.947	534.925
13.1303	515.57	534.545
13.1422	515.193	534.165
13.1542	514.817	533.785
13.1661	514.44	533.405
13.178	514.063	533.026
13.19	513.686	532.646
13.2019	513.31	532.266
13.2138	512.933	531.887
13.2258	512.557	531.507
13.2377	512.18	531.128
13.2496	511.804	530.748
13.2616	511.427	530.369
13.2735	511.051	529.99
13.2855	510.674	529.611
13.2974	510.298	529.232
13.3093	509.922	528.853
13.3213	509.545	528.474
13.3332	509.169	528.095
13.3451	508.793	527.716
13.3571	508.417	527.337
13.369	508.041	526.959
13.381	507.664	526.58
13.3929	507.288	526.202
13.4048	506.912	525.823
13.4168	506.536	525.445
13.4287	506.16	525.066
13.4406	505.784	524.688
13.4526	505.408	524.31
13.4645	505.032	523.932
13.4764	504.656	523.554
13.4884	504.28	523.176
13.5003	503.904	522.798
13.5123	503.528	522.42
13.5242	503.152	522.042
13.5361	502.776	521.664
13.5481	502.4	521.286
13.56	502.024	520.909
13.5719	501.648	520.531
13.5839	501.272	520.153
13.5958	500.896	519.776
13.6077	500.521	519.398
13.6197	500.145	519.021
13.6316	499.769	518.643
13.6436	499.393	518.266
13.6555	499.017	517.889
13.6674	498.641	517.512
13.6794	498.265	517.134
13.6913	497.889	516.757
13.7032	497.513	516.38
13.7152	497.137	516.003
13.7271	496.761	515.626
13.7391	496.385	515.249
13.751	496.01	514.872
13.7629	495.634	514.495
13.7749	495.258	514.119
13.7868	494.882	513.742
13.7987	494.506	513.365
13.8107	494.13	512.988
13.8226	493.753	512.612
13.8345	493.377	512.235
13.8465	493.001	511.859
13.8584	492.625	511.482
13.8704	492.249	511.105
13.8823	491.873	510.729
13.8942	491.497	510.353
13.9062	491.12	509.976
13.9181	490.744	509.6
13.93	490.368	509.223
13.942	489.992	508.847
13.9539	489.615	508.471
13.9658	489.239	508.094
13.9778	488.862	507.718
13.9897	488.486	507.342
14.0017	488.109	506.966
14.0136	487.733	506.59
14.0255	487.356	506.214
14.0375	486.98	505.837
14.0494	486.603	505.461
14.0613	486.226	505.085
14.0733	485.849	504.709
14.0852	485.473	504.333
14.0971	485.096	503.957
14.1091	484.719	503.581
14.121	484.342	503.205
14.133	483.965	502.829
14.1449	483.588	502.453
14.1568	483.211	502.077
14.1688	482.833	501.701
14.1807	482.456	501.325
14.1926	482.079	500.949
14.2046	481.701	500.573
14.2165	481.324	500.197
14.2285	480.946	499.822
14.2404	480.569	499.446
14.2523	480.191	499.07
14.2643	479.813	498.694
14.2762	479.436	498.318
14.2881	479.058	497.942
14.3001	478.68	497.566
14.312	478.302	497.19
14.3239	477.924	496.814
14.3359	477.545	496.438
14.3478	477.167	496.062
14.3598	476.789	495.686
14.3717	476.41	495.31
14.3836	476.032	494.934
14.3956	475.653	494.558
14.4075	475.274	494.182
14.4194	474.896	493.806
14.4314	474.517	493.43
14.4433	474.138	493.054
14.4552	473.759	492.678
14.4672	473.379	492.302
14.4791	473	491.926
14.4911	472.621	491.55
14.503	472.241	491.174
14.5149	471.862	490.798
14.5269	471.482	490.421
14.5388	471.102	490.045
14.5507	470.722	489.669
14.5627	470.342	489.293
14.5746	469.962	488.916
14.5866	469.582	488.54
14.5985	469.202	488.164
14.6104	468.821	487.787
14.6224	468.441	487.411
14.6343	468.06	487.034
14.6462	467.679	486.658
14.6582	467.298	486.281
14.6701	466.917	485.904
14.682	466.536	485.528
14.694	466.155	485.151
14.7059	465.774	484.774
14.7179	465.392	484.397
14.7298	465.011	484.021
14.7417	464.629	483.644
14.7537	464.247	483.267
14.7656	463.865	482.89
14.7775	463.483	482.513
14.7895	463.101	482.135
14.8014	462.718	481.758
14.8133	462.336	481.381
14.8253	461.953	481.004
14.8372	461.57	480.626
14.8492	461.187	480.249
14.8611	460.804	479.871
14.873	460.421	479.494
14.885	460.037	479.116
14.8969	459.654	478.738
14.9088	459.27	478.361
14.9208	458.887	477.983
14.9327	458.503	477.605
14.9446	458.119	477.227
14.9566	457.734	476.849
14.9685	457.35	476.47
14.9805	456.965	476.092
14.9924	456.581	475.714
15.0043	456.196	475.336
15.0163	455.811	474.957
15.0282	455.426	474.578
15.0401	455.04	474.2
15.0521	454.655	473.821
15.064	454.269	473.442
15.076	453.884	473.063
15.0879	453.498	472.684
15.0998	453.112	472.305
15.1118	452.725	471.926
15.1237	452.339	471.547
15.1356	451.952	471.167
15.1476	451.566	470.788
15.1595	451.179	470.408
15.1714	450.792	470.028
15.1834	450.405	469.649
15.1953	450.017	469.269
15.2073	449.63	468.889
15.2192	449.242	468.509
15.2311	448.854	468.128
15.2431	448.466	467.748
15.255	448.078	467.367
15.2669	447.69	466.987
15.2789	447.301	466.606
15.2908	446.912	466.225
15.3027	446.524	465.845
15.3147	446.135	465.464
15.3266	445.745	465.082
15.3386	445.356	464.701
15.3505	444.966	464.32
15.3624	444.577	463.938
15.3744	444.187	463.557
15.3863	443.797	463.175
15.3982	443.407	462.793
15.4102	443.016	462.411
15.4221	442.626	462.029
15.4341	442.235	461.646
15.446	441.844	461.264
15.4579	441.453	460.882
15.4699	441.062	460.499
15.4818	440.67	460.116
15.4937	440.279	459.733
15.5057	439.887	459.35
15.5176	439.495	458.967
15.5295	439.103	458.583
15.5415	438.711	458.2
15.5534	438.318	457.816
15.5654	437.926	457.433
15.5773	437.533	457.049
15.5892	437.14	456.665
15.6012	436.747	456.28
15.6131	436.353	455.896
15.625	435.96	455.512
15.637	435.566	455.127
15.6489	435.172	454.742
15.6608	434.778	454.357
15.6728	434.384	453.972
15.6847	433.99	453.587
15.6967	433.596	453.201
15.7086	433.201	452.816
15.7205	432.806	452.43
15.7325	432.411	452.044
15.7444	432.016	451.658
15.7563	431.621	451.272
15.7683	431.225	450.886
15.7802	430.83	450.499
15.7921	430.434	450.113
15.8041	430.038	449.726
15.816	429.642	449.339
15.828	429.246	448.952
15.8399	428.849	448.564
15.8518	428.453	448.177
15.8638	428.056	447.789
15.8757	427.659	447.401
15.8876	427.262	447.014
15.8996	426.865	446.625
15.9115	426.468	446.237
15.9235	426.07	445.849
15.9354	425.672	445.46
15.9473	425.275	445.071
15.9593	424.877	444.682
15.9712	424.479	444.293
15.9831	424.081	443.904
15.9951	423.682	443.515
16.007	423.284	443.125
16.0189	422.885	442.735
16.0309	422.486	442.345
16.0428	422.088	441.955
16.0548	421.689	441.565
16.0667	421.289	441.175
16.0786	420.89	440.784
16.0906	420.491	440.393
16.1025	420.091	440.002
16.1144	419.692	439.611
16.1264	419.292	439.22
16.1383	418.892	438.828
16.1502	418.492	438.437
16.1622	418.092	438.045
16.1741	417.692	437.653
16.1861	417.291	437.261
16.198	416.891	436.869
16.2099	416.49	436.476
16.2219	416.09	436.083
16.2338	415.689	435.691
16.2457	415.288	435.298
16.2577	414.887	434.905
16.2696	414.486	434.511
16.2816	414.085	434.118
16.2935	413.684	433.724
16.3054	413.283	433.33
16.3174	412.881	432.936
16.3293	412.48	432.542
16.3412	412.078	432.148
16.3532	411.677	431.754
16.3651	411.275	431.359
16.377	410.873	430.964
16.389	410.472	430.569
16.4009	410.07	430.174
16.4129	409.668	429.779
16.4248	409.266	429.384
16.4367	408.864	428.988
16.4487	408.462	428.592
16.4606	408.06	428.196
16.4725	407.658	427.8
16.4845	407.255	427.404
16.4964	406.853	427.008
16.5083	406.451	426.611
16.5203	406.049	426.215
16.5322	405.646	425.818
16.5442	405.244	425.421
16.5561	404.842	425.024
16.568	404.439	424.627
16.58	404.037	424.229
16.5919	403.634	423.832
16.6038	403.232	423.434
16.6158	402.83	423.037
16.6277	402.427	422.639
16.6396	402.025	422.241
16.6516	401.622	421.842
16.6635	401.22	421.444
16.6755	400.818	421.046
16.6874	400.415	420.647
16.6993	400.013	420.248
16.7113	399.611	419.849
16.7232	399.209	419.45
16.7351	398.806	419.051
16.7471	398.404	418.652
16.759	398.002	418.253
16.771	397.6	417.853
16.7829	397.198	417.454
16.7948	396.796	417.054
16.8068	396.394	416.654
16.8187	395.993	416.254
16.8306	395.591	415.855
16.8426	395.189	415.454
16.8545	394.788	415.054
16.8664	394.386	414.654
16.8784	393.985	414.254
16.8903	393.584	413.853
16.9023	393.183	413.452
16.9142	392.782	413.052
16.9261	392.381	412.651
16.9381	391.98	412.25
16.95	391.579	411.849
16.9619	391.179	411.448
16.9739	390.778	411.047
16.9858	390.378	410.646
16.9977	389.978	410.245
17.0097	389.578	409.844
17.0216	389.178	409.442
17.0336	388.778	409.041
17.0455	388.379	408.639
17.0574	387.979	408.238
17.0694	387.58	407.836
17.0813	387.181	407.435
17.0932	386.783	407.033
17.1052	386.384	406.631
17.1171	385.986	406.229
17.1291	385.587	405.828
17.141	385.189	405.426
17.1529	384.792	405.024
17.1649	384.394	404.622
17.1768	383.997	404.22
17.1887	383.6	403.818
17.2007	383.203	403.416
17.2126	382.806	403.014
17.2245	382.41	402.612
17.2365	382.014	402.21
17.2484	381.618	401.809
17.2604	381.222	401.407
17.2723	380.827	401.005
17.2842	380.432	400.603
17.2962	380.037	400.201
17.3081	379.643	399.799
17.32	379.248	399.397
17.332	378.855	398.995
17.3439	378.461	398.593
17.3558	378.068	398.192
17.3678	377.675	397.79
17.3797	377.282	397.388
17.3917	376.89	396.986
17.4036	376.498	396.585
17.4155	376.107	396.183
17.4275	375.715	395.782
17.4394	375.324	395.38
17.4513	374.934	394.979
17.4633	374.544	394.578
17.4752	374.154	394.177
17.4871	373.765	393.776
17.4991	373.376	393.375
17.511	372.987	392.974
17.523	372.599	392.573
17.5349	372.211	392.172
17.5468	371.824	391.771
17.5588	371.437	391.371
17.5707	371.05	390.971
17.5826	370.664	390.57
17.5946	370.279	390.17
17.6065	369.894	389.77
17.6185	369.509	389.37
17.6304	369.125	388.971
17.6423	368.741	388.571
17.6543	368.358	388.172
17.6662	367.975	387.772
17.6781	367.592	387.373
17.6901	367.21	386.974
17.702	366.829	386.576
17.7139	366.448	386.177
17.7259	366.068	385.779
17.7378	365.688	385.381
17.7498	365.309	384.983
17.7617	364.93	384.585
17.7736	364.552	384.187
17.7856	364.174	383.79
17.7975	363.797	383.393
17.8094	363.421	382.996
17.8214	363.045	382.599
17.8333	362.669	382.203
17.8452	362.294	381.806
17.8572	361.92	381.41
17.8691	361.547	381.015
17.8811	361.174	380.619
17.893	360.801	380.224
17.9049	360.429	379.829
17.9169	360.058	379.435
17.9288	359.688	379.04
17.9407	359.318	378.646
17.9527	358.948	378.252
17.9646	358.58	377.859
17.9766	358.212	377.466
17.9885	357.845	377.073
18.0004	357.478	376.68
18.0124	357.112	376.288
18.0243	356.747	375.896
18.0362	356.382	375.505
18.0482	356.018	375.114
18.0601	355.655	374.723
18.072	355.293	374.332
18.084	354.931	373.942
18.0959	354.57	373.552
18.1079	354.21	373.163
18.1198	353.85	372.774
18.1317	353.491	372.386
18.1437	353.133	371.997
18.1556	352.776	371.61
18.1675	352.419	371.222
18.1795	352.063	370.835
18.1914	351.709	370.449
18.2033	351.354	370.062
18.2153	351.001	369.677
18.2272	350.648	369.292
18.2392	350.296	368.907
18.2511	349.945	368.522
18.263	349.595	368.139
18.275	349.246	367.755
18.2869	348.897	367.372
18.2988	348.55	366.99
18.3108	348.203	366.608
18.3227	347.857	366.226
18.3346	347.512	365.845
18.3466	347.167	365.465
18.3585	346.824	365.085
18.3705	346.481	364.706
18.3824	346.14	364.327
18.3943	345.799	363.948
18.4063	345.459	363.57
18.4182	345.12	363.193
18.4301	344.782	362.816
18.4421	344.445	362.44
18.454	344.108	362.065
18.466	343.773	361.69
18.4779	343.438	361.315
18.4898	343.105	360.942
18.5018	342.772	360.568
18.5137	342.441	360.196
18.5256	342.11	359.824
18.5376	341.78	359.452
18.5495	341.452	359.081
18.5614	341.124	358.711
18.5734	340.797	358.342
18.5853	340.471	357.973
18.5973	340.147	357.605
18.6092	339.823	357.237
18.6211	339.5	356.87
18.6331	339.178	356.504
18.645	338.857	356.139
18.6569	338.537	355.774
18.6689	338.219	355.41
18.6808	337.901	355.046
18.6927	337.584	354.683
18.7047	337.269	354.321
18.7166	336.954	353.96
18.7286	336.64	353.599
18.7405	336.328	353.24
18.7524	336.016	352.88
18.7644	335.706	352.522
18.7763	335.397	352.165
18.7882	335.088	351.808
18.8002	334.781	351.452
18.8121	334.475	351.096
18.8241	334.17	350.742
18.836	333.866	350.388
18.8479	333.563	350.035
18.8599	333.261	349.683
18.8718	332.961	349.332
18.8837	332.661	348.981
18.8957	332.363	348.631
18.9076	332.065	348.282
18.9195	331.769	347.934
18.9315	331.474	347.587
18.9434	331.18	347.241
18.9554	330.888	346.895
18.9673	330.596	346.551
18.9792	330.305	346.207
18.9912	330.016	345.864
19.0031	329.728	345.522
19.015	329.441	345.181
19.027	329.155	344.841
19.0389	328.87	344.501
19.0508	328.587	344.163
19.0628	328.304	343.825
19.0747	328.023	343.489
19.0867	327.743	343.153
19.0986	327.464	342.818
19.1105	327.187	342.484
19.1225	326.91	342.151
19.1344	326.635	341.82
19.1463	326.361	341.489
19.1583	326.088	341.159
19.1702	325.817	340.829
19.1821	325.546	340.501
19.1941	325.277	340.174
19.206	325.009	339.848
19.218	324.742	339.523
19.2299	324.477	339.199
19.2418	324.212	338.876
19.2538	323.949	338.554
19.2657	323.687	338.232
19.2776	323.427	337.912
19.2896	323.167	337.593
19.3015	322.909	337.275
19.3135	322.652	336.958
19.3254	322.396	336.642
19.3373	322.142	336.327
19.3493	321.889	336.013
19.3612	321.637	335.701
19.3731	321.386	335.389
19.3851	321.137	335.078
19.397	320.888	334.768
19.4089	320.641	334.46
19.4209	320.396	334.152
19.4328	320.151	333.846
19.4448	319.908	333.541
19.4567	319.666	333.237
19.4686	319.426	332.933
19.4806	319.186	332.632
19.4925	318.948	332.331
19.5044	318.711	332.031
19.5164	318.476	331.732
19.5283	318.241	331.435
19.5402	318.008	331.138
19.5522	317.777	330.843
19.5641	317.546	330.549
19.5761	317.317	330.256
19.588	317.089	329.964
19.5999	316.862	329.674
19.6119	316.637	329.384
19.6238	316.413	329.096
19.6357	316.19	328.809
19.6477	315.969	328.523
19.6596	315.748	328.238
19.6716	315.529	327.954
19.6835	315.312	327.672
19.6954	315.095	327.39
19.7074	314.88	327.11
19.7193	314.666	326.832
19.7312	314.454	326.554
19.7432	314.243	326.277
19.7551	314.033	326.002
19.767	313.824	325.728
19.779	313.617	325.455
19.7909	313.41	325.183
19.8029	313.206	324.913
19.8148	313.002	324.644
19.8267	312.8	324.376
19.8387	312.599	324.109
19.8506	312.399	323.844
19.8625	312.201	323.579
19.8745	312.004	323.316
19.8864	311.808	323.054
19.8983	311.613	322.794
19.9103	311.42	322.535
19.9222	311.228	322.276
19.9342	311.037	322.02
19.9461	310.848	321.764
19.958	310.659	321.51
19.97	310.472	321.257
19.9819	310.287	321.005
19.9938	310.102	320.754
20.0058	309.919	320.505
20.0177	309.737	320.257
20.0296	309.557	320.01
20.0416	309.378	319.765
20.0535	309.2	319.521
20.0655	309.023	319.278
20.0774	308.847	319.036
20.0893	308.673	318.796
20.1013	308.5	318.557
20.1132	308.328	318.319
20.1251	308.158	318.083
20.1371	307.988	317.847
20.149	307.82	317.613
20.161	307.653	317.381
20.1729	307.488	317.149
20.1848	307.324	316.919
20.1968	307.161	316.691
20.2087	306.999	316.463
20.2206	306.838	316.237
20.2326	306.679	316.012
20.2445	306.521	315.789
20.2564	306.364	315.566
20.2684	306.208	315.345
20.2803	306.054	315.126
20.2923	305.9	314.907
20.3042	305.748	314.69
20.3161	305.597	314.474
20.3281	305.448	314.26
20.34	305.299	314.047
20.3519	305.152	313.835
20.3639	305.006	313.624
20.3758	304.861	313.415
20.3877	304.718	313.207
20.3997	304.575	313
20.4116	304.434	312.795
20.4236	304.294	312.591
20.4355	304.155	312.388
20.4474	304.017	312.187
20.4594	303.88	311.986
20.4713	303.745	311.788
20.4832	303.611	311.59
20.4952	303.478	311.394
20.5071	303.346	311.199
20.5191	303.215	311.005
20.531	303.085	310.813
20.5429	302.957	310.622
20.5549	302.83	310.432
20.5668	302.703	310.243
20.5787	302.578	310.056
20.5907	302.454	309.87
20.6026	302.331	309.685
20.6145	302.21	309.502
20.6265	302.089	309.32
20.6384	301.969	309.139
20.6504	301.851	308.96
20.6623	301.734	308.782
20.6742	301.618	308.605
20.6862	301.502	308.429
20.6981	301.388	308.255
20.71	301.275	308.081
20.722	301.164	307.91
20.7339	301.053	307.739
20.7458	300.943	307.57
20.7578	300.834	307.402
20.7697	300.727	307.235
20.7817	300.62	307.07
20.7936	300.515	306.905
20.8055	300.41	306.742
20.8175	300.307	306.581
20.8294	300.204	306.42
20.8413	300.103	306.261
20.8533	300.003	306.103
20.8652	299.903	305.946
20.8771	299.805	305.791
20.8891	299.708	305.637
20.901	299.611	305.484
20.913	299.516	305.332
20.9249	299.422	305.181
20.9368	299.328	305.032
20.9488	299.236	304.884
20.9607	299.145	304.737
20.9726	299.054	304.591
20.9846	298.965	304.447
20.9965	298.876	304.304
21.0085	298.789	304.162
21.0204	298.702	304.021
21.0323	298.617	303.881
21.0443	298.532	303.743
21.0562	298.448	303.606
21.0681	298.365	303.47
21.0801	298.283	303.335
21.092	298.202	303.201
21.1039	298.122	303.069
21.1159	298.043	302.938
21.1278	297.965	302.807
21.1398	297.887	302.678
21.1517	297.811	302.551
21.1636	297.735	302.424
21.1756	297.661	302.299
21.1875	297.587	302.174
21.1994	297.514	302.051
21.2114	297.442	301.929
21.2233	297.37	301.808
21.2352	297.3	301.688
21.2472	297.23	301.57
21.2591	297.161	301.452
21.2711	297.093	301.336
21.283	297.026	301.221
21.2949	296.96	301.106
21.3069	296.895	300.993
21.3188	296.83	300.881
21.3307	296.766	300.77
21.3427	296.703	300.661
21.3546	296.641	300.552
21.3666	296.579	300.444
21.3785	296.518	300.338
21.3904	296.458	300.232
21.4024	296.399	300.128
21.4143	296.341	300.025
21.4262	296.283	299.922
21.4382	296.226	299.821
21.4501	296.17	299.721
21.462	296.114	299.622
21.474	296.06	299.524
21.4859	296.006	299.427
21.4979	295.952	299.331
21.5098	295.9	299.236
21.5217	295.848	299.142
21.5337	295.797	299.049
21.5456	295.746	298.957
21.5575	295.697	298.866
21.5695	295.647	298.776
21.5814	295.599	298.687
21.5933	295.551	298.599
21.6053	295.504	298.512
21.6172	295.458	298.426
21.6292	295.412	298.34
21.6411	295.367	298.256
21.653	295.322	298.173
21.665	295.279	298.091
21.6769	295.235	298.01
21.6888	295.193	297.929
21.7008	295.151	297.85
21.7127	295.109	297.771
21.7246	295.069	297.694
21.7366	295.028	297.617
21.7485	294.989	297.541
21.7605	294.95	297.466
21.7724	294.912	297.392
21.7843	294.874	297.319
21.7963	294.836	297.247
21.8082	294.8	297.176
21.8201	294.764	297.105
21.8321	294.728	297.036
21.844	294.693	296.967
21.856	294.659	296.899
21.8679	294.625	296.832
21.8798	294.591	296.766
21.8918	294.558	296.701
21.9037	294.526	296.636
21.9156	294.494	296.572
21.9276	294.463	296.51
21.9395	294.432	296.447
21.9514	294.402	296.386
21.9634	294.372	296.326
21.9753	294.343	296.266
21.9873	294.314	296.207
21.9992	294.285	296.149
22.0111	294.258	296.092
22.0231	294.23	296.035
22.035	294.203	295.98
22.0469	294.177	295.924
22.0589	294.151	295.87
22.0708	294.125	295.817
22.0827	294.1	295.764
22.0947	294.075	295.712
22.1066	294.051	295.661
22.1186	294.027	295.61
22.1305	294.003	295.56
22.1424	293.98	295.511
22.1544	293.958	295.462
22.1663	293.936	295.415
22.1782	293.914	295.367
22.1902	293.892	295.321
22.2021	293.871	295.275
22.2141	293.851	295.23
22.226	293.83	295.186
22.2379	293.81	295.142
22.2499	293.791	295.099
22.2618	293.772	295.056
22.2737	293.753	295.015
22.2857	293.734	294.973
22.2976	293.716	294.933
22.3095	293.699	294.893
22.3215	293.681	294.854
22.3334	293.664	294.815
22.3454	293.647	294.777
22.3573	293.631	294.739
22.3692	293.615	294.702
22.3812	293.599	294.666
22.3931	293.584	294.63
22.405	293.568	294.595
22.417	293.554	294.561
22.4289	293.539	294.527
22.4408	293.525	294.493
22.4528	293.511	294.46
22.4647	293.497	294.428
22.4767	293.484	294.396
22.4886	293.471	294.365
22.5005	293.458	294.334
22.5125	293.445	294.304
22.5244	293.433	294.274
22.5363	293.421	294.245
22.5483	293.409	294.216
22.5602	293.398	294.188
22.5721	293.387	294.16
22.5841	293.376	294.133
22.596	293.365	294.106
22.608	293.354	294.08
22.6199	293.344	294.054
22.6318	293.334	294.028
22.6438	293.324	294.004
22.6557	293.315	293.979
22.6676	293.305	293.955
22.6796	293.296	293.932
22.6915	293.287	293.908
22.7035	293.278	293.886
22.7154	293.27	293.863
22.7273	293.262	293.842
22.7393	293.253	293.82
22.7512	293.246	293.799
22.7631	293.238	293.779
22.7751	293.23	293.758
22.787	293.223	293.739
22.7989	293.216	293.719
22.8109	293.209	293.7
22.8228	293.202	293.681
22.8348	293.195	293.663
22.8467	293.189	293.645
22.8586	293.182	293.628
22.8706	293.176	293.61
22.8825	293.17	293.594
22.8944	293.165	293.577
22.9064	293.159	293.561
22.9183	293.153	293.545
22.9302	293.148	293.53
22.9422	293.143	293.515
22.9541	293.138	293.5
22.9661	293.133	293.485
22.978	293.128	293.471
22.9899	293.123	293.457
23.0019	293.119	293.444
23.0138	293.114	293.43
23.0257	293.11	293.417
23.0377	293.106	293.405
23.0496	293.102	293.392
23.0616	293.098	293.38
23.0735	293.094	293.368
23.0854	293.09	293.357
23.0974	293.087	293.346
23.1093	293.083	293.335
23.1212	293.08	293.324
23.1332	293.077	293.313
23.1451	293.073	293.303
23.157	293.07	293.293
23.169	293.067	293.283
23.1809	293.065	293.274
23.1929	293.062	293.264
23.2048	293.059	293.255
23.2167	293.057	293.247
23.2287	293.054	293.238
23.2406	293.052	293.23
23.2525	293.049	293.222
23.2645	293.047	293.214
23.2764	293.045	293.206
23.2883	293.043	293.198
23.3003	293.041	293.191
23.3122	293.039	293.184
23.3242	293.037	293.177
23.3361	293.035	293.17
23.348	293.033	293.164
23.36	293.032	293.157
23.3719	293.03	293.151
23.3838	293.028	293.145
23.3958	293.027	293.139
23.4077	293.025	293.134
23.4196	293.024	293.128
23.4316	293.023	293.123
23.4435	293.021	293.117
23.4555	293.02	293.112
23.4674	293.019	293.108
23.4793	293.018	293.103
23.4913	293.017	293.098
23.5032	293.016	293.094
23.5151	293.015	293.09
23.5271	293.014	293.085
23.539	293.013	293.081
23.551	293.012	293.077
23.5629	293.011	293.074
23.5748	293.01	293.07
23.5868	293.01	293.067
23.5987	293.009	293.063
23.6106	293.008	293.06
23.6226	293.008	293.057
23.6345	293.007	293.054
23.6464	293.006	293.051
23.6584	293.006	293.048
23.6703	293.005	293.045
23.6823	293.005	293.043
23.6942	293.004	293.04
23.7061	293.004	293.038
23.7181	293.004	293.035
23.73	293.003	293.033
23.7419	293.003	293.031
23.7539	293.003	293.029
23.7658	293.002	293.027
23.7777	293.002	293.026
23.7897	293.002	293.024
23.8016	293.001	293.022
23.8136	293.001	293.021
23.8255	293.001	293.02
23.8374	293.001	293.019
23.8494	293.001	293.018
23.8613	293	293.018
23.8732	293	293.018
