0	785.522	785.537
0.0119366	785.503	785.518
0.0238732	785.445	785.46
0.0358099	785.352	785.365
0.0477465	785.224	785.236
0.0596831	785.065	785.076
0.0716197	784.879	784.889
0.0835563	784.67	784.678
0.095493	784.441	784.447
0.10743	784.195	784.201
0.119366	783.937	783.942
0.131303	783.669	783.673
0.143239	783.393	783.396
0.155176	783.112	783.114
0.167113	782.826	782.828
0.179049	782.537	782.539
0.190986	782.246	782.247
0.202923	781.953	781.955
0.214859	781.659	781.66
0.226796	781.364	781.365
0.238732	781.069	781.07
0.250669	780.772	780.773
0.262606	780.475	780.476
0.274542	780.178	780.179
0.286479	779.88	779.881
0.298416	779.581	779.582
0.310352	779.282	779.283
0.322289	778.983	778.984
0.334225	778.683	778.684
0.346162	778.383	778.383
0.358099	778.082	778.083
0.370035	777.781	777.781
0.381972	777.479	777.48
0.393908	777.177	777.178
0.405845	776.874	776.875
0.417782	776.571	776.572
0.429718	776.268	776.269
0.441655	775.964	775.965
0.453592	775.66	775.66
0.465528	775.355	775.356
0.477465	775.05	775.05
0.489401	774.744	774.745
0.501338	774.438	774.439
0.513275	774.131	774.132
0.525211	773.824	773.825
0.537148	773.517	773.518
0.549085	773.209	773.21
0.561021	772.901	772.902
0.572958	772.592	772.593
0.584894	772.283	772.284
0.596831	771.974	771.975
0.608768	771.664	771.665
0.620704	771.354	771.354
0.632641	771.043	771.044
0.644578	770.732	770.732
0.656514	770.42	770.421
0.668451	770.108	770.109
0.680387	769.796	769.796
0.692324	769.483	769.483
0.704261	769.169	769.17
0.716197	768.856	768.856
0.728134	768.542	768.542
0.74007	768.227	768.228
0.752007	767.912	767.913
0.763944	767.597	767.598
0.77588	767.281	767.282
0.787817	766.965	766.966
0.799754	766.648	766.649
0.81169	766.331	766.332
0.823627	766.014	766.015
0.835563	765.696	765.697
0.8475	765.378	765.379
0.859437	765.06	765.06
0.871373	764.741	764.741
0.88331	764.421	764.422
0.895247	764.102	764.102
0.907183	763.781	763.782
0.91912	763.461	763.462
0.931056	763.14	763.141
0.942993	762.819	762.819
0.95493	762.497	762.498
0.966866	762.175	762.176
0.978803	761.852	761.853
0.99074	761.529	761.53
1.00268	761.206	761.207
1.01461	760.883	760.883
1.02655	760.558	760.559
1.03849	760.234	760.235
1.05042	759.909	759.91
1.06236	759.584	759.585
1.0743	759.259	759.259
1.08623	758.933	758.933
1.09817	758.606	758.607
1.11011	758.28	758.281
1.12204	757.953	757.954
1.13398	757.625	757.626
1.14592	757.298	757.298
1.15785	756.969	756.97
1.16979	756.641	756.642
1.18173	756.312	756.313
1.19366	755.983	755.984
1.2056	755.653	755.654
1.21754	755.323	755.324
1.22947	754.993	754.994
1.24141	754.662	754.663
1.25335	754.331	754.332
1.26528	754	754
1.27722	753.668	753.669
1.28916	753.336	753.337
1.30109	753.003	753.004
1.31303	752.67	752.671
1.32496	752.337	752.338
1.3369	752.004	752.005
1.34884	751.67	751.671
1.36077	751.336	751.337
1.37271	751.001	751.002
1.38465	750.666	750.667
1.39658	750.331	750.332
1.40852	749.995	749.996
1.42046	749.659	749.66
1.43239	749.323	749.324
1.44433	748.987	748.987
1.45627	748.65	748.65
1.4682	748.312	748.313
1.48014	747.975	747.976
1.49208	747.637	747.638
1.50401	747.298	747.299
1.51595	746.96	746.961
1.52789	746.621	746.622
1.53982	746.282	746.282
1.55176	745.942	745.943
1.5637	745.602	745.603
1.57563	745.262	745.263
1.58757	744.921	744.922
1.59951	744.58	744.581
1.61144	744.239	744.24
1.62338	743.898	743.898
1.63532	743.556	743.557
1.64725	743.214	743.214
1.65919	742.871	742.872
1.67113	742.528	742.529
1.68306	742.185	742.186
1.695	741.842	741.843
1.70694	741.498	741.499
1.71887	741.154	741.155
1.73081	740.81	740.81
1.74275	740.465	740.466
1.75468	740.12	740.121
1.76662	739.775	739.776
1.77856	739.429	739.43
1.79049	739.083	739.084
1.80243	738.737	738.738
1.81437	738.391	738.392
1.8263	738.044	738.045
1.83824	737.697	737.698
1.85018	737.35	737.35
1.86211	737.002	737.003
1.87405	736.654	736.655
1.88599	736.306	736.307
1.89792	735.957	735.958
1.90986	735.608	735.609
1.9218	735.259	735.26
1.93373	734.91	734.911
1.94567	734.56	734.561
1.95761	734.21	734.211
1.96954	733.86	733.861
1.98148	733.51	733.51
1.99342	733.159	733.16
2.00535	732.808	732.809
2.01729	732.456	732.457
2.02923	732.105	732.106
2.04116	731.753	731.754
2.0531	731.401	731.402
2.06504	731.048	731.049
2.07697	730.696	730.696
2.08891	730.343	730.343
2.10085	729.989	729.99
2.11278	729.636	729.637
2.12472	729.282	729.283
2.13666	728.928	728.929
2.14859	728.574	728.574
2.16053	728.219	728.22
2.17246	727.864	727.865
2.1844	727.509	727.51
2.19634	727.154	727.155
2.20827	726.798	726.799
2.22021	726.442	726.443
2.23215	726.086	726.087
2.24408	725.73	725.731
2.25602	725.373	725.374
2.26796	725.016	725.017
2.27989	724.659	724.66
2.29183	724.302	724.303
2.30377	723.944	723.945
2.3157	723.586	723.587
2.32764	723.228	723.229
2.33958	722.87	722.871
2.35151	722.511	722.512
2.36345	722.153	722.153
2.37539	721.794	721.794
2.38732	721.434	721.435
2.39926	721.075	721.075
2.4112	720.715	720.716
2.42313	720.355	720.356
2.43507	719.995	719.995
2.44701	719.634	719.635
2.45894	719.273	719.274
2.47088	718.913	718.913
2.48282	718.551	718.552
2.49475	718.19	718.191
2.50669	717.828	717.829
2.51863	717.467	717.467
2.53056	717.104	717.105
2.5425	716.742	716.743
2.55444	716.38	716.38
2.56637	716.017	716.018
2.57831	715.654	715.655
2.59025	715.291	715.292
2.60218	714.927	714.928
2.61412	714.564	714.565
2.62606	714.2	714.201
2.63799	713.836	713.837
2.64993	713.472	713.473
2.66187	713.107	713.108
2.6738	712.743	712.744
2.68574	712.378	712.379
2.69768	712.013	712.014
2.70961	711.648	711.648
2.72155	711.282	711.283
2.73349	710.916	710.917
2.74542	710.55	710.551
2.75736	710.184	710.185
2.7693	709.818	709.819
2.78123	709.452	709.452
2.79317	709.085	709.086
2.80511	708.718	708.719
2.81704	708.351	708.352
2.82898	707.984	707.985
2.84092	707.616	707.617
2.85285	707.249	707.249
2.86479	706.881	706.882
2.87673	706.513	706.514
2.88866	706.145	706.145
2.9006	705.776	705.777
2.91254	705.408	705.408
2.92447	705.039	705.04
2.93641	704.67	704.671
2.94835	704.301	704.302
2.96028	703.931	703.932
2.97222	703.562	703.563
2.98416	703.192	703.193
2.99609	702.822	702.823
3.00803	702.452	702.453
3.01997	702.082	702.083
3.0319	701.712	701.713
3.04384	701.341	701.342
3.05577	700.971	700.971
3.06771	700.6	700.6
3.07965	700.229	700.229
3.09158	699.857	699.858
3.10352	699.486	699.487
3.11546	699.114	699.115
3.12739	698.743	698.743
3.13933	698.371	698.372
3.15127	697.999	697.999
3.1632	697.626	697.627
3.17514	697.254	697.255
3.18708	696.882	696.882
3.19901	696.509	696.51
3.21095	696.136	696.137
3.22289	695.763	695.764
3.23482	695.39	695.391
3.24676	695.016	695.017
3.2587	694.643	694.644
3.27063	694.269	694.27
3.28257	693.895	693.896
3.29451	693.522	693.522
3.30644	693.147	693.148
3.31838	692.773	692.774
3.33032	692.399	692.4
3.34225	692.024	692.025
3.35419	691.65	691.65
3.36613	691.275	691.276
3.37806	690.9	690.901
3.39	690.525	690.526
3.40194	690.149	690.15
3.41387	689.774	689.775
3.42581	689.399	689.399
3.43775	689.023	689.024
3.44968	688.647	688.648
3.46162	688.271	688.272
3.47356	687.895	687.896
3.48549	687.519	687.52
3.49743	687.142	687.143
3.50937	686.766	686.767
3.5213	686.389	686.39
3.53324	686.013	686.013
3.54518	685.636	685.637
3.55711	685.259	685.26
3.56905	684.882	684.882
3.58099	684.504	684.505
3.59292	684.127	684.128
3.60486	683.75	683.75
3.6168	683.372	683.373
3.62873	682.994	682.995
3.64067	682.616	682.617
3.65261	682.238	682.239
3.66454	681.86	681.861
3.67648	681.482	681.483
3.68842	681.104	681.104
3.70035	680.725	680.726
3.71229	680.347	680.347
3.72423	679.968	679.969
3.73616	679.589	679.59
3.7481	679.21	679.211
3.76004	678.831	678.832
3.77197	678.452	678.453
3.78391	678.073	678.074
3.79585	677.693	677.694
3.80778	677.314	677.315
3.81972	676.934	676.935
3.83166	676.555	676.555
3.84359	676.175	676.176
3.85553	675.795	675.796
3.86747	675.415	675.416
3.8794	675.035	675.036
3.89134	674.655	674.655
3.90327	674.274	674.275
3.91521	673.894	673.895
3.92715	673.513	673.514
3.93908	673.133	673.134
3.95102	672.752	672.753
3.96296	672.371	672.372
3.97489	671.99	671.991
3.98683	671.609	671.61
3.99877	671.228	671.229
4.0107	670.847	670.848
4.02264	670.466	670.467
4.03458	670.084	670.085
4.04651	669.703	669.704
4.05845	669.321	669.322
4.07039	668.94	668.941
4.08232	668.558	668.559
4.09426	668.176	668.177
4.1062	667.794	667.795
4.11813	667.412	667.413
4.13007	667.03	667.031
4.14201	666.648	666.649
4.15394	666.266	666.267
4.16588	665.883	665.884
4.17782	665.501	665.502
4.18975	665.119	665.119
4.20169	664.736	664.737
4.21363	664.353	664.354
4.22556	663.971	663.971
4.2375	663.588	663.589
4.24944	663.205	663.206
4.26137	662.822	662.823
4.27331	662.439	662.44
4.28525	662.056	662.056
4.29718	661.672	661.673
4.30912	661.289	661.29
4.32106	660.906	660.907
4.33299	660.522	660.523
4.34493	660.139	660.14
4.35687	659.755	659.756
4.3688	659.372	659.373
4.38074	658.988	658.989
4.39268	658.604	658.605
4.40461	658.22	658.221
4.41655	657.837	657.837
4.42849	657.453	657.453
4.44042	657.068	657.069
4.45236	656.684	656.685
4.4643	656.3	656.301
4.47623	655.916	655.917
4.48817	655.532	655.532
4.50011	655.147	655.148
4.51204	654.763	654.764
4.52398	654.378	654.379
4.53592	653.994	653.995
4.54785	653.609	653.61
4.55979	653.225	653.225
4.57173	652.84	652.841
4.58366	652.455	652.456
4.5956	652.07	652.071
4.60754	651.685	651.686
4.61947	651.3	651.301
4.63141	650.915	650.916
4.64335	650.53	650.531
4.65528	650.145	650.146
4.66722	649.76	649.761
4.67916	649.375	649.376
4.69109	648.99	648.99
4.70303	648.604	648.605
4.71497	648.219	648.22
4.7269	647.833	647.834
4.73884	647.448	647.449
4.75078	647.062	647.063
4.76271	646.677	646.678
4.77465	646.291	646.292
4.78658	645.906	645.906
4.79852	645.52	645.521
4.81046	645.134	645.135
4.82239	644.748	644.749
4.83433	644.362	644.363
4.84627	643.976	643.977
4.8582	643.59	643.591
4.87014	643.205	643.205
4.88208	642.818	642.819
4.89401	642.432	642.433
4.90595	642.046	642.047
4.91789	641.66	641.661
4.92982	641.274	641.275
4.94176	640.888	640.888
4.9537	640.501	640.502
4.96563	640.115	640.116
4.97757	639.729	639.73
4.98951	639.342	639.343
5.00144	638.956	638.957
5.01338	638.569	638.57
5.02532	638.183	638.184
5.03725	637.796	637.797
5.04919	637.41	637.411
5.06113	637.023	637.024
5.07306	636.637	636.637
5.085	636.25	636.251
5.09694	635.863	635.864
5.10887	635.476	635.477
5.12081	635.09	635.09
5.13275	634.703	634.704
5.14468	634.316	634.317
5.15662	633.929	633.93
5.16856	633.542	633.543
5.18049	633.155	633.156
5.19243	632.768	632.769
5.20437	632.381	632.382
5.2163	631.994	631.995
5.22824	631.607	631.608
5.24018	631.22	631.221
5.25211	630.833	630.834
5.26405	630.446	630.447
5.27599	630.059	630.059
5.28792	629.671	629.672
5.29986	629.284	629.285
5.3118	628.897	628.898
5.32373	628.51	628.51
5.33567	628.122	628.123
5.34761	627.735	627.736
5.35954	627.348	627.349
5.37148	626.96	626.961
5.38342	626.573	626.574
5.39535	626.186	626.186
5.40729	625.798	625.799
5.41923	625.411	625.411
5.43116	625.023	625.024
5.4431	624.636	624.636
5.45504	624.248	624.249
5.46697	623.861	623.861
5.47891	623.473	623.474
5.49085	623.085	623.086
5.50278	622.698	622.699
5.51472	622.31	622.311
5.52666	621.923	621.923
5.53859	621.535	621.536
5.55053	621.147	621.148
5.56247	620.76	620.76
5.5744	620.372	620.373
5.58634	619.984	619.985
5.59828	619.596	619.597
5.61021	619.209	619.209
5.62215	618.821	618.822
5.63408	618.433	618.434
5.64602	618.045	618.046
5.65796	617.657	617.658
5.66989	617.269	617.27
5.68183	616.882	616.882
5.69377	616.494	616.495
5.7057	616.106	616.107
5.71764	615.718	615.719
5.72958	615.33	615.331
5.74151	614.942	614.943
5.75345	614.554	614.555
5.76539	614.166	614.167
5.77732	613.778	613.779
5.78926	613.39	613.391
5.8012	613.002	613.003
5.81313	612.614	612.615
5.82507	612.226	612.227
5.83701	611.838	611.839
5.84894	611.45	611.451
5.86088	611.062	611.063
5.87282	610.674	610.675
5.88475	610.286	610.287
5.89669	609.898	609.899
5.90863	609.51	609.511
5.92056	609.122	609.122
5.9325	608.734	608.734
5.94444	608.345	608.346
5.95637	607.957	607.958
5.96831	607.569	607.57
5.98025	607.181	607.182
5.99218	606.793	606.794
6.00412	606.405	606.405
6.01606	606.016	606.017
6.02799	605.628	605.629
6.03993	605.24	605.241
6.05187	604.852	604.853
6.0638	604.464	604.464
6.07574	604.075	604.076
6.08768	603.687	603.688
6.09961	603.299	603.3
6.11155	602.911	602.912
6.12349	602.523	602.523
6.13542	602.134	602.135
6.14736	601.746	601.747
6.1593	601.358	601.359
6.17123	600.969	600.97
6.18317	600.581	600.582
6.19511	600.193	600.194
6.20704	599.805	599.805
6.21898	599.416	599.417
6.23092	599.028	599.029
6.24285	598.64	598.64
6.25479	598.251	598.252
6.26673	597.863	597.864
6.27866	597.475	597.476
6.2906	597.086	597.087
6.30254	596.698	596.699
6.31447	596.31	596.311
6.32641	595.921	595.922
6.33835	595.533	595.534
6.35028	595.145	595.145
6.36222	594.756	594.757
6.37416	594.368	594.369
6.38609	593.98	593.98
6.39803	593.591	593.592
6.40997	593.203	593.204
6.4219	592.814	592.815
6.43384	592.426	592.427
6.44578	592.038	592.038
6.45771	591.649	591.65
6.46965	591.261	591.262
6.48159	590.872	590.873
6.49352	590.484	590.485
6.50546	590.096	590.096
6.51739	589.707	589.708
6.52933	589.319	589.32
6.54127	588.93	588.931
6.5532	588.542	588.543
6.56514	588.153	588.154
6.57708	587.765	587.766
6.58901	587.377	587.377
6.60095	586.988	586.989
6.61289	586.6	586.601
6.62482	586.211	586.212
6.63676	585.823	585.824
6.6487	585.434	585.435
6.66063	585.046	585.047
6.67257	584.657	584.658
6.68451	584.269	584.27
6.69644	583.88	583.881
6.70838	583.492	583.493
6.72032	583.103	583.104
6.73225	582.715	582.716
6.74419	582.326	582.327
6.75613	581.938	581.939
6.76806	581.549	581.55
6.78	581.161	581.162
6.79194	580.772	580.773
6.80387	580.384	580.385
6.81581	579.995	579.996
6.82775	579.607	579.608
6.83968	579.218	579.219
6.85162	578.83	578.831
6.86356	578.441	578.442
6.87549	578.053	578.054
6.88743	577.664	577.665
6.89937	577.276	577.276
6.9113	576.887	576.888
6.92324	576.499	576.499
6.93518	576.11	576.111
6.94711	575.721	575.722
6.95905	575.333	575.334
6.97099	574.944	574.945
6.98292	574.556	574.556
6.99486	574.167	574.168
7.0068	573.778	573.779
7.01873	573.39	573.391
7.03067	573.001	573.002
7.04261	572.613	572.613
7.05454	572.224	572.225
7.06648	571.835	571.836
7.07842	571.447	571.448
7.09035	571.058	571.059
7.10229	570.669	570.67
7.11423	570.281	570.282
7.12616	569.892	569.893
7.1381	569.503	569.504
7.15004	569.115	569.116
7.16197	568.726	568.727
7.17391	568.337	568.338
7.18585	567.949	567.949
7.19778	567.56	567.561
7.20972	567.171	567.172
7.22166	566.783	566.783
7.23359	566.394	566.395
7.24553	566.005	566.006
7.25747	565.616	565.617
7.2694	565.228	565.228
7.28134	564.839	564.84
7.29328	564.45	564.451
7.30521	564.061	564.062
7.31715	563.673	563.673
7.32909	563.284	563.285
7.34102	562.895	562.896
7.35296	562.506	562.507
7.36489	562.117	562.118
7.37683	561.728	561.729
7.38877	561.34	561.34
7.4007	560.951	560.952
7.41264	560.562	560.563
7.42458	560.173	560.174
7.43651	559.784	559.785
7.44845	559.395	559.396
7.46039	559.006	559.007
7.47232	558.617	558.618
7.48426	558.229	558.229
7.4962	557.84	557.84
7.50813	557.451	557.451
7.52007	557.062	557.062
7.53201	556.673	556.673
7.54394	556.284	556.284
7.55588	555.895	555.895
7.56782	555.506	555.506
7.57975	555.117	555.117
7.59169	554.728	554.728
7.60363	554.339	554.339
7.61556	553.95	553.95
7.6275	553.56	553.561
7.63944	553.171	553.172
7.65137	552.782	552.783
7.66331	552.393	552.394
7.67525	552.004	552.005
7.68718	551.615	551.616
7.69912	551.226	551.227
7.71106	550.837	550.837
7.72299	550.447	550.448
7.73493	550.058	550.059
7.74687	549.669	549.67
7.7588	549.28	549.28
7.77074	548.89	548.891
7.78268	548.501	548.502
7.79461	548.112	548.113
7.80655	547.723	547.723
7.81849	547.333	547.334
7.83042	546.944	546.945
7.84236	546.555	546.555
7.8543	546.165	546.166
7.86623	545.776	545.777
7.87817	545.386	545.387
7.89011	544.997	544.998
7.90204	544.608	544.608
7.91398	544.218	544.219
7.92592	543.829	543.829
7.93785	543.439	543.44
7.94979	543.05	543.05
7.96173	542.66	542.661
7.97366	542.271	542.271
7.9856	541.881	541.882
7.99754	541.491	541.492
8.00947	541.102	541.103
8.02141	540.712	540.713
8.03335	540.322	540.323
8.04528	539.933	539.934
8.05722	539.543	539.544
8.06916	539.153	539.154
8.08109	538.764	538.764
8.09303	538.374	538.375
8.10497	537.984	537.985
8.1169	537.594	537.595
8.12884	537.204	537.205
8.14078	536.815	536.815
8.15271	536.425	536.425
8.16465	536.035	536.036
8.17659	535.645	535.646
8.18852	535.255	535.256
8.20046	534.865	534.866
8.2124	534.475	534.476
8.22433	534.085	534.086
8.23627	533.695	533.696
8.2482	533.305	533.306
8.26014	532.915	532.916
8.27208	532.525	532.525
8.28401	532.135	532.135
8.29595	531.744	531.745
8.30789	531.354	531.355
8.31982	530.964	530.965
8.33176	530.574	530.575
8.3437	530.183	530.184
8.35563	529.793	529.794
8.36757	529.403	529.404
8.37951	529.013	529.013
8.39144	528.622	528.623
8.40338	528.232	528.233
8.41532	527.841	527.842
8.42725	527.451	527.452
8.43919	527.06	527.061
8.45113	526.67	526.671
8.46306	526.279	526.28
8.475	525.889	525.89
8.48694	525.498	525.499
8.49887	525.108	525.108
8.51081	524.717	524.718
8.52275	524.326	524.327
8.53468	523.936	523.936
8.54662	523.545	523.546
8.55856	523.154	523.155
8.57049	522.763	522.764
8.58243	522.372	522.373
8.59437	521.982	521.982
8.6063	521.591	521.591
8.61824	521.2	521.201
8.63018	520.809	520.81
8.64211	520.418	520.419
8.65405	520.027	520.028
8.66599	519.636	519.637
8.67792	519.245	519.246
8.68986	518.854	518.854
8.7018	518.463	518.463
8.71373	518.071	518.072
8.72567	517.68	517.681
8.73761	517.289	517.29
8.74954	516.898	516.899
8.76148	516.506	516.507
8.77342	516.115	516.116
8.78535	515.724	515.725
8.79729	515.332	515.333
8.80923	514.941	514.942
8.82116	514.55	514.55
8.8331	514.158	514.159
8.84504	513.767	513.767
8.85697	513.375	513.376
8.86891	512.983	512.984
8.88085	512.592	512.593
8.89278	512.2	512.201
8.90472	511.809	511.809
8.91666	511.417	511.418
8.92859	511.025	511.026
8.94053	510.633	510.634
8.95247	510.242	510.242
8.9644	509.85	509.851
8.97634	509.458	509.459
8.98828	509.066	509.067
9.00021	508.674	508.675
9.01215	508.282	508.283
9.02409	507.89	507.891
9.03602	507.498	507.499
9.04796	507.106	507.107
9.0599	506.714	506.715
9.07183	506.322	506.323
9.08377	505.93	505.93
9.0957	505.537	505.538
9.10764	505.145	505.146
9.11958	504.753	504.754
9.13151	504.361	504.361
9.14345	503.968	503.969
9.15539	503.576	503.577
9.16732	503.184	503.184
9.17926	502.791	502.792
9.1912	502.399	502.4
9.20313	502.006	502.007
9.21507	501.614	501.615
9.22701	501.221	501.222
9.23894	500.829	500.829
9.25088	500.436	500.437
9.26282	500.043	500.044
9.27475	499.651	499.651
9.28669	499.258	499.259
9.29863	498.865	498.866
9.31056	498.472	498.473
9.3225	498.08	498.08
9.33444	497.687	497.688
9.34637	497.294	497.295
9.35831	496.901	496.902
9.37025	496.508	496.509
9.38218	496.115	496.116
9.39412	495.722	495.723
9.40606	495.329	495.33
9.41799	494.936	494.937
9.42993	494.543	494.544
9.44187	494.15	494.151
9.4538	493.757	493.758
9.46574	493.364	493.364
9.47768	492.97	492.971
9.48961	492.577	492.578
9.50155	492.184	492.185
9.51349	491.791	491.791
9.52542	491.397	491.398
9.53736	491.004	491.005
9.5493	490.611	490.611
9.56123	490.217	490.218
9.57317	489.824	489.824
9.58511	489.43	489.431
9.59704	489.037	489.038
9.60898	488.643	488.644
9.62092	488.25	488.251
9.63285	487.856	487.857
9.64479	487.463	487.463
9.65673	487.069	487.07
9.66866	486.675	486.676
9.6806	486.282	486.282
9.69254	485.888	485.889
9.70447	485.494	485.495
9.71641	485.101	485.101
9.72835	484.707	484.708
9.74028	484.313	484.314
9.75222	483.919	483.92
9.76416	483.525	483.526
9.77609	483.132	483.132
9.78803	482.738	482.738
9.79997	482.344	482.345
9.8119	481.95	481.951
9.82384	481.556	481.557
9.83578	481.162	481.163
9.84771	480.768	480.769
9.85965	480.374	480.375
9.87159	479.98	479.981
9.88352	479.586	479.587
9.89546	479.192	479.193
9.9074	478.798	478.799
9.91933	478.404	478.405
9.93127	478.01	478.011
9.94321	477.616	477.617
9.95514	477.222	477.222
9.96708	476.828	476.828
9.97901	476.433	476.434
9.99095	476.039	476.04
10.0029	475.645	475.646
10.0148	475.251	475.252
10.0268	474.857	474.858
10.0387	474.463	474.463
10.0506	474.068	474.069
10.0626	473.674	473.675
10.0745	473.28	473.281
10.0864	472.886	472.887
10.0984	472.492	472.492
10.1103	472.097	472.098
10.1223	471.703	471.704
10.1342	471.309	471.31
10.1461	470.915	470.915
10.1581	470.52	470.521
10.17	470.126	470.127
10.1819	469.732	469.733
10.1939	469.338	469.338
10.2058	468.943	468.944
10.2177	468.549	468.55
10.2297	468.155	468.156
10.2416	467.761	467.761
10.2536	467.366	467.367
10.2655	466.972	466.973
10.2774	466.578	466.579
10.2894	466.184	466.184
10.3013	465.789	465.79
10.3132	465.395	465.396
10.3252	465.001	465.002
10.3371	464.607	464.608
10.3491	464.213	464.213
10.361	463.819	463.819
10.3729	463.424	463.425
10.3849	463.03	463.031
10.3968	462.636	462.637
10.4087	462.242	462.243
10.4207	461.848	461.849
10.4326	461.454	461.455
10.4445	461.06	461.06
10.4565	460.666	460.666
10.4684	460.272	460.272
10.4804	459.878	459.878
10.4923	459.484	459.484
10.5042	459.09	459.09
10.5162	458.696	458.697
10.5281	458.302	458.303
10.54	457.908	457.909
10.552	457.514	457.515
10.5639	457.12	457.121
10.5758	456.727	456.727
10.5878	456.333	456.334
10.5997	455.939	455.94
10.6117	455.545	455.546
10.6236	455.152	455.152
10.6355	454.758	454.759
10.6475	454.364	454.365
10.6594	453.971	453.972
10.6713	453.577	453.578
10.6833	453.184	453.185
10.6952	452.79	452.791
10.7071	452.397	452.398
10.7191	452.004	452.005
10.731	451.61	451.611
10.743	451.217	451.218
10.7549	450.824	450.825
10.7668	450.431	450.432
10.7788	450.038	450.039
10.7907	449.645	449.646
10.8026	449.252	449.253
10.8146	448.859	448.86
10.8265	448.466	448.467
10.8385	448.073	448.074
10.8504	447.68	447.681
10.8623	447.288	447.288
10.8743	446.895	446.896
10.8862	446.502	446.503
10.8981	446.11	446.111
10.9101	445.718	445.718
10.922	445.325	445.326
10.9339	444.933	444.934
10.9459	444.541	444.541
10.9578	444.148	444.149
10.9698	443.756	443.757
10.9817	443.364	443.365
10.9936	442.972	442.973
11.0056	442.581	442.581
11.0175	442.189	442.19
11.0294	441.797	441.798
11.0414	441.406	441.406
11.0533	441.014	441.015
11.0652	440.623	440.623
11.0772	440.231	440.232
11.0891	439.84	439.841
11.1011	439.449	439.45
11.113	439.058	439.059
11.1249	438.667	438.668
11.1369	438.276	438.277
11.1488	437.885	437.886
11.1607	437.495	437.495
11.1727	437.104	437.105
11.1846	436.714	436.714
11.1966	436.323	436.324
11.2085	435.933	435.934
11.2204	435.543	435.544
11.2324	435.153	435.154
11.2443	434.763	434.764
11.2562	434.373	434.374
11.2682	433.984	433.984
11.2801	433.594	433.595
11.292	433.205	433.205
11.304	432.815	432.816
11.3159	432.426	432.427
11.3279	432.037	432.038
11.3398	431.648	431.649
11.3517	431.259	431.26
11.3637	430.871	430.871
11.3756	430.482	430.483
11.3875	430.094	430.094
11.3995	429.706	429.706
11.4114	429.317	429.318
11.4233	428.929	428.93
11.4353	428.542	428.542
11.4472	428.154	428.155
11.4592	427.766	427.767
11.4711	427.379	427.38
11.483	426.992	426.993
11.495	426.605	426.606
11.5069	426.218	426.219
11.5188	425.831	425.832
11.5308	425.445	425.445
11.5427	425.058	425.059
11.5546	424.672	424.673
11.5666	424.286	424.287
11.5785	423.9	423.901
11.5905	423.514	423.515
11.6024	423.129	423.129
11.6143	422.743	422.744
11.6263	422.358	422.359
11.6382	421.973	421.974
11.6501	421.588	421.589
11.6621	421.203	421.204
11.674	420.819	420.82
11.686	420.435	420.435
11.6979	420.051	420.051
11.7098	419.667	419.667
11.7218	419.283	419.284
11.7337	418.9	418.9
11.7456	418.516	418.517
11.7576	418.133	418.134
11.7695	417.75	417.751
11.7814	417.368	417.368
11.7934	416.985	416.986
11.8053	416.603	416.604
11.8173	416.221	416.222
11.8292	415.839	415.84
11.8411	415.457	415.458
11.8531	415.076	415.077
11.865	414.695	414.696
11.8769	414.314	414.315
11.8889	413.933	413.934
11.9008	413.553	413.554
11.9127	413.173	413.173
11.9247	412.793	412.793
11.9366	412.413	412.414
11.9486	412.034	412.034
11.9605	411.654	411.655
11.9724	411.275	411.276
11.9844	410.897	410.897
11.9963	410.518	410.519
12.0082	410.14	410.14
12.0202	409.762	409.762
12.0321	409.384	409.385
12.0441	409.007	409.007
12.056	408.629	408.63
12.0679	408.253	408.253
12.0799	407.876	407.877
12.0918	407.5	407.5
12.1037	407.123	407.124
12.1157	406.748	406.748
12.1276	406.372	406.373
12.1395	405.997	405.998
12.1515	405.622	405.623
12.1634	405.247	405.248
12.1754	404.873	404.874
12.1873	404.499	404.499
12.1992	404.125	404.126
12.2112	403.752	403.752
12.2231	403.378	403.379
12.235	403.005	403.006
12.247	402.633	402.634
12.2589	402.261	402.261
12.2708	401.889	401.889
12.2828	401.517	401.518
12.2947	401.146	401.146
12.3067	400.775	400.775
12.3186	400.404	400.405
12.3305	400.034	400.034
12.3425	399.664	399.664
12.3544	399.294	399.295
12.3663	398.925	398.925
12.3783	398.556	398.556
12.3902	398.187	398.188
12.4021	397.819	397.819
12.4141	397.451	397.452
12.426	397.083	397.084
12.438	396.716	396.717
12.4499	396.349	396.35
12.4618	395.983	395.983
12.4738	395.616	395.617
12.4857	395.251	395.251
12.4976	394.885	394.886
12.5096	394.52	394.521
12.5215	394.155	394.156
12.5335	393.791	393.792
12.5454	393.427	393.428
12.5573	393.064	393.064
12.5693	392.7	392.701
12.5812	392.338	392.338
12.5931	391.975	391.976
12.6051	391.613	391.614
12.617	391.252	391.252
12.6289	390.89	390.891
12.6409	390.529	390.53
12.6528	390.169	390.17
12.6648	389.809	389.81
12.6767	389.449	389.45
12.6886	389.09	389.091
12.7006	388.731	388.732
12.7125	388.373	388.374
12.7244	388.015	388.016
12.7364	387.658	387.658
12.7483	387.301	387.301
12.7602	386.944	386.945
12.7722	386.588	386.588
12.7841	386.232	386.233
12.7961	385.877	385.877
12.808	385.522	385.522
12.8199	385.167	385.168
12.8319	384.813	384.814
12.8438	384.46	384.46
12.8557	384.107	384.107
12.8677	383.754	383.754
12.8796	383.402	383.402
12.8916	383.05	383.051
12.9035	382.699	382.699
12.9154	382.348	382.348
12.9274	381.998	381.998
12.9393	381.648	381.648
12.9512	381.298	381.299
12.9632	380.95	380.95
12.9751	380.601	380.602
12.987	380.253	380.254
12.999	379.906	379.906
13.0109	379.559	379.559
13.0229	379.212	379.213
13.0348	378.866	378.867
13.0467	378.521	378.521
13.0587	378.176	378.176
13.0706	377.831	377.832
13.0825	377.488	377.488
13.0945	377.144	377.145
13.1064	376.801	376.802
13.1183	376.459	376.459
13.1303	376.117	376.117
13.1422	375.776	375.776
13.1542	375.435	375.435
13.1661	375.094	375.095
13.178	374.755	374.755
13.19	374.415	374.416
13.2019	374.077	374.077
13.2138	373.738	373.739
13.2258	373.401	373.401
13.2377	373.064	373.064
13.2496	372.727	372.728
13.2616	372.391	372.392
13.2735	372.056	372.056
13.2855	371.721	371.721
13.2974	371.387	371.387
13.3093	371.053	371.053
13.3213	370.72	370.72
13.3332	370.387	370.388
13.3451	370.055	370.056
13.3571	369.724	369.724
13.369	369.393	369.393
13.381	369.062	369.063
13.3929	368.733	368.733
13.4048	368.404	368.404
13.4168	368.075	368.075
13.4287	367.747	367.747
13.4406	367.42	367.42
13.4526	367.093	367.093
13.4645	366.767	366.767
13.4764	366.441	366.441
13.4884	366.116	366.117
13.5003	365.792	365.792
13.5123	365.468	365.468
13.5242	365.145	365.145
13.5361	364.822	364.823
13.5481	364.5	364.501
13.56	364.179	364.179
13.5719	363.858	363.859
13.5839	363.538	363.539
13.5958	363.219	363.219
13.6077	362.9	362.9
13.6197	362.582	362.582
13.6316	362.264	362.265
13.6436	361.947	361.948
13.6555	361.631	361.632
13.6674	361.316	361.316
13.6794	361.001	361.001
13.6913	360.686	360.687
13.7032	360.373	360.373
13.7152	360.06	360.06
13.7271	359.747	359.748
13.7391	359.436	359.436
13.751	359.125	359.125
13.7629	358.814	358.815
13.7749	358.504	358.505
13.7868	358.195	358.196
13.7987	357.887	357.887
13.8107	357.579	357.58
13.8226	357.272	357.273
13.8345	356.966	356.966
13.8465	356.66	356.661
13.8584	356.355	356.356
13.8704	356.051	356.051
13.8823	355.748	355.748
13.8942	355.445	355.445
13.9062	355.142	355.143
13.9181	354.841	354.841
13.93	354.54	354.54
13.942	354.24	354.24
13.9539	353.94	353.941
13.9658	353.642	353.642
13.9778	353.344	353.344
13.9897	353.046	353.047
14.0017	352.75	352.75
14.0136	352.454	352.454
14.0255	352.159	352.159
14.0375	351.864	351.865
14.0494	351.571	351.571
14.0613	351.278	351.278
14.0733	350.985	350.986
14.0852	350.694	350.694
14.0971	350.403	350.403
14.1091	350.113	350.113
14.121	349.823	349.824
14.133	349.535	349.535
14.1449	349.247	349.247
14.1568	348.96	348.96
14.1688	348.673	348.673
14.1807	348.388	348.388
14.1926	348.103	348.103
14.2046	347.818	347.819
14.2165	347.535	347.535
14.2285	347.252	347.253
14.2404	346.97	346.971
14.2523	346.689	346.689
14.2643	346.409	346.409
14.2762	346.129	346.129
14.2881	345.85	345.85
14.3001	345.572	345.572
14.312	345.295	345.295
14.3239	345.018	345.018
14.3359	344.742	344.742
14.3478	344.467	344.467
14.3598	344.193	344.193
14.3717	343.919	343.919
14.3836	343.646	343.647
14.3956	343.374	343.375
14.4075	343.103	343.103
14.4194	342.833	342.833
14.4314	342.563	342.563
14.4433	342.294	342.294
14.4552	342.026	342.026
14.4672	341.759	341.759
14.4791	341.492	341.492
14.4911	341.226	341.227
14.503	340.962	340.962
14.5149	340.697	340.698
14.5269	340.434	340.434
14.5388	340.171	340.172
14.5507	339.91	339.91
14.5627	339.649	339.649
14.5746	339.389	339.389
14.5866	339.129	339.129
14.5985	338.871	338.871
14.6104	338.613	338.613
14.6224	338.356	338.356
14.6343	338.1	338.1
14.6462	337.844	337.845
14.6582	337.59	337.59
14.6701	337.336	337.336
14.682	337.083	337.083
14.694	336.831	336.831
14.7059	336.58	336.58
14.7179	336.329	336.33
14.7298	336.08	336.08
14.7417	335.831	335.831
14.7537	335.583	335.583
14.7656	335.336	335.336
14.7775	335.089	335.089
14.7895	334.844	334.844
14.8014	334.599	334.599
14.8133	334.355	334.355
14.8253	334.112	334.112
14.8372	333.87	333.87
14.8492	333.628	333.628
14.8611	333.388	333.388
14.873	333.148	333.148
14.885	332.909	332.909
14.8969	332.671	332.671
14.9088	332.433	332.434
14.9208	332.197	332.197
14.9327	331.961	331.961
14.9446	331.726	331.727
14.9566	331.493	331.493
14.9685	331.259	331.26
14.9805	331.027	331.027
14.9924	330.796	330.796
15.0043	330.565	330.565
15.0163	330.335	330.335
15.0282	330.106	330.106
15.0401	329.878	329.878
15.0521	329.651	329.651
15.064	329.424	329.425
15.076	329.199	329.199
15.0879	328.974	328.974
15.0998	328.75	328.75
15.1118	328.527	328.527
15.1237	328.305	328.305
15.1356	328.084	328.084
15.1476	327.863	327.863
15.1595	327.643	327.643
15.1714	327.424	327.425
15.1834	327.206	327.207
15.1953	326.989	326.989
15.2073	326.773	326.773
15.2192	326.557	326.558
15.2311	326.343	326.343
15.2431	326.129	326.129
15.255	325.916	325.916
15.2669	325.704	325.704
15.2789	325.493	325.493
15.2908	325.282	325.283
15.3027	325.073	325.073
15.3147	324.864	324.864
15.3266	324.656	324.656
15.3386	324.449	324.449
15.3505	324.243	324.243
15.3624	324.038	324.038
15.3744	323.833	323.834
15.3863	323.63	323.63
15.3982	323.427	323.427
15.4102	323.225	323.225
15.4221	323.024	323.024
15.4341	322.824	322.824
15.446	322.624	322.625
15.4579	322.426	322.426
15.4699	322.228	322.228
15.4818	322.031	322.031
15.4937	321.835	321.835
15.5057	321.64	321.64
15.5176	321.446	321.446
15.5295	321.252	321.253
15.5415	321.06	321.06
15.5534	320.868	320.868
15.5654	320.677	320.677
15.5773	320.487	320.487
15.5892	320.298	320.298
15.6012	320.109	320.11
15.6131	319.922	319.922
15.625	319.735	319.735
15.637	319.549	319.549
15.6489	319.364	319.364
15.6608	319.18	319.18
15.6728	318.997	318.997
15.6847	318.814	318.814
15.6967	318.633	318.633
15.7086	318.452	318.452
15.7205	318.272	318.272
15.7325	318.093	318.093
15.7444	317.914	317.914
15.7563	317.737	317.737
15.7683	317.56	317.56
15.7802	317.384	317.384
15.7921	317.209	317.209
15.8041	317.035	317.035
15.816	316.862	316.862
15.828	316.69	316.69
15.8399	316.518	316.518
15.8518	316.347	316.347
15.8638	316.177	316.177
15.8757	316.008	316.008
15.8876	315.84	315.84
15.8996	315.672	315.672
15.9115	315.505	315.505
15.9235	315.34	315.34
15.9354	315.174	315.174
15.9473	315.01	315.01
15.9593	314.847	314.847
15.9712	314.684	314.684
15.9831	314.523	314.523
15.9951	314.362	314.362
16.007	314.201	314.201
16.0189	314.042	314.042
16.0309	313.884	313.884
16.0428	313.726	313.726
16.0548	313.569	313.569
16.0667	313.413	313.413
16.0786	313.258	313.258
16.0906	313.103	313.103
16.1025	312.95	312.95
16.1144	312.797	312.797
16.1264	312.645	312.645
16.1383	312.494	312.494
16.1502	312.343	312.343
16.1622	312.194	312.194
16.1741	312.045	312.045
16.1861	311.897	311.897
16.198	311.75	311.75
16.2099	311.603	311.603
16.2219	311.458	311.458
16.2338	311.313	311.313
16.2457	311.169	311.169
16.2577	311.025	311.025
16.2696	310.883	310.883
16.2816	310.741	310.741
16.2935	310.6	310.6
16.3054	310.46	310.46
16.3174	310.321	310.321
16.3293	310.182	310.182
16.3412	310.045	310.045
16.3532	309.908	309.908
16.3651	309.771	309.771
16.377	309.636	309.636
16.389	309.501	309.501
16.4009	309.367	309.367
16.4129	309.234	309.234
16.4248	309.102	309.102
16.4367	308.97	308.97
16.4487	308.839	308.839
16.4606	308.709	308.709
16.4725	308.58	308.58
16.4845	308.451	308.451
16.4964	308.324	308.323
16.5083	308.196	308.196
16.5203	308.07	308.07
16.5322	307.945	307.945
16.5442	307.82	307.82
16.5561	307.696	307.696
16.568	307.572	307.572
16.58	307.45	307.45
16.5919	307.328	307.328
16.6038	307.207	307.207
16.6158	307.086	307.086
16.6277	306.967	306.967
16.6396	306.848	306.848
16.6516	306.73	306.73
16.6635	306.612	306.612
16.6755	306.496	306.496
16.6874	306.38	306.38
16.6993	306.264	306.264
16.7113	306.15	306.15
16.7232	306.036	306.036
16.7351	305.923	305.923
16.7471	305.811	305.81
16.759	305.699	305.699
16.771	305.588	305.588
16.7829	305.478	305.478
16.7948	305.368	305.368
16.8068	305.259	305.259
16.8187	305.151	305.151
16.8306	305.044	305.043
16.8426	304.937	304.937
16.8545	304.831	304.831
16.8664	304.725	304.725
16.8784	304.621	304.621
16.8903	304.517	304.517
16.9023	304.413	304.413
16.9142	304.311	304.311
16.9261	304.209	304.209
16.9381	304.107	304.107
16.95	304.007	304.007
16.9619	303.907	303.907
16.9739	303.808	303.808
16.9858	303.709	303.709
16.9977	303.611	303.611
17.0097	303.514	303.514
17.0216	303.417	303.417
17.0336	303.321	303.321
17.0455	303.226	303.226
17.0574	303.132	303.131
17.0694	303.038	303.038
17.0813	302.944	302.944
17.0932	302.852	302.852
17.1052	302.76	302.76
17.1171	302.668	302.668
17.1291	302.577	302.577
17.141	302.487	302.487
17.1529	302.398	302.398
17.1649	302.309	302.309
17.1768	302.221	302.221
17.1887	302.133	302.133
17.2007	302.046	302.046
17.2126	301.96	301.96
17.2245	301.874	301.874
17.2365	301.789	301.789
17.2484	301.705	301.705
17.2604	301.621	301.621
17.2723	301.538	301.538
17.2842	301.455	301.455
17.2962	301.373	301.373
17.3081	301.292	301.292
17.32	301.211	301.211
17.332	301.131	301.13
17.3439	301.051	301.051
17.3558	300.972	300.972
17.3678	300.893	300.893
17.3797	300.816	300.816
17.3917	300.738	300.738
17.4036	300.662	300.662
17.4155	300.586	300.585
17.4275	300.51	300.51
17.4394	300.435	300.435
17.4513	300.361	300.361
17.4633	300.287	300.287
17.4752	300.214	300.213
17.4871	300.141	300.141
17.4991	300.069	300.069
17.511	299.997	299.997
17.523	299.926	299.926
17.5349	299.856	299.856
17.5468	299.786	299.786
17.5588	299.716	299.716
17.5707	299.648	299.648
17.5826	299.579	299.579
17.5946	299.512	299.512
17.6065	299.444	299.444
17.6185	299.378	299.378
17.6304	299.312	299.312
17.6423	299.246	299.246
17.6543	299.181	299.181
17.6662	299.117	299.116
17.6781	299.052	299.052
17.6901	298.989	298.989
17.702	298.926	298.926
17.7139	298.864	298.863
17.7259	298.802	298.802
17.7378	298.74	298.74
17.7498	298.679	298.679
17.7617	298.619	298.619
17.7736	298.559	298.559
17.7856	298.499	298.499
17.7975	298.44	298.44
17.8094	298.382	298.382
17.8214	298.324	298.324
17.8333	298.267	298.267
17.8452	298.21	298.21
17.8572	298.153	298.153
17.8691	298.097	298.097
17.8811	298.042	298.042
17.893	297.987	297.986
17.9049	297.932	297.932
17.9169	297.878	297.878
17.9288	297.824	297.824
17.9407	297.771	297.771
17.9527	297.718	297.718
17.9646	297.666	297.666
17.9766	297.614	297.614
17.9885	297.563	297.563
18.0004	297.512	297.512
18.0124	297.461	297.461
18.0243	297.411	297.411
18.0362	297.362	297.362
18.0482	297.313	297.313
18.0601	297.264	297.264
18.072	297.216	297.216
18.084	297.168	297.168
18.0959	297.12	297.12
18.1079	297.074	297.073
18.1198	297.027	297.027
18.1317	296.981	296.981
18.1437	296.935	296.935
18.1556	296.89	296.89
18.1675	296.845	296.845
18.1795	296.801	296.8
18.1914	296.756	296.756
18.2033	296.713	296.713
18.2153	296.67	296.67
18.2272	296.627	296.627
18.2392	296.584	296.584
18.2511	296.542	296.542
18.263	296.501	296.501
18.275	296.459	296.459
18.2869	296.418	296.418
18.2988	296.378	296.378
18.3108	296.338	296.338
18.3227	296.298	296.298
18.3346	296.259	296.259
18.3466	296.22	296.22
18.3585	296.181	296.181
18.3705	296.143	296.143
18.3824	296.105	296.105
18.3943	296.068	296.068
18.4063	296.031	296.031
18.4182	295.994	295.994
18.4301	295.957	295.957
18.4421	295.921	295.921
18.454	295.886	295.886
18.466	295.85	295.85
18.4779	295.815	295.815
18.4898	295.781	295.781
18.5018	295.746	295.746
18.5137	295.712	295.712
18.5256	295.679	295.679
18.5376	295.646	295.646
18.5495	295.613	295.613
18.5614	295.58	295.58
18.5734	295.548	295.548
18.5853	295.516	295.516
18.5973	295.484	295.484
18.6092	295.453	295.453
18.6211	295.422	295.422
18.6331	295.391	295.391
18.645	295.361	295.361
18.6569	295.331	295.331
18.6689	295.301	295.301
18.6808	295.272	295.272
18.6927	295.242	295.242
18.7047	295.214	295.214
18.7166	295.185	295.185
18.7286	295.157	295.157
18.7405	295.129	295.129
18.7524	295.101	295.101
18.7644	295.074	295.074
18.7763	295.047	295.047
18.7882	295.02	295.02
18.8002	294.994	294.994
18.8121	294.968	294.968
18.8241	294.942	294.942
18.836	294.916	294.916
18.8479	294.891	294.891
18.8599	294.866	294.866
18.8718	294.841	294.841
18.8837	294.816	294.816
18.8957	294.792	294.792
18.9076	294.768	294.768
18.9195	294.744	294.744
18.9315	294.721	294.721
18.9434	294.698	294.698
18.9554	294.675	294.675
18.9673	294.652	294.652
18.9792	294.63	294.629
18.9912	294.607	294.607
19.0031	294.585	294.585
19.015	294.564	294.564
19.027	294.542	294.542
19.0389	294.521	294.521
19.0508	294.5	294.5
19.0628	294.479	294.479
19.0747	294.459	294.459
19.0867	294.439	294.438
19.0986	294.418	294.418
19.1105	294.399	294.399
19.1225	294.379	294.379
19.1344	294.36	294.36
19.1463	294.341	294.341
19.1583	294.322	294.322
19.1702	294.303	294.303
19.1821	294.285	294.285
19.1941	294.266	294.266
19.206	294.248	294.248
19.218	294.231	294.23
19.2299	294.213	294.213
19.2418	294.195	294.195
19.2538	294.178	294.178
19.2657	294.161	294.161
19.2776	294.145	294.144
19.2896	294.128	294.128
19.3015	294.112	294.112
19.3135	294.095	294.095
19.3254	294.079	294.079
19.3373	294.064	294.064
19.3493	294.048	294.048
19.3612	294.033	294.033
19.3731	294.017	294.017
19.3851	294.002	294.002
19.397	293.987	293.987
19.4089	293.973	293.973
19.4209	293.958	293.958
19.4328	293.944	293.944
19.4448	293.93	293.93
19.4567	293.916	293.916
19.4686	293.902	293.902
19.4806	293.889	293.889
19.4925	293.875	293.875
19.5044	293.862	293.862
19.5164	293.849	293.849
19.5283	293.836	293.836
19.5402	293.823	293.823
19.5522	293.81	293.81
19.5641	293.798	293.798
19.5761	293.786	293.786
19.588	293.774	293.774
19.5999	293.762	293.762
19.6119	293.75	293.75
19.6238	293.738	293.738
19.6357	293.727	293.727
19.6477	293.715	293.715
19.6596	293.704	293.704
19.6716	293.693	293.693
19.6835	293.682	293.682
19.6954	293.671	293.671
19.7074	293.661	293.661
19.7193	293.65	293.65
19.7312	293.64	293.64
19.7432	293.63	293.63
19.7551	293.62	293.62
19.767	293.61	293.61
19.779	293.6	293.6
19.7909	293.59	293.59
19.8029	293.581	293.581
19.8148	293.571	293.571
19.8267	293.562	293.562
19.8387	293.553	293.553
19.8506	293.544	293.544
19.8625	293.535	293.535
19.8745	293.526	293.526
19.8864	293.518	293.518
19.8983	293.509	293.509
19.9103	293.501	293.501
19.9222	293.492	293.492
19.9342	293.484	293.484
19.9461	293.476	293.476
19.958	293.468	293.468
19.97	293.46	293.46
19.9819	293.453	293.452
19.9938	293.445	293.445
20.0058	293.437	293.437
20.0177	293.43	293.43
20.0296	293.423	293.423
20.0416	293.415	293.415
20.0535	293.408	293.408
20.0655	293.401	293.401
20.0774	293.395	293.394
20.0893	293.388	293.388
20.1013	293.381	293.381
20.1132	293.374	293.374
20.1251	293.368	293.368
20.1371	293.362	293.362
20.149	293.355	293.355
20.161	293.349	293.349
20.1729	293.343	293.343
20.1848	293.337	293.337
20.1968	293.331	293.331
20.2087	293.325	293.325
20.2206	293.319	293.319
20.2326	293.314	293.314
20.2445	293.308	293.308
20.2564	293.303	293.303
20.2684	293.297	293.297
20.2803	293.292	293.292
20.2923	293.287	293.287
20.3042	293.281	293.281
20.3161	293.276	293.276
20.3281	293.271	293.271
20.34	293.266	293.266
20.3519	293.262	293.261
20.3639	293.257	293.257
20.3758	293.252	293.252
20.3877	293.247	293.247
20.3997	293.243	293.243
20.4116	293.238	293.238
20.4236	293.234	293.234
20.4355	293.23	293.23
20.4474	293.225	293.225
20.4594	293.221	293.221
20.4713	293.217	293.217
20.4832	293.213	293.213
20.4952	293.209	293.209
20.5071	293.205	293.205
20.5191	293.201	293.201
20.531	293.197	293.197
20.5429	293.193	293.193
20.5549	293.19	293.19
20.5668	293.186	293.186
20.5787	293.182	293.182
20.5907	293.179	293.179
20.6026	293.175	293.175
20.6145	293.172	293.172
20.6265	293.169	293.169
20.6384	293.165	293.165
20.6504	293.162	293.162
20.6623	293.159	293.159
20.6742	293.156	293.156
20.6862	293.153	293.153
20.6981	293.15	293.15
20.71	293.147	293.147
20.722	293.144	293.144
20.7339	293.141	293.141
20.7458	293.138	293.138
20.7578	293.135	293.135
20.7697	293.133	293.133
20.7817	293.13	293.13
20.7936	293.127	293.127
20.8055	293.125	293.125
20.8175	293.122	293.122
20.8294	293.12	293.12
20.8413	293.117	293.117
20.8533	293.115	293.115
20.8652	293.113	293.112
20.8771	293.11	293.11
20.8891	293.108	293.108
20.901	293.106	293.106
20.913	293.103	293.103
20.9249	293.101	293.101
20.9368	293.099	293.099
20.9488	293.097	293.097
20.9607	293.095	293.095
20.9726	293.093	293.093
20.9846	293.091	293.091
20.9965	293.089	293.089
21.0085	293.087	293.087
21.0204	293.085	293.085
21.0323	293.083	293.083
21.0443	293.082	293.082
21.0562	293.08	293.08
21.0681	293.078	293.078
21.0801	293.076	293.076
21.092	293.075	293.075
21.1039	293.073	293.073
21.1159	293.072	293.072
21.1278	293.07	293.07
21.1398	293.068	293.068
21.1517	293.067	293.067
21.1636	293.065	293.065
21.1756	293.064	293.064
21.1875	293.063	293.063
21.1994	293.061	293.061
21.2114	293.06	293.06
21.2233	293.058	293.058
21.2352	293.057	293.057
21.2472	293.056	293.056
21.2591	293.055	293.055
21.2711	293.053	293.053
21.283	293.052	293.052
21.2949	293.051	293.051
21.3069	293.05	293.05
21.3188	293.049	293.049
21.3307	293.047	293.047
21.3427	293.046	293.046
21.3546	293.045	293.045
21.3666	293.044	293.044
21.3785	293.043	293.043
21.3904	293.042	293.042
21.4024	293.041	293.041
21.4143	293.04	293.04
21.4262	293.039	293.039
21.4382	293.038	293.038
21.4501	293.037	293.037
21.462	293.036	293.036
21.474	293.036	293.036
21.4859	293.035	293.035
21.4979	293.034	293.034
21.5098	293.033	293.033
21.5217	293.032	293.032
21.5337	293.031	293.031
21.5456	293.031	293.031
21.5575	293.03	293.03
21.5695	293.029	293.029
21.5814	293.028	293.028
21.5933	293.028	293.028
21.6053	293.027	293.027
21.6172	293.026	293.026
21.6292	293.026	293.026
21.6411	293.025	293.025
21.653	293.024	293.024
21.665	293.024	293.024
21.6769	293.023	293.023
21.6888	293.023	293.023
21.7008	293.022	293.022
21.7127	293.021	293.021
21.7246	293.021	293.021
21.7366	293.02	293.02
21.7485	293.02	293.02
21.7605	293.019	293.019
21.7724	293.019	293.019
21.7843	293.018	293.018
21.7963	293.018	293.018
21.8082	293.017	293.017
21.8201	293.017	293.017
21.8321	293.016	293.016
21.844	293.016	293.016
21.856	293.015	293.015
21.8679	293.015	293.015
21.8798	293.015	293.015
21.8918	293.014	293.014
21.9037	293.014	293.014
21.9156	293.013	293.013
21.9276	293.013	293.013
21.9395	293.013	293.013
21.9514	293.012	293.012
21.9634	293.012	293.012
21.9753	293.012	293.012
21.9873	293.011	293.011
21.9992	293.011	293.011
22.0111	293.011	293.011
22.0231	293.01	293.01
22.035	293.01	293.01
22.0469	293.01	293.01
22.0589	293.01	293.01
22.0708	293.009	293.009
22.0827	293.009	293.009
22.0947	293.009	293.009
22.1066	293.008	293.008
22.1186	293.008	293.008
22.1305	293.008	293.008
22.1424	293.008	293.008
22.1544	293.008	293.008
22.1663	293.007	293.007
22.1782	293.007	293.007
22.1902	293.007	293.007
22.2021	293.007	293.007
22.2141	293.006	293.006
22.226	293.006	293.006
22.2379	293.006	293.006
22.2499	293.006	293.006
22.2618	293.006	293.006
22.2737	293.006	293.006
22.2857	293.005	293.005
22.2976	293.005	293.005
22.3095	293.005	293.005
22.3215	293.005	293.005
22.3334	293.005	293.005
22.3454	293.005	293.005
22.3573	293.004	293.004
22.3692	293.004	293.004
22.3812	293.004	293.004
22.3931	293.004	293.004
22.405	293.004	293.004
22.417	293.004	293.004
22.4289	293.004	293.004
22.4408	293.003	293.003
22.4528	293.003	293.003
22.4647	293.003	293.003
22.4767	293.003	293.003
22.4886	293.003	293.003
22.5005	293.003	293.003
22.5125	293.003	293.003
22.5244	293.003	293.003
22.5363	293.003	293.003
22.5483	293.003	293.003
22.5602	293.002	293.002
22.5721	293.002	293.002
22.5841	293.002	293.002
22.596	293.002	293.002
22.608	293.002	293.002
22.6199	293.002	293.002
22.6318	293.002	293.002
22.6438	293.002	293.002
22.6557	293.002	293.002
22.6676	293.002	293.002
22.6796	293.002	293.002
22.6915	293.002	293.002
22.7035	293.002	293.002
22.7154	293.002	293.002
22.7273	293.001	293.001
22.7393	293.001	293.001
22.7512	293.001	293.001
22.7631	293.001	293.001
22.7751	293.001	293.001
22.787	293.001	293.001
22.7989	293.001	293.001
22.8109	293.001	293.001
22.8228	293.001	293.001
22.8348	293.001	293.001
22.8467	293.001	293.001
22.8586	293.001	293.001
22.8706	293.001	293.001
22.8825	293.001	293.001
22.8944	293.001	293.001
22.9064	293.001	293.001
22.9183	293.001	293.001
22.9302	293.001	293.001
22.9422	293.001	293.001
22.9541	293.001	293.001
22.9661	293.001	293.001
22.978	293.001	293.001
22.9899	293.001	293.001
23.0019	293.001	293.001
23.0138	293.001	293.001
23.0257	293.001	293.001
23.0377	293	293
23.0496	293	293
23.0616	293	293
23.0735	293	293
23.0854	293	293
23.0974	293	293
23.1093	293	293
23.1212	293	293
23.1332	293	293
23.1451	293	293
23.157	293	293
23.169	293	293
23.1809	293	293
23.1929	293	293
23.2048	293	293
23.2167	293	293
23.2287	293	293
23.2406	293	293
23.2525	293	293
23.2645	293	293
23.2764	293	293
23.2883	293	293
23.3003	293	293
23.3122	293	293
23.3242	293	293
23.3361	293	293
23.348	293	293
23.36	293	293
23.3719	293	293
23.3838	293	293
23.3958	293	293
23.4077	293	293
23.4196	293	293
23.4316	293	293
23.4435	293	293
23.4555	293	293
23.4674	293	293
23.4793	293	293
23.4913	293	293
23.5032	293	293
23.5151	293	293
23.5271	293	293
23.539	293	293
23.551	293	293
23.5629	293	293
23.5748	293	293
23.5868	293	293
23.5987	293	293
23.6106	293	293
23.6226	293	293
23.6345	293	293
23.6464	293	293
23.6584	293	293
23.6703	293	293
23.6823	293	293
23.6942	293	293
23.7061	293	293
23.7181	293	293
23.73	293	293
23.7419	293	293
23.7539	293	293
23.7658	293	293
23.7777	293	293
23.7897	293	293
23.8016	293	293
23.8136	293	293
23.8255	293	293
23.8374	293	293
23.8494	293	293
23.8613	293	293
23.8732	293	293
