0	873	865.388
0.0119366	872.87	865.346
0.0238732	872.785	865.231
0.0358099	872.697	865.062
0.0477465	872.608	864.854
0.0596831	872.516	864.616
0.0716197	872.422	864.358
0.0835563	872.325	864.084
0.095493	872.225	863.8
0.10743	872.122	863.508
0.119366	872.017	863.208
0.131303	871.908	862.903
0.143239	871.796	862.593
0.155176	871.681	862.278
0.167113	871.563	861.959
0.179049	871.442	861.635
0.190986	871.317	861.307
0.202923	871.189	860.974
0.214859	871.058	860.637
0.226796	870.924	860.296
0.238732	870.787	859.952
0.250669	870.646	859.603
0.262606	870.502	859.25
0.274542	870.354	858.893
0.286479	870.203	858.532
0.298416	870.049	858.168
0.310352	869.891	857.799
0.322289	869.73	857.427
0.334225	869.565	857.052
0.346162	869.397	856.672
0.358099	869.225	856.289
0.370035	869.05	855.903
0.381972	868.871	855.513
0.393908	868.689	855.119
0.405845	868.503	854.722
0.417782	868.314	854.322
0.429718	868.121	853.918
0.441655	867.924	853.51
0.453592	867.724	853.1
0.465528	867.52	852.686
0.477465	867.312	852.269
0.489401	867.101	851.848
0.501338	866.887	851.424
0.513275	866.668	850.997
0.525211	866.446	850.567
0.537148	866.22	850.133
0.549085	865.991	849.697
0.561021	865.758	849.257
0.572958	865.521	848.815
0.584894	865.28	848.369
0.596831	865.036	847.92
0.608768	864.788	847.468
0.620704	864.537	847.014
0.632641	864.281	846.556
0.644578	864.022	846.096
0.656514	863.759	845.632
0.668451	863.493	845.166
0.680387	863.223	844.697
0.692324	862.949	844.226
0.704261	862.671	843.751
0.716197	862.39	843.274
0.728134	862.105	842.795
0.74007	861.816	842.312
0.752007	861.524	841.828
0.763944	861.228	841.34
0.77588	860.928	840.85
0.787817	860.624	840.358
0.799754	860.317	839.863
0.81169	860.006	839.366
0.823627	859.692	838.867
0.835563	859.374	838.365
0.8475	859.052	837.861
0.859437	858.726	837.354
0.871373	858.397	836.846
0.88331	858.065	836.335
0.895247	857.728	835.822
0.907183	857.388	835.307
0.91912	857.045	834.79
0.931056	856.698	834.271
0.942993	856.347	833.75
0.95493	855.993	833.227
0.966866	855.635	832.702
0.978803	855.274	832.176
0.99074	854.909	831.647
1.00268	854.541	831.117
1.01461	854.17	830.585
1.02655	853.794	830.051
1.03849	853.416	829.516
1.05042	853.034	828.979
1.06236	852.649	828.44
1.0743	852.26	827.9
1.08623	851.868	827.358
1.09817	851.472	826.815
1.11011	851.073	826.271
1.12204	850.671	825.725
1.13398	850.266	825.177
1.14592	849.857	824.629
1.15785	849.445	824.079
1.16979	849.03	823.528
1.18173	848.612	822.976
1.19366	848.191	822.422
1.2056	847.766	821.868
1.21754	847.339	821.312
1.22947	846.908	820.756
1.24141	846.474	820.198
1.25335	846.037	819.64
1.26528	845.597	819.08
1.27722	845.154	818.52
1.28916	844.709	817.959
1.30109	844.26	817.397
1.31303	843.808	816.834
1.32496	843.354	816.271
1.3369	842.896	815.707
1.34884	842.436	815.142
1.36077	841.973	814.577
1.37271	841.508	814.011
1.38465	841.039	813.444
1.39658	840.568	812.878
1.40852	840.094	812.31
1.42046	839.618	811.743
1.43239	839.139	811.174
1.44433	838.657	810.606
1.45627	838.173	810.037
1.4682	837.687	809.468
1.48014	837.198	808.899
1.49208	836.706	808.33
1.50401	836.212	807.76
1.51595	835.716	807.19
1.52789	835.218	806.621
1.53982	834.717	806.051
1.55176	834.214	805.481
1.5637	833.708	804.911
1.57563	833.201	804.341
1.58757	832.691	803.772
1.59951	832.179	803.202
1.61144	831.665	802.633
1.62338	831.149	802.063
1.63532	830.631	801.494
1.64725	830.112	800.926
1.65919	829.59	800.357
1.67113	829.066	799.789
1.68306	828.54	799.221
1.695	828.013	798.654
1.70694	827.483	798.087
1.71887	826.952	797.52
1.73081	826.42	796.954
1.74275	825.885	796.389
1.75468	825.349	795.824
1.76662	824.812	795.259
1.77856	824.272	794.695
1.79049	823.732	794.132
1.80243	823.189	793.569
1.81437	822.646	793.007
1.8263	822.101	792.446
1.83824	821.554	791.886
1.85018	821.006	791.326
1.86211	820.457	790.767
1.87405	819.907	790.209
1.88599	819.355	789.651
1.89792	818.802	789.095
1.90986	818.249	788.539
1.9218	817.693	787.985
1.93373	817.137	787.431
1.94567	816.58	786.878
1.95761	816.022	786.326
1.96954	815.463	785.775
1.98148	814.903	785.225
1.99342	814.342	784.677
2.00535	813.78	784.129
2.01729	813.218	783.582
2.02923	812.655	783.037
2.04116	812.091	782.492
2.0531	811.526	781.949
2.06504	810.961	781.407
2.07697	810.395	780.866
2.08891	809.828	780.326
2.10085	809.261	779.788
2.11278	808.693	779.25
2.12472	808.125	778.714
2.13666	807.557	778.18
2.14859	806.988	777.646
2.16053	806.419	777.114
2.17246	805.849	776.583
2.1844	805.279	776.054
2.19634	804.709	775.525
2.20827	804.139	774.999
2.22021	803.569	774.473
2.23215	802.998	773.949
2.24408	802.427	773.426
2.25602	801.856	772.905
2.26796	801.286	772.385
2.27989	800.715	771.867
2.29183	800.144	771.35
2.30377	799.573	770.834
2.3157	799.003	770.32
2.32764	798.432	769.808
2.33958	797.862	769.297
2.35151	797.292	768.787
2.36345	796.722	768.279
2.37539	796.152	767.772
2.38732	795.583	767.267
2.39926	795.014	766.764
2.4112	794.445	766.262
2.42313	793.877	765.761
2.43507	793.309	765.262
2.44701	792.742	764.765
2.45894	792.175	764.269
2.47088	791.608	763.775
2.48282	791.042	763.282
2.49475	790.477	762.791
2.50669	789.912	762.301
2.51863	789.348	761.813
2.53056	788.785	761.327
2.5425	788.222	760.842
2.55444	787.66	760.358
2.56637	787.099	759.877
2.57831	786.538	759.397
2.59025	785.979	758.918
2.60218	785.42	758.441
2.61412	784.862	757.966
2.62606	784.304	757.492
2.63799	783.748	757.019
2.64993	783.193	756.549
2.66187	782.638	756.08
2.6738	782.085	755.612
2.68574	781.532	755.146
2.69768	780.981	754.682
2.70961	780.43	754.219
2.72155	779.881	753.758
2.73349	779.332	753.298
2.74542	778.785	752.84
2.75736	778.239	752.383
2.7693	777.694	751.928
2.78123	777.15	751.475
2.79317	776.607	751.023
2.80511	776.066	750.572
2.81704	775.526	750.123
2.82898	774.987	749.676
2.84092	774.449	749.23
2.85285	773.912	748.786
2.86479	773.377	748.343
2.87673	772.843	747.901
2.88866	772.31	747.462
2.9006	771.779	747.023
2.91254	771.248	746.586
2.92447	770.72	746.151
2.93641	770.192	745.717
2.94835	769.665	745.284
2.96028	769.14	744.853
2.97222	768.616	744.423
2.98416	768.094	743.995
2.99609	767.572	743.568
3.00803	767.052	743.143
3.01997	766.533	742.719
3.0319	766.014	742.296
3.04384	765.497	741.875
3.05577	764.981	741.455
3.06771	764.465	741.036
3.07965	763.951	740.619
3.09158	763.437	740.203
3.10352	762.923	739.789
3.11546	762.41	739.376
3.12739	761.897	738.964
3.13933	761.385	738.554
3.15127	760.872	738.145
3.1632	760.36	737.737
3.17514	759.847	737.331
3.18708	759.335	736.926
3.19901	758.821	736.522
3.21095	758.308	736.12
3.22289	757.793	735.719
3.23482	757.278	735.32
3.24676	756.763	734.922
3.2587	756.246	734.525
3.27063	755.729	734.13
3.28257	755.211	733.736
3.29451	754.692	733.343
3.30644	754.173	732.952
3.31838	753.653	732.562
3.33032	753.132	732.174
3.34225	752.612	731.787
3.35419	752.092	731.402
3.36613	751.572	731.018
3.37806	751.052	730.635
3.39	750.534	730.254
3.40194	750.016	729.874
3.41387	749.501	729.496
3.42581	748.987	729.119
3.43775	748.476	728.743
3.44968	747.968	728.368
3.46162	747.464	727.995
3.47356	746.963	727.623
3.48549	746.466	727.252
3.49743	745.974	726.883
3.50937	745.486	726.514
3.5213	745.004	726.147
3.53324	744.528	725.78
3.54518	744.057	725.415
3.55711	743.592	725.05
3.56905	743.133	724.686
3.58099	742.681	724.323
3.59292	742.235	723.961
3.60486	741.795	723.6
3.6168	741.362	723.239
3.62873	740.934	722.878
3.64067	740.514	722.518
3.65261	740.099	722.159
3.66454	739.689	721.8
3.67648	739.286	721.441
3.68842	738.888	721.082
3.70035	738.495	720.724
3.71229	738.106	720.366
3.72423	737.722	720.008
3.73616	737.343	719.65
3.7481	736.967	719.293
3.76004	736.594	718.935
3.77197	736.225	718.577
3.78391	735.859	718.22
3.79585	735.496	717.862
3.80778	735.134	717.504
3.81972	734.775	717.146
3.83166	734.418	716.788
3.84359	734.062	716.43
3.85553	733.708	716.072
3.86747	733.354	715.714
3.8794	733.002	715.355
3.89134	732.65	714.996
3.90327	732.3	714.638
3.91521	731.949	714.278
3.92715	731.599	713.919
3.93908	731.25	713.56
3.95102	730.901	713.2
3.96296	730.551	712.84
3.97489	730.202	712.48
3.98683	729.853	712.12
3.99877	729.504	711.76
4.0107	729.155	711.399
4.02264	728.805	711.038
4.03458	728.456	710.677
4.04651	728.106	710.316
4.05845	727.756	709.954
4.07039	727.406	709.593
4.08232	727.056	709.231
4.09426	726.706	708.869
4.1062	726.355	708.506
4.11813	726.004	708.144
4.13007	725.653	707.781
4.14201	725.301	707.418
4.15394	724.95	707.055
4.16588	724.598	706.692
4.17782	724.246	706.328
4.18975	723.893	705.965
4.20169	723.541	705.601
4.21363	723.188	705.237
4.22556	722.835	704.873
4.2375	722.481	704.508
4.24944	722.127	704.143
4.26137	721.774	703.779
4.27331	721.419	703.414
4.28525	721.065	703.048
4.29718	720.711	702.683
4.30912	720.356	702.318
4.32106	720.001	701.952
4.33299	719.645	701.586
4.34493	719.29	701.22
4.35687	718.934	700.853
4.3688	718.578	700.487
4.38074	718.222	700.12
4.39268	717.865	699.754
4.40461	717.508	699.387
4.41655	717.151	699.019
4.42849	716.794	698.652
4.44042	716.437	698.284
4.45236	716.079	697.917
4.4643	715.721	697.549
4.47623	715.363	697.181
4.48817	715.005	696.813
4.50011	714.646	696.444
4.51204	714.288	696.076
4.52398	713.929	695.707
4.53592	713.57	695.338
4.54785	713.21	694.969
4.55979	712.85	694.6
4.57173	712.491	694.231
4.58366	712.131	693.861
4.5956	711.77	693.491
4.60754	711.41	693.122
4.61947	711.049	692.752
4.63141	710.688	692.381
4.64335	710.327	692.011
4.65528	709.966	691.641
4.66722	709.604	691.27
4.67916	709.243	690.899
4.69109	708.881	690.528
4.70303	708.519	690.157
4.71497	708.156	689.786
4.7269	707.794	689.415
4.73884	707.431	689.043
4.75078	707.068	688.671
4.76271	706.705	688.3
4.77465	706.341	687.928
4.78658	705.978	687.555
4.79852	705.614	687.183
4.81046	705.25	686.811
4.82239	704.886	686.438
4.83433	704.522	686.066
4.84627	704.157	685.693
4.8582	703.793	685.32
4.87014	703.428	684.947
4.88208	703.063	684.573
4.89401	702.698	684.2
4.90595	702.332	683.827
4.91789	701.967	683.453
4.92982	701.601	683.079
4.94176	701.235	682.705
4.9537	700.869	682.331
4.96563	700.502	681.957
4.97757	700.136	681.583
4.98951	699.769	681.208
5.00144	699.402	680.834
5.01338	699.035	680.459
5.02532	698.668	680.084
5.03725	698.301	679.709
5.04919	697.933	679.334
5.06113	697.565	678.959
5.07306	697.197	678.584
5.085	696.829	678.208
5.09694	696.461	677.833
5.10887	696.093	677.457
5.12081	695.724	677.081
5.13275	695.355	676.705
5.14468	694.986	676.329
5.15662	694.617	675.953
5.16856	694.248	675.577
5.18049	693.879	675.2
5.19243	693.509	674.824
5.20437	693.139	674.447
5.2163	692.769	674.071
5.22824	692.399	673.694
5.24018	692.029	673.317
5.25211	691.659	672.94
5.26405	691.288	672.562
5.27599	690.918	672.185
5.28792	690.547	671.808
5.29986	690.176	671.43
5.3118	689.805	671.053
5.32373	689.433	670.675
5.33567	689.062	670.297
5.34761	688.69	669.919
5.35954	688.319	669.541
5.37148	687.947	669.163
5.38342	687.575	668.785
5.39535	687.203	668.407
5.40729	686.83	668.028
5.41923	686.458	667.65
5.43116	686.085	667.271
5.4431	685.713	666.892
5.45504	685.34	666.513
5.46697	684.967	666.134
5.47891	684.594	665.755
5.49085	684.22	665.376
5.50278	683.847	664.997
5.51472	683.473	664.618
5.52666	683.1	664.238
5.53859	682.726	663.859
5.55053	682.352	663.479
5.56247	681.978	663.1
5.5744	681.604	662.72
5.58634	681.229	662.34
5.59828	680.855	661.96
5.61021	680.48	661.58
5.62215	680.105	661.2
5.63408	679.73	660.82
5.64602	679.355	660.439
5.65796	678.98	660.059
5.66989	678.605	659.679
5.68183	678.23	659.298
5.69377	677.854	658.917
5.7057	677.479	658.537
5.71764	677.103	658.156
5.72958	676.727	657.775
5.74151	676.351	657.394
5.75345	675.975	657.013
5.76539	675.599	656.632
5.77732	675.223	656.251
5.78926	674.846	655.869
5.8012	674.47	655.488
5.81313	674.093	655.107
5.82507	673.716	654.725
5.83701	673.339	654.344
5.84894	672.962	653.962
5.86088	672.585	653.58
5.87282	672.208	653.198
5.88475	671.831	652.816
5.89669	671.453	652.435
5.90863	671.076	652.052
5.92056	670.698	651.67
5.9325	670.32	651.288
5.94444	669.942	650.906
5.95637	669.564	650.524
5.96831	669.186	650.141
5.98025	668.808	649.759
5.99218	668.43	649.376
6.00412	668.052	648.994
6.01606	667.673	648.611
6.02799	667.294	648.229
6.03993	666.916	647.846
6.05187	666.537	647.463
6.0638	666.158	647.08
6.07574	665.779	646.697
6.08768	665.4	646.314
6.09961	665.021	645.931
6.11155	664.642	645.548
6.12349	664.262	645.165
6.13542	663.883	644.781
6.14736	663.503	644.398
6.1593	663.124	644.015
6.17123	662.744	643.631
6.18317	662.364	643.248
6.19511	661.984	642.864
6.20704	661.604	642.48
6.21898	661.224	642.097
6.23092	660.844	641.713
6.24285	660.464	641.329
6.25479	660.084	640.945
6.26673	659.703	640.562
6.27866	659.323	640.178
6.2906	658.942	639.794
6.30254	658.561	639.41
6.31447	658.181	639.025
6.32641	657.8	638.641
6.33835	657.419	638.257
6.35028	657.038	637.873
6.36222	656.657	637.488
6.37416	656.276	637.104
6.38609	655.894	636.72
6.39803	655.513	636.335
6.40997	655.132	635.951
6.4219	654.75	635.566
6.43384	654.369	635.181
6.44578	653.987	634.797
6.45771	653.605	634.412
6.46965	653.224	634.027
6.48159	652.842	633.643
6.49352	652.46	633.258
6.50546	652.078	632.873
6.51739	651.696	632.488
6.52933	651.314	632.103
6.54127	650.931	631.718
6.5532	650.549	631.333
6.56514	650.167	630.948
6.57708	649.784	630.562
6.58901	649.402	630.177
6.60095	649.019	629.792
6.61289	648.637	629.407
6.62482	648.254	629.021
6.63676	647.871	628.636
6.6487	647.489	628.251
6.66063	647.106	627.865
6.67257	646.723	627.48
6.68451	646.34	627.094
6.69644	645.957	626.709
6.70838	645.574	626.323
6.72032	645.19	625.937
6.73225	644.807	625.552
6.74419	644.424	625.166
6.75613	644.04	624.78
6.76806	643.657	624.394
6.78	643.273	624.008
6.79194	642.89	623.623
6.80387	642.506	623.237
6.81581	642.123	622.851
6.82775	641.739	622.465
6.83968	641.355	622.079
6.85162	640.971	621.693
6.86356	640.587	621.307
6.87549	640.203	620.92
6.88743	639.819	620.534
6.89937	639.435	620.148
6.9113	639.051	619.762
6.92324	638.667	619.376
6.93518	638.283	618.989
6.94711	637.899	618.603
6.95905	637.514	618.217
6.97099	637.13	617.83
6.98292	636.746	617.444
6.99486	636.361	617.057
7.0068	635.977	616.671
7.01873	635.592	616.284
7.03067	635.207	615.898
7.04261	634.823	615.511
7.05454	634.438	615.125
7.06648	634.053	614.738
7.07842	633.668	614.351
7.09035	633.284	613.965
7.10229	632.899	613.578
7.11423	632.514	613.191
7.12616	632.129	612.805
7.1381	631.744	612.418
7.15004	631.359	612.031
7.16197	630.974	611.644
7.17391	630.588	611.257
7.18585	630.203	610.87
7.19778	629.818	610.483
7.20972	629.433	610.096
7.22166	629.047	609.709
7.23359	628.662	609.322
7.24553	628.276	608.935
7.25747	627.891	608.548
7.2694	627.505	608.161
7.28134	627.12	607.774
7.29328	626.734	607.387
7.30521	626.349	607
7.31715	625.963	606.612
7.32909	625.577	606.225
7.34102	625.192	605.838
7.35296	624.806	605.451
7.36489	624.42	605.063
7.37683	624.034	604.676
7.38877	623.648	604.289
7.4007	623.262	603.901
7.41264	622.876	603.514
7.42458	622.49	603.127
7.43651	622.104	602.739
7.44845	621.718	602.352
7.46039	621.332	601.964
7.47232	620.946	601.577
7.48426	620.56	601.189
7.4962	620.174	600.802
7.50813	619.787	600.414
7.52007	619.401	600.026
7.53201	619.015	599.639
7.54394	618.628	599.251
7.55588	618.242	598.864
7.56782	617.856	598.476
7.57975	617.469	598.088
7.59169	617.083	597.7
7.60363	616.696	597.313
7.61556	616.31	596.925
7.6275	615.923	596.537
7.63944	615.537	596.149
7.65137	615.15	595.761
7.66331	614.763	595.374
7.67525	614.377	594.986
7.68718	613.99	594.598
7.69912	613.603	594.21
7.71106	613.216	593.822
7.72299	612.83	593.434
7.73493	612.443	593.046
7.74687	612.056	592.658
7.7588	611.669	592.27
7.77074	611.282	591.882
7.78268	610.895	591.494
7.79461	610.508	591.106
7.80655	610.121	590.718
7.81849	609.734	590.33
7.83042	609.347	589.941
7.84236	608.96	589.553
7.8543	608.573	589.165
7.86623	608.186	588.777
7.87817	607.799	588.389
7.89011	607.411	588
7.90204	607.024	587.612
7.91398	606.637	587.224
7.92592	606.25	586.836
7.93785	605.862	586.447
7.94979	605.475	586.059
7.96173	605.088	585.67
7.97366	604.7	585.282
7.9856	604.313	584.894
7.99754	603.926	584.505
8.00947	603.538	584.117
8.02141	603.151	583.728
8.03335	602.763	583.34
8.04528	602.376	582.951
8.05722	601.988	582.563
8.06916	601.601	582.174
8.08109	601.213	581.786
8.09303	600.825	581.397
8.10497	600.438	581.009
8.1169	600.05	580.62
8.12884	599.663	580.231
8.14078	599.275	579.843
8.15271	598.887	579.454
8.16465	598.499	579.065
8.17659	598.112	578.677
8.18852	597.724	578.288
8.20046	597.336	577.899
8.2124	596.948	577.51
8.22433	596.56	577.121
8.23627	596.173	576.733
8.2482	595.785	576.344
8.26014	595.397	575.955
8.27208	595.009	575.566
8.28401	594.621	575.177
8.29595	594.233	574.788
8.30789	593.845	574.399
8.31982	593.457	574.01
8.33176	593.069	573.621
8.3437	592.681	573.232
8.35563	592.293	572.843
8.36757	591.905	572.454
8.37951	591.517	572.065
8.39144	591.128	571.676
8.40338	590.74	571.287
8.41532	590.352	570.898
8.42725	589.964	570.509
8.43919	589.576	570.12
8.45113	589.187	569.73
8.46306	588.799	569.341
8.475	588.411	568.952
8.48694	588.023	568.563
8.49887	587.634	568.174
8.51081	587.246	567.784
8.52275	586.858	567.395
8.53468	586.469	567.006
8.54662	586.081	566.616
8.55856	585.692	566.227
8.57049	585.304	565.837
8.58243	584.915	565.448
8.59437	584.527	565.059
8.6063	584.139	564.669
8.61824	583.75	564.28
8.63018	583.361	563.89
8.64211	582.973	563.501
8.65405	582.584	563.111
8.66599	582.196	562.722
8.67792	581.807	562.332
8.68986	581.418	561.942
8.7018	581.03	561.553
8.71373	580.641	561.163
8.72567	580.252	560.773
8.73761	579.864	560.384
8.74954	579.475	559.994
8.76148	579.086	559.604
8.77342	578.697	559.214
8.78535	578.309	558.825
8.79729	577.92	558.435
8.80923	577.531	558.045
8.82116	577.142	557.655
8.8331	576.753	557.265
8.84504	576.364	556.875
8.85697	575.976	556.485
8.86891	575.587	556.095
8.88085	575.198	555.705
8.89278	574.809	555.315
8.90472	574.42	554.925
8.91666	574.031	554.535
8.92859	573.642	554.145
8.94053	573.253	553.755
8.95247	572.864	553.365
8.9644	572.474	552.975
8.97634	572.085	552.585
8.98828	571.696	552.194
9.00021	571.307	551.804
9.01215	570.918	551.414
9.02409	570.529	551.024
9.03602	570.139	550.633
9.04796	569.75	550.243
9.0599	569.361	549.853
9.07183	568.972	549.462
9.08377	568.582	549.072
9.0957	568.193	548.681
9.10764	567.804	548.291
9.11958	567.414	547.9
9.13151	567.025	547.51
9.14345	566.636	547.119
9.15539	566.246	546.729
9.16732	565.857	546.338
9.17926	565.467	545.947
9.1912	565.078	545.557
9.20313	564.688	545.166
9.21507	564.299	544.775
9.22701	563.909	544.385
9.23894	563.52	543.994
9.25088	563.13	543.603
9.26282	562.74	543.212
9.27475	562.351	542.821
9.28669	561.961	542.431
9.29863	561.571	542.04
9.31056	561.182	541.649
9.3225	560.792	541.258
9.33444	560.402	540.867
9.34637	560.012	540.476
9.35831	559.623	540.085
9.37025	559.233	539.694
9.38218	558.843	539.303
9.39412	558.453	538.911
9.40606	558.063	538.52
9.41799	557.673	538.129
9.42993	557.283	537.738
9.44187	556.893	537.347
9.4538	556.503	536.955
9.46574	556.113	536.564
9.47768	555.723	536.173
9.48961	555.333	535.781
9.50155	554.943	535.39
9.51349	554.553	534.999
9.52542	554.163	534.607
9.53736	553.773	534.216
9.5493	553.383	533.824
9.56123	552.993	533.433
9.57317	552.602	533.041
9.58511	552.212	532.65
9.59704	551.822	532.258
9.60898	551.432	531.866
9.62092	551.041	531.475
9.63285	550.651	531.083
9.64479	550.261	530.691
9.65673	549.87	530.299
9.66866	549.48	529.908
9.6806	549.089	529.516
9.69254	548.699	529.124
9.70447	548.308	528.732
9.71641	547.918	528.34
9.72835	547.527	527.948
9.74028	547.137	527.556
9.75222	546.746	527.164
9.76416	546.356	526.772
9.77609	545.965	526.38
9.78803	545.574	525.988
9.79997	545.184	525.596
9.8119	544.793	525.204
9.82384	544.402	524.811
9.83578	544.011	524.419
9.84771	543.62	524.027
9.85965	543.23	523.635
9.87159	542.839	523.242
9.88352	542.448	522.85
9.89546	542.057	522.458
9.9074	541.666	522.065
9.91933	541.275	521.673
9.93127	540.884	521.28
9.94321	540.493	520.888
9.95514	540.102	520.495
9.96708	539.711	520.103
9.97901	539.32	519.71
9.99095	538.929	519.318
10.0029	538.538	518.925
10.0148	538.146	518.532
10.0268	537.755	518.14
10.0387	537.364	517.747
10.0506	536.973	517.354
10.0626	536.581	516.961
10.0745	536.19	516.568
10.0864	535.799	516.176
10.0984	535.407	515.783
10.1103	535.016	515.39
10.1223	534.625	514.997
10.1342	534.233	514.604
10.1461	533.842	514.211
10.1581	533.45	513.818
10.17	533.059	513.425
10.1819	532.667	513.032
10.1939	532.275	512.638
10.2058	531.884	512.245
10.2177	531.492	511.852
10.2297	531.1	511.459
10.2416	530.709	511.066
10.2536	530.317	510.672
10.2655	529.925	510.279
10.2774	529.533	509.886
10.2894	529.142	509.492
10.3013	528.75	509.099
10.3132	528.358	508.706
10.3252	527.966	508.312
10.3371	527.574	507.919
10.3491	527.182	507.525
10.361	526.79	507.132
10.3729	526.398	506.738
10.3849	526.006	506.345
10.3968	525.614	505.951
10.4087	525.222	505.558
10.4207	524.83	505.164
10.4326	524.437	504.77
10.4445	524.045	504.376
10.4565	523.653	503.983
10.4684	523.261	503.589
10.4804	522.868	503.195
10.4923	522.476	502.801
10.5042	522.084	502.408
10.5162	521.691	502.014
10.5281	521.299	501.62
10.54	520.906	501.226
10.552	520.514	500.832
10.5639	520.121	500.438
10.5758	519.729	500.044
10.5878	519.336	499.65
10.5997	518.944	499.256
10.6117	518.551	498.862
10.6236	518.159	498.468
10.6355	517.766	498.074
10.6475	517.373	497.68
10.6594	516.98	497.286
10.6713	516.588	496.892
10.6833	516.195	496.498
10.6952	515.802	496.104
10.7071	515.409	495.709
10.7191	515.016	495.315
10.731	514.624	494.921
10.743	514.231	494.527
10.7549	513.838	494.132
10.7668	513.445	493.738
10.7788	513.052	493.344
10.7907	512.659	492.95
10.8026	512.266	492.555
10.8146	511.873	492.161
10.8265	511.48	491.767
10.8385	511.086	491.372
10.8504	510.693	490.978
10.8623	510.3	490.583
10.8743	509.907	490.189
10.8862	509.514	489.795
10.8981	509.12	489.4
10.9101	508.727	489.006
10.922	508.334	488.611
10.9339	507.94	488.217
10.9459	507.547	487.822
10.9578	507.154	487.428
10.9698	506.76	487.033
10.9817	506.367	486.639
10.9936	505.973	486.244
11.0056	505.58	485.85
11.0175	505.186	485.455
11.0294	504.793	485.061
11.0414	504.399	484.666
11.0533	504.006	484.272
11.0652	503.612	483.877
11.0772	503.218	483.483
11.0891	502.825	483.088
11.1011	502.431	482.694
11.113	502.037	482.299
11.1249	501.644	481.904
11.1369	501.25	481.51
11.1488	500.856	481.115
11.1607	500.462	480.721
11.1727	500.069	480.326
11.1846	499.675	479.932
11.1966	499.281	479.537
11.2085	498.887	479.143
11.2204	498.493	478.748
11.2324	498.099	478.354
11.2443	497.705	477.959
11.2562	497.312	477.564
11.2682	496.918	477.17
11.2801	496.524	476.775
11.292	496.13	476.381
11.304	495.736	475.986
11.3159	495.342	475.592
11.3279	494.948	475.198
11.3398	494.554	474.803
11.3517	494.16	474.409
11.3637	493.765	474.014
11.3756	493.371	473.62
11.3875	492.977	473.225
11.3995	492.583	472.831
11.4114	492.189	472.437
11.4233	491.795	472.042
11.4353	491.401	471.648
11.4472	491.007	471.254
11.4592	490.612	470.859
11.4711	490.218	470.465
11.483	489.824	470.071
11.495	489.43	469.677
11.5069	489.036	469.282
11.5188	488.641	468.888
11.5308	488.247	468.494
11.5427	487.853	468.1
11.5546	487.459	467.706
11.5666	487.064	467.312
11.5785	486.67	466.918
11.5905	486.276	466.524
11.6024	485.882	466.13
11.6143	485.487	465.736
11.6263	485.093	465.342
11.6382	484.699	464.948
11.6501	484.304	464.554
11.6621	483.91	464.161
11.674	483.516	463.767
11.686	483.122	463.373
11.6979	482.727	462.979
11.7098	482.333	462.586
11.7218	481.939	462.192
11.7337	481.544	461.799
11.7456	481.15	461.405
11.7576	480.756	461.012
11.7695	480.362	460.618
11.7814	479.967	460.225
11.7934	479.573	459.832
11.8053	479.179	459.438
11.8173	478.785	459.045
11.8292	478.39	458.652
11.8411	477.996	458.259
11.8531	477.602	457.866
11.865	477.208	457.473
11.8769	476.813	457.08
11.8889	476.419	456.687
11.9008	476.025	456.294
11.9127	475.631	455.902
11.9247	475.237	455.509
11.9366	474.843	455.116
11.9486	474.448	454.724
11.9605	474.054	454.331
11.9724	473.66	453.939
11.9844	473.266	453.547
11.9963	472.872	453.154
12.0082	472.478	452.762
12.0202	472.084	452.37
12.0321	471.69	451.978
12.0441	471.296	451.586
12.056	470.902	451.194
12.0679	470.508	450.802
12.0799	470.114	450.411
12.0918	469.72	450.019
12.1037	469.326	449.628
12.1157	468.933	449.236
12.1276	468.539	448.845
12.1395	468.145	448.453
12.1515	467.751	448.062
12.1634	467.358	447.671
12.1754	466.964	447.28
12.1873	466.57	446.889
12.1992	466.177	446.498
12.2112	465.783	446.108
12.2231	465.39	445.717
12.235	464.996	445.327
12.247	464.603	444.936
12.2589	464.209	444.546
12.2708	463.816	444.156
12.2828	463.423	443.766
12.2947	463.029	443.376
12.3067	462.636	442.986
12.3186	462.243	442.596
12.3305	461.85	442.206
12.3425	461.457	441.817
12.3544	461.063	441.427
12.3663	460.67	441.038
12.3783	460.277	440.649
12.3902	459.885	440.26
12.4021	459.492	439.871
12.4141	459.099	439.482
12.426	458.706	439.093
12.438	458.314	438.705
12.4499	457.921	438.316
12.4618	457.528	437.928
12.4738	457.136	437.54
12.4857	456.743	437.152
12.4976	456.351	436.764
12.5096	455.959	436.377
12.5215	455.566	435.989
12.5335	455.174	435.602
12.5454	454.782	435.214
12.5573	454.39	434.827
12.5693	453.998	434.44
12.5812	453.606	434.053
12.5931	453.214	433.667
12.6051	452.823	433.28
12.617	452.431	432.894
12.6289	452.039	432.507
12.6409	451.648	432.121
12.6528	451.256	431.736
12.6648	450.865	431.35
12.6767	450.474	430.964
12.6886	450.083	430.579
12.7006	449.691	430.194
12.7125	449.3	429.809
12.7244	448.91	429.424
12.7364	448.519	429.039
12.7483	448.128	428.655
12.7602	447.737	428.27
12.7722	447.347	427.886
12.7841	446.956	427.502
12.7961	446.566	427.118
12.808	446.176	426.735
12.8199	445.786	426.351
12.8319	445.395	425.968
12.8438	445.006	425.585
12.8557	444.616	425.202
12.8677	444.226	424.82
12.8796	443.836	424.438
12.8916	443.447	424.055
12.9035	443.057	423.673
12.9154	442.668	423.292
12.9274	442.279	422.91
12.9393	441.89	422.529
12.9512	441.501	422.147
12.9632	441.112	421.767
12.9751	440.723	421.386
12.987	440.335	421.005
12.999	439.946	420.625
13.0109	439.558	420.245
13.0229	439.17	419.865
13.0348	438.782	419.486
13.0467	438.394	419.106
13.0587	438.006	418.727
13.0706	437.619	418.348
13.0825	437.231	417.97
13.0945	436.844	417.591
13.1064	436.457	417.213
13.1183	436.069	416.835
13.1303	435.683	416.458
13.1422	435.296	416.08
13.1542	434.909	415.703
13.1661	434.523	415.326
13.178	434.136	414.95
13.19	433.75	414.573
13.2019	433.364	414.197
13.2138	432.978	413.821
13.2258	432.593	413.446
13.2377	432.207	413.07
13.2496	431.822	412.695
13.2616	431.436	412.321
13.2735	431.051	411.946
13.2855	430.667	411.572
13.2974	430.282	411.198
13.3093	429.897	410.824
13.3213	429.513	410.451
13.3332	429.129	410.078
13.3451	428.745	409.705
13.3571	428.361	409.333
13.369	427.977	408.961
13.381	427.594	408.589
13.3929	427.211	408.217
13.4048	426.828	407.846
13.4168	426.445	407.475
13.4287	426.062	407.104
13.4406	425.68	406.734
13.4526	425.297	406.364
13.4645	424.915	405.994
13.4764	424.533	405.625
13.4884	424.152	405.255
13.5003	423.77	404.887
13.5123	423.389	404.518
13.5242	423.008	404.15
13.5361	422.627	403.782
13.5481	422.247	403.415
13.56	421.866	403.048
13.5719	421.486	402.681
13.5839	421.106	402.315
13.5958	420.726	401.948
13.6077	420.347	401.583
13.6197	419.967	401.217
13.6316	419.588	400.852
13.6436	419.21	400.487
13.6555	418.831	400.123
13.6674	418.453	399.759
13.6794	418.075	399.395
13.6913	417.697	399.032
13.7032	417.319	398.669
13.7152	416.942	398.307
13.7271	416.565	397.945
13.7391	416.188	397.583
13.751	415.811	397.221
13.7629	415.435	396.86
13.7749	415.059	396.5
13.7868	414.683	396.139
13.7987	414.307	395.779
13.8107	413.932	395.42
13.8226	413.557	395.061
13.8345	413.182	394.702
13.8465	412.808	394.344
13.8584	412.433	393.986
13.8704	412.059	393.628
13.8823	411.686	393.271
13.8942	411.312	392.914
13.9062	410.939	392.558
13.9181	410.566	392.202
13.93	410.194	391.847
13.942	409.821	391.492
13.9539	409.45	391.137
13.9658	409.078	390.783
13.9778	408.706	390.429
13.9897	408.335	390.076
14.0017	407.965	389.723
14.0136	407.594	389.37
14.0255	407.224	389.018
14.0375	406.854	388.667
14.0494	406.485	388.315
14.0613	406.115	387.965
14.0733	405.746	387.614
14.0852	405.378	387.264
14.0971	405.01	386.915
14.1091	404.642	386.566
14.121	404.274	386.218
14.133	403.907	385.869
14.1449	403.54	385.522
14.1568	403.173	385.175
14.1688	402.807	384.828
14.1807	402.441	384.482
14.1926	402.075	384.136
14.2046	401.71	383.791
14.2165	401.345	383.446
14.2285	400.981	383.102
14.2404	400.616	382.758
14.2523	400.252	382.415
14.2643	399.889	382.072
14.2762	399.526	381.73
14.2881	399.163	381.388
14.3001	398.801	381.046
14.312	398.438	380.705
14.3239	398.077	380.365
14.3359	397.715	380.025
14.3478	397.355	379.686
14.3598	396.994	379.347
14.3717	396.634	379.009
14.3836	396.274	378.671
14.3956	395.914	378.333
14.4075	395.555	377.997
14.4194	395.197	377.66
14.4314	394.839	377.325
14.4433	394.481	376.989
14.4552	394.123	376.655
14.4672	393.766	376.32
14.4791	393.409	375.987
14.4911	393.053	375.654
14.503	392.697	375.321
14.5149	392.342	374.989
14.5269	391.987	374.658
14.5388	391.632	374.327
14.5507	391.278	373.996
14.5627	390.924	373.666
14.5746	390.571	373.337
14.5866	390.218	373.008
14.5985	389.865	372.68
14.6104	389.513	372.352
14.6224	389.162	372.025
14.6343	388.81	371.699
14.6462	388.46	371.373
14.6582	388.109	371.047
14.6701	387.759	370.723
14.682	387.41	370.398
14.694	387.061	370.075
14.7059	386.712	369.752
14.7179	386.364	369.429
14.7298	386.017	369.107
14.7417	385.669	368.786
14.7537	385.323	368.465
14.7656	384.976	368.145
14.7775	384.631	367.825
14.7895	384.285	367.506
14.8014	383.94	367.188
14.8133	383.596	366.87
14.8253	383.252	366.553
14.8372	382.909	366.237
14.8492	382.566	365.921
14.8611	382.223	365.605
14.873	381.881	365.291
14.885	381.54	364.976
14.8969	381.199	364.663
14.9088	380.858	364.35
14.9208	380.518	364.038
14.9327	380.179	363.726
14.9446	379.84	363.415
14.9566	379.501	363.105
14.9685	379.163	362.795
14.9805	378.826	362.486
14.9924	378.489	362.177
15.0043	378.152	361.869
15.0163	377.816	361.562
15.0282	377.481	361.256
15.0401	377.146	360.95
15.0521	376.811	360.644
15.064	376.478	360.34
15.076	376.144	360.036
15.0879	375.811	359.732
15.0998	375.479	359.429
15.1118	375.147	359.127
15.1237	374.816	358.826
15.1356	374.486	358.525
15.1476	374.155	358.225
15.1595	373.826	357.926
15.1714	373.497	357.627
15.1834	373.168	357.329
15.1953	372.84	357.032
15.2073	372.513	356.735
15.2192	372.186	356.439
15.2311	371.86	356.143
15.2431	371.534	355.849
15.255	371.209	355.554
15.2669	370.885	355.261
15.2789	370.561	354.968
15.2908	370.237	354.676
15.3027	369.914	354.385
15.3147	369.592	354.094
15.3266	369.27	353.805
15.3386	368.949	353.515
15.3505	368.629	353.227
15.3624	368.309	352.939
15.3744	367.989	352.652
15.3863	367.671	352.365
15.3982	367.353	352.079
15.4102	367.035	351.794
15.4221	366.718	351.51
15.4341	366.402	351.226
15.446	366.086	350.943
15.4579	365.771	350.661
15.4699	365.456	350.38
15.4818	365.142	350.099
15.4937	364.829	349.819
15.5057	364.516	349.539
15.5176	364.204	349.261
15.5295	363.893	348.983
15.5415	363.582	348.706
15.5534	363.271	348.429
15.5654	362.962	348.153
15.5773	362.653	347.878
15.5892	362.344	347.604
15.6012	362.037	347.33
15.6131	361.73	347.058
15.625	361.423	346.785
15.637	361.117	346.514
15.6489	360.812	346.243
15.6608	360.508	345.973
15.6728	360.204	345.704
15.6847	359.9	345.436
15.6967	359.598	345.168
15.7086	359.296	344.901
15.7205	358.994	344.635
15.7325	358.694	344.369
15.7444	358.394	344.105
15.7563	358.094	343.841
15.7683	357.796	343.577
15.7802	357.498	343.315
15.7921	357.2	343.053
15.8041	356.904	342.792
15.816	356.608	342.532
15.828	356.312	342.273
15.8399	356.018	342.014
15.8518	355.724	341.756
15.8638	355.43	341.499
15.8757	355.138	341.242
15.8876	354.846	340.987
15.8996	354.554	340.732
15.9115	354.264	340.478
15.9235	353.974	340.224
15.9354	353.685	339.972
15.9473	353.396	339.72
15.9593	353.108	339.469
15.9712	352.821	339.218
15.9831	352.535	338.969
15.9951	352.249	338.72
16.007	351.964	338.472
16.0189	351.679	338.225
16.0309	351.396	337.978
16.0428	351.113	337.733
16.0548	350.831	337.488
16.0667	350.549	337.243
16.0786	350.268	337
16.0906	349.988	336.758
16.1025	349.709	336.516
16.1144	349.43	336.275
16.1264	349.152	336.034
16.1383	348.875	335.795
16.1502	348.598	335.556
16.1622	348.322	335.318
16.1741	348.047	335.081
16.1861	347.773	334.845
16.198	347.499	334.609
16.2099	347.226	334.375
16.2219	346.954	334.141
16.2338	346.682	333.908
16.2457	346.412	333.675
16.2577	346.141	333.444
16.2696	345.872	333.213
16.2816	345.604	332.983
16.2935	345.336	332.753
16.3054	345.069	332.525
16.3174	344.802	332.297
16.3293	344.537	332.071
16.3412	344.272	331.844
16.3532	344.008	331.619
16.3651	343.744	331.395
16.377	343.482	331.171
16.389	343.22	330.948
16.4009	342.959	330.726
16.4129	342.698	330.505
16.4248	342.439	330.284
16.4367	342.18	330.064
16.4487	341.922	329.845
16.4606	341.664	329.627
16.4725	341.408	329.41
16.4845	341.152	329.193
16.4964	340.897	328.978
16.5083	340.642	328.763
16.5203	340.389	328.549
16.5322	340.136	328.335
16.5442	339.884	328.123
16.5561	339.632	327.911
16.568	339.382	327.7
16.58	339.132	327.49
16.5919	338.883	327.28
16.6038	338.635	327.072
16.6158	338.387	326.864
16.6277	338.141	326.657
16.6396	337.895	326.451
16.6516	337.65	326.246
16.6635	337.405	326.041
16.6755	337.162	325.837
16.6874	336.919	325.634
16.6993	336.677	325.432
16.7113	336.435	325.231
16.7232	336.195	325.03
16.7351	335.955	324.83
16.7471	335.716	324.631
16.759	335.478	324.433
16.771	335.241	324.236
16.7829	335.004	324.039
16.7948	334.768	323.843
16.8068	334.533	323.648
16.8187	334.299	323.454
16.8306	334.065	323.261
16.8426	333.833	323.068
16.8545	333.601	322.876
16.8664	333.37	322.685
16.8784	333.139	322.495
16.8903	332.91	322.305
16.9023	332.681	322.117
16.9142	332.453	321.929
16.9261	332.226	321.742
16.9381	331.999	321.556
16.95	331.774	321.37
16.9619	331.549	321.185
16.9739	331.325	321.001
16.9858	331.101	320.818
16.9977	330.879	320.636
17.0097	330.657	320.454
17.0216	330.436	320.274
17.0336	330.216	320.094
17.0455	329.997	319.915
17.0574	329.778	319.736
17.0694	329.561	319.559
17.0813	329.344	319.382
17.0932	329.128	319.206
17.1052	328.912	319.031
17.1171	328.698	318.856
17.1291	328.484	318.682
17.141	328.271	318.51
17.1529	328.059	318.337
17.1649	327.847	318.166
17.1768	327.637	317.996
17.1887	327.427	317.826
17.2007	327.218	317.657
17.2126	327.01	317.489
17.2245	326.803	317.321
17.2365	326.596	317.154
17.2484	326.39	316.989
17.2604	326.185	316.823
17.2723	325.981	316.659
17.2842	325.777	316.495
17.2962	325.575	316.333
17.3081	325.373	316.171
17.32	325.172	316.009
17.332	324.972	315.849
17.3439	324.772	315.689
17.3558	324.574	315.53
17.3678	324.376	315.372
17.3797	324.179	315.215
17.3917	323.982	315.058
17.4036	323.787	314.902
17.4155	323.592	314.747
17.4275	323.398	314.592
17.4394	323.205	314.439
17.4513	323.013	314.286
17.4633	322.821	314.134
17.4752	322.631	313.982
17.4871	322.441	313.832
17.4991	322.252	313.682
17.511	322.063	313.533
17.523	321.876	313.384
17.5349	321.689	313.237
17.5468	321.503	313.09
17.5588	321.318	312.944
17.5707	321.133	312.799
17.5826	320.95	312.654
17.5946	320.767	312.51
17.6065	320.585	312.367
17.6185	320.403	312.224
17.6304	320.223	312.083
17.6423	320.043	311.942
17.6543	319.864	311.802
17.6662	319.686	311.662
17.6781	319.509	311.523
17.6901	319.332	311.385
17.702	319.157	311.248
17.7139	318.982	311.112
17.7259	318.807	310.976
17.7378	318.634	310.841
17.7498	318.461	310.706
17.7617	318.289	310.573
17.7736	318.118	310.44
17.7856	317.948	310.307
17.7975	317.778	310.176
17.8094	317.61	310.045
17.8214	317.442	309.915
17.8333	317.275	309.786
17.8452	317.108	309.657
17.8572	316.942	309.529
17.8691	316.777	309.402
17.8811	316.613	309.275
17.893	316.45	309.15
17.9049	316.287	309.024
17.9169	316.126	308.9
17.9288	315.965	308.776
17.9407	315.804	308.653
17.9527	315.645	308.531
17.9646	315.486	308.409
17.9766	315.328	308.288
17.9885	315.171	308.168
18.0004	315.014	308.048
18.0124	314.859	307.93
18.0243	314.704	307.811
18.0362	314.549	307.694
18.0482	314.396	307.577
18.0601	314.243	307.461
18.072	314.091	307.345
18.084	313.94	307.231
18.0959	313.79	307.116
18.1079	313.64	307.003
18.1198	313.491	306.89
18.1317	313.343	306.778
18.1437	313.195	306.667
18.1556	313.049	306.556
18.1675	312.903	306.446
18.1795	312.758	306.336
18.1914	312.613	306.227
18.2033	312.469	306.119
18.2153	312.326	306.012
18.2272	312.184	305.905
18.2392	312.043	305.799
18.2511	311.902	305.693
18.263	311.762	305.588
18.275	311.622	305.484
18.2869	311.484	305.38
18.2988	311.346	305.277
18.3108	311.209	305.175
18.3227	311.072	305.073
18.3346	310.937	304.972
18.3466	310.802	304.872
18.3585	310.667	304.772
18.3705	310.534	304.673
18.3824	310.401	304.574
18.3943	310.269	304.476
18.4063	310.138	304.379
18.4182	310.007	304.282
18.4301	309.877	304.186
18.4421	309.748	304.091
18.454	309.619	303.996
18.466	309.491	303.902
18.4779	309.364	303.808
18.4898	309.238	303.715
18.5018	309.112	303.622
18.5137	308.987	303.531
18.5256	308.863	303.439
18.5376	308.739	303.349
18.5495	308.616	303.259
18.5614	308.494	303.169
18.5734	308.373	303.08
18.5853	308.252	302.992
18.5973	308.132	302.905
18.6092	308.012	302.817
18.6211	307.893	302.731
18.6331	307.775	302.645
18.645	307.658	302.56
18.6569	307.541	302.475
18.6689	307.425	302.391
18.6808	307.31	302.307
18.6927	307.195	302.224
18.7047	307.081	302.142
18.7166	306.968	302.06
18.7286	306.855	301.978
18.7405	306.743	301.897
18.7524	306.631	301.817
18.7644	306.521	301.738
18.7763	306.411	301.658
18.7882	306.301	301.58
18.8002	306.193	301.502
18.8121	306.084	301.424
18.8241	305.977	301.347
18.836	305.87	301.271
18.8479	305.764	301.195
18.8599	305.659	301.12
18.8718	305.554	301.045
18.8837	305.45	300.971
18.8957	305.346	300.897
18.9076	305.243	300.824
18.9195	305.141	300.751
18.9315	305.039	300.679
18.9434	304.938	300.607
18.9554	304.838	300.536
18.9673	304.738	300.466
18.9792	304.639	300.395
18.9912	304.541	300.326
19.0031	304.443	300.257
19.015	304.345	300.188
19.027	304.249	300.12
19.0389	304.153	300.053
19.0508	304.057	299.986
19.0628	303.963	299.919
19.0747	303.868	299.853
19.0867	303.775	299.788
19.0986	303.682	299.722
19.1105	303.59	299.658
19.1225	303.498	299.594
19.1344	303.407	299.53
19.1463	303.316	299.467
19.1583	303.226	299.404
19.1702	303.137	299.342
19.1821	303.048	299.281
19.1941	302.96	299.219
19.206	302.872	299.159
19.218	302.785	299.098
19.2299	302.699	299.038
19.2418	302.613	298.979
19.2538	302.527	298.92
19.2657	302.443	298.862
19.2776	302.359	298.804
19.2896	302.275	298.746
19.3015	302.192	298.689
19.3135	302.11	298.632
19.3254	302.028	298.576
19.3373	301.946	298.521
19.3493	301.866	298.465
19.3612	301.786	298.41
19.3731	301.706	298.356
19.3851	301.627	298.302
19.397	301.548	298.248
19.4089	301.47	298.195
19.4209	301.393	298.143
19.4328	301.316	298.09
19.4448	301.24	298.038
19.4567	301.164	297.987
19.4686	301.089	297.936
19.4806	301.014	297.885
19.4925	300.94	297.835
19.5044	300.866	297.786
19.5164	300.793	297.736
19.5283	300.72	297.687
19.5402	300.648	297.639
19.5522	300.576	297.591
19.5641	300.505	297.543
19.5761	300.435	297.495
19.588	300.365	297.448
19.5999	300.295	297.402
19.6119	300.226	297.356
19.6238	300.158	297.31
19.6357	300.09	297.265
19.6477	300.022	297.22
19.6596	299.955	297.175
19.6716	299.889	297.131
19.6835	299.823	297.087
19.6954	299.757	297.043
19.7074	299.692	297
19.7193	299.628	296.958
19.7312	299.564	296.915
19.7432	299.5	296.873
19.7551	299.437	296.832
19.767	299.375	296.79
19.779	299.312	296.749
19.7909	299.251	296.709
19.8029	299.19	296.669
19.8148	299.129	296.629
19.8267	299.069	296.589
19.8387	299.009	296.55
19.8506	298.95	296.511
19.8625	298.891	296.473
19.8745	298.832	296.435
19.8864	298.774	296.397
19.8983	298.717	296.359
19.9103	298.66	296.322
19.9222	298.603	296.286
19.9342	298.547	296.249
19.9461	298.492	296.213
19.958	298.436	296.177
19.97	298.381	296.142
19.9819	298.327	296.107
19.9938	298.273	296.072
20.0058	298.22	296.037
20.0177	298.167	296.003
20.0296	298.114	295.969
20.0416	298.062	295.936
20.0535	298.01	295.902
20.0655	297.959	295.87
20.0774	297.908	295.837
20.0893	297.857	295.805
20.1013	297.807	295.773
20.1132	297.757	295.741
20.1251	297.708	295.709
20.1371	297.659	295.678
20.149	297.611	295.647
20.161	297.563	295.617
20.1729	297.515	295.587
20.1848	297.468	295.557
20.1968	297.421	295.527
20.2087	297.374	295.498
20.2206	297.328	295.468
20.2326	297.282	295.44
20.2445	297.237	295.411
20.2564	297.192	295.383
20.2684	297.148	295.355
20.2803	297.103	295.327
20.2923	297.06	295.3
20.3042	297.016	295.272
20.3161	296.973	295.245
20.3281	296.93	295.219
20.34	296.888	295.192
20.3519	296.846	295.166
20.3639	296.805	295.14
20.3758	296.763	295.115
20.3877	296.722	295.089
20.3997	296.682	295.064
20.4116	296.642	295.039
20.4236	296.602	295.015
20.4355	296.563	294.99
20.4474	296.524	294.966
20.4594	296.485	294.942
20.4713	296.446	294.919
20.4832	296.408	294.895
20.4952	296.371	294.872
20.5071	296.333	294.849
20.5191	296.296	294.827
20.531	296.26	294.804
20.5429	296.223	294.782
20.5549	296.187	294.76
20.5668	296.151	294.738
20.5787	296.116	294.716
20.5907	296.081	294.695
20.6026	296.046	294.674
20.6145	296.012	294.653
20.6265	295.978	294.632
20.6384	295.944	294.612
20.6504	295.91	294.592
20.6623	295.877	294.572
20.6742	295.844	294.552
20.6862	295.812	294.532
20.6981	295.78	294.513
20.71	295.748	294.494
20.722	295.716	294.475
20.7339	295.685	294.456
20.7458	295.654	294.437
20.7578	295.623	294.419
20.7697	295.592	294.401
20.7817	295.562	294.383
20.7936	295.532	294.365
20.8055	295.503	294.347
20.8175	295.473	294.33
20.8294	295.444	294.313
20.8413	295.416	294.296
20.8533	295.387	294.279
20.8652	295.359	294.262
20.8771	295.331	294.246
20.8891	295.303	294.229
20.901	295.276	294.213
20.913	295.249	294.197
20.9249	295.222	294.181
20.9368	295.195	294.166
20.9488	295.169	294.15
20.9607	295.143	294.135
20.9726	295.117	294.12
20.9846	295.092	294.105
20.9965	295.066	294.09
21.0085	295.041	294.076
21.0204	295.017	294.061
21.0323	294.992	294.047
21.0443	294.968	294.033
21.0562	294.944	294.019
21.0681	294.92	294.005
21.0801	294.896	293.992
21.092	294.873	293.978
21.1039	294.85	293.965
21.1159	294.827	293.952
21.1278	294.804	293.939
21.1398	294.782	293.926
21.1517	294.76	293.913
21.1636	294.738	293.901
21.1756	294.716	293.888
21.1875	294.695	293.876
21.1994	294.674	293.864
21.2114	294.653	293.852
21.2233	294.632	293.84
21.2352	294.611	293.829
21.2472	294.591	293.817
21.2591	294.571	293.806
21.2711	294.551	293.794
21.283	294.531	293.783
21.2949	294.511	293.772
21.3069	294.492	293.761
21.3188	294.473	293.751
21.3307	294.454	293.74
21.3427	294.435	293.73
21.3546	294.417	293.719
21.3666	294.399	293.709
21.3785	294.381	293.699
21.3904	294.363	293.689
21.4024	294.345	293.679
21.4143	294.327	293.669
21.4262	294.31	293.66
21.4382	294.293	293.65
21.4501	294.276	293.641
21.462	294.259	293.631
21.474	294.243	293.622
21.4859	294.226	293.613
21.4979	294.21	293.604
21.5098	294.194	293.595
21.5217	294.178	293.587
21.5337	294.162	293.578
21.5456	294.147	293.57
21.5575	294.132	293.561
21.5695	294.117	293.553
21.5814	294.102	293.545
21.5933	294.087	293.537
21.6053	294.072	293.529
21.6172	294.058	293.521
21.6292	294.043	293.513
21.6411	294.029	293.505
21.653	294.015	293.498
21.665	294.001	293.49
21.6769	293.988	293.483
21.6888	293.974	293.476
21.7008	293.961	293.469
21.7127	293.948	293.462
21.7246	293.935	293.455
21.7366	293.922	293.448
21.7485	293.909	293.441
21.7605	293.896	293.434
21.7724	293.884	293.427
21.7843	293.872	293.421
21.7963	293.859	293.414
21.8082	293.847	293.408
21.8201	293.835	293.402
21.8321	293.824	293.396
21.844	293.812	293.389
21.856	293.801	293.383
21.8679	293.789	293.377
21.8798	293.778	293.372
21.8918	293.767	293.366
21.9037	293.756	293.36
21.9156	293.745	293.354
21.9276	293.735	293.349
21.9395	293.724	293.343
21.9514	293.714	293.338
21.9634	293.704	293.333
21.9753	293.694	293.327
21.9873	293.684	293.322
21.9992	293.674	293.317
22.0111	293.664	293.312
22.0231	293.654	293.307
22.035	293.645	293.302
22.0469	293.635	293.297
22.0589	293.626	293.292
22.0708	293.617	293.288
22.0827	293.608	293.283
22.0947	293.599	293.278
22.1066	293.59	293.274
22.1186	293.581	293.269
22.1305	293.573	293.265
22.1424	293.564	293.261
22.1544	293.556	293.256
22.1663	293.547	293.252
22.1782	293.539	293.248
22.1902	293.531	293.244
22.2021	293.523	293.24
22.2141	293.515	293.236
22.226	293.508	293.232
22.2379	293.5	293.228
22.2499	293.492	293.224
22.2618	293.485	293.221
22.2737	293.477	293.217
22.2857	293.47	293.213
22.2976	293.463	293.21
22.3095	293.456	293.206
22.3215	293.449	293.203
22.3334	293.442	293.199
22.3454	293.435	293.196
22.3573	293.428	293.193
22.3692	293.422	293.189
22.3812	293.415	293.186
22.3931	293.409	293.183
22.405	293.402	293.18
22.417	293.396	293.177
22.4289	293.39	293.174
22.4408	293.384	293.171
22.4528	293.378	293.168
22.4647	293.372	293.165
22.4767	293.366	293.162
22.4886	293.36	293.159
22.5005	293.354	293.156
22.5125	293.349	293.154
22.5244	293.343	293.151
22.5363	293.338	293.148
22.5483	293.332	293.146
22.5602	293.327	293.143
22.5721	293.322	293.141
22.5841	293.317	293.138
22.596	293.311	293.136
22.608	293.306	293.133
22.6199	293.301	293.131
22.6318	293.297	293.128
22.6438	293.292	293.126
22.6557	293.287	293.124
22.6676	293.282	293.122
22.6796	293.278	293.119
22.6915	293.273	293.117
22.7035	293.269	293.115
22.7154	293.264	293.113
22.7273	293.26	293.111
22.7393	293.255	293.109
22.7512	293.251	293.107
22.7631	293.247	293.105
22.7751	293.243	293.103
22.787	293.239	293.101
22.7989	293.235	293.099
22.8109	293.231	293.098
22.8228	293.227	293.096
22.8348	293.223	293.094
22.8467	293.219	293.092
22.8586	293.216	293.09
22.8706	293.212	293.089
22.8825	293.208	293.087
22.8944	293.205	293.085
22.9064	293.201	293.084
22.9183	293.198	293.082
22.9302	293.194	293.081
22.9422	293.191	293.079
22.9541	293.188	293.078
22.9661	293.184	293.076
22.978	293.181	293.075
22.9899	293.178	293.073
23.0019	293.175	293.072
23.0138	293.172	293.071
23.0257	293.169	293.069
23.0377	293.166	293.068
23.0496	293.163	293.067
23.0616	293.16	293.065
23.0735	293.157	293.064
23.0854	293.155	293.063
23.0974	293.152	293.061
23.1093	293.149	293.06
23.1212	293.146	293.059
23.1332	293.144	293.058
23.1451	293.141	293.057
23.157	293.139	293.056
23.169	293.136	293.055
23.1809	293.134	293.053
23.1929	293.131	293.052
23.2048	293.129	293.051
23.2167	293.127	293.05
23.2287	293.124	293.049
23.2406	293.122	293.048
23.2525	293.12	293.047
23.2645	293.118	293.046
23.2764	293.115	293.045
23.2883	293.113	293.045
23.3003	293.111	293.044
23.3122	293.109	293.043
23.3242	293.107	293.042
23.3361	293.105	293.041
23.348	293.103	293.04
23.36	293.101	293.039
23.3719	293.099	293.039
23.3838	293.097	293.038
23.3958	293.096	293.037
23.4077	293.094	293.036
23.4196	293.092	293.035
23.4316	293.09	293.035
23.4435	293.089	293.034
23.4555	293.087	293.033
23.4674	293.085	293.033
23.4793	293.084	293.032
23.4913	293.082	293.031
23.5032	293.08	293.031
23.5151	293.079	293.03
23.5271	293.077	293.029
23.539	293.076	293.029
23.551	293.074	293.028
23.5629	293.073	293.027
23.5748	293.071	293.027
23.5868	293.07	293.026
23.5987	293.069	293.026
23.6106	293.067	293.025
23.6226	293.066	293.025
23.6345	293.065	293.024
23.6464	293.063	293.024
23.6584	293.062	293.023
23.6703	293.061	293.023
23.6823	293.06	293.022
23.6942	293.058	293.022
23.7061	293.057	293.021
23.7181	293.056	293.021
23.73	293.055	293.02
23.7419	293.054	293.02
23.7539	293.053	293.019
23.7658	293.052	293.019
23.7777	293.051	293.018
23.7897	293.05	293.018
23.8016	293.049	293.018
23.8136	293.048	293.017
23.8255	293.047	293.017
23.8374	293.046	293.016
23.8494	293.045	293.016
23.8613	293.044	293.016
23.8732	293.043	293.016
