0	783.387	783.395
0.0119366	783.376	783.384
0.0238732	783.342	783.35
0.0358099	783.286	783.294
0.0477465	783.209	783.217
0.0596831	783.111	783.118
0.0716197	782.992	783
0.0835563	782.855	782.862
0.095493	782.699	782.706
0.10743	782.527	782.533
0.119366	782.339	782.344
0.131303	782.136	782.141
0.143239	781.92	781.924
0.155176	781.692	781.696
0.167113	781.454	781.457
0.179049	781.205	781.209
0.190986	780.949	780.952
0.202923	780.685	780.688
0.214859	780.415	780.417
0.226796	780.139	780.141
0.238732	779.858	779.86
0.250669	779.573	779.575
0.262606	779.285	779.286
0.274542	778.994	778.995
0.286479	778.7	778.701
0.298416	778.405	778.405
0.310352	778.107	778.108
0.322289	777.808	777.809
0.334225	777.508	777.508
0.346162	777.206	777.207
0.358099	776.904	776.904
0.370035	776.601	776.601
0.381972	776.297	776.297
0.393908	775.992	775.992
0.405845	775.687	775.687
0.417782	775.381	775.381
0.429718	775.075	775.075
0.441655	774.768	774.768
0.453592	774.461	774.461
0.465528	774.153	774.153
0.477465	773.845	773.845
0.489401	773.536	773.536
0.501338	773.227	773.227
0.513275	772.917	772.917
0.525211	772.607	772.607
0.537148	772.297	772.297
0.549085	771.986	771.986
0.561021	771.674	771.674
0.572958	771.362	771.363
0.584894	771.05	771.05
0.596831	770.738	770.738
0.608768	770.424	770.425
0.620704	770.111	770.111
0.632641	769.797	769.797
0.644578	769.483	769.483
0.656514	769.168	769.168
0.668451	768.853	768.853
0.680387	768.537	768.537
0.692324	768.221	768.221
0.704261	767.905	767.905
0.716197	767.588	767.588
0.728134	767.271	767.271
0.74007	766.953	766.953
0.752007	766.635	766.635
0.763944	766.316	766.317
0.77588	765.998	765.998
0.787817	765.678	765.678
0.799754	765.359	765.359
0.81169	765.038	765.039
0.823627	764.718	764.718
0.835563	764.397	764.397
0.8475	764.076	764.076
0.859437	763.754	763.754
0.871373	763.432	763.432
0.88331	763.109	763.11
0.895247	762.787	762.787
0.907183	762.463	762.463
0.91912	762.14	762.14
0.931056	761.815	761.816
0.942993	761.491	761.491
0.95493	761.166	761.166
0.966866	760.841	760.841
0.978803	760.515	760.515
0.99074	760.189	760.189
1.00268	759.863	759.863
1.01461	759.536	759.536
1.02655	759.209	759.209
1.03849	758.881	758.881
1.05042	758.553	758.554
1.06236	758.225	758.225
1.0743	757.896	757.897
1.08623	757.567	757.567
1.09817	757.238	757.238
1.11011	756.908	756.908
1.12204	756.578	756.578
1.13398	756.247	756.247
1.14592	755.916	755.917
1.15785	755.585	755.585
1.16979	755.253	755.254
1.18173	754.921	754.922
1.19366	754.589	754.589
1.2056	754.256	754.256
1.21754	753.923	753.923
1.22947	753.59	753.59
1.24141	753.256	753.256
1.25335	752.922	752.922
1.26528	752.587	752.587
1.27722	752.252	752.252
1.28916	751.917	751.917
1.30109	751.581	751.582
1.31303	751.246	751.246
1.32496	750.909	750.909
1.3369	750.573	750.573
1.34884	750.236	750.236
1.36077	749.898	749.898
1.37271	749.561	749.561
1.38465	749.222	749.223
1.39658	748.884	748.884
1.40852	748.545	748.546
1.42046	748.206	748.206
1.43239	747.867	747.867
1.44433	747.527	747.527
1.45627	747.187	747.187
1.4682	746.847	746.847
1.48014	746.506	746.506
1.49208	746.165	746.165
1.50401	745.824	745.824
1.51595	745.482	745.482
1.52789	745.14	745.14
1.53982	744.797	744.798
1.55176	744.455	744.455
1.5637	744.112	744.112
1.57563	743.768	743.768
1.58757	743.425	743.425
1.59951	743.081	743.081
1.61144	742.736	742.737
1.62338	742.392	742.392
1.63532	742.047	742.047
1.64725	741.702	741.702
1.65919	741.356	741.356
1.67113	741.01	741.01
1.68306	740.664	740.664
1.695	740.317	740.318
1.70694	739.971	739.971
1.71887	739.624	739.624
1.73081	739.276	739.276
1.74275	738.928	738.929
1.75468	738.58	738.581
1.76662	738.232	738.232
1.77856	737.883	737.884
1.79049	737.535	737.535
1.80243	737.185	737.185
1.81437	736.836	736.836
1.8263	736.486	736.486
1.83824	736.136	736.136
1.85018	735.785	735.786
1.86211	735.435	735.435
1.87405	735.084	735.084
1.88599	734.733	734.733
1.89792	734.381	734.381
1.90986	734.029	734.029
1.9218	733.677	733.677
1.93373	733.325	733.325
1.94567	732.972	732.972
1.95761	732.619	732.619
1.96954	732.266	732.266
1.98148	731.912	731.912
1.99342	731.558	731.558
2.00535	731.204	731.204
2.01729	730.85	730.85
2.02923	730.495	730.495
2.04116	730.14	730.141
2.0531	729.785	729.785
2.06504	729.43	729.43
2.07697	729.074	729.074
2.08891	728.718	728.718
2.10085	728.362	728.362
2.11278	728.005	728.006
2.12472	727.649	727.649
2.13666	727.292	727.292
2.14859	726.934	726.934
2.16053	726.577	726.577
2.17246	726.219	726.219
2.1844	725.861	725.861
2.19634	725.503	725.503
2.20827	725.144	725.144
2.22021	724.785	724.785
2.23215	724.426	724.426
2.24408	724.067	724.067
2.25602	723.707	723.708
2.26796	723.348	723.348
2.27989	722.988	722.988
2.29183	722.627	722.627
2.30377	722.267	722.267
2.3157	721.906	721.906
2.32764	721.545	721.545
2.33958	721.184	721.184
2.35151	720.822	720.822
2.36345	720.46	720.461
2.37539	720.098	720.099
2.38732	719.736	719.736
2.39926	719.374	719.374
2.4112	719.011	719.011
2.42313	718.648	718.648
2.43507	718.285	718.285
2.44701	717.922	717.922
2.45894	717.558	717.558
2.47088	717.194	717.195
2.48282	716.83	716.83
2.49475	716.466	716.466
2.50669	716.102	716.102
2.51863	715.737	715.737
2.53056	715.372	715.372
2.5425	715.007	715.007
2.55444	714.642	714.642
2.56637	714.276	714.276
2.57831	713.91	713.91
2.59025	713.544	713.544
2.60218	713.178	713.178
2.61412	712.812	712.812
2.62606	712.445	712.445
2.63799	712.078	712.078
2.64993	711.711	711.711
2.66187	711.344	711.344
2.6738	710.976	710.977
2.68574	710.609	710.609
2.69768	710.241	710.241
2.70961	709.873	709.873
2.72155	709.505	709.505
2.73349	709.136	709.136
2.74542	708.768	708.768
2.75736	708.399	708.399
2.7693	708.03	708.03
2.78123	707.66	707.661
2.79317	707.291	707.291
2.80511	706.921	706.921
2.81704	706.552	706.552
2.82898	706.182	706.182
2.84092	705.811	705.812
2.85285	705.441	705.441
2.86479	705.071	705.071
2.87673	704.7	704.7
2.88866	704.329	704.329
2.9006	703.958	703.958
2.91254	703.586	703.587
2.92447	703.215	703.215
2.93641	702.843	702.843
2.94835	702.472	702.472
2.96028	702.1	702.1
2.97222	701.727	701.727
2.98416	701.355	701.355
2.99609	700.983	700.983
3.00803	700.61	700.61
3.01997	700.237	700.237
3.0319	699.864	699.864
3.04384	699.491	699.491
3.05577	699.117	699.118
3.06771	698.744	698.744
3.07965	698.37	698.37
3.09158	697.996	697.996
3.10352	697.622	697.622
3.11546	697.248	697.248
3.12739	696.874	696.874
3.13933	696.499	696.499
3.15127	696.125	696.125
3.1632	695.75	695.75
3.17514	695.375	695.375
3.18708	695	695
3.19901	694.625	694.625
3.21095	694.249	694.249
3.22289	693.874	693.874
3.23482	693.498	693.498
3.24676	693.122	693.122
3.2587	692.746	692.746
3.27063	692.37	692.37
3.28257	691.993	691.994
3.29451	691.617	691.617
3.30644	691.24	691.24
3.31838	690.864	690.864
3.33032	690.487	690.487
3.34225	690.11	690.11
3.35419	689.733	689.733
3.36613	689.355	689.355
3.37806	688.978	688.978
3.39	688.6	688.6
3.40194	688.223	688.223
3.41387	687.845	687.845
3.42581	687.467	687.467
3.43775	687.089	687.089
3.44968	686.71	686.71
3.46162	686.332	686.332
3.47356	685.953	685.954
3.48549	685.575	685.575
3.49743	685.196	685.196
3.50937	684.817	684.817
3.5213	684.438	684.438
3.53324	684.059	684.059
3.54518	683.68	683.68
3.55711	683.3	683.3
3.56905	682.921	682.921
3.58099	682.541	682.541
3.59292	682.162	682.162
3.60486	681.782	681.782
3.6168	681.402	681.402
3.62873	681.022	681.022
3.64067	680.641	680.641
3.65261	680.261	680.261
3.66454	679.881	679.881
3.67648	679.5	679.5
3.68842	679.119	679.12
3.70035	678.739	678.739
3.71229	678.358	678.358
3.72423	677.977	677.977
3.73616	677.596	677.596
3.7481	677.215	677.215
3.76004	676.833	676.833
3.77197	676.452	676.452
3.78391	676.07	676.07
3.79585	675.689	675.689
3.80778	675.307	675.307
3.81972	674.925	674.925
3.83166	674.543	674.543
3.84359	674.161	674.161
3.85553	673.779	673.779
3.86747	673.397	673.397
3.8794	673.015	673.015
3.89134	672.632	672.632
3.90327	672.25	672.25
3.91521	671.867	671.867
3.92715	671.485	671.485
3.93908	671.102	671.102
3.95102	670.719	670.719
3.96296	670.336	670.336
3.97489	669.953	669.953
3.98683	669.57	669.57
3.99877	669.187	669.187
4.0107	668.803	668.803
4.02264	668.42	668.42
4.03458	668.036	668.036
4.04651	667.653	667.653
4.05845	667.269	667.269
4.07039	666.885	666.885
4.08232	666.502	666.502
4.09426	666.118	666.118
4.1062	665.734	665.734
4.11813	665.35	665.35
4.13007	664.966	664.966
4.14201	664.581	664.581
4.15394	664.197	664.197
4.16588	663.813	663.813
4.17782	663.428	663.428
4.18975	663.044	663.044
4.20169	662.659	662.659
4.21363	662.275	662.275
4.22556	661.89	661.89
4.2375	661.505	661.505
4.24944	661.12	661.12
4.26137	660.735	660.735
4.27331	660.35	660.35
4.28525	659.965	659.965
4.29718	659.58	659.58
4.30912	659.195	659.195
4.32106	658.81	658.81
4.33299	658.424	658.424
4.34493	658.039	658.039
4.35687	657.654	657.654
4.3688	657.268	657.268
4.38074	656.882	656.882
4.39268	656.497	656.497
4.40461	656.111	656.111
4.41655	655.725	655.725
4.42849	655.339	655.34
4.44042	654.954	654.954
4.45236	654.568	654.568
4.4643	654.182	654.182
4.47623	653.796	653.796
4.48817	653.41	653.41
4.50011	653.023	653.023
4.51204	652.637	652.637
4.52398	652.251	652.251
4.53592	651.865	651.865
4.54785	651.478	651.478
4.55979	651.092	651.092
4.57173	650.705	650.705
4.58366	650.319	650.319
4.5956	649.932	649.932
4.60754	649.546	649.546
4.61947	649.159	649.159
4.63141	648.772	648.772
4.64335	648.385	648.385
4.65528	647.999	647.999
4.66722	647.612	647.612
4.67916	647.225	647.225
4.69109	646.838	646.838
4.70303	646.451	646.451
4.71497	646.064	646.064
4.7269	645.677	645.677
4.73884	645.29	645.29
4.75078	644.903	644.903
4.76271	644.515	644.515
4.77465	644.128	644.128
4.78658	643.741	643.741
4.79852	643.354	643.354
4.81046	642.966	642.966
4.82239	642.579	642.579
4.83433	642.191	642.191
4.84627	641.804	641.804
4.8582	641.416	641.416
4.87014	641.029	641.029
4.88208	640.641	640.641
4.89401	640.254	640.254
4.90595	639.866	639.866
4.91789	639.478	639.479
4.92982	639.091	639.091
4.94176	638.703	638.703
4.9537	638.315	638.315
4.96563	637.928	637.928
4.97757	637.54	637.54
4.98951	637.152	637.152
5.00144	636.764	636.764
5.01338	636.376	636.376
5.02532	635.988	635.988
5.03725	635.6	635.6
5.04919	635.212	635.212
5.06113	634.824	634.824
5.07306	634.436	634.436
5.085	634.048	634.048
5.09694	633.66	633.66
5.10887	633.272	633.272
5.12081	632.884	632.884
5.13275	632.496	632.496
5.14468	632.107	632.107
5.15662	631.719	631.719
5.16856	631.331	631.331
5.18049	630.943	630.943
5.19243	630.554	630.554
5.20437	630.166	630.166
5.2163	629.778	629.778
5.22824	629.39	629.39
5.24018	629.001	629.001
5.25211	628.613	628.613
5.26405	628.224	628.224
5.27599	627.836	627.836
5.28792	627.448	627.448
5.29986	627.059	627.059
5.3118	626.671	626.671
5.32373	626.282	626.282
5.33567	625.894	625.894
5.34761	625.505	625.505
5.35954	625.117	625.117
5.37148	624.728	624.728
5.38342	624.34	624.34
5.39535	623.951	623.951
5.40729	623.563	623.563
5.41923	623.174	623.174
5.43116	622.785	622.785
5.4431	622.397	622.397
5.45504	622.008	622.008
5.46697	621.619	621.619
5.47891	621.231	621.231
5.49085	620.842	620.842
5.50278	620.453	620.453
5.51472	620.065	620.065
5.52666	619.676	619.676
5.53859	619.287	619.287
5.55053	618.899	618.899
5.56247	618.51	618.51
5.5744	618.121	618.121
5.58634	617.733	617.733
5.59828	617.344	617.344
5.61021	616.955	616.955
5.62215	616.566	616.566
5.63408	616.178	616.178
5.64602	615.789	615.789
5.65796	615.4	615.4
5.66989	615.011	615.011
5.68183	614.622	614.622
5.69377	614.234	614.234
5.7057	613.845	613.845
5.71764	613.456	613.456
5.72958	613.067	613.067
5.74151	612.678	612.678
5.75345	612.29	612.29
5.76539	611.901	611.901
5.77732	611.512	611.512
5.78926	611.123	611.123
5.8012	610.734	610.734
5.81313	610.346	610.346
5.82507	609.957	609.957
5.83701	609.568	609.568
5.84894	609.179	609.179
5.86088	608.79	608.79
5.87282	608.401	608.401
5.88475	608.013	608.013
5.89669	607.624	607.624
5.90863	607.235	607.235
5.92056	606.846	606.846
5.9325	606.457	606.457
5.94444	606.068	606.068
5.95637	605.68	605.68
5.96831	605.291	605.291
5.98025	604.902	604.902
5.99218	604.513	604.513
6.00412	604.124	604.124
6.01606	603.735	603.735
6.02799	603.347	603.347
6.03993	602.958	602.958
6.05187	602.569	602.569
6.0638	602.18	602.18
6.07574	601.791	601.791
6.08768	601.402	601.402
6.09961	601.014	601.014
6.11155	600.625	600.625
6.12349	600.236	600.236
6.13542	599.847	599.847
6.14736	599.458	599.458
6.1593	599.07	599.07
6.17123	598.681	598.681
6.18317	598.292	598.292
6.19511	597.903	597.903
6.20704	597.514	597.514
6.21898	597.126	597.126
6.23092	596.737	596.737
6.24285	596.348	596.348
6.25479	595.959	595.959
6.26673	595.571	595.571
6.27866	595.182	595.182
6.2906	594.793	594.793
6.30254	594.404	594.404
6.31447	594.016	594.016
6.32641	593.627	593.627
6.33835	593.238	593.238
6.35028	592.849	592.849
6.36222	592.461	592.461
6.37416	592.072	592.072
6.38609	591.683	591.683
6.39803	591.294	591.294
6.40997	590.906	590.906
6.4219	590.517	590.517
6.43384	590.128	590.128
6.44578	589.74	589.74
6.45771	589.351	589.351
6.46965	588.962	588.962
6.48159	588.574	588.574
6.49352	588.185	588.185
6.50546	587.796	587.796
6.51739	587.408	587.408
6.52933	587.019	587.019
6.54127	586.63	586.63
6.5532	586.242	586.242
6.56514	585.853	585.853
6.57708	585.464	585.464
6.58901	585.076	585.076
6.60095	584.687	584.687
6.61289	584.298	584.298
6.62482	583.91	583.91
6.63676	583.521	583.521
6.6487	583.133	583.133
6.66063	582.744	582.744
6.67257	582.356	582.356
6.68451	581.967	581.967
6.69644	581.578	581.578
6.70838	581.19	581.19
6.72032	580.801	580.801
6.73225	580.413	580.413
6.74419	580.024	580.024
6.75613	579.636	579.636
6.76806	579.247	579.247
6.78	578.859	578.859
6.79194	578.47	578.47
6.80387	578.082	578.082
6.81581	577.693	577.693
6.82775	577.305	577.305
6.83968	576.916	576.916
6.85162	576.528	576.528
6.86356	576.139	576.139
6.87549	575.751	575.751
6.88743	575.362	575.362
6.89937	574.974	574.974
6.9113	574.585	574.585
6.92324	574.197	574.197
6.93518	573.808	573.808
6.94711	573.42	573.42
6.95905	573.031	573.031
6.97099	572.643	572.643
6.98292	572.254	572.254
6.99486	571.866	571.866
7.0068	571.478	571.478
7.01873	571.089	571.089
7.03067	570.701	570.701
7.04261	570.312	570.312
7.05454	569.924	569.924
7.06648	569.536	569.536
7.07842	569.147	569.147
7.09035	568.759	568.759
7.10229	568.37	568.37
7.11423	567.982	567.982
7.12616	567.594	567.594
7.1381	567.205	567.205
7.15004	566.817	566.817
7.16197	566.428	566.428
7.17391	566.04	566.04
7.18585	565.652	565.652
7.19778	565.263	565.263
7.20972	564.875	564.875
7.22166	564.487	564.487
7.23359	564.098	564.098
7.24553	563.71	563.71
7.25747	563.322	563.322
7.2694	562.933	562.933
7.28134	562.545	562.545
7.29328	562.156	562.156
7.30521	561.768	561.768
7.31715	561.38	561.38
7.32909	560.991	560.991
7.34102	560.603	560.603
7.35296	560.215	560.215
7.36489	559.826	559.826
7.37683	559.438	559.438
7.38877	559.05	559.05
7.4007	558.661	558.661
7.41264	558.273	558.273
7.42458	557.885	557.885
7.43651	557.496	557.496
7.44845	557.108	557.108
7.46039	556.72	556.72
7.47232	556.331	556.331
7.48426	555.943	555.943
7.4962	555.555	555.555
7.50813	555.166	555.166
7.52007	554.778	554.778
7.53201	554.39	554.39
7.54394	554.001	554.001
7.55588	553.613	553.613
7.56782	553.225	553.225
7.57975	552.836	552.836
7.59169	552.448	552.448
7.60363	552.059	552.059
7.61556	551.671	551.671
7.6275	551.283	551.283
7.63944	550.894	550.894
7.65137	550.506	550.506
7.66331	550.118	550.118
7.67525	549.729	549.729
7.68718	549.341	549.341
7.69912	548.952	548.952
7.71106	548.564	548.564
7.72299	548.176	548.176
7.73493	547.787	547.787
7.74687	547.399	547.399
7.7588	547.01	547.01
7.77074	546.622	546.622
7.78268	546.234	546.234
7.79461	545.845	545.845
7.80655	545.457	545.457
7.81849	545.068	545.068
7.83042	544.68	544.68
7.84236	544.291	544.291
7.8543	543.903	543.903
7.86623	543.514	543.514
7.87817	543.126	543.126
7.89011	542.737	542.737
7.90204	542.349	542.349
7.91398	541.96	541.96
7.92592	541.572	541.572
7.93785	541.183	541.183
7.94979	540.795	540.795
7.96173	540.406	540.406
7.97366	540.018	540.018
7.9856	539.629	539.629
7.99754	539.241	539.241
8.00947	538.852	538.852
8.02141	538.463	538.463
8.03335	538.075	538.075
8.04528	537.686	537.686
8.05722	537.298	537.298
8.06916	536.909	536.909
8.08109	536.52	536.52
8.09303	536.132	536.132
8.10497	535.743	535.743
8.1169	535.354	535.354
8.12884	534.966	534.966
8.14078	534.577	534.577
8.15271	534.188	534.188
8.16465	533.8	533.8
8.17659	533.411	533.411
8.18852	533.022	533.022
8.20046	532.633	532.633
8.2124	532.245	532.245
8.22433	531.856	531.856
8.23627	531.467	531.467
8.2482	531.078	531.078
8.26014	530.689	530.689
8.27208	530.3	530.3
8.28401	529.912	529.912
8.29595	529.523	529.523
8.30789	529.134	529.134
8.31982	528.745	528.745
8.33176	528.356	528.356
8.3437	527.967	527.967
8.35563	527.578	527.578
8.36757	527.189	527.189
8.37951	526.8	526.8
8.39144	526.411	526.411
8.40338	526.022	526.022
8.41532	525.633	525.633
8.42725	525.244	525.244
8.43919	524.855	524.855
8.45113	524.466	524.466
8.46306	524.077	524.077
8.475	523.688	523.688
8.48694	523.299	523.299
8.49887	522.909	522.909
8.51081	522.52	522.52
8.52275	522.131	522.131
8.53468	521.742	521.742
8.54662	521.353	521.353
8.55856	520.963	520.963
8.57049	520.574	520.574
8.58243	520.185	520.185
8.59437	519.795	519.795
8.6063	519.406	519.406
8.61824	519.017	519.017
8.63018	518.627	518.627
8.64211	518.238	518.238
8.65405	517.849	517.849
8.66599	517.459	517.459
8.67792	517.07	517.07
8.68986	516.68	516.68
8.7018	516.291	516.291
8.71373	515.901	515.901
8.72567	515.512	515.512
8.73761	515.122	515.122
8.74954	514.733	514.733
8.76148	514.343	514.343
8.77342	513.953	513.953
8.78535	513.564	513.564
8.79729	513.174	513.174
8.80923	512.784	512.784
8.82116	512.395	512.395
8.8331	512.005	512.005
8.84504	511.615	511.615
8.85697	511.226	511.226
8.86891	510.836	510.836
8.88085	510.446	510.446
8.89278	510.056	510.056
8.90472	509.666	509.666
8.91666	509.276	509.276
8.92859	508.886	508.886
8.94053	508.497	508.497
8.95247	508.107	508.107
8.9644	507.717	507.717
8.97634	507.327	507.327
8.98828	506.937	506.937
9.00021	506.547	506.547
9.01215	506.157	506.157
9.02409	505.766	505.766
9.03602	505.376	505.376
9.04796	504.986	504.986
9.0599	504.596	504.596
9.07183	504.206	504.206
9.08377	503.816	503.816
9.0957	503.425	503.426
9.10764	503.035	503.035
9.11958	502.645	502.645
9.13151	502.255	502.255
9.14345	501.864	501.864
9.15539	501.474	501.474
9.16732	501.084	501.084
9.17926	500.693	500.693
9.1912	500.303	500.303
9.20313	499.913	499.913
9.21507	499.522	499.522
9.22701	499.132	499.132
9.23894	498.741	498.741
9.25088	498.351	498.351
9.26282	497.96	497.96
9.27475	497.57	497.57
9.28669	497.179	497.179
9.29863	496.788	496.788
9.31056	496.398	496.398
9.3225	496.007	496.007
9.33444	495.616	495.616
9.34637	495.226	495.226
9.35831	494.835	494.835
9.37025	494.444	494.444
9.38218	494.054	494.054
9.39412	493.663	493.663
9.40606	493.272	493.272
9.41799	492.881	492.881
9.42993	492.49	492.49
9.44187	492.1	492.1
9.4538	491.709	491.709
9.46574	491.318	491.318
9.47768	490.927	490.927
9.48961	490.536	490.536
9.50155	490.145	490.145
9.51349	489.754	489.754
9.52542	489.363	489.363
9.53736	488.972	488.972
9.5493	488.581	488.581
9.56123	488.19	488.19
9.57317	487.799	487.799
9.58511	487.408	487.408
9.59704	487.017	487.017
9.60898	486.626	486.626
9.62092	486.235	486.235
9.63285	485.843	485.843
9.64479	485.452	485.452
9.65673	485.061	485.061
9.66866	484.67	484.67
9.6806	484.279	484.279
9.69254	483.888	483.888
9.70447	483.496	483.496
9.71641	483.105	483.105
9.72835	482.714	482.714
9.74028	482.323	482.323
9.75222	481.931	481.931
9.76416	481.54	481.54
9.77609	481.149	481.149
9.78803	480.757	480.757
9.79997	480.366	480.366
9.8119	479.975	479.975
9.82384	479.583	479.583
9.83578	479.192	479.192
9.84771	478.801	478.801
9.85965	478.409	478.409
9.87159	478.018	478.018
9.88352	477.627	477.627
9.89546	477.235	477.235
9.9074	476.844	476.844
9.91933	476.452	476.452
9.93127	476.061	476.061
9.94321	475.67	475.67
9.95514	475.278	475.278
9.96708	474.887	474.887
9.97901	474.495	474.495
9.99095	474.104	474.104
10.0029	473.712	473.712
10.0148	473.321	473.321
10.0268	472.929	472.929
10.0387	472.538	472.538
10.0506	472.147	472.147
10.0626	471.755	471.755
10.0745	471.364	471.364
10.0864	470.972	470.972
10.0984	470.581	470.581
10.1103	470.189	470.189
10.1223	469.798	469.798
10.1342	469.407	469.407
10.1461	469.015	469.015
10.1581	468.624	468.624
10.17	468.232	468.232
10.1819	467.841	467.841
10.1939	467.45	467.45
10.2058	467.058	467.058
10.2177	466.667	466.667
10.2297	466.275	466.275
10.2416	465.884	465.884
10.2536	465.493	465.493
10.2655	465.101	465.101
10.2774	464.71	464.71
10.2894	464.319	464.319
10.3013	463.928	463.928
10.3132	463.536	463.536
10.3252	463.145	463.145
10.3371	462.754	462.754
10.3491	462.363	462.363
10.361	461.971	461.971
10.3729	461.58	461.58
10.3849	461.189	461.189
10.3968	460.798	460.798
10.4087	460.407	460.407
10.4207	460.016	460.016
10.4326	459.625	459.625
10.4445	459.234	459.234
10.4565	458.843	458.843
10.4684	458.452	458.452
10.4804	458.061	458.061
10.4923	457.67	457.67
10.5042	457.279	457.279
10.5162	456.888	456.888
10.5281	456.498	456.498
10.54	456.107	456.107
10.552	455.716	455.716
10.5639	455.325	455.325
10.5758	454.935	454.935
10.5878	454.544	454.544
10.5997	454.154	454.154
10.6117	453.763	453.763
10.6236	453.373	453.373
10.6355	452.982	452.982
10.6475	452.592	452.592
10.6594	452.201	452.201
10.6713	451.811	451.811
10.6833	451.421	451.421
10.6952	451.031	451.031
10.7071	450.64	450.64
10.7191	450.25	450.25
10.731	449.86	449.86
10.743	449.47	449.47
10.7549	449.08	449.08
10.7668	448.69	448.69
10.7788	448.301	448.301
10.7907	447.911	447.911
10.8026	447.521	447.521
10.8146	447.132	447.131
10.8265	446.742	446.742
10.8385	446.352	446.352
10.8504	445.963	445.963
10.8623	445.574	445.574
10.8743	445.184	445.184
10.8862	444.795	444.795
10.8981	444.406	444.406
10.9101	444.017	444.017
10.922	443.628	443.628
10.9339	443.239	443.239
10.9459	442.85	442.85
10.9578	442.461	442.461
10.9698	442.073	442.073
10.9817	441.684	441.684
10.9936	441.296	441.295
11.0056	440.907	440.907
11.0175	440.519	440.519
11.0294	440.13	440.13
11.0414	439.742	439.742
11.0533	439.354	439.354
11.0652	438.966	438.966
11.0772	438.578	438.578
11.0891	438.191	438.191
11.1011	437.803	437.803
11.113	437.415	437.415
11.1249	437.028	437.028
11.1369	436.64	436.64
11.1488	436.253	436.253
11.1607	435.866	435.866
11.1727	435.479	435.479
11.1846	435.092	435.092
11.1966	434.705	434.705
11.2085	434.319	434.319
11.2204	433.932	433.932
11.2324	433.545	433.545
11.2443	433.159	433.159
11.2562	432.773	432.773
11.2682	432.387	432.387
11.2801	432.001	432.001
11.292	431.615	431.615
11.304	431.229	431.229
11.3159	430.844	430.844
11.3279	430.458	430.458
11.3398	430.073	430.073
11.3517	429.688	429.688
11.3637	429.303	429.303
11.3756	428.918	428.918
11.3875	428.533	428.533
11.3995	428.148	428.148
11.4114	427.764	427.764
11.4233	427.379	427.379
11.4353	426.995	426.995
11.4472	426.611	426.611
11.4592	426.227	426.227
11.4711	425.844	425.844
11.483	425.46	425.46
11.495	425.077	425.077
11.5069	424.694	424.693
11.5188	424.31	424.31
11.5308	423.928	423.927
11.5427	423.545	423.545
11.5546	423.162	423.162
11.5666	422.78	422.78
11.5785	422.398	422.398
11.5905	422.016	422.016
11.6024	421.634	421.634
11.6143	421.252	421.252
11.6263	420.871	420.871
11.6382	420.489	420.489
11.6501	420.108	420.108
11.6621	419.727	419.727
11.674	419.347	419.347
11.686	418.966	418.966
11.6979	418.586	418.586
11.7098	418.206	418.206
11.7218	417.826	417.826
11.7337	417.446	417.446
11.7456	417.066	417.066
11.7576	416.687	416.687
11.7695	416.308	416.308
11.7814	415.929	415.929
11.7934	415.55	415.55
11.8053	415.172	415.172
11.8173	414.794	414.794
11.8292	414.416	414.416
11.8411	414.038	414.038
11.8531	413.66	413.66
11.865	413.283	413.283
11.8769	412.906	412.906
11.8889	412.529	412.529
11.9008	412.152	412.152
11.9127	411.776	411.776
11.9247	411.4	411.4
11.9366	411.024	411.024
11.9486	410.648	410.648
11.9605	410.273	410.273
11.9724	409.898	409.898
11.9844	409.523	409.523
11.9963	409.148	409.148
12.0082	408.774	408.774
12.0202	408.4	408.4
12.0321	408.026	408.026
12.0441	407.652	407.652
12.056	407.279	407.279
12.0679	406.906	406.906
12.0799	406.533	406.533
12.0918	406.161	406.161
12.1037	405.789	405.788
12.1157	405.417	405.417
12.1276	405.045	405.045
12.1395	404.674	404.674
12.1515	404.303	404.302
12.1634	403.932	403.932
12.1754	403.561	403.561
12.1873	403.191	403.191
12.1992	402.821	402.821
12.2112	402.452	402.452
12.2231	402.082	402.082
12.235	401.713	401.713
12.247	401.345	401.345
12.2589	400.976	400.976
12.2708	400.608	400.608
12.2828	400.241	400.241
12.2947	399.873	399.873
12.3067	399.506	399.506
12.3186	399.139	399.139
12.3305	398.773	398.773
12.3425	398.407	398.407
12.3544	398.041	398.041
12.3663	397.676	397.676
12.3783	397.311	397.311
12.3902	396.946	396.946
12.4021	396.582	396.582
12.4141	396.218	396.218
12.426	395.854	395.854
12.438	395.491	395.491
12.4499	395.128	395.128
12.4618	394.765	394.765
12.4738	394.403	394.403
12.4857	394.041	394.041
12.4976	393.679	393.679
12.5096	393.318	393.318
12.5215	392.958	392.957
12.5335	392.597	392.597
12.5454	392.237	392.237
12.5573	391.878	391.877
12.5693	391.518	391.518
12.5812	391.159	391.159
12.5931	390.801	390.801
12.6051	390.443	390.443
12.617	390.085	390.085
12.6289	389.728	389.728
12.6409	389.371	389.371
12.6528	389.015	389.014
12.6648	388.659	388.658
12.6767	388.303	388.303
12.6886	387.948	387.948
12.7006	387.593	387.593
12.7125	387.238	387.238
12.7244	386.884	386.884
12.7364	386.531	386.531
12.7483	386.178	386.178
12.7602	385.825	385.825
12.7722	385.473	385.473
12.7841	385.121	385.121
12.7961	384.77	384.769
12.808	384.419	384.418
12.8199	384.068	384.068
12.8319	383.718	383.718
12.8438	383.368	383.368
12.8557	383.019	383.019
12.8677	382.67	382.67
12.8796	382.322	382.322
12.8916	381.974	381.974
12.9035	381.627	381.627
12.9154	381.28	381.28
12.9274	380.934	380.934
12.9393	380.588	380.588
12.9512	380.242	380.242
12.9632	379.897	379.897
12.9751	379.553	379.553
12.987	379.209	379.209
12.999	378.865	378.865
13.0109	378.522	378.522
13.0229	378.18	378.18
13.0348	377.838	377.838
13.0467	377.496	377.496
13.0587	377.155	377.155
13.0706	376.815	376.815
13.0825	376.475	376.475
13.0945	376.135	376.135
13.1064	375.796	375.796
13.1183	375.458	375.457
13.1303	375.12	375.119
13.1422	374.782	374.782
13.1542	374.445	374.445
13.1661	374.109	374.109
13.178	373.773	373.773
13.19	373.438	373.437
13.2019	373.103	373.103
13.2138	372.769	372.768
13.2258	372.435	372.435
13.2377	372.102	372.101
13.2496	371.769	371.769
13.2616	371.437	371.437
13.2735	371.105	371.105
13.2855	370.774	370.774
13.2974	370.444	370.444
13.3093	370.114	370.114
13.3213	369.785	369.784
13.3332	369.456	369.456
13.3451	369.128	369.127
13.3571	368.8	368.8
13.369	368.473	368.473
13.381	368.146	368.146
13.3929	367.821	367.82
13.4048	367.495	367.495
13.4168	367.17	367.17
13.4287	366.846	366.846
13.4406	366.523	366.523
13.4526	366.2	366.2
13.4645	365.877	365.877
13.4764	365.556	365.555
13.4884	365.234	365.234
13.5003	364.914	364.914
13.5123	364.594	364.594
13.5242	364.275	364.274
13.5361	363.956	363.956
13.5481	363.638	363.637
13.56	363.32	363.32
13.5719	363.003	363.003
13.5839	362.687	362.687
13.5958	362.371	362.371
13.6077	362.056	362.056
13.6197	361.742	361.742
13.6316	361.428	361.428
13.6436	361.115	361.115
13.6555	360.802	360.802
13.6674	360.491	360.49
13.6794	360.179	360.179
13.6913	359.869	359.868
13.7032	359.559	359.558
13.7152	359.249	359.249
13.7271	358.941	358.941
13.7391	358.633	358.633
13.751	358.325	358.325
13.7629	358.019	358.019
13.7749	357.713	357.712
13.7868	357.407	357.407
13.7987	357.103	357.102
13.8107	356.799	356.798
13.8226	356.495	356.495
13.8345	356.193	356.192
13.8465	355.891	355.89
13.8584	355.589	355.589
13.8704	355.289	355.288
13.8823	354.989	354.988
13.8942	354.689	354.689
13.9062	354.391	354.391
13.9181	354.093	354.093
13.93	353.796	353.795
13.942	353.499	353.499
13.9539	353.203	353.203
13.9658	352.908	352.908
13.9778	352.614	352.613
13.9897	352.32	352.32
14.0017	352.027	352.027
14.0136	351.735	351.734
14.0255	351.443	351.443
14.0375	351.152	351.152
14.0494	350.862	350.862
14.0613	350.572	350.572
14.0733	350.284	350.283
14.0852	349.996	349.995
14.0971	349.708	349.708
14.1091	349.422	349.421
14.121	349.136	349.136
14.133	348.851	348.85
14.1449	348.566	348.566
14.1568	348.283	348.282
14.1688	348	347.999
14.1807	347.717	347.717
14.1926	347.436	347.436
14.2046	347.155	347.155
14.2165	346.875	346.875
14.2285	346.596	346.596
14.2404	346.317	346.317
14.2523	346.04	346.039
14.2643	345.763	345.762
14.2762	345.486	345.486
14.2881	345.211	345.211
14.3001	344.936	344.936
14.312	344.662	344.662
14.3239	344.389	344.388
14.3359	344.116	344.116
14.3478	343.845	343.844
14.3598	343.574	343.573
14.3717	343.303	343.303
14.3836	343.034	343.034
14.3956	342.765	342.765
14.4075	342.497	342.497
14.4194	342.23	342.23
14.4314	341.964	341.964
14.4433	341.698	341.698
14.4552	341.433	341.433
14.4672	341.169	341.169
14.4791	340.906	340.906
14.4911	340.644	340.643
14.503	340.382	340.382
14.5149	340.121	340.121
14.5269	339.861	339.861
14.5388	339.602	339.601
14.5507	339.343	339.343
14.5627	339.085	339.085
14.5746	338.828	338.828
14.5866	338.572	338.572
14.5985	338.317	338.317
14.6104	338.062	338.062
14.6224	337.808	337.808
14.6343	337.555	337.555
14.6462	337.303	337.303
14.6582	337.052	337.052
14.6701	336.801	336.801
14.682	336.551	336.551
14.694	336.302	336.302
14.7059	336.054	336.054
14.7179	335.807	335.807
14.7298	335.56	335.56
14.7417	335.315	335.314
14.7537	335.07	335.069
14.7656	334.825	334.825
14.7775	334.582	334.582
14.7895	334.34	334.339
14.8014	334.098	334.098
14.8133	333.857	333.857
14.8253	333.617	333.617
14.8372	333.378	333.377
14.8492	333.139	333.139
14.8611	332.902	332.901
14.873	332.665	332.664
14.885	332.429	332.428
14.8969	332.194	332.193
14.9088	331.959	331.959
14.9208	331.726	331.725
14.9327	331.493	331.493
14.9446	331.261	331.261
14.9566	331.03	331.03
14.9685	330.8	330.799
14.9805	330.57	330.57
14.9924	330.342	330.341
15.0043	330.114	330.114
15.0163	329.887	329.887
15.0282	329.661	329.661
15.0401	329.436	329.435
15.0521	329.211	329.211
15.064	328.988	328.987
15.076	328.765	328.765
15.0879	328.543	328.543
15.0998	328.322	328.321
15.1118	328.101	328.101
15.1237	327.882	327.882
15.1356	327.663	327.663
15.1476	327.446	327.445
15.1595	327.229	327.228
15.1714	327.013	327.012
15.1834	326.797	326.797
15.1953	326.583	326.582
15.2073	326.369	326.369
15.2192	326.156	326.156
15.2311	325.944	325.944
15.2431	325.733	325.733
15.255	325.523	325.523
15.2669	325.314	325.313
15.2789	325.105	325.105
15.2908	324.897	324.897
15.3027	324.69	324.69
15.3147	324.484	324.484
15.3266	324.279	324.279
15.3386	324.075	324.074
15.3505	323.871	323.871
15.3624	323.668	323.668
15.3744	323.466	323.466
15.3863	323.265	323.265
15.3982	323.065	323.065
15.4102	322.866	322.865
15.4221	322.667	322.667
15.4341	322.469	322.469
15.446	322.272	322.272
15.4579	322.076	322.076
15.4699	321.881	321.881
15.4818	321.687	321.686
15.4937	321.493	321.493
15.5057	321.3	321.3
15.5176	321.109	321.108
15.5295	320.918	320.917
15.5415	320.727	320.727
15.5534	320.538	320.538
15.5654	320.349	320.349
15.5773	320.162	320.161
15.5892	319.975	319.975
15.6012	319.789	319.789
15.6131	319.604	319.603
15.625	319.419	319.419
15.637	319.236	319.235
15.6489	319.053	319.053
15.6608	318.871	318.871
15.6728	318.69	318.69
15.6847	318.51	318.51
15.6967	318.33	318.33
15.7086	318.152	318.152
15.7205	317.974	317.974
15.7325	317.797	317.797
15.7444	317.621	317.621
15.7563	317.446	317.446
15.7683	317.271	317.271
15.7802	317.098	317.098
15.7921	316.925	316.925
15.8041	316.753	316.753
15.816	316.582	316.582
15.828	316.412	316.411
15.8399	316.242	316.242
15.8518	316.073	316.073
15.8638	315.906	315.905
15.8757	315.738	315.738
15.8876	315.572	315.572
15.8996	315.407	315.407
15.9115	315.242	315.242
15.9235	315.078	315.078
15.9354	314.915	314.915
15.9473	314.753	314.753
15.9593	314.592	314.592
15.9712	314.431	314.431
15.9831	314.272	314.271
15.9951	314.113	314.112
16.007	313.955	313.954
16.0189	313.797	313.797
16.0309	313.641	313.64
16.0428	313.485	313.485
16.0548	313.33	313.33
16.0667	313.176	313.176
16.0786	313.023	313.022
16.0906	312.87	312.87
16.1025	312.719	312.718
16.1144	312.568	312.567
16.1264	312.417	312.417
16.1383	312.268	312.268
16.1502	312.12	312.119
16.1622	311.972	311.972
16.1741	311.825	311.825
16.1861	311.679	311.678
16.198	311.533	311.533
16.2099	311.389	311.388
16.2219	311.245	311.245
16.2338	311.102	311.102
16.2457	310.96	310.959
16.2577	310.818	310.818
16.2696	310.677	310.677
16.2816	310.537	310.537
16.2935	310.398	310.398
16.3054	310.26	310.26
16.3174	310.122	310.122
16.3293	309.986	309.985
16.3412	309.849	309.849
16.3532	309.714	309.714
16.3651	309.58	309.579
16.377	309.446	309.446
16.389	309.313	309.313
16.4009	309.181	309.18
16.4129	309.049	309.049
16.4248	308.918	308.918
16.4367	308.788	308.788
16.4487	308.659	308.659
16.4606	308.531	308.53
16.4725	308.403	308.403
16.4845	308.276	308.276
16.4964	308.15	308.149
16.5083	308.024	308.024
16.5203	307.899	307.899
16.5322	307.775	307.775
16.5442	307.652	307.652
16.5561	307.53	307.529
16.568	307.408	307.408
16.58	307.287	307.286
16.5919	307.166	307.166
16.6038	307.047	307.046
16.6158	306.928	306.928
16.6277	306.81	306.809
16.6396	306.692	306.692
16.6516	306.576	306.575
16.6635	306.46	306.459
16.6755	306.344	306.344
16.6874	306.23	306.229
16.6993	306.116	306.116
16.7113	306.003	306.002
16.7232	305.89	305.89
16.7351	305.779	305.778
16.7471	305.668	305.667
16.759	305.557	305.557
16.771	305.448	305.447
16.7829	305.339	305.338
16.7948	305.231	305.23
16.8068	305.123	305.123
16.8187	305.016	305.016
16.8306	304.91	304.91
16.8426	304.805	304.804
16.8545	304.7	304.699
16.8664	304.596	304.595
16.8784	304.492	304.492
16.8903	304.39	304.389
16.9023	304.287	304.287
16.9142	304.186	304.186
16.9261	304.085	304.085
16.9381	303.985	303.985
16.95	303.886	303.886
16.9619	303.787	303.787
16.9739	303.689	303.689
16.9858	303.592	303.592
16.9977	303.495	303.495
17.0097	303.399	303.399
17.0216	303.304	303.303
17.0336	303.209	303.209
17.0455	303.115	303.114
17.0574	303.021	303.021
17.0694	302.928	302.928
17.0813	302.836	302.836
17.0932	302.745	302.744
17.1052	302.654	302.654
17.1171	302.564	302.563
17.1291	302.474	302.474
17.141	302.385	302.385
17.1529	302.297	302.296
17.1649	302.209	302.209
17.1768	302.122	302.121
17.1887	302.035	302.035
17.2007	301.949	301.949
17.2126	301.864	301.864
17.2245	301.779	301.779
17.2365	301.695	301.695
17.2484	301.612	301.611
17.2604	301.529	301.529
17.2723	301.447	301.446
17.2842	301.365	301.365
17.2962	301.284	301.284
17.3081	301.203	301.203
17.32	301.124	301.123
17.332	301.044	301.044
17.3439	300.966	300.965
17.3558	300.888	300.887
17.3678	300.81	300.81
17.3797	300.733	300.733
17.3917	300.657	300.657
17.4036	300.581	300.581
17.4155	300.506	300.506
17.4275	300.431	300.431
17.4394	300.357	300.357
17.4513	300.284	300.283
17.4633	300.211	300.21
17.4752	300.138	300.138
17.4871	300.066	300.066
17.4991	299.995	299.995
17.511	299.924	299.924
17.523	299.854	299.854
17.5349	299.785	299.784
17.5468	299.716	299.715
17.5588	299.647	299.647
17.5707	299.579	299.579
17.5826	299.512	299.511
17.5946	299.445	299.444
17.6065	299.378	299.378
17.6185	299.312	299.312
17.6304	299.247	299.247
17.6423	299.182	299.182
17.6543	299.118	299.118
17.6662	299.054	299.054
17.6781	298.991	298.991
17.6901	298.928	298.928
17.702	298.866	298.866
17.7139	298.804	298.804
17.7259	298.743	298.743
17.7378	298.682	298.682
17.7498	298.622	298.622
17.7617	298.562	298.562
17.7736	298.503	298.503
17.7856	298.444	298.444
17.7975	298.386	298.386
17.8094	298.328	298.328
17.8214	298.271	298.271
17.8333	298.214	298.214
17.8452	298.158	298.158
17.8572	298.102	298.102
17.8691	298.047	298.046
17.8811	297.992	297.991
17.893	297.937	297.937
17.9049	297.883	297.883
17.9169	297.83	297.83
17.9288	297.777	297.776
17.9407	297.724	297.724
17.9527	297.672	297.672
17.9646	297.62	297.62
17.9766	297.569	297.569
17.9885	297.518	297.518
18.0004	297.468	297.468
18.0124	297.418	297.418
18.0243	297.369	297.368
18.0362	297.32	297.319
18.0482	297.271	297.271
18.0601	297.223	297.223
18.072	297.175	297.175
18.084	297.128	297.128
18.0959	297.081	297.081
18.1079	297.035	297.034
18.1198	296.988	296.988
18.1317	296.943	296.943
18.1437	296.898	296.898
18.1556	296.853	296.853
18.1675	296.809	296.808
18.1795	296.765	296.764
18.1914	296.721	296.721
18.2033	296.678	296.678
18.2153	296.635	296.635
18.2272	296.593	296.593
18.2392	296.551	296.551
18.2511	296.509	296.509
18.263	296.468	296.468
18.275	296.427	296.427
18.2869	296.387	296.387
18.2988	296.347	296.347
18.3108	296.307	296.307
18.3227	296.268	296.268
18.3346	296.229	296.229
18.3466	296.19	296.19
18.3585	296.152	296.152
18.3705	296.114	296.114
18.3824	296.077	296.077
18.3943	296.04	296.04
18.4063	296.003	296.003
18.4182	295.967	295.967
18.4301	295.931	295.931
18.4421	295.895	295.895
18.454	295.86	295.86
18.466	295.825	295.825
18.4779	295.79	295.79
18.4898	295.756	295.756
18.5018	295.722	295.722
18.5137	295.688	295.688
18.5256	295.655	295.655
18.5376	295.622	295.622
18.5495	295.59	295.59
18.5614	295.557	295.557
18.5734	295.525	295.525
18.5853	295.494	295.494
18.5973	295.463	295.462
18.6092	295.432	295.431
18.6211	295.401	295.401
18.6331	295.371	295.37
18.645	295.34	295.34
18.6569	295.311	295.311
18.6689	295.281	295.281
18.6808	295.252	295.252
18.6927	295.223	295.223
18.7047	295.195	295.195
18.7166	295.167	295.167
18.7286	295.139	295.139
18.7405	295.111	295.111
18.7524	295.084	295.084
18.7644	295.057	295.057
18.7763	295.03	295.03
18.7882	295.003	295.003
18.8002	294.977	294.977
18.8121	294.951	294.951
18.8241	294.926	294.926
18.836	294.9	294.9
18.8479	294.875	294.875
18.8599	294.85	294.85
18.8718	294.826	294.826
18.8837	294.802	294.802
18.8957	294.778	294.778
18.9076	294.754	294.754
18.9195	294.73	294.73
18.9315	294.707	294.707
18.9434	294.684	294.684
18.9554	294.661	294.661
18.9673	294.639	294.639
18.9792	294.617	294.617
18.9912	294.595	294.595
19.0031	294.573	294.573
19.015	294.552	294.551
19.027	294.53	294.53
19.0389	294.509	294.509
19.0508	294.489	294.488
19.0628	294.468	294.468
19.0747	294.448	294.448
19.0867	294.428	294.428
19.0986	294.408	294.408
19.1105	294.388	294.388
19.1225	294.369	294.369
19.1344	294.35	294.35
19.1463	294.331	294.331
19.1583	294.312	294.312
19.1702	294.293	294.293
19.1821	294.275	294.275
19.1941	294.257	294.257
19.206	294.239	294.239
19.218	294.222	294.222
19.2299	294.204	294.204
19.2418	294.187	294.187
19.2538	294.17	294.17
19.2657	294.153	294.153
19.2776	294.136	294.136
19.2896	294.12	294.12
19.3015	294.104	294.104
19.3135	294.088	294.088
19.3254	294.072	294.072
19.3373	294.056	294.056
19.3493	294.041	294.041
19.3612	294.026	294.025
19.3731	294.01	294.01
19.3851	293.996	293.995
19.397	293.981	293.981
19.4089	293.966	293.966
19.4209	293.952	293.952
19.4328	293.938	293.938
19.4448	293.924	293.924
19.4567	293.91	293.91
19.4686	293.896	293.896
19.4806	293.883	293.883
19.4925	293.869	293.869
19.5044	293.856	293.856
19.5164	293.843	293.843
19.5283	293.831	293.83
19.5402	293.818	293.818
19.5522	293.805	293.805
19.5641	293.793	293.793
19.5761	293.781	293.781
19.588	293.769	293.769
19.5999	293.757	293.757
19.6119	293.745	293.745
19.6238	293.734	293.734
19.6357	293.722	293.722
19.6477	293.711	293.711
19.6596	293.7	293.7
19.6716	293.689	293.689
19.6835	293.678	293.678
19.6954	293.668	293.667
19.7074	293.657	293.657
19.7193	293.647	293.647
19.7312	293.636	293.636
19.7432	293.626	293.626
19.7551	293.616	293.616
19.767	293.606	293.606
19.779	293.597	293.597
19.7909	293.587	293.587
19.8029	293.578	293.578
19.8148	293.568	293.568
19.8267	293.559	293.559
19.8387	293.55	293.55
19.8506	293.541	293.541
19.8625	293.532	293.532
19.8745	293.524	293.523
19.8864	293.515	293.515
19.8983	293.506	293.506
19.9103	293.498	293.498
19.9222	293.49	293.49
19.9342	293.482	293.482
19.9461	293.474	293.474
19.958	293.466	293.466
19.97	293.458	293.458
19.9819	293.45	293.45
19.9938	293.443	293.443
20.0058	293.435	293.435
20.0177	293.428	293.428
20.0296	293.421	293.421
20.0416	293.414	293.414
20.0535	293.407	293.407
20.0655	293.4	293.4
20.0774	293.393	293.393
20.0893	293.386	293.386
20.1013	293.379	293.379
20.1132	293.373	293.373
20.1251	293.366	293.366
20.1371	293.36	293.36
20.149	293.354	293.354
20.161	293.348	293.348
20.1729	293.342	293.342
20.1848	293.336	293.336
20.1968	293.33	293.33
20.2087	293.324	293.324
20.2206	293.318	293.318
20.2326	293.313	293.313
20.2445	293.307	293.307
20.2564	293.302	293.302
20.2684	293.296	293.296
20.2803	293.291	293.291
20.2923	293.286	293.286
20.3042	293.281	293.28
20.3161	293.275	293.275
20.3281	293.27	293.27
20.34	293.266	293.266
20.3519	293.261	293.261
20.3639	293.256	293.256
20.3758	293.251	293.251
20.3877	293.247	293.247
20.3997	293.242	293.242
20.4116	293.238	293.238
20.4236	293.233	293.233
20.4355	293.229	293.229
20.4474	293.225	293.225
20.4594	293.221	293.22
20.4713	293.216	293.216
20.4832	293.212	293.212
20.4952	293.208	293.208
20.5071	293.204	293.204
20.5191	293.201	293.201
20.531	293.197	293.197
20.5429	293.193	293.193
20.5549	293.189	293.189
20.5668	293.186	293.186
20.5787	293.182	293.182
20.5907	293.179	293.179
20.6026	293.175	293.175
20.6145	293.172	293.172
20.6265	293.168	293.168
20.6384	293.165	293.165
20.6504	293.162	293.162
20.6623	293.159	293.159
20.6742	293.156	293.156
20.6862	293.153	293.153
20.6981	293.15	293.15
20.71	293.147	293.147
20.722	293.144	293.144
20.7339	293.141	293.141
20.7458	293.138	293.138
20.7578	293.135	293.135
20.7697	293.133	293.133
20.7817	293.13	293.13
20.7936	293.127	293.127
20.8055	293.125	293.125
20.8175	293.122	293.122
20.8294	293.12	293.12
20.8413	293.117	293.117
20.8533	293.115	293.115
20.8652	293.113	293.112
20.8771	293.11	293.11
20.8891	293.108	293.108
20.901	293.106	293.106
20.913	293.103	293.103
20.9249	293.101	293.101
20.9368	293.099	293.099
20.9488	293.097	293.097
20.9607	293.095	293.095
20.9726	293.093	293.093
20.9846	293.091	293.091
20.9965	293.089	293.089
21.0085	293.087	293.087
21.0204	293.085	293.085
21.0323	293.084	293.084
21.0443	293.082	293.082
21.0562	293.08	293.08
21.0681	293.078	293.078
21.0801	293.077	293.077
21.092	293.075	293.075
21.1039	293.073	293.073
21.1159	293.072	293.072
21.1278	293.07	293.07
21.1398	293.069	293.069
21.1517	293.067	293.067
21.1636	293.066	293.066
21.1756	293.064	293.064
21.1875	293.063	293.063
21.1994	293.061	293.061
21.2114	293.06	293.06
21.2233	293.059	293.059
21.2352	293.057	293.057
21.2472	293.056	293.056
21.2591	293.055	293.055
21.2711	293.053	293.053
21.283	293.052	293.052
21.2949	293.051	293.051
21.3069	293.05	293.05
21.3188	293.049	293.049
21.3307	293.048	293.048
21.3427	293.046	293.046
21.3546	293.045	293.045
21.3666	293.044	293.044
21.3785	293.043	293.043
21.3904	293.042	293.042
21.4024	293.041	293.041
21.4143	293.04	293.04
21.4262	293.039	293.039
21.4382	293.038	293.038
21.4501	293.037	293.037
21.462	293.037	293.037
21.474	293.036	293.036
21.4859	293.035	293.035
21.4979	293.034	293.034
21.5098	293.033	293.033
21.5217	293.032	293.032
21.5337	293.032	293.032
21.5456	293.031	293.031
21.5575	293.03	293.03
21.5695	293.029	293.029
21.5814	293.029	293.029
21.5933	293.028	293.028
21.6053	293.027	293.027
21.6172	293.026	293.026
21.6292	293.026	293.026
21.6411	293.025	293.025
21.653	293.025	293.025
21.665	293.024	293.024
21.6769	293.023	293.023
21.6888	293.023	293.023
21.7008	293.022	293.022
21.7127	293.022	293.022
21.7246	293.021	293.021
21.7366	293.02	293.02
21.7485	293.02	293.02
21.7605	293.019	293.019
21.7724	293.019	293.019
21.7843	293.018	293.018
21.7963	293.018	293.018
21.8082	293.017	293.017
21.8201	293.017	293.017
21.8321	293.017	293.016
21.844	293.016	293.016
21.856	293.016	293.016
21.8679	293.015	293.015
21.8798	293.015	293.015
21.8918	293.014	293.014
21.9037	293.014	293.014
21.9156	293.014	293.014
21.9276	293.013	293.013
21.9395	293.013	293.013
21.9514	293.013	293.013
21.9634	293.012	293.012
21.9753	293.012	293.012
21.9873	293.011	293.011
21.9992	293.011	293.011
22.0111	293.011	293.011
22.0231	293.011	293.011
22.035	293.01	293.01
22.0469	293.01	293.01
22.0589	293.01	293.01
22.0708	293.009	293.009
22.0827	293.009	293.009
22.0947	293.009	293.009
22.1066	293.009	293.009
22.1186	293.008	293.008
22.1305	293.008	293.008
22.1424	293.008	293.008
22.1544	293.008	293.008
22.1663	293.007	293.007
22.1782	293.007	293.007
22.1902	293.007	293.007
22.2021	293.007	293.007
22.2141	293.007	293.007
22.226	293.006	293.006
22.2379	293.006	293.006
22.2499	293.006	293.006
22.2618	293.006	293.006
22.2737	293.006	293.006
22.2857	293.005	293.005
22.2976	293.005	293.005
22.3095	293.005	293.005
22.3215	293.005	293.005
22.3334	293.005	293.005
22.3454	293.005	293.005
22.3573	293.004	293.004
22.3692	293.004	293.004
22.3812	293.004	293.004
22.3931	293.004	293.004
22.405	293.004	293.004
22.417	293.004	293.004
22.4289	293.004	293.004
22.4408	293.004	293.004
22.4528	293.003	293.003
22.4647	293.003	293.003
22.4767	293.003	293.003
22.4886	293.003	293.003
22.5005	293.003	293.003
22.5125	293.003	293.003
22.5244	293.003	293.003
22.5363	293.003	293.003
22.5483	293.003	293.003
22.5602	293.003	293.003
22.5721	293.002	293.002
22.5841	293.002	293.002
22.596	293.002	293.002
22.608	293.002	293.002
22.6199	293.002	293.002
22.6318	293.002	293.002
22.6438	293.002	293.002
22.6557	293.002	293.002
22.6676	293.002	293.002
22.6796	293.002	293.002
22.6915	293.002	293.002
22.7035	293.002	293.002
22.7154	293.002	293.002
22.7273	293.002	293.002
22.7393	293.001	293.001
22.7512	293.001	293.001
22.7631	293.001	293.001
22.7751	293.001	293.001
22.787	293.001	293.001
22.7989	293.001	293.001
22.8109	293.001	293.001
22.8228	293.001	293.001
22.8348	293.001	293.001
22.8467	293.001	293.001
22.8586	293.001	293.001
22.8706	293.001	293.001
22.8825	293.001	293.001
22.8944	293.001	293.001
22.9064	293.001	293.001
22.9183	293.001	293.001
22.9302	293.001	293.001
22.9422	293.001	293.001
22.9541	293.001	293.001
22.9661	293.001	293.001
22.978	293.001	293.001
22.9899	293.001	293.001
23.0019	293.001	293.001
23.0138	293.001	293.001
23.0257	293.001	293.001
23.0377	293.001	293.001
23.0496	293	293
23.0616	293	293
23.0735	293	293
23.0854	293	293
23.0974	293	293
23.1093	293	293
23.1212	293	293
23.1332	293	293
23.1451	293	293
23.157	293	293
23.169	293	293
23.1809	293	293
23.1929	293	293
23.2048	293	293
23.2167	293	293
23.2287	293	293
23.2406	293	293
23.2525	293	293
23.2645	293	293
23.2764	293	293
23.2883	293	293
23.3003	293	293
23.3122	293	293
23.3242	293	293
23.3361	293	293
23.348	293	293
23.36	293	293
23.3719	293	293
23.3838	293	293
23.3958	293	293
23.4077	293	293
23.4196	293	293
23.4316	293	293
23.4435	293	293
23.4555	293	293
23.4674	293	293
23.4793	293	293
23.4913	293	293
23.5032	293	293
23.5151	293	293
23.5271	293	293
23.539	293	293
23.551	293	293
23.5629	293	293
23.5748	293	293
23.5868	293	293
23.5987	293	293
23.6106	293	293
23.6226	293	293
23.6345	293	293
23.6464	293	293
23.6584	293	293
23.6703	293	293
23.6823	293	293
23.6942	293	293
23.7061	293	293
23.7181	293	293
23.73	293	293
23.7419	293	293
23.7539	293	293
23.7658	293	293
23.7777	293	293
23.7897	293	293
23.8016	293	293
23.8136	293	293
23.8255	293	293
23.8374	293	293
23.8494	293	293
23.8613	293	293
23.8732	293	293
