0	872.76	872.892
0.0119366	872.758	872.891
0.0238732	872.754	872.89
0.0358099	872.75	872.889
0.0477465	872.746	872.887
0.0596831	872.742	872.885
0.0716197	872.738	872.883
0.0835563	872.734	872.881
0.095493	872.73	872.879
0.10743	872.725	872.877
0.119366	872.721	872.875
0.131303	872.716	872.872
0.143239	872.712	872.87
0.155176	872.708	872.868
0.167113	872.703	872.866
0.179049	872.698	872.863
0.190986	872.694	872.861
0.202923	872.689	872.859
0.214859	872.684	872.856
0.226796	872.679	872.854
0.238732	872.674	872.851
0.250669	872.669	872.849
0.262606	872.664	872.846
0.274542	872.659	872.844
0.286479	872.654	872.841
0.298416	872.648	872.838
0.310352	872.643	872.836
0.322289	872.637	872.833
0.334225	872.632	872.83
0.346162	872.626	872.827
0.358099	872.621	872.825
0.370035	872.615	872.822
0.381972	872.609	872.819
0.393908	872.603	872.816
0.405845	872.597	872.813
0.417782	872.591	872.81
0.429718	872.585	872.806
0.441655	872.579	872.803
0.453592	872.573	872.8
0.465528	872.566	872.797
0.477465	872.56	872.794
0.489401	872.553	872.79
0.501338	872.547	872.787
0.513275	872.54	872.783
0.525211	872.533	872.78
0.537148	872.526	872.776
0.549085	872.519	872.773
0.561021	872.512	872.769
0.572958	872.505	872.765
0.584894	872.498	872.762
0.596831	872.491	872.758
0.608768	872.483	872.754
0.620704	872.476	872.75
0.632641	872.468	872.746
0.644578	872.46	872.742
0.656514	872.453	872.738
0.668451	872.445	872.734
0.680387	872.437	872.73
0.692324	872.429	872.726
0.704261	872.421	872.721
0.716197	872.412	872.717
0.728134	872.404	872.713
0.74007	872.395	872.708
0.752007	872.387	872.704
0.763944	872.378	872.699
0.77588	872.369	872.694
0.787817	872.361	872.69
0.799754	872.352	872.685
0.81169	872.342	872.68
0.823627	872.333	872.675
0.835563	872.324	872.67
0.8475	872.315	872.665
0.859437	872.305	872.66
0.871373	872.295	872.655
0.88331	872.286	872.65
0.895247	872.276	872.644
0.907183	872.266	872.639
0.91912	872.256	872.633
0.931056	872.245	872.628
0.942993	872.235	872.622
0.95493	872.224	872.617
0.966866	872.214	872.611
0.978803	872.203	872.605
0.99074	872.192	872.599
1.00268	872.181	872.593
1.01461	872.17	872.587
1.02655	872.159	872.581
1.03849	872.148	872.575
1.05042	872.136	872.569
1.06236	872.124	872.562
1.0743	872.113	872.556
1.08623	872.101	872.549
1.09817	872.089	872.543
1.11011	872.077	872.536
1.12204	872.064	872.529
1.13398	872.052	872.522
1.14592	872.039	872.515
1.15785	872.027	872.508
1.16979	872.014	872.501
1.18173	872.001	872.494
1.19366	871.988	872.487
1.2056	871.974	872.479
1.21754	871.961	872.472
1.22947	871.947	872.464
1.24141	871.933	872.457
1.25335	871.92	872.449
1.26528	871.906	872.441
1.27722	871.891	872.433
1.28916	871.877	872.425
1.30109	871.862	872.417
1.31303	871.848	872.409
1.32496	871.833	872.4
1.3369	871.818	872.392
1.34884	871.803	872.383
1.36077	871.787	872.375
1.37271	871.772	872.366
1.38465	871.756	872.357
1.39658	871.74	872.348
1.40852	871.724	872.339
1.42046	871.708	872.33
1.43239	871.692	872.321
1.44433	871.675	872.311
1.45627	871.659	872.302
1.4682	871.642	872.292
1.48014	871.625	872.283
1.49208	871.608	872.273
1.50401	871.59	872.263
1.51595	871.573	872.253
1.52789	871.555	872.242
1.53982	871.537	872.232
1.55176	871.519	872.222
1.5637	871.501	872.211
1.57563	871.482	872.2
1.58757	871.463	872.19
1.59951	871.444	872.179
1.61144	871.425	872.168
1.62338	871.406	872.157
1.63532	871.387	872.145
1.64725	871.367	872.134
1.65919	871.347	872.122
1.67113	871.327	872.111
1.68306	871.307	872.099
1.695	871.286	872.087
1.70694	871.265	872.075
1.71887	871.245	872.062
1.73081	871.223	872.05
1.74275	871.202	872.038
1.75468	871.181	872.025
1.76662	871.159	872.012
1.77856	871.137	871.999
1.79049	871.115	871.986
1.80243	871.092	871.973
1.81437	871.07	871.96
1.8263	871.047	871.946
1.83824	871.024	871.932
1.85018	871	871.919
1.86211	870.977	871.905
1.87405	870.953	871.89
1.88599	870.929	871.876
1.89792	870.905	871.862
1.90986	870.88	871.847
1.9218	870.856	871.832
1.93373	870.831	871.818
1.94567	870.805	871.802
1.95761	870.78	871.787
1.96954	870.754	871.772
1.98148	870.728	871.756
1.99342	870.702	871.741
2.00535	870.676	871.725
2.01729	870.649	871.709
2.02923	870.622	871.692
2.04116	870.595	871.676
2.0531	870.568	871.659
2.06504	870.54	871.643
2.07697	870.512	871.626
2.08891	870.484	871.609
2.10085	870.455	871.591
2.11278	870.427	871.574
2.12472	870.398	871.556
2.13666	870.368	871.539
2.14859	870.339	871.521
2.16053	870.309	871.502
2.17246	870.279	871.484
2.1844	870.249	871.465
2.19634	870.218	871.447
2.20827	870.187	871.428
2.22021	870.156	871.408
2.23215	870.125	871.389
2.24408	870.093	871.37
2.25602	870.061	871.35
2.26796	870.028	871.33
2.27989	869.996	871.31
2.29183	869.963	871.289
2.30377	869.93	871.269
2.3157	869.896	871.248
2.32764	869.862	871.227
2.33958	869.828	871.206
2.35151	869.794	871.185
2.36345	869.759	871.163
2.37539	869.724	871.141
2.38732	869.689	871.119
2.39926	869.653	871.097
2.4112	869.617	871.074
2.42313	869.581	871.052
2.43507	869.544	871.029
2.44701	869.507	871.006
2.45894	869.47	870.982
2.47088	869.433	870.959
2.48282	869.395	870.935
2.49475	869.357	870.911
2.50669	869.318	870.887
2.51863	869.279	870.862
2.53056	869.24	870.837
2.5425	869.2	870.812
2.55444	869.161	870.787
2.56637	869.12	870.762
2.57831	869.08	870.736
2.59025	869.039	870.71
2.60218	868.998	870.684
2.61412	868.956	870.657
2.62606	868.914	870.631
2.63799	868.872	870.604
2.64993	868.83	870.577
2.66187	868.787	870.549
2.6738	868.743	870.521
2.68574	868.7	870.493
2.69768	868.656	870.465
2.70961	868.611	870.437
2.72155	868.566	870.408
2.73349	868.521	870.379
2.74542	868.476	870.35
2.75736	868.43	870.32
2.7693	868.384	870.29
2.78123	868.337	870.26
2.79317	868.29	870.23
2.80511	868.243	870.199
2.81704	868.195	870.168
2.82898	868.147	870.137
2.84092	868.098	870.105
2.85285	868.049	870.073
2.86479	868	870.041
2.87673	867.95	870.009
2.88866	867.9	869.976
2.9006	867.85	869.943
2.91254	867.799	869.91
2.92447	867.748	869.877
2.93641	867.696	869.843
2.94835	867.644	869.809
2.96028	867.591	869.774
2.97222	867.539	869.739
2.98416	867.485	869.704
2.99609	867.432	869.669
3.00803	867.377	869.633
3.01997	867.323	869.597
3.0319	867.268	869.561
3.04384	867.212	869.525
3.05577	867.157	869.488
3.06771	867.1	869.45
3.07965	867.044	869.413
3.09158	866.987	869.375
3.10352	866.929	869.337
3.11546	866.871	869.298
3.12739	866.813	869.259
3.13933	866.754	869.22
3.15127	866.695	869.181
3.1632	866.635	869.141
3.17514	866.575	869.101
3.18708	866.514	869.06
3.19901	866.453	869.019
3.21095	866.392	868.978
3.22289	866.33	868.936
3.23482	866.267	868.894
3.24676	866.204	868.852
3.2587	866.141	868.809
3.27063	866.077	868.767
3.28257	866.013	868.723
3.29451	865.948	868.68
3.30644	865.883	868.635
3.31838	865.817	868.591
3.33032	865.751	868.546
3.34225	865.685	868.501
3.35419	865.618	868.456
3.36613	865.55	868.41
3.37806	865.482	868.364
3.39	865.414	868.317
3.40194	865.345	868.27
3.41387	865.275	868.223
3.42581	865.205	868.175
3.43775	865.135	868.127
3.44968	865.064	868.078
3.46162	864.992	868.029
3.47356	864.92	867.98
3.48549	864.848	867.93
3.49743	864.775	867.88
3.50937	864.701	867.83
3.5213	864.627	867.779
3.53324	864.553	867.728
3.54518	864.478	867.676
3.55711	864.402	867.624
3.56905	864.326	867.571
3.58099	864.25	867.518
3.59292	864.173	867.465
3.60486	864.095	867.411
3.6168	864.017	867.357
3.62873	863.938	867.303
3.64067	863.859	867.248
3.65261	863.78	867.192
3.66454	863.699	867.137
3.67648	863.619	867.08
3.68842	863.537	867.024
3.70035	863.456	866.967
3.71229	863.373	866.909
3.72423	863.29	866.851
3.73616	863.207	866.793
3.7481	863.123	866.734
3.76004	863.038	866.675
3.77197	862.953	866.615
3.78391	862.868	866.555
3.79585	862.781	866.494
3.80778	862.695	866.433
3.81972	862.607	866.372
3.83166	862.519	866.31
3.84359	862.431	866.247
3.85553	862.342	866.184
3.86747	862.252	866.121
3.8794	862.162	866.057
3.89134	862.072	865.993
3.90327	861.98	865.928
3.91521	861.889	865.863
3.92715	861.796	865.798
3.93908	861.703	865.731
3.95102	861.61	865.665
3.96296	861.515	865.598
3.97489	861.421	865.53
3.98683	861.325	865.462
3.99877	861.229	865.394
4.0107	861.133	865.325
4.02264	861.036	865.255
4.03458	860.938	865.185
4.04651	860.84	865.115
4.05845	860.741	865.044
4.07039	860.641	864.972
4.08232	860.541	864.901
4.09426	860.441	864.828
4.1062	860.339	864.755
4.11813	860.237	864.682
4.13007	860.135	864.608
4.14201	860.032	864.533
4.15394	859.928	864.458
4.16588	859.824	864.383
4.17782	859.719	864.307
4.18975	859.613	864.23
4.20169	859.507	864.153
4.21363	859.4	864.076
4.22556	859.293	863.998
4.2375	859.185	863.919
4.24944	859.076	863.84
4.26137	858.967	863.76
4.27331	858.857	863.68
4.28525	858.746	863.599
4.29718	858.635	863.518
4.30912	858.523	863.436
4.32106	858.41	863.354
4.33299	858.297	863.271
4.34493	858.183	863.188
4.35687	858.069	863.104
4.3688	857.954	863.019
4.38074	857.838	862.934
4.39268	857.722	862.848
4.40461	857.605	862.762
4.41655	857.487	862.675
4.42849	857.369	862.588
4.44042	857.25	862.5
4.45236	857.13	862.412
4.4643	857.01	862.323
4.47623	856.889	862.233
4.48817	856.767	862.143
4.50011	856.645	862.053
4.51204	856.522	861.961
4.52398	856.399	861.87
4.53592	856.274	861.777
4.54785	856.149	861.684
4.55979	856.024	861.591
4.57173	855.897	861.496
4.58366	855.77	861.402
4.5956	855.643	861.306
4.60754	855.515	861.21
4.61947	855.386	861.114
4.63141	855.256	861.017
4.64335	855.126	860.919
4.65528	854.994	860.821
4.66722	854.863	860.722
4.67916	854.73	860.623
4.69109	854.597	860.522
4.70303	854.463	860.422
4.71497	854.329	860.321
4.7269	854.194	860.219
4.73884	854.058	860.116
4.75078	853.921	860.013
4.76271	853.784	859.909
4.77465	853.646	859.805
4.78658	853.508	859.7
4.79852	853.368	859.594
4.81046	853.228	859.488
4.82239	853.087	859.381
4.83433	852.946	859.274
4.84627	852.804	859.166
4.8582	852.661	859.057
4.87014	852.517	858.948
4.88208	852.373	858.838
4.89401	852.228	858.727
4.90595	852.082	858.616
4.91789	851.936	858.504
4.92982	851.789	858.392
4.94176	851.641	858.279
4.9537	851.492	858.165
4.96563	851.343	858.05
4.97757	851.193	857.935
4.98951	851.042	857.82
5.00144	850.891	857.703
5.01338	850.739	857.586
5.02532	850.586	857.468
5.03725	850.432	857.35
5.04919	850.278	857.231
5.06113	850.123	857.111
5.07306	849.967	856.991
5.085	849.811	856.87
5.09694	849.654	856.749
5.10887	849.496	856.626
5.12081	849.337	856.503
5.13275	849.177	856.38
5.14468	849.017	856.255
5.15662	848.856	856.13
5.16856	848.695	856.005
5.18049	848.532	855.878
5.19243	848.369	855.752
5.20437	848.205	855.624
5.2163	848.041	855.496
5.22824	847.876	855.366
5.24018	847.71	855.237
5.25211	847.543	855.106
5.26405	847.375	854.975
5.27599	847.207	854.844
5.28792	847.038	854.711
5.29986	846.868	854.578
5.3118	846.698	854.444
5.32373	846.526	854.31
5.33567	846.354	854.174
5.34761	846.182	854.039
5.35954	846.008	853.902
5.37148	845.834	853.765
5.38342	845.659	853.627
5.39535	845.483	853.488
5.40729	845.307	853.349
5.41923	845.129	853.209
5.43116	844.951	853.068
5.4431	844.773	852.926
5.45504	844.593	852.784
5.46697	844.413	852.641
5.47891	844.232	852.497
5.49085	844.05	852.353
5.50278	843.868	852.208
5.51472	843.684	852.062
5.52666	843.5	851.916
5.53859	843.316	851.769
5.55053	843.13	851.621
5.56247	842.944	851.472
5.5744	842.757	851.323
5.58634	842.569	851.173
5.59828	842.38	851.022
5.61021	842.191	850.87
5.62215	842.001	850.718
5.63408	841.81	850.565
5.64602	841.619	850.412
5.65796	841.426	850.257
5.66989	841.233	850.102
5.68183	841.039	849.946
5.69377	840.845	849.79
5.7057	840.649	849.632
5.71764	840.453	849.474
5.72958	840.256	849.315
5.74151	840.058	849.156
5.75345	839.86	848.996
5.76539	839.661	848.835
5.77732	839.461	848.673
5.78926	839.26	848.51
5.8012	839.059	848.347
5.81313	838.856	848.183
5.82507	838.653	848.019
5.83701	838.45	847.853
5.84894	838.245	847.687
5.86088	838.04	847.52
5.87282	837.834	847.352
5.88475	837.627	847.184
5.89669	837.419	847.015
5.90863	837.211	846.845
5.92056	837.002	846.674
5.9325	836.792	846.503
5.94444	836.582	846.331
5.95637	836.37	846.158
5.96831	836.158	845.984
5.98025	835.945	845.81
5.99218	835.731	845.635
6.00412	835.517	845.459
6.01606	835.302	845.282
6.02799	835.086	845.105
6.03993	834.869	844.927
6.05187	834.652	844.748
6.0638	834.433	844.568
6.07574	834.214	844.388
6.08768	833.995	844.207
6.09961	833.774	844.025
6.11155	833.553	843.842
6.12349	833.331	843.659
6.13542	833.108	843.474
6.14736	832.885	843.29
6.1593	832.66	843.104
6.17123	832.435	842.917
6.18317	832.209	842.73
6.19511	831.983	842.542
6.20704	831.756	842.353
6.21898	831.528	842.164
6.23092	831.299	841.974
6.24285	831.069	841.783
6.25479	830.839	841.591
6.26673	830.608	841.398
6.27866	830.376	841.205
6.2906	830.143	841.011
6.30254	829.91	840.816
6.31447	829.676	840.62
6.32641	829.441	840.424
6.33835	829.205	840.227
6.35028	828.969	840.029
6.36222	828.732	839.83
6.37416	828.494	839.631
6.38609	828.256	839.431
6.39803	828.016	839.23
6.40997	827.776	839.028
6.4219	827.535	838.826
6.43384	827.294	838.622
6.44578	827.052	838.418
6.45771	826.809	838.214
6.46965	826.565	838.008
6.48159	826.32	837.802
6.49352	826.075	837.595
6.50546	825.829	837.387
6.51739	825.582	837.178
6.52933	825.335	836.969
6.54127	825.087	836.759
6.5532	824.838	836.548
6.56514	824.588	836.336
6.57708	824.338	836.124
6.58901	824.086	835.911
6.60095	823.835	835.697
6.61289	823.582	835.482
6.62482	823.329	835.267
6.63676	823.075	835.05
6.6487	822.82	834.833
6.66063	822.564	834.616
6.67257	822.308	834.397
6.68451	822.051	834.178
6.69644	821.793	833.958
6.70838	821.535	833.737
6.72032	821.276	833.515
6.73225	821.016	833.293
6.74419	820.755	833.07
6.75613	820.494	832.846
6.76806	820.232	832.622
6.78	819.969	832.396
6.79194	819.706	832.17
6.80387	819.442	831.943
6.81581	819.177	831.716
6.82775	818.911	831.487
6.83968	818.645	831.258
6.85162	818.378	831.028
6.86356	818.111	830.797
6.87549	817.842	830.566
6.88743	817.573	830.334
6.89937	817.303	830.101
6.9113	817.033	829.867
6.92324	816.762	829.633
6.93518	816.49	829.397
6.94711	816.217	829.162
6.95905	815.944	828.925
6.97099	815.67	828.687
6.98292	815.395	828.449
6.99486	815.12	828.21
7.0068	814.844	827.971
7.01873	814.567	827.73
7.03067	814.29	827.489
7.04261	814.012	827.247
7.05454	813.733	827.004
7.06648	813.453	826.761
7.07842	813.173	826.517
7.09035	812.892	826.272
7.10229	812.611	826.026
7.11423	812.329	825.78
7.12616	812.046	825.532
7.1381	811.762	825.285
7.15004	811.478	825.036
7.16197	811.193	824.787
7.17391	810.908	824.537
7.18585	810.621	824.286
7.19778	810.335	824.034
7.20972	810.047	823.782
7.22166	809.759	823.529
7.23359	809.47	823.275
7.24553	809.18	823.021
7.25747	808.89	822.765
7.2694	808.6	822.509
7.28134	808.308	822.253
7.29328	808.016	821.995
7.30521	807.723	821.737
7.31715	807.43	821.478
7.32909	807.136	821.219
7.34102	806.841	820.958
7.35296	806.546	820.697
7.36489	806.25	820.436
7.37683	805.953	820.173
7.38877	805.656	819.91
7.4007	805.358	819.646
7.41264	805.059	819.381
7.42458	804.76	819.116
7.43651	804.46	818.85
7.44845	804.16	818.583
7.46039	803.859	818.316
7.47232	803.557	818.048
7.48426	803.255	817.779
7.4962	802.952	817.509
7.50813	802.649	817.239
7.52007	802.344	816.968
7.53201	802.04	816.696
7.54394	801.734	816.424
7.55588	801.428	816.151
7.56782	801.122	815.877
7.57975	800.815	815.602
7.59169	800.507	815.327
7.60363	800.198	815.051
7.61556	799.889	814.775
7.6275	799.58	814.497
7.63944	799.27	814.219
7.65137	798.959	813.941
7.66331	798.648	813.661
7.67525	798.336	813.381
7.68718	798.023	813.101
7.69912	797.71	812.819
7.71106	797.396	812.537
7.72299	797.082	812.254
7.73493	796.767	811.971
7.74687	796.452	811.687
7.7588	796.136	811.402
7.77074	795.819	811.117
7.78268	795.502	810.831
7.79461	795.184	810.544
7.80655	794.866	810.256
7.81849	794.547	809.968
7.83042	794.228	809.68
7.84236	793.908	809.39
7.8543	793.587	809.1
7.86623	793.266	808.809
7.87817	792.944	808.518
7.89011	792.622	808.226
7.90204	792.299	807.933
7.91398	791.976	807.64
7.92592	791.652	807.346
7.93785	791.328	807.051
7.94979	791.003	806.756
7.96173	790.677	806.46
7.97366	790.351	806.163
7.9856	790.025	805.866
7.99754	789.698	805.568
8.00947	789.37	805.27
8.02141	789.042	804.97
8.03335	788.713	804.671
8.04528	788.384	804.37
8.05722	788.054	804.069
8.06916	787.724	803.767
8.08109	787.394	803.465
8.09303	787.062	803.162
8.10497	786.731	802.859
8.1169	786.398	802.555
8.12884	786.066	802.25
8.14078	785.732	801.944
8.15271	785.398	801.638
8.16465	785.064	801.332
8.17659	784.729	801.024
8.18852	784.394	800.717
8.20046	784.058	800.408
8.2124	783.722	800.099
8.22433	783.385	799.79
8.23627	783.048	799.479
8.2482	782.711	799.168
8.26014	782.372	798.857
8.27208	782.034	798.545
8.28401	781.695	798.232
8.29595	781.355	797.919
8.30789	781.015	797.605
8.31982	780.674	797.291
8.33176	780.333	796.976
8.3437	779.992	796.66
8.35563	779.65	796.344
8.36757	779.307	796.028
8.37951	778.964	795.71
8.39144	778.621	795.392
8.40338	778.277	795.074
8.41532	777.933	794.755
8.42725	777.588	794.435
8.43919	777.243	794.115
8.45113	776.898	793.795
8.46306	776.552	793.473
8.475	776.205	793.152
8.48694	775.858	792.829
8.49887	775.511	792.506
8.51081	775.163	792.183
8.52275	774.815	791.859
8.53468	774.467	791.534
8.54662	774.118	791.209
8.55856	773.768	790.883
8.57049	773.418	790.557
8.58243	773.068	790.231
8.59437	772.717	789.903
8.6063	772.366	789.576
8.61824	772.014	789.247
8.63018	771.663	788.918
8.64211	771.31	788.589
8.65405	770.957	788.259
8.66599	770.604	787.929
8.67792	770.251	787.598
8.68986	769.897	787.266
8.7018	769.542	786.934
8.71373	769.188	786.602
8.72567	768.833	786.269
8.73761	768.477	785.935
8.74954	768.121	785.601
8.76148	767.765	785.267
8.77342	767.408	784.932
8.78535	767.051	784.596
8.79729	766.694	784.26
8.80923	766.336	783.924
8.82116	765.978	783.587
8.8331	765.619	783.249
8.84504	765.26	782.911
8.85697	764.901	782.573
8.86891	764.541	782.234
8.88085	764.181	781.895
8.89278	763.821	781.555
8.90472	763.46	781.214
8.91666	763.099	780.873
8.92859	762.738	780.532
8.94053	762.376	780.19
8.95247	762.014	779.848
8.9644	761.652	779.505
8.97634	761.289	779.162
8.98828	760.926	778.819
9.00021	760.562	778.474
9.01215	760.199	778.13
9.02409	759.834	777.785
9.03602	759.47	777.44
9.04796	759.105	777.094
9.0599	758.74	776.747
9.07183	758.375	776.401
9.08377	758.009	776.053
9.0957	757.643	775.706
9.10764	757.276	775.358
9.11958	756.91	775.009
9.13151	756.543	774.66
9.14345	756.175	774.311
9.15539	755.808	773.961
9.16732	755.44	773.611
9.17926	755.072	773.26
9.1912	754.703	772.909
9.20313	754.334	772.558
9.21507	753.965	772.206
9.22701	753.596	771.853
9.23894	753.226	771.501
9.25088	752.856	771.148
9.26282	752.486	770.794
9.27475	752.115	770.44
9.28669	751.744	770.086
9.29863	751.373	769.731
9.31056	751.002	769.376
9.3225	750.63	769.02
9.33444	750.258	768.665
9.34637	749.886	768.308
9.35831	749.514	767.952
9.37025	749.141	767.595
9.38218	748.768	767.237
9.39412	748.394	766.879
9.40606	748.021	766.521
9.41799	747.647	766.163
9.42993	747.273	765.804
9.44187	746.899	765.444
9.4538	746.524	765.085
9.46574	746.149	764.725
9.47768	745.774	764.364
9.48961	745.399	764.004
9.50155	745.023	763.642
9.51349	744.648	763.281
9.52542	744.272	762.919
9.53736	743.895	762.557
9.5493	743.519	762.195
9.56123	743.142	761.832
9.57317	742.765	761.469
9.58511	742.388	761.105
9.59704	742.01	760.741
9.60898	741.633	760.377
9.62092	741.255	760.012
9.63285	740.877	759.647
9.64479	740.498	759.282
9.65673	740.12	758.917
9.66866	739.741	758.551
9.6806	739.362	758.185
9.69254	738.983	757.818
9.70447	738.604	757.451
9.71641	738.224	757.084
9.72835	737.844	756.717
9.74028	737.464	756.349
9.75222	737.084	755.981
9.76416	736.704	755.613
9.77609	736.323	755.244
9.78803	735.942	754.875
9.79997	735.561	754.506
9.8119	735.18	754.136
9.82384	734.799	753.766
9.83578	734.417	753.396
9.84771	734.035	753.026
9.85965	733.653	752.655
9.87159	733.271	752.284
9.88352	732.889	751.913
9.89546	732.506	751.541
9.9074	732.124	751.169
9.91933	731.741	750.797
9.93127	731.358	750.425
9.94321	730.975	750.052
9.95514	730.591	749.679
9.96708	730.208	749.306
9.97901	729.824	748.933
9.99095	729.44	748.559
10.0029	729.056	748.185
10.0148	728.672	747.811
10.0268	728.288	747.436
10.0387	727.903	747.061
10.0506	727.519	746.686
10.0626	727.134	746.311
10.0745	726.749	745.935
10.0864	726.364	745.56
10.0984	725.979	745.184
10.1103	725.593	744.807
10.1223	725.208	744.431
10.1342	724.822	744.054
10.1461	724.436	743.677
10.1581	724.05	743.3
10.17	723.664	742.922
10.1819	723.278	742.545
10.1939	722.892	742.167
10.2058	722.505	741.789
10.2177	722.118	741.41
10.2297	721.732	741.032
10.2416	721.345	740.653
10.2536	720.958	740.274
10.2655	720.571	739.895
10.2774	720.183	739.515
10.2894	719.796	739.136
10.3013	719.408	738.756
10.3132	719.021	738.376
10.3252	718.633	737.996
10.3371	718.245	737.615
10.3491	717.857	737.234
10.361	717.469	736.854
10.3729	717.081	736.472
10.3849	716.692	736.091
10.3968	716.304	735.71
10.4087	715.916	735.328
10.4207	715.527	734.946
10.4326	715.138	734.564
10.4445	714.749	734.182
10.4565	714.36	733.8
10.4684	713.971	733.417
10.4804	713.582	733.034
10.4923	713.193	732.651
10.5042	712.804	732.268
10.5162	712.414	731.885
10.5281	712.025	731.501
10.54	711.635	731.118
10.552	711.245	730.734
10.5639	710.855	730.35
10.5758	710.466	729.966
10.5878	710.076	729.582
10.5997	709.686	729.197
10.6117	709.295	728.813
10.6236	708.905	728.428
10.6355	708.515	728.043
10.6475	708.124	727.658
10.6594	707.734	727.272
10.6713	707.343	726.887
10.6833	706.953	726.502
10.6952	706.562	726.116
10.7071	706.171	725.73
10.7191	705.781	725.344
10.731	705.39	724.958
10.743	704.999	724.572
10.7549	704.608	724.185
10.7668	704.216	723.799
10.7788	703.825	723.412
10.7907	703.434	723.025
10.8026	703.043	722.638
10.8146	702.651	722.251
10.8265	702.26	721.864
10.8385	701.868	721.477
10.8504	701.477	721.089
10.8623	701.085	720.702
10.8743	700.694	720.314
10.8862	700.302	719.926
10.8981	699.91	719.538
10.9101	699.518	719.15
10.922	699.126	718.762
10.9339	698.734	718.373
10.9459	698.342	717.985
10.9578	697.95	717.597
10.9698	697.558	717.208
10.9817	697.166	716.819
10.9936	696.774	716.43
11.0056	696.382	716.041
11.0175	695.989	715.652
11.0294	695.597	715.263
11.0414	695.205	714.874
11.0533	694.812	714.484
11.0652	694.42	714.095
11.0772	694.028	713.705
11.0891	693.635	713.316
11.1011	693.242	712.926
11.113	692.85	712.536
11.1249	692.457	712.146
11.1369	692.065	711.756
11.1488	691.672	711.366
11.1607	691.279	710.976
11.1727	690.886	710.586
11.1846	690.494	710.195
11.1966	690.101	709.805
11.2085	689.708	709.414
11.2204	689.315	709.024
11.2324	688.922	708.633
11.2443	688.529	708.242
11.2562	688.136	707.851
11.2682	687.743	707.46
11.2801	687.35	707.069
11.292	686.957	706.678
11.304	686.564	706.287
11.3159	686.171	705.896
11.3279	685.778	705.505
11.3398	685.385	705.113
11.3517	684.992	704.722
11.3637	684.599	704.33
11.3756	684.205	703.939
11.3875	683.812	703.547
11.3995	683.419	703.155
11.4114	683.026	702.764
11.4233	682.633	702.372
11.4353	682.239	701.98
11.4472	681.846	701.588
11.4592	681.453	701.196
11.4711	681.06	700.804
11.483	680.666	700.412
11.495	680.273	700.02
11.5069	679.88	699.628
11.5188	679.486	699.235
11.5308	679.093	698.843
11.5427	678.7	698.451
11.5546	678.306	698.058
11.5666	677.913	697.666
11.5785	677.519	697.273
11.5905	677.126	696.881
11.6024	676.733	696.488
11.6143	676.339	696.096
11.6263	675.946	695.703
11.6382	675.553	695.31
11.6501	675.159	694.918
11.6621	674.766	694.525
11.674	674.372	694.132
11.686	673.979	693.739
11.6979	673.586	693.346
11.7098	673.192	692.953
11.7218	672.799	692.561
11.7337	672.405	692.168
11.7456	672.012	691.775
11.7576	671.619	691.381
11.7695	671.225	690.988
11.7814	670.832	690.595
11.7934	670.438	690.202
11.8053	670.045	689.809
11.8173	669.652	689.416
11.8292	669.258	689.023
11.8411	668.865	688.629
11.8531	668.471	688.236
11.865	668.078	687.843
11.8769	667.685	687.45
11.8889	667.291	687.056
11.9008	666.898	686.663
11.9127	666.505	686.27
11.9247	666.111	685.876
11.9366	665.718	685.483
11.9486	665.325	685.089
11.9605	664.932	684.696
11.9724	664.538	684.302
11.9844	664.145	683.909
11.9963	663.752	683.515
12.0082	663.358	683.122
12.0202	662.965	682.728
12.0321	662.572	682.335
12.0441	662.179	681.941
12.056	661.786	681.548
12.0679	661.392	681.154
12.0799	660.999	680.761
12.0918	660.606	680.367
12.1037	660.213	679.974
12.1157	659.82	679.58
12.1276	659.427	679.186
12.1395	659.034	678.793
12.1515	658.64	678.399
12.1634	658.247	678.006
12.1754	657.854	677.612
12.1873	657.461	677.218
12.1992	657.068	676.825
12.2112	656.675	676.431
12.2231	656.282	676.037
12.235	655.889	675.644
12.247	655.496	675.25
12.2589	655.103	674.857
12.2708	654.71	674.463
12.2828	654.318	674.069
12.2947	653.925	673.676
12.3067	653.532	673.282
12.3186	653.139	672.888
12.3305	652.746	672.495
12.3425	652.353	672.101
12.3544	651.96	671.708
12.3663	651.568	671.314
12.3783	651.175	670.92
12.3902	650.782	670.527
12.4021	650.389	670.133
12.4141	649.997	669.74
12.426	649.604	669.346
12.438	649.211	668.952
12.4499	648.819	668.559
12.4618	648.426	668.165
12.4738	648.034	667.772
12.4857	647.641	667.378
12.4976	647.249	666.985
12.5096	646.856	666.591
12.5215	646.464	666.198
12.5335	646.071	665.804
12.5454	645.679	665.411
12.5573	645.286	665.017
12.5693	644.894	664.624
12.5812	644.501	664.23
12.5931	644.109	663.837
12.6051	643.717	663.444
12.617	643.324	663.05
12.6289	642.932	662.657
12.6409	642.54	662.263
12.6528	642.147	661.87
12.6648	641.755	661.477
12.6767	641.363	661.083
12.6886	640.971	660.69
12.7006	640.579	660.297
12.7125	640.187	659.903
12.7244	639.794	659.51
12.7364	639.402	659.117
12.7483	639.01	658.724
12.7602	638.618	658.33
12.7722	638.226	657.937
12.7841	637.834	657.544
12.7961	637.442	657.151
12.808	637.05	656.758
12.8199	636.659	656.364
12.8319	636.267	655.971
12.8438	635.875	655.578
12.8557	635.483	655.185
12.8677	635.091	654.792
12.8796	634.699	654.399
12.8916	634.308	654.006
12.9035	633.916	653.613
12.9154	633.524	653.22
12.9274	633.132	652.827
12.9393	632.741	652.434
12.9512	632.349	652.041
12.9632	631.958	651.648
12.9751	631.566	651.256
12.987	631.174	650.863
12.999	630.783	650.47
13.0109	630.391	650.077
13.0229	630	649.684
13.0348	629.608	649.292
13.0467	629.217	648.899
13.0587	628.826	648.506
13.0706	628.434	648.113
13.0825	628.043	647.721
13.0945	627.651	647.328
13.1064	627.26	646.936
13.1183	626.869	646.543
13.1303	626.478	646.15
13.1422	626.086	645.758
13.1542	625.695	645.365
13.1661	625.304	644.973
13.178	624.913	644.58
13.19	624.522	644.188
13.2019	624.131	643.795
13.2138	623.74	643.403
13.2258	623.348	643.011
13.2377	622.957	642.618
13.2496	622.566	642.226
13.2616	622.175	641.834
13.2735	621.785	641.441
13.2855	621.394	641.049
13.2974	621.003	640.657
13.3093	620.612	640.265
13.3213	620.221	639.873
13.3332	619.83	639.48
13.3451	619.439	639.088
13.3571	619.049	638.696
13.369	618.658	638.304
13.381	618.267	637.912
13.3929	617.876	637.52
13.4048	617.486	637.128
13.4168	617.095	636.736
13.4287	616.704	636.344
13.4406	616.314	635.952
13.4526	615.923	635.56
13.4645	615.533	635.168
13.4764	615.142	634.777
13.4884	614.752	634.385
13.5003	614.361	633.993
13.5123	613.971	633.601
13.5242	613.58	633.21
13.5361	613.19	632.818
13.5481	612.8	632.426
13.56	612.409	632.035
13.5719	612.019	631.643
13.5839	611.629	631.251
13.5958	611.238	630.86
13.6077	610.848	630.468
13.6197	610.458	630.077
13.6316	610.068	629.685
13.6436	609.678	629.294
13.6555	609.287	628.902
13.6674	608.897	628.511
13.6794	608.507	628.119
13.6913	608.117	627.728
13.7032	607.727	627.337
13.7152	607.337	626.945
13.7271	606.947	626.554
13.7391	606.557	626.163
13.751	606.167	625.772
13.7629	605.777	625.381
13.7749	605.387	624.989
13.7868	604.997	624.598
13.7987	604.608	624.207
13.8107	604.218	623.816
13.8226	603.828	623.425
13.8345	603.438	623.034
13.8465	603.048	622.643
13.8584	602.659	622.252
13.8704	602.269	621.861
13.8823	601.879	621.47
13.8942	601.49	621.079
13.9062	601.1	620.688
13.9181	600.71	620.297
13.93	600.321	619.907
13.942	599.931	619.516
13.9539	599.542	619.125
13.9658	599.152	618.734
13.9778	598.763	618.343
13.9897	598.373	617.953
14.0017	597.984	617.562
14.0136	597.594	617.171
14.0255	597.205	616.781
14.0375	596.816	616.39
14.0494	596.426	616
14.0613	596.037	615.609
14.0733	595.648	615.219
14.0852	595.258	614.828
14.0971	594.869	614.438
14.1091	594.48	614.047
14.121	594.091	613.657
14.133	593.701	613.266
14.1449	593.312	612.876
14.1568	592.923	612.486
14.1688	592.534	612.095
14.1807	592.145	611.705
14.1926	591.756	611.315
14.2046	591.367	610.925
14.2165	590.978	610.534
14.2285	590.589	610.144
14.2404	590.2	609.754
14.2523	589.811	609.364
14.2643	589.422	608.974
14.2762	589.033	608.584
14.2881	588.644	608.194
14.3001	588.255	607.804
14.312	587.867	607.414
14.3239	587.478	607.024
14.3359	587.089	606.634
14.3478	586.7	606.244
14.3598	586.312	605.854
14.3717	585.923	605.464
14.3836	585.534	605.074
14.3956	585.146	604.684
14.4075	584.757	604.295
14.4194	584.368	603.905
14.4314	583.98	603.515
14.4433	583.591	603.125
14.4552	583.203	602.736
14.4672	582.814	602.346
14.4791	582.426	601.956
14.4911	582.037	601.567
14.503	581.649	601.177
14.5149	581.26	600.787
14.5269	580.872	600.398
14.5388	580.484	600.008
14.5507	580.095	599.619
14.5627	579.707	599.229
14.5746	579.319	598.84
14.5866	578.93	598.45
14.5985	578.542	598.061
14.6104	578.154	597.672
14.6224	577.766	597.282
14.6343	577.378	596.893
14.6462	576.989	596.504
14.6582	576.601	596.114
14.6701	576.213	595.725
14.682	575.825	595.336
14.694	575.437	594.947
14.7059	575.049	594.557
14.7179	574.661	594.168
14.7298	574.273	593.779
14.7417	573.885	593.39
14.7537	573.497	593.001
14.7656	573.109	592.612
14.7775	572.722	592.223
14.7895	572.334	591.834
14.8014	571.946	591.445
14.8133	571.558	591.056
14.8253	571.17	590.667
14.8372	570.783	590.278
14.8492	570.395	589.889
14.8611	570.007	589.5
14.873	569.62	589.111
14.885	569.232	588.722
14.8969	568.844	588.334
14.9088	568.457	587.945
14.9208	568.069	587.556
14.9327	567.682	587.167
14.9446	567.294	586.779
14.9566	566.907	586.39
14.9685	566.52	586.001
14.9805	566.132	585.613
14.9924	565.745	585.224
15.0043	565.357	584.835
15.0163	564.97	584.447
15.0282	564.583	584.058
15.0401	564.196	583.67
15.0521	563.808	583.281
15.064	563.421	582.893
15.076	563.034	582.504
15.0879	562.647	582.116
15.0998	562.26	581.728
15.1118	561.873	581.339
15.1237	561.486	580.951
15.1356	561.099	580.563
15.1476	560.712	580.174
15.1595	560.325	579.786
15.1714	559.938	579.398
15.1834	559.551	579.009
15.1953	559.164	578.621
15.2073	558.777	578.233
15.2192	558.39	577.845
15.2311	558.004	577.457
15.2431	557.617	577.069
15.255	557.23	576.681
15.2669	556.844	576.293
15.2789	556.457	575.905
15.2908	556.07	575.517
15.3027	555.684	575.129
15.3147	555.297	574.741
15.3266	554.911	574.353
15.3386	554.524	573.965
15.3505	554.138	573.577
15.3624	553.752	573.189
15.3744	553.365	572.801
15.3863	552.979	572.414
15.3982	552.593	572.026
15.4102	552.206	571.638
15.4221	551.82	571.25
15.4341	551.434	570.863
15.446	551.048	570.475
15.4579	550.662	570.087
15.4699	550.276	569.7
15.4818	549.89	569.312
15.4937	549.504	568.925
15.5057	549.118	568.537
15.5176	548.732	568.15
15.5295	548.346	567.762
15.5415	547.96	567.375
15.5534	547.574	566.987
15.5654	547.188	566.6
15.5773	546.803	566.212
15.5892	546.417	565.825
15.6012	546.031	565.438
15.6131	545.646	565.051
15.625	545.26	564.663
15.637	544.875	564.276
15.6489	544.489	563.889
15.6608	544.104	563.502
15.6728	543.718	563.115
15.6847	543.333	562.728
15.6967	542.948	562.34
15.7086	542.562	561.953
15.7205	542.177	561.566
15.7325	541.792	561.179
15.7444	541.407	560.793
15.7563	541.022	560.406
15.7683	540.637	560.019
15.7802	540.252	559.632
15.7921	539.867	559.245
15.8041	539.482	558.858
15.816	539.097	558.471
15.828	538.712	558.085
15.8399	538.327	557.698
15.8518	537.943	557.311
15.8638	537.558	556.925
15.8757	537.173	556.538
15.8876	536.789	556.152
15.8996	536.404	555.765
15.9115	536.02	555.379
15.9235	535.635	554.992
15.9354	535.251	554.606
15.9473	534.867	554.219
15.9593	534.482	553.833
15.9712	534.098	553.446
15.9831	533.714	553.06
15.9951	533.33	552.674
16.007	532.946	552.288
16.0189	532.562	551.901
16.0309	532.178	551.515
16.0428	531.794	551.129
16.0548	531.41	550.743
16.0667	531.026	550.357
16.0786	530.642	549.971
16.0906	530.259	549.585
16.1025	529.875	549.199
16.1144	529.491	548.813
16.1264	529.108	548.427
16.1383	528.724	548.042
16.1502	528.341	547.656
16.1622	527.958	547.27
16.1741	527.574	546.884
16.1861	527.191	546.499
16.198	526.808	546.113
16.2099	526.425	545.727
16.2219	526.042	545.342
16.2338	525.659	544.956
16.2457	525.276	544.571
16.2577	524.893	544.185
16.2696	524.51	543.8
16.2816	524.127	543.415
16.2935	523.745	543.029
16.3054	523.362	542.644
16.3174	522.98	542.259
16.3293	522.597	541.874
16.3412	522.215	541.489
16.3532	521.832	541.104
16.3651	521.45	540.718
16.377	521.068	540.333
16.389	520.686	539.949
16.4009	520.304	539.564
16.4129	519.922	539.179
16.4248	519.54	538.794
16.4367	519.158	538.409
16.4487	518.776	538.024
16.4606	518.394	537.64
16.4725	518.013	537.255
16.4845	517.631	536.871
16.4964	517.249	536.486
16.5083	516.868	536.101
16.5203	516.487	535.717
16.5322	516.105	535.333
16.5442	515.724	534.948
16.5561	515.343	534.564
16.568	514.962	534.18
16.58	514.581	533.796
16.5919	514.2	533.411
16.6038	513.819	533.027
16.6158	513.438	532.643
16.6277	513.058	532.259
16.6396	512.677	531.875
16.6516	512.297	531.492
16.6635	511.916	531.108
16.6755	511.536	530.724
16.6874	511.156	530.34
16.6993	510.776	529.957
16.7113	510.395	529.573
16.7232	510.015	529.19
16.7351	509.635	528.806
16.7471	509.256	528.423
16.759	508.876	528.039
16.771	508.496	527.656
16.7829	508.117	527.273
16.7948	507.737	526.889
16.8068	507.358	526.506
16.8187	506.978	526.123
16.8306	506.599	525.74
16.8426	506.22	525.357
16.8545	505.841	524.974
16.8664	505.462	524.592
16.8784	505.083	524.209
16.8903	504.704	523.826
16.9023	504.326	523.443
16.9142	503.947	523.061
16.9261	503.569	522.678
16.9381	503.19	522.296
16.95	502.812	521.914
16.9619	502.434	521.531
16.9739	502.056	521.149
16.9858	501.678	520.767
16.9977	501.3	520.385
17.0097	500.922	520.003
17.0216	500.544	519.621
17.0336	500.167	519.239
17.0455	499.789	518.857
17.0574	499.412	518.475
17.0694	499.035	518.094
17.0813	498.658	517.712
17.0932	498.281	517.33
17.1052	497.904	516.949
17.1171	497.527	516.567
17.1291	497.15	516.186
17.141	496.773	515.805
17.1529	496.397	515.424
17.1649	496.02	515.043
17.1768	495.644	514.662
17.1887	495.268	514.281
17.2007	494.892	513.9
17.2126	494.516	513.519
17.2245	494.14	513.138
17.2365	493.764	512.758
17.2484	493.389	512.377
17.2604	493.013	511.997
17.2723	492.638	511.616
17.2842	492.263	511.236
17.2962	491.887	510.856
17.3081	491.512	510.475
17.32	491.138	510.095
17.332	490.763	509.715
17.3439	490.388	509.336
17.3558	490.014	508.956
17.3678	489.639	508.576
17.3797	489.265	508.196
17.3917	488.891	507.817
17.4036	488.517	507.437
17.4155	488.143	507.058
17.4275	487.769	506.679
17.4394	487.395	506.3
17.4513	487.022	505.92
17.4633	486.648	505.541
17.4752	486.275	505.163
17.4871	485.902	504.784
17.4991	485.529	504.405
17.511	485.156	504.026
17.523	484.783	503.648
17.5349	484.411	503.269
17.5468	484.038	502.891
17.5588	483.666	502.513
17.5707	483.294	502.135
17.5826	482.922	501.757
17.5946	482.55	501.379
17.6065	482.178	501.001
17.6185	481.807	500.623
17.6304	481.435	500.245
17.6423	481.064	499.868
17.6543	480.693	499.49
17.6662	480.322	499.113
17.6781	479.951	498.736
17.6901	479.58	498.359
17.702	479.209	497.982
17.7139	478.839	497.605
17.7259	478.469	497.228
17.7378	478.098	496.851
17.7498	477.728	496.474
17.7617	477.359	496.098
17.7736	476.989	495.722
17.7856	476.619	495.345
17.7975	476.25	494.969
17.8094	475.881	494.593
17.8214	475.512	494.217
17.8333	475.143	493.841
17.8452	474.774	493.466
17.8572	474.405	493.09
17.8691	474.037	492.715
17.8811	473.669	492.339
17.893	473.301	491.964
17.9049	472.933	491.589
17.9169	472.565	491.214
17.9288	472.197	490.839
17.9407	471.83	490.464
17.9527	471.462	490.09
17.9646	471.095	489.715
17.9766	470.728	489.341
17.9885	470.361	488.966
18.0004	469.994	488.592
18.0124	469.628	488.218
18.0243	469.261	487.844
18.0362	468.895	487.471
18.0482	468.529	487.097
18.0601	468.163	486.724
18.072	467.797	486.35
18.084	467.431	485.977
18.0959	467.066	485.604
18.1079	466.7	485.231
18.1198	466.335	484.858
18.1317	465.969	484.485
18.1437	465.604	484.113
18.1556	465.238	483.74
18.1675	464.873	483.368
18.1795	464.508	482.995
18.1914	464.142	482.623
18.2033	463.777	482.251
18.2153	463.412	481.88
18.2272	463.046	481.508
18.2392	462.681	481.136
18.2511	462.315	480.765
18.263	461.949	480.393
18.275	461.583	480.022
18.2869	461.216	479.651
18.2988	460.849	479.28
18.3108	460.482	478.909
18.3227	460.115	478.538
18.3346	459.747	478.167
18.3466	459.378	477.797
18.3585	459.009	477.426
18.3705	458.64	477.056
18.3824	458.27	476.685
18.3943	457.899	476.315
18.4063	457.528	475.945
18.4182	457.155	475.574
18.4301	456.782	475.204
18.4421	456.409	474.834
18.454	456.034	474.464
18.466	455.658	474.094
18.4779	455.282	473.724
18.4898	454.904	473.354
18.5018	454.525	472.983
18.5137	454.146	472.613
18.5256	453.765	472.243
18.5376	453.383	471.873
18.5495	453	471.503
18.5614	452.616	471.132
18.5734	452.231	470.762
18.5853	451.845	470.392
18.5973	451.458	470.021
18.6092	451.07	469.65
18.6211	450.68	469.28
18.6331	450.29	468.909
18.645	449.898	468.538
18.6569	449.505	468.167
18.6689	449.112	467.795
18.6808	448.717	467.424
18.6927	448.322	467.052
18.7047	447.925	466.68
18.7166	447.528	466.308
18.7286	447.13	465.936
18.7405	446.731	465.563
18.7524	446.331	465.191
18.7644	445.931	464.818
18.7763	445.529	464.444
18.7882	445.127	464.071
18.8002	444.725	463.697
18.8121	444.322	463.323
18.8241	443.918	462.949
18.836	443.513	462.575
18.8479	443.108	462.2
18.8599	442.703	461.825
18.8718	442.296	461.45
18.8837	441.89	461.074
18.8957	441.483	460.698
18.9076	441.075	460.322
18.9195	440.667	459.945
18.9315	440.258	459.568
18.9434	439.848	459.191
18.9554	439.439	458.814
18.9673	439.028	458.436
18.9792	438.617	458.058
18.9912	438.206	457.679
19.0031	437.794	457.3
19.015	437.381	456.921
19.027	436.968	456.541
19.0389	436.554	456.161
19.0508	436.14	455.781
19.0628	435.724	455.4
19.0747	435.309	455.019
19.0867	434.892	454.638
19.0986	434.475	454.256
19.1105	434.057	453.873
19.1225	433.639	453.491
19.1344	433.219	453.107
19.1463	432.799	452.724
19.1583	432.378	452.34
19.1702	431.957	451.955
19.1821	431.534	451.57
19.1941	431.111	451.185
19.206	430.687	450.799
19.218	430.262	450.413
19.2299	429.836	450.026
19.2418	429.41	449.639
19.2538	428.982	449.251
19.2657	428.554	448.863
19.2776	428.125	448.474
19.2896	427.695	448.085
19.3015	427.264	447.695
19.3135	426.832	447.304
19.3254	426.399	446.913
19.3373	425.966	446.522
19.3493	425.531	446.13
19.3612	425.095	445.737
19.3731	424.659	445.344
19.3851	424.222	444.951
19.397	423.783	444.556
19.4089	423.344	444.161
19.4209	422.904	443.766
19.4328	422.463	443.37
19.4448	422.021	442.973
19.4567	421.578	442.576
19.4686	421.134	442.178
19.4806	420.689	441.779
19.4925	420.244	441.38
19.5044	419.797	440.98
19.5164	419.349	440.579
19.5283	418.901	440.178
19.5402	418.451	439.776
19.5522	418.001	439.374
19.5641	417.549	438.97
19.5761	417.097	438.566
19.588	416.643	438.162
19.5999	416.189	437.756
19.6119	415.734	437.35
19.6238	415.278	436.943
19.6357	414.821	436.536
19.6477	414.363	436.128
19.6596	413.904	435.719
19.6716	413.444	435.309
19.6835	412.983	434.898
19.6954	412.521	434.487
19.7074	412.058	434.075
19.7193	411.595	433.662
19.7312	411.13	433.248
19.7432	410.665	432.834
19.7551	410.198	432.419
19.767	409.731	432.003
19.779	409.263	431.586
19.7909	408.794	431.168
19.8029	408.324	430.75
19.8148	407.853	430.331
19.8267	407.381	429.911
19.8387	406.908	429.49
19.8506	406.435	429.068
19.8625	405.96	428.645
19.8745	405.485	428.222
19.8864	405.009	427.798
19.8983	404.532	427.372
19.9103	404.054	426.946
19.9222	403.575	426.52
19.9342	403.096	426.092
19.9461	402.615	425.663
19.958	402.134	425.234
19.97	401.652	424.803
19.9819	401.17	424.372
19.9938	400.686	423.94
20.0058	400.202	423.507
20.0177	399.716	423.073
20.0296	399.231	422.638
20.0416	398.744	422.203
20.0535	398.256	421.766
20.0655	397.768	421.328
20.0774	397.279	420.89
20.0893	396.79	420.451
20.1013	396.299	420.011
20.1132	395.808	419.569
20.1251	395.317	419.127
20.1371	394.824	418.684
20.149	394.331	418.24
20.161	393.837	417.796
20.1729	393.343	417.35
20.1848	392.848	416.903
20.1968	392.352	416.456
20.2087	391.856	416.007
20.2206	391.359	415.558
20.2326	390.861	415.108
20.2445	390.363	414.656
20.2564	389.865	414.204
20.2684	389.366	413.751
20.2803	388.866	413.297
20.2923	388.366	412.842
20.3042	387.865	412.386
20.3161	387.364	411.929
20.3281	386.862	411.472
20.34	386.36	411.013
20.3519	385.857	410.554
20.3639	385.354	410.093
20.3758	384.851	409.632
20.3877	384.347	409.17
20.3997	383.842	408.706
20.4116	383.338	408.242
20.4236	382.833	407.777
20.4355	382.327	407.312
20.4474	381.822	406.845
20.4594	381.316	406.377
20.4713	380.809	405.909
20.4832	380.303	405.439
20.4952	379.796	404.969
20.5071	379.289	404.498
20.5191	378.781	404.026
20.531	378.274	403.553
20.5429	377.766	403.079
20.5549	377.258	402.605
20.5668	376.75	402.129
20.5787	376.242	401.653
20.5907	375.734	401.176
20.6026	375.226	400.698
20.6145	374.717	400.219
20.6265	374.209	399.74
20.6384	373.7	399.259
20.6504	373.191	398.778
20.6623	372.683	398.296
20.6742	372.174	397.814
20.6862	371.666	397.33
20.6981	371.157	396.846
20.71	370.649	396.361
20.722	370.141	395.875
20.7339	369.632	395.388
20.7458	369.124	394.901
20.7578	368.617	394.413
20.7697	368.109	393.924
20.7817	367.601	393.435
20.7936	367.094	392.945
20.8055	366.587	392.454
20.8175	366.08	391.962
20.8294	365.574	391.47
20.8413	365.068	390.977
20.8533	364.562	390.484
20.8652	364.056	389.99
20.8771	363.551	389.495
20.8891	363.046	389
20.901	362.542	388.504
20.913	362.038	388.007
20.9249	361.535	387.51
20.9368	361.032	387.013
20.9488	360.529	386.514
20.9607	360.028	386.016
20.9726	359.526	385.516
20.9846	359.025	385.017
20.9965	358.525	384.516
21.0085	358.026	384.016
21.0204	357.527	383.515
21.0323	357.028	383.013
21.0443	356.531	382.511
21.0562	356.034	382.008
21.0681	355.538	381.505
21.0801	355.043	381.002
21.092	354.548	380.498
21.1039	354.054	379.994
21.1159	353.561	379.49
21.1278	353.069	378.985
21.1398	352.578	378.48
21.1517	352.087	377.975
21.1636	351.598	377.469
21.1756	351.11	376.963
21.1875	350.622	376.457
21.1994	350.136	375.951
21.2114	349.65	375.444
21.2233	349.165	374.938
21.2352	348.682	374.431
21.2472	348.2	373.924
21.2591	347.718	373.416
21.2711	347.238	372.909
21.283	346.759	372.402
21.2949	346.282	371.894
21.3069	345.805	371.386
21.3188	345.33	370.879
21.3307	344.855	370.371
21.3427	344.382	369.863
21.3546	343.911	369.356
21.3666	343.441	368.848
21.3785	342.972	368.341
21.3904	342.504	367.833
21.4024	342.038	367.326
21.4143	341.573	366.818
21.4262	341.11	366.311
21.4382	340.648	365.804
21.4501	340.187	365.297
21.462	339.728	364.791
21.474	339.271	364.284
21.4859	338.815	363.778
21.4979	338.36	363.272
21.5098	337.908	362.767
21.5217	337.456	362.261
21.5337	337.007	361.756
21.5456	336.559	361.252
21.5575	336.112	360.747
21.5695	335.668	360.243
21.5814	335.225	359.74
21.5933	334.784	359.237
21.6053	334.344	358.734
21.6172	333.907	358.232
21.6292	333.471	357.731
21.6411	333.037	357.23
21.653	332.605	356.729
21.665	332.174	356.229
21.6769	331.746	355.73
21.6888	331.319	355.231
21.7008	330.894	354.733
21.7127	330.472	354.236
21.7246	330.051	353.739
21.7366	329.632	353.243
21.7485	329.215	352.748
21.7605	328.8	352.253
21.7724	328.387	351.759
21.7843	327.976	351.266
21.7963	327.568	350.774
21.8082	327.161	350.283
21.8201	326.756	349.793
21.8321	326.354	349.303
21.844	325.953	348.815
21.856	325.555	348.327
21.8679	325.159	347.84
21.8798	324.765	347.355
21.8918	324.374	346.87
21.9037	323.984	346.387
21.9156	323.597	345.904
21.9276	323.212	345.423
21.9395	322.829	344.943
21.9514	322.449	344.463
21.9634	322.07	343.985
21.9753	321.694	343.509
21.9873	321.321	343.033
21.9992	320.95	342.559
22.0111	320.581	342.086
22.0231	320.214	341.614
22.035	319.85	341.143
22.0469	319.488	340.674
22.0589	319.129	340.207
22.0708	318.772	339.74
22.0827	318.417	339.275
22.0947	318.065	338.812
22.1066	317.715	338.349
22.1186	317.368	337.889
22.1305	317.023	337.43
22.1424	316.681	336.972
22.1544	316.341	336.516
22.1663	316.004	336.061
22.1782	315.669	335.608
22.1902	315.336	335.157
22.2021	315.007	334.707
22.2141	314.679	334.259
22.226	314.355	333.813
22.2379	314.033	333.368
22.2499	313.713	332.925
22.2618	313.396	332.484
22.2737	313.081	332.044
22.2857	312.77	331.607
22.2976	312.46	331.171
22.3095	312.154	330.737
22.3215	311.85	330.305
22.3334	311.548	329.874
22.3454	311.249	329.446
22.3573	310.953	329.019
22.3692	310.659	328.595
22.3812	310.368	328.172
22.3931	310.08	327.752
22.405	309.794	327.333
22.417	309.511	326.916
22.4289	309.231	326.502
22.4408	308.953	326.089
22.4528	308.678	325.679
22.4647	308.405	325.27
22.4767	308.135	324.864
22.4886	307.868	324.46
22.5005	307.604	324.058
22.5125	307.342	323.658
22.5244	307.083	323.261
22.5363	306.826	322.865
22.5483	306.572	322.472
22.5602	306.321	322.081
22.5721	306.072	321.693
22.5841	305.826	321.306
22.596	305.583	320.922
22.608	305.343	320.54
22.6199	305.105	320.161
22.6318	304.869	319.784
22.6438	304.637	319.409
22.6557	304.407	319.037
22.6676	304.179	318.667
22.6796	303.955	318.299
22.6915	303.733	317.934
22.7035	303.513	317.571
22.7154	303.296	317.211
22.7273	303.082	316.853
22.7393	302.871	316.498
22.7512	302.662	316.145
22.7631	302.455	315.795
22.7751	302.252	315.447
22.787	302.05	315.101
22.7989	301.852	314.759
22.8109	301.656	314.418
22.8228	301.462	314.081
22.8348	301.272	313.746
22.8467	301.083	313.413
22.8586	300.898	313.083
22.8706	300.715	312.756
22.8825	300.534	312.432
22.8944	300.356	312.11
22.9064	300.18	311.79
22.9183	300.007	311.473
22.9302	299.837	311.159
22.9422	299.668	310.848
22.9541	299.503	310.539
22.9661	299.34	310.233
22.978	299.179	309.93
22.9899	299.021	309.629
23.0019	298.865	309.331
23.0138	298.712	309.036
23.0257	298.561	308.743
23.0377	298.412	308.454
23.0496	298.266	308.167
23.0616	298.122	307.882
23.0735	297.981	307.601
23.0854	297.841	307.322
23.0974	297.705	307.046
23.1093	297.57	306.772
23.1212	297.438	306.502
23.1332	297.308	306.234
23.1451	297.181	305.969
23.157	297.055	305.707
23.169	296.932	305.447
23.1809	296.812	305.19
23.1929	296.693	304.936
23.2048	296.577	304.685
23.2167	296.462	304.437
23.2287	296.35	304.191
23.2406	296.24	303.948
23.2525	296.133	303.708
23.2645	296.027	303.471
23.2764	295.924	303.236
23.2883	295.822	303.004
23.3003	295.723	302.775
23.3122	295.626	302.549
23.3242	295.53	302.326
23.3361	295.437	302.105
23.348	295.346	301.887
23.36	295.257	301.672
23.3719	295.169	301.459
23.3838	295.084	301.25
23.3958	295.001	301.043
23.4077	294.919	300.839
23.4196	294.84	300.637
23.4316	294.762	300.438
23.4435	294.686	300.242
23.4555	294.612	300.049
23.4674	294.54	299.859
23.4793	294.469	299.671
23.4913	294.401	299.486
23.5032	294.334	299.303
23.5151	294.269	299.124
23.5271	294.205	298.947
23.539	294.144	298.772
23.551	294.084	298.601
23.5629	294.025	298.432
23.5748	293.969	298.265
23.5868	293.914	298.102
23.5987	293.86	297.941
23.6106	293.808	297.783
23.6226	293.758	297.627
23.6345	293.709	297.474
23.6464	293.661	297.324
23.6584	293.616	297.176
23.6703	293.571	297.031
23.6823	293.528	296.889
23.6942	293.487	296.75
23.7061	293.447	296.613
23.7181	293.408	296.479
23.73	293.371	296.347
23.7419	293.335	296.219
23.7539	293.3	296.094
23.7658	293.266	295.972
23.7777	293.234	295.855
23.7897	293.203	295.742
23.8016	293.173	295.636
23.8136	293.145	295.537
23.8255	293.117	295.447
23.8374	293.09	295.37
23.8494	293.064	295.309
23.8613	293.038	295.268
23.8732	293	295.254
