0	823.147	833.254
0.0119366	823.043	833.212
0.0238732	822.829	833.106
0.0358099	822.611	832.962
0.0477465	822.391	832.797
0.0596831	822.17	832.62
0.0716197	821.949	832.436
0.0835563	821.727	832.248
0.095493	821.504	832.057
0.10743	821.281	831.865
0.119366	821.057	831.672
0.131303	820.832	831.477
0.143239	820.607	831.282
0.155176	820.381	831.086
0.167113	820.155	830.89
0.179049	819.928	830.693
0.190986	819.701	830.495
0.202923	819.473	830.297
0.214859	819.244	830.098
0.226796	819.015	829.899
0.238732	818.785	829.699
0.250669	818.554	829.498
0.262606	818.323	829.297
0.274542	818.092	829.095
0.286479	817.86	828.893
0.298416	817.627	828.69
0.310352	817.394	828.486
0.322289	817.16	828.282
0.334225	816.925	828.077
0.346162	816.69	827.872
0.358099	816.454	827.666
0.370035	816.218	827.459
0.381972	815.981	827.252
0.393908	815.744	827.044
0.405845	815.506	826.836
0.417782	815.268	826.627
0.429718	815.028	826.417
0.441655	814.789	826.207
0.453592	814.549	825.997
0.465528	814.308	825.785
0.477465	814.066	825.573
0.489401	813.824	825.361
0.501338	813.582	825.148
0.513275	813.339	824.934
0.525211	813.095	824.72
0.537148	812.851	824.505
0.549085	812.606	824.29
0.561021	812.36	824.073
0.572958	812.114	823.857
0.584894	811.868	823.64
0.596831	811.621	823.422
0.608768	811.373	823.203
0.620704	811.125	822.984
0.632641	810.876	822.765
0.644578	810.626	822.545
0.656514	810.376	822.324
0.668451	810.126	822.102
0.680387	809.875	821.881
0.692324	809.623	821.658
0.704261	809.371	821.435
0.716197	809.118	821.211
0.728134	808.865	820.987
0.74007	808.611	820.762
0.752007	808.356	820.536
0.763944	808.101	820.31
0.77588	807.845	820.084
0.787817	807.589	819.856
0.799754	807.333	819.629
0.81169	807.075	819.4
0.823627	806.817	819.171
0.835563	806.559	818.942
0.8475	806.3	818.711
0.859437	806.04	818.481
0.871373	805.78	818.249
0.88331	805.52	818.017
0.895247	805.259	817.785
0.907183	804.997	817.552
0.91912	804.735	817.318
0.931056	804.472	817.084
0.942993	804.208	816.849
0.95493	803.944	816.614
0.966866	803.68	816.378
0.978803	803.415	816.141
0.99074	803.149	815.904
1.00268	802.883	815.666
1.01461	802.617	815.428
1.02655	802.349	815.189
1.03849	802.082	814.949
1.05042	801.813	814.709
1.06236	801.545	814.469
1.0743	801.275	814.227
1.08623	801.005	813.986
1.09817	800.735	813.743
1.11011	800.464	813.5
1.12204	800.192	813.257
1.13398	799.92	813.013
1.14592	799.648	812.768
1.15785	799.374	812.523
1.16979	799.101	812.277
1.18173	798.827	812.031
1.19366	798.552	811.784
1.2056	798.277	811.536
1.21754	798.001	811.288
1.22947	797.725	811.039
1.24141	797.448	810.79
1.25335	797.17	810.54
1.26528	796.892	810.29
1.27722	796.614	810.039
1.28916	796.335	809.787
1.30109	796.056	809.535
1.31303	795.776	809.283
1.32496	795.495	809.029
1.3369	795.214	808.776
1.34884	794.932	808.521
1.36077	794.65	808.266
1.37271	794.368	808.011
1.38465	794.085	807.755
1.39658	793.801	807.498
1.40852	793.517	807.241
1.42046	793.232	806.983
1.43239	792.947	806.725
1.44433	792.661	806.466
1.45627	792.375	806.207
1.4682	792.089	805.947
1.48014	791.801	805.687
1.49208	791.514	805.426
1.50401	791.226	805.164
1.51595	790.937	804.902
1.52789	790.648	804.639
1.53982	790.358	804.376
1.55176	790.068	804.112
1.5637	789.777	803.848
1.57563	789.486	803.583
1.58757	789.194	803.317
1.59951	788.902	803.051
1.61144	788.609	802.785
1.62338	788.316	802.518
1.63532	788.022	802.25
1.64725	787.728	801.982
1.65919	787.433	801.713
1.67113	787.138	801.444
1.68306	786.843	801.174
1.695	786.546	800.904
1.70694	786.25	800.633
1.71887	785.953	800.361
1.73081	785.655	800.089
1.74275	785.357	799.817
1.75468	785.058	799.544
1.76662	784.759	799.27
1.77856	784.46	798.996
1.79049	784.16	798.721
1.80243	783.859	798.446
1.81437	783.558	798.171
1.8263	783.257	797.894
1.83824	782.955	797.618
1.85018	782.653	797.34
1.86211	782.35	797.062
1.87405	782.047	796.784
1.88599	781.743	796.505
1.89792	781.439	796.226
1.90986	781.134	795.946
1.9218	780.829	795.665
1.93373	780.523	795.384
1.94567	780.217	795.103
1.95761	779.91	794.821
1.96954	779.603	794.538
1.98148	779.296	794.255
1.99342	778.988	793.972
2.00535	778.68	793.688
2.01729	778.371	793.403
2.02923	778.062	793.118
2.04116	777.752	792.832
2.0531	777.442	792.546
2.06504	777.131	792.26
2.07697	776.82	791.972
2.08891	776.508	791.685
2.10085	776.196	791.397
2.11278	775.884	791.108
2.12472	775.571	790.819
2.13666	775.258	790.529
2.14859	774.944	790.239
2.16053	774.63	789.948
2.17246	774.315	789.657
2.1844	774	789.365
2.19634	773.685	789.073
2.20827	773.369	788.78
2.22021	773.052	788.487
2.23215	772.735	788.193
2.24408	772.418	787.899
2.25602	772.101	787.605
2.26796	771.782	787.309
2.27989	771.464	787.014
2.29183	771.145	786.718
2.30377	770.826	786.421
2.3157	770.506	786.124
2.32764	770.186	785.826
2.33958	769.865	785.528
2.35151	769.544	785.23
2.36345	769.223	784.931
2.37539	768.901	784.631
2.38732	768.578	784.331
2.39926	768.256	784.031
2.4112	767.933	783.73
2.42313	767.609	783.428
2.43507	767.285	783.126
2.44701	766.961	782.824
2.45894	766.636	782.521
2.47088	766.311	782.218
2.48282	765.985	781.914
2.49475	765.66	781.61
2.50669	765.333	781.305
2.51863	765.006	781
2.53056	764.679	780.694
2.5425	764.352	780.388
2.55444	764.024	780.081
2.56637	763.696	779.774
2.57831	763.367	779.467
2.59025	763.038	779.159
2.60218	762.708	778.85
2.61412	762.378	778.541
2.62606	762.048	778.232
2.63799	761.718	777.922
2.64993	761.387	777.612
2.66187	761.055	777.301
2.6738	760.723	776.99
2.68574	760.391	776.679
2.69768	760.059	776.367
2.70961	759.726	776.054
2.72155	759.392	775.741
2.73349	759.059	775.428
2.74542	758.725	775.114
2.75736	758.39	774.8
2.7693	758.056	774.485
2.78123	757.72	774.17
2.79317	757.385	773.854
2.80511	757.049	773.538
2.81704	756.713	773.222
2.82898	756.376	772.905
2.84092	756.039	772.588
2.85285	755.702	772.27
2.86479	755.364	771.952
2.87673	755.026	771.633
2.88866	754.688	771.314
2.9006	754.349	770.995
2.91254	754.01	770.675
2.92447	753.671	770.354
2.93641	753.331	770.034
2.94835	752.991	769.713
2.96028	752.65	769.391
2.97222	752.31	769.069
2.98416	751.968	768.747
2.99609	751.627	768.424
3.00803	751.285	768.101
3.01997	750.943	767.777
3.0319	750.6	767.453
3.04384	750.257	767.129
3.05577	749.914	766.804
3.06771	749.571	766.478
3.07965	749.227	766.153
3.09158	748.883	765.827
3.10352	748.538	765.5
3.11546	748.193	765.173
3.12739	747.848	764.846
3.13933	747.503	764.519
3.15127	747.157	764.191
3.1632	746.811	763.862
3.17514	746.464	763.533
3.18708	746.118	763.204
3.19901	745.771	762.874
3.21095	745.423	762.544
3.22289	745.075	762.214
3.23482	744.727	761.883
3.24676	744.379	761.552
3.2587	744.03	761.221
3.27063	743.681	760.889
3.28257	743.332	760.556
3.29451	742.983	760.224
3.30644	742.633	759.891
3.31838	742.283	759.557
3.33032	741.932	759.223
3.34225	741.581	758.889
3.35419	741.23	758.555
3.36613	740.879	758.22
3.37806	740.527	757.884
3.39	740.175	757.549
3.40194	739.823	757.213
3.41387	739.47	756.876
3.42581	739.118	756.54
3.43775	738.765	756.203
3.44968	738.411	755.865
3.46162	738.057	755.527
3.47356	737.703	755.189
3.48549	737.349	754.851
3.49743	736.995	754.512
3.50937	736.64	754.172
3.5213	736.285	753.833
3.53324	735.929	753.493
3.54518	735.574	753.153
3.55711	735.218	752.812
3.56905	734.862	752.471
3.58099	734.505	752.13
3.59292	734.148	751.788
3.60486	733.791	751.446
3.6168	733.434	751.104
3.62873	733.076	750.761
3.64067	732.719	750.418
3.65261	732.361	750.074
3.66454	732.002	749.731
3.67648	731.644	749.387
3.68842	731.285	749.042
3.70035	730.926	748.698
3.71229	730.566	748.353
3.72423	730.207	748.007
3.73616	729.847	747.662
3.7481	729.487	747.316
3.76004	729.126	746.969
3.77197	728.766	746.623
3.78391	728.405	746.276
3.79585	728.044	745.928
3.80778	727.682	745.581
3.81972	727.321	745.233
3.83166	726.959	744.885
3.84359	726.597	744.536
3.85553	726.234	744.187
3.86747	725.872	743.838
3.8794	725.509	743.489
3.89134	725.146	743.139
3.90327	724.783	742.789
3.91521	724.419	742.439
3.92715	724.055	742.088
3.93908	723.691	741.737
3.95102	723.327	741.386
3.96296	722.963	741.034
3.97489	722.598	740.682
3.98683	722.233	740.33
3.99877	721.868	739.978
4.0107	721.503	739.625
4.02264	721.137	739.272
4.03458	720.771	738.918
4.04651	720.405	738.565
4.05845	720.039	738.211
4.07039	719.673	737.857
4.08232	719.306	737.502
4.09426	718.939	737.147
4.1062	718.572	736.792
4.11813	718.205	736.437
4.13007	717.837	736.082
4.14201	717.47	735.726
4.15394	717.102	735.369
4.16588	716.734	735.013
4.17782	716.365	734.656
4.18975	715.997	734.299
4.20169	715.628	733.942
4.21363	715.259	733.585
4.22556	714.89	733.227
4.2375	714.521	732.869
4.24944	714.151	732.511
4.26137	713.782	732.152
4.27331	713.412	731.793
4.28525	713.042	731.434
4.29718	712.671	731.075
4.30912	712.301	730.715
4.32106	711.93	730.355
4.33299	711.56	729.995
4.34493	711.188	729.635
4.35687	710.817	729.274
4.3688	710.446	728.913
4.38074	710.074	728.552
4.39268	709.703	728.191
4.40461	709.331	727.829
4.41655	708.958	727.467
4.42849	708.586	727.105
4.44042	708.214	726.743
4.45236	707.841	726.38
4.4643	707.468	726.018
4.47623	707.095	725.655
4.48817	706.722	725.291
4.50011	706.349	724.928
4.51204	705.975	724.564
4.52398	705.601	724.2
4.53592	705.228	723.836
4.54785	704.854	723.471
4.55979	704.479	723.107
4.57173	704.105	722.742
4.58366	703.731	722.377
4.5956	703.356	722.011
4.60754	702.981	721.646
4.61947	702.606	721.28
4.63141	702.231	720.914
4.64335	701.856	720.548
4.65528	701.48	720.181
4.66722	701.105	719.815
4.67916	700.729	719.448
4.69109	700.353	719.081
4.70303	699.977	718.713
4.71497	699.601	718.346
4.7269	699.224	717.978
4.73884	698.848	717.61
4.75078	698.471	717.242
4.76271	698.094	716.874
4.77465	697.717	716.505
4.78658	697.34	716.136
4.79852	696.963	715.768
4.81046	696.586	715.398
4.82239	696.208	715.029
4.83433	695.831	714.659
4.84627	695.453	714.29
4.8582	695.075	713.92
4.87014	694.697	713.55
4.88208	694.319	713.179
4.89401	693.94	712.809
4.90595	693.562	712.438
4.91789	693.183	712.067
4.92982	692.805	711.696
4.94176	692.426	711.325
4.9537	692.047	710.953
4.96563	691.668	710.582
4.97757	691.289	710.21
4.98951	690.909	709.838
5.00144	690.53	709.466
5.01338	690.15	709.093
5.02532	689.77	708.721
5.03725	689.391	708.348
5.04919	689.011	707.975
5.06113	688.631	707.602
5.07306	688.25	707.229
5.085	687.87	706.855
5.09694	687.49	706.482
5.10887	687.109	706.108
5.12081	686.729	705.734
5.13275	686.348	705.36
5.14468	685.967	704.986
5.15662	685.586	704.611
5.16856	685.205	704.237
5.18049	684.824	703.862
5.19243	684.442	703.487
5.20437	684.061	703.112
5.2163	683.68	702.737
5.22824	683.298	702.362
5.24018	682.916	701.986
5.25211	682.534	701.61
5.26405	682.152	701.234
5.27599	681.77	700.858
5.28792	681.388	700.482
5.29986	681.006	700.106
5.3118	680.624	699.73
5.32373	680.241	699.353
5.33567	679.859	698.976
5.34761	679.476	698.599
5.35954	679.094	698.222
5.37148	678.711	697.845
5.38342	678.328	697.468
5.39535	677.945	697.09
5.40729	677.562	696.713
5.41923	677.179	696.335
5.43116	676.796	695.957
5.4431	676.412	695.579
5.45504	676.029	695.201
5.46697	675.645	694.823
5.47891	675.262	694.444
5.49085	674.878	694.066
5.50278	674.494	693.687
5.51472	674.11	693.308
5.52666	673.727	692.929
5.53859	673.343	692.55
5.55053	672.958	692.171
5.56247	672.574	691.792
5.5744	672.19	691.412
5.58634	671.806	691.033
5.59828	671.421	690.653
5.61021	671.037	690.273
5.62215	670.652	689.893
5.63408	670.268	689.513
5.64602	669.883	689.133
5.65796	669.498	688.753
5.66989	669.114	688.372
5.68183	668.729	687.992
5.69377	668.344	687.611
5.7057	667.959	687.23
5.71764	667.574	686.849
5.72958	667.188	686.468
5.74151	666.803	686.087
5.75345	666.418	685.706
5.76539	666.033	685.325
5.77732	665.647	684.943
5.78926	665.262	684.562
5.8012	664.876	684.18
5.81313	664.49	683.799
5.82507	664.105	683.417
5.83701	663.719	683.035
5.84894	663.333	682.653
5.86088	662.947	682.271
5.87282	662.562	681.888
5.88475	662.176	681.506
5.89669	661.79	681.124
5.90863	661.403	680.741
5.92056	661.017	680.358
5.9325	660.631	679.976
5.94444	660.245	679.593
5.95637	659.859	679.21
5.96831	659.472	678.827
5.98025	659.086	678.444
5.99218	658.699	678.061
6.00412	658.313	677.677
6.01606	657.926	677.294
6.02799	657.54	676.911
6.03993	657.153	676.527
6.05187	656.766	676.143
6.0638	656.38	675.76
6.07574	655.993	675.376
6.08768	655.606	674.992
6.09961	655.219	674.608
6.11155	654.832	674.224
6.12349	654.445	673.84
6.13542	654.058	673.456
6.14736	653.671	673.071
6.1593	653.284	672.687
6.17123	652.897	672.303
6.18317	652.51	671.918
6.19511	652.123	671.534
6.20704	651.735	671.149
6.21898	651.348	670.764
6.23092	650.961	670.379
6.24285	650.573	669.994
6.25479	650.186	669.609
6.26673	649.799	669.224
6.27866	649.411	668.839
6.2906	649.024	668.454
6.30254	648.636	668.069
6.31447	648.249	667.684
6.32641	647.861	667.298
6.33835	647.473	666.913
6.35028	647.086	666.527
6.36222	646.698	666.142
6.37416	646.31	665.756
6.38609	645.922	665.37
6.39803	645.535	664.985
6.40997	645.147	664.599
6.4219	644.759	664.213
6.43384	644.371	663.827
6.44578	643.983	663.441
6.45771	643.595	663.055
6.46965	643.207	662.669
6.48159	642.819	662.283
6.49352	642.431	661.897
6.50546	642.043	661.51
6.51739	641.655	661.124
6.52933	641.267	660.738
6.54127	640.879	660.351
6.5532	640.491	659.965
6.56514	640.103	659.578
6.57708	639.715	659.192
6.58901	639.327	658.805
6.60095	638.938	658.418
6.61289	638.55	658.032
6.62482	638.162	657.645
6.63676	637.774	657.258
6.6487	637.385	656.871
6.66063	636.997	656.484
6.67257	636.609	656.097
6.68451	636.22	655.71
6.69644	635.832	655.323
6.70838	635.444	654.936
6.72032	635.055	654.549
6.73225	634.667	654.162
6.74419	634.278	653.774
6.75613	633.89	653.387
6.76806	633.502	653
6.78	633.113	652.612
6.79194	632.725	652.225
6.80387	632.336	651.838
6.81581	631.948	651.45
6.82775	631.559	651.063
6.83968	631.171	650.675
6.85162	630.782	650.288
6.86356	630.394	649.9
6.87549	630.005	649.512
6.88743	629.617	649.125
6.89937	629.228	648.737
6.9113	628.839	648.349
6.92324	628.451	647.961
6.93518	628.062	647.574
6.94711	627.674	647.186
6.95905	627.285	646.798
6.97099	626.896	646.41
6.98292	626.508	646.022
6.99486	626.119	645.634
7.0068	625.731	645.246
7.01873	625.342	644.858
7.03067	624.953	644.47
7.04261	624.565	644.082
7.05454	624.176	643.694
7.06648	623.787	643.306
7.07842	623.399	642.918
7.09035	623.01	642.53
7.10229	622.621	642.141
7.11423	622.233	641.753
7.12616	621.844	641.365
7.1381	621.455	640.977
7.15004	621.067	640.588
7.16197	620.678	640.2
7.17391	620.289	639.812
7.18585	619.901	639.423
7.19778	619.512	639.035
7.20972	619.123	638.647
7.22166	618.735	638.258
7.23359	618.346	637.87
7.24553	617.957	637.481
7.25747	617.569	637.093
7.2694	617.18	636.705
7.28134	616.791	636.316
7.29328	616.403	635.928
7.30521	616.014	635.539
7.31715	615.625	635.151
7.32909	615.237	634.762
7.34102	614.848	634.373
7.35296	614.459	633.985
7.36489	614.071	633.596
7.37683	613.682	633.208
7.38877	613.293	632.819
7.4007	612.905	632.43
7.41264	612.516	632.042
7.42458	612.127	631.653
7.43651	611.739	631.265
7.44845	611.35	630.876
7.46039	610.961	630.487
7.47232	610.573	630.099
7.48426	610.184	629.71
7.4962	609.796	629.321
7.50813	609.407	628.932
7.52007	609.018	628.544
7.53201	608.63	628.155
7.54394	608.241	627.766
7.55588	607.853	627.377
7.56782	607.464	626.989
7.57975	607.075	626.6
7.59169	606.687	626.211
7.60363	606.298	625.822
7.61556	605.91	625.434
7.6275	605.521	625.045
7.63944	605.133	624.656
7.65137	604.744	624.267
7.66331	604.356	623.879
7.67525	603.967	623.49
7.68718	603.579	623.101
7.69912	603.19	622.712
7.71106	602.802	622.323
7.72299	602.413	621.935
7.73493	602.025	621.546
7.74687	601.636	621.157
7.7588	601.248	620.768
7.77074	600.859	620.379
7.78268	600.471	619.991
7.79461	600.083	619.602
7.80655	599.694	619.213
7.81849	599.306	618.824
7.83042	598.917	618.435
7.84236	598.529	618.047
7.8543	598.141	617.658
7.86623	597.752	617.269
7.87817	597.364	616.88
7.89011	596.975	616.491
7.90204	596.587	616.103
7.91398	596.199	615.714
7.92592	595.81	615.325
7.93785	595.422	614.936
7.94979	595.034	614.547
7.96173	594.646	614.159
7.97366	594.257	613.77
7.9856	593.869	613.381
7.99754	593.481	612.992
8.00947	593.093	612.604
8.02141	592.704	612.215
8.03335	592.316	611.826
8.04528	591.928	611.437
8.05722	591.54	611.049
8.06916	591.151	610.66
8.08109	590.763	610.271
8.09303	590.375	609.882
8.10497	589.987	609.494
8.1169	589.599	609.105
8.12884	589.211	608.716
8.14078	588.822	608.328
8.15271	588.434	607.939
8.16465	588.046	607.55
8.17659	587.658	607.162
8.18852	587.27	606.773
8.20046	586.882	606.384
8.2124	586.494	605.996
8.22433	586.106	605.607
8.23627	585.718	605.218
8.2482	585.33	604.83
8.26014	584.942	604.441
8.27208	584.554	604.052
8.28401	584.166	603.664
8.29595	583.778	603.275
8.30789	583.39	602.887
8.31982	583.002	602.498
8.33176	582.614	602.11
8.3437	582.226	601.721
8.35563	581.838	601.332
8.36757	581.45	600.944
8.37951	581.062	600.555
8.39144	580.674	600.167
8.40338	580.286	599.778
8.41532	579.898	599.39
8.42725	579.51	599.001
8.43919	579.122	598.613
8.45113	578.734	598.224
8.46306	578.347	597.836
8.475	577.959	597.447
8.48694	577.571	597.059
8.49887	577.183	596.671
8.51081	576.795	596.282
8.52275	576.407	595.894
8.53468	576.019	595.505
8.54662	575.632	595.117
8.55856	575.244	594.729
8.57049	574.856	594.34
8.58243	574.468	593.952
8.59437	574.08	593.563
8.6063	573.693	593.175
8.61824	573.305	592.787
8.63018	572.917	592.399
8.64211	572.529	592.01
8.65405	572.141	591.622
8.66599	571.754	591.234
8.67792	571.366	590.845
8.68986	570.978	590.457
8.7018	570.59	590.069
8.71373	570.203	589.681
8.72567	569.815	589.292
8.73761	569.427	588.904
8.74954	569.039	588.516
8.76148	568.652	588.128
8.77342	568.264	587.74
8.78535	567.876	587.351
8.79729	567.489	586.963
8.80923	567.101	586.575
8.82116	566.713	586.187
8.8331	566.325	585.799
8.84504	565.938	585.411
8.85697	565.55	585.023
8.86891	565.162	584.634
8.88085	564.775	584.246
8.89278	564.387	583.858
8.90472	563.999	583.47
8.91666	563.611	583.082
8.92859	563.224	582.694
8.94053	562.836	582.306
8.95247	562.448	581.918
8.9644	562.061	581.53
8.97634	561.673	581.142
8.98828	561.285	580.754
9.00021	560.898	580.366
9.01215	560.51	579.978
9.02409	560.122	579.59
9.03602	559.734	579.202
9.04796	559.347	578.814
9.0599	558.959	578.426
9.07183	558.571	578.038
9.08377	558.184	577.65
9.0957	557.796	577.262
9.10764	557.408	576.874
9.11958	557.02	576.487
9.13151	556.633	576.099
9.14345	556.245	575.711
9.15539	555.857	575.323
9.16732	555.469	574.935
9.17926	555.082	574.547
9.1912	554.694	574.159
9.20313	554.306	573.771
9.21507	553.918	573.384
9.22701	553.531	572.996
9.23894	553.143	572.608
9.25088	552.755	572.22
9.26282	552.367	571.832
9.27475	551.979	571.445
9.28669	551.591	571.057
9.29863	551.204	570.669
9.31056	550.816	570.281
9.3225	550.428	569.893
9.33444	550.04	569.506
9.34637	549.652	569.118
9.35831	549.264	568.73
9.37025	548.876	568.342
9.38218	548.488	567.954
9.39412	548.1	567.567
9.40606	547.712	567.179
9.41799	547.325	566.791
9.42993	546.937	566.403
9.44187	546.549	566.016
9.4538	546.161	565.628
9.46574	545.772	565.24
9.47768	545.384	564.852
9.48961	544.996	564.465
9.50155	544.608	564.077
9.51349	544.22	563.689
9.52542	543.832	563.301
9.53736	543.444	562.914
9.5493	543.056	562.526
9.56123	542.668	562.138
9.57317	542.279	561.751
9.58511	541.891	561.363
9.59704	541.503	560.975
9.60898	541.115	560.587
9.62092	540.727	560.2
9.63285	540.338	559.812
9.64479	539.95	559.424
9.65673	539.562	559.036
9.66866	539.173	558.649
9.6806	538.785	558.261
9.69254	538.396	557.873
9.70447	538.008	557.485
9.71641	537.62	557.098
9.72835	537.231	556.71
9.74028	536.843	556.322
9.75222	536.454	555.934
9.76416	536.066	555.547
9.77609	535.677	555.159
9.78803	535.288	554.771
9.79997	534.9	554.383
9.8119	534.511	553.995
9.82384	534.122	553.608
9.83578	533.734	553.22
9.84771	533.345	552.832
9.85965	532.956	552.444
9.87159	532.567	552.056
9.88352	532.178	551.669
9.89546	531.789	551.281
9.9074	531.401	550.893
9.91933	531.012	550.505
9.93127	530.623	550.117
9.94321	530.234	549.729
9.95514	529.845	549.341
9.96708	529.455	548.953
9.97901	529.066	548.565
9.99095	528.677	548.178
10.0029	528.288	547.79
10.0148	527.899	547.402
10.0268	527.509	547.014
10.0387	527.12	546.626
10.0506	526.731	546.238
10.0626	526.341	545.85
10.0745	525.952	545.462
10.0864	525.563	545.074
10.0984	525.173	544.686
10.1103	524.783	544.297
10.1223	524.394	543.909
10.1342	524.004	543.521
10.1461	523.615	543.133
10.1581	523.225	542.745
10.17	522.835	542.357
10.1819	522.445	541.969
10.1939	522.055	541.58
10.2058	521.666	541.192
10.2177	521.276	540.804
10.2297	520.886	540.416
10.2416	520.496	540.027
10.2536	520.106	539.639
10.2655	519.715	539.251
10.2774	519.325	538.863
10.2894	518.935	538.474
10.3013	518.545	538.086
10.3132	518.154	537.697
10.3252	517.764	537.309
10.3371	517.374	536.92
10.3491	516.983	536.532
10.361	516.593	536.143
10.3729	516.202	535.755
10.3849	515.811	535.366
10.3968	515.421	534.978
10.4087	515.03	534.589
10.4207	514.639	534.2
10.4326	514.248	533.812
10.4445	513.858	533.423
10.4565	513.467	533.034
10.4684	513.076	532.646
10.4804	512.685	532.257
10.4923	512.293	531.868
10.5042	511.902	531.479
10.5162	511.511	531.09
10.5281	511.12	530.701
10.54	510.728	530.312
10.552	510.337	529.923
10.5639	509.946	529.534
10.5758	509.554	529.145
10.5878	509.162	528.756
10.5997	508.771	528.367
10.6117	508.379	527.978
10.6236	507.987	527.589
10.6355	507.596	527.2
10.6475	507.204	526.81
10.6594	506.812	526.421
10.6713	506.42	526.032
10.6833	506.028	525.642
10.6952	505.635	525.253
10.7071	505.243	524.863
10.7191	504.851	524.474
10.731	504.459	524.084
10.743	504.066	523.695
10.7549	503.674	523.305
10.7668	503.281	522.916
10.7788	502.889	522.526
10.7907	502.496	522.136
10.8026	502.103	521.746
10.8146	501.71	521.357
10.8265	501.318	520.967
10.8385	500.925	520.577
10.8504	500.532	520.187
10.8623	500.139	519.797
10.8743	499.745	519.407
10.8862	499.352	519.017
10.8981	498.959	518.627
10.9101	498.566	518.236
10.922	498.172	517.846
10.9339	497.779	517.456
10.9459	497.385	517.065
10.9578	496.992	516.675
10.9698	496.598	516.285
10.9817	496.204	515.894
10.9936	495.81	515.504
11.0056	495.416	515.113
11.0175	495.022	514.722
11.0294	494.628	514.332
11.0414	494.234	513.941
11.0533	493.84	513.55
11.0652	493.446	513.159
11.0772	493.051	512.768
11.0891	492.657	512.377
11.1011	492.262	511.986
11.113	491.868	511.595
11.1249	491.473	511.204
11.1369	491.079	510.813
11.1488	490.684	510.422
11.1607	490.289	510.03
11.1727	489.894	509.639
11.1846	489.499	509.248
11.1966	489.104	508.856
11.2085	488.709	508.465
11.2204	488.313	508.073
11.2324	487.918	507.681
11.2443	487.523	507.29
11.2562	487.127	506.898
11.2682	486.732	506.506
11.2801	486.336	506.114
11.292	485.94	505.722
11.304	485.545	505.33
11.3159	485.149	504.938
11.3279	484.753	504.546
11.3398	484.357	504.154
11.3517	483.961	503.761
11.3637	483.565	503.369
11.3756	483.168	502.977
11.3875	482.772	502.584
11.3995	482.376	502.192
11.4114	481.979	501.799
11.4233	481.583	501.406
11.4353	481.186	501.014
11.4472	480.789	500.621
11.4592	480.393	500.228
11.4711	479.996	499.835
11.483	479.599	499.442
11.495	479.202	499.049
11.5069	478.805	498.656
11.5188	478.408	498.263
11.5308	478.011	497.869
11.5427	477.613	497.476
11.5546	477.216	497.083
11.5666	476.818	496.689
11.5785	476.421	496.296
11.5905	476.023	495.902
11.6024	475.626	495.508
11.6143	475.228	495.115
11.6263	474.83	494.721
11.6382	474.432	494.327
11.6501	474.034	493.933
11.6621	473.636	493.539
11.674	473.238	493.145
11.686	472.84	492.751
11.6979	472.442	492.356
11.7098	472.044	491.962
11.7218	471.645	491.568
11.7337	471.247	491.173
11.7456	470.848	490.779
11.7576	470.45	490.384
11.7695	470.051	489.989
11.7814	469.652	489.594
11.7934	469.254	489.2
11.8053	468.855	488.805
11.8173	468.456	488.41
11.8292	468.057	488.015
11.8411	467.658	487.619
11.8531	467.259	487.224
11.865	466.859	486.829
11.8769	466.46	486.434
11.8889	466.061	486.038
11.9008	465.662	485.643
11.9127	465.262	485.247
11.9247	464.863	484.851
11.9366	464.463	484.456
11.9486	464.063	484.06
11.9605	463.664	483.664
11.9724	463.264	483.268
11.9844	462.864	482.872
11.9963	462.464	482.476
12.0082	462.065	482.08
12.0202	461.665	481.683
12.0321	461.265	481.287
12.0441	460.864	480.891
12.056	460.464	480.494
12.0679	460.064	480.098
12.0799	459.664	479.701
12.0918	459.264	479.304
12.1037	458.863	478.907
12.1157	458.463	478.511
12.1276	458.062	478.114
12.1395	457.662	477.717
12.1515	457.261	477.32
12.1634	456.861	476.922
12.1754	456.46	476.525
12.1873	456.059	476.128
12.1992	455.659	475.73
12.2112	455.258	475.333
12.2231	454.857	474.936
12.235	454.456	474.538
12.247	454.055	474.14
12.2589	453.655	473.743
12.2708	453.254	473.345
12.2828	452.853	472.947
12.2947	452.452	472.549
12.3067	452.051	472.151
12.3186	451.649	471.753
12.3305	451.248	471.355
12.3425	450.847	470.956
12.3544	450.446	470.558
12.3663	450.045	470.16
12.3783	449.644	469.761
12.3902	449.242	469.363
12.4021	448.841	468.964
12.4141	448.44	468.566
12.426	448.038	468.167
12.438	447.637	467.768
12.4499	447.236	467.369
12.4618	446.834	466.97
12.4738	446.433	466.571
12.4857	446.031	466.172
12.4976	445.63	465.773
12.5096	445.228	465.374
12.5215	444.827	464.975
12.5335	444.426	464.576
12.5454	444.024	464.176
12.5573	443.623	463.777
12.5693	443.221	463.377
12.5812	442.82	462.978
12.5931	442.418	462.578
12.6051	442.017	462.179
12.617	441.615	461.779
12.6289	441.214	461.379
12.6409	440.812	460.979
12.6528	440.411	460.58
12.6648	440.009	460.18
12.6767	439.608	459.78
12.6886	439.206	459.38
12.7006	438.805	458.98
12.7125	438.404	458.58
12.7244	438.002	458.179
12.7364	437.601	457.779
12.7483	437.199	457.379
12.7602	436.798	456.979
12.7722	436.397	456.578
12.7841	435.996	456.178
12.7961	435.594	455.777
12.808	435.193	455.377
12.8199	434.792	454.976
12.8319	434.391	454.576
12.8438	433.99	454.175
12.8557	433.589	453.774
12.8677	433.188	453.374
12.8796	432.787	452.973
12.8916	432.386	452.572
12.9035	431.985	452.171
12.9154	431.584	451.77
12.9274	431.183	451.37
12.9393	430.782	450.969
12.9512	430.382	450.568
12.9632	429.981	450.167
12.9751	429.581	449.766
12.987	429.18	449.365
12.999	428.78	448.964
13.0109	428.379	448.563
13.0229	427.979	448.161
13.0348	427.579	447.76
13.0467	427.179	447.359
13.0587	426.779	446.958
13.0706	426.379	446.557
13.0825	425.979	446.156
13.0945	425.579	445.754
13.1064	425.179	445.353
13.1183	424.779	444.952
13.1303	424.38	444.551
13.1422	423.98	444.149
13.1542	423.581	443.748
13.1661	423.182	443.347
13.178	422.782	442.945
13.19	422.383	442.544
13.2019	421.984	442.143
13.2138	421.586	441.741
13.2258	421.187	441.34
13.2377	420.788	440.939
13.2496	420.39	440.538
13.2616	419.991	440.136
13.2735	419.593	439.735
13.2855	419.195	439.334
13.2974	418.797	438.932
13.3093	418.399	438.531
13.3213	418.001	438.13
13.3332	417.603	437.729
13.3451	417.206	437.328
13.3571	416.809	436.926
13.369	416.411	436.525
13.381	416.014	436.124
13.3929	415.617	435.723
13.4048	415.221	435.322
13.4168	414.824	434.921
13.4287	414.428	434.52
13.4406	414.031	434.119
13.4526	413.635	433.718
13.4645	413.239	433.317
13.4764	412.843	432.916
13.4884	412.448	432.515
13.5003	412.052	432.114
13.5123	411.657	431.714
13.5242	411.262	431.313
13.5361	410.867	430.912
13.5481	410.473	430.512
13.56	410.078	430.111
13.5719	409.684	429.711
13.5839	409.29	429.31
13.5958	408.896	428.91
13.6077	408.502	428.51
13.6197	408.109	428.109
13.6316	407.715	427.709
13.6436	407.322	427.309
13.6555	406.929	426.909
13.6674	406.537	426.509
13.6794	406.144	426.109
13.6913	405.752	425.709
13.7032	405.36	425.31
13.7152	404.968	424.91
13.7271	404.577	424.51
13.7391	404.186	424.111
13.751	403.795	423.712
13.7629	403.404	423.312
13.7749	403.013	422.913
13.7868	402.623	422.514
13.7987	402.233	422.115
13.8107	401.844	421.716
13.8226	401.454	421.317
13.8345	401.065	420.919
13.8465	400.676	420.52
13.8584	400.287	420.122
13.8704	399.899	419.723
13.8823	399.511	419.325
13.8942	399.123	418.927
13.9062	398.736	418.529
13.9181	398.348	418.131
13.93	397.961	417.733
13.942	397.575	417.336
13.9539	397.188	416.938
13.9658	396.802	416.541
13.9778	396.417	416.144
13.9897	396.031	415.747
14.0017	395.646	415.35
14.0136	395.261	414.953
14.0255	394.877	414.557
14.0375	394.493	414.16
14.0494	394.109	413.764
14.0613	393.726	413.368
14.0733	393.343	412.972
14.0852	392.96	412.576
14.0971	392.577	412.181
14.1091	392.195	411.785
14.121	391.814	411.39
14.133	391.432	410.995
14.1449	391.051	410.6
14.1568	390.671	410.205
14.1688	390.291	409.811
14.1807	389.911	409.416
14.1926	389.531	409.022
14.2046	389.152	408.628
14.2165	388.773	408.235
14.2285	388.395	407.841
14.2404	388.017	407.448
14.2523	387.639	407.055
14.2643	387.262	406.662
14.2762	386.886	406.269
14.2881	386.509	405.877
14.3001	386.133	405.484
14.312	385.758	405.092
14.3239	385.383	404.701
14.3359	385.008	404.309
14.3478	384.634	403.918
14.3598	384.26	403.527
14.3717	383.887	403.136
14.3836	383.514	402.745
14.3956	383.141	402.355
14.4075	382.769	401.965
14.4194	382.397	401.575
14.4314	382.026	401.185
14.4433	381.656	400.796
14.4552	381.285	400.407
14.4672	380.916	400.018
14.4791	380.546	399.63
14.4911	380.178	399.242
14.503	379.809	398.854
14.5149	379.441	398.466
14.5269	379.074	398.079
14.5388	378.707	397.692
14.5507	378.341	397.305
14.5627	377.975	396.919
14.5746	377.609	396.532
14.5866	377.244	396.147
14.5985	376.88	395.761
14.6104	376.516	395.376
14.6224	376.153	394.991
14.6343	375.79	394.606
14.6462	375.428	394.222
14.6582	375.066	393.838
14.6701	374.705	393.455
14.682	374.344	393.071
14.694	373.984	392.688
14.7059	373.624	392.306
14.7179	373.265	391.924
14.7298	372.906	391.542
14.7417	372.548	391.16
14.7537	372.191	390.779
14.7656	371.834	390.398
14.7775	371.478	390.018
14.7895	371.122	389.638
14.8014	370.767	389.258
14.8133	370.412	388.879
14.8253	370.058	388.5
14.8372	369.705	388.121
14.8492	369.352	387.743
14.8611	369	387.365
14.873	368.648	386.988
14.885	368.297	386.611
14.8969	367.947	386.234
14.9088	367.597	385.858
14.9208	367.248	385.482
14.9327	366.9	385.107
14.9446	366.552	384.732
14.9566	366.204	384.358
14.9685	365.858	383.984
14.9805	365.512	383.61
14.9924	365.166	383.237
15.0043	364.821	382.864
15.0163	364.477	382.492
15.0282	364.134	382.12
15.0401	363.791	381.748
15.0521	363.449	381.377
15.064	363.107	381.007
15.076	362.766	380.637
15.0879	362.426	380.267
15.0998	362.087	379.898
15.1118	361.748	379.529
15.1237	361.41	379.161
15.1356	361.072	378.794
15.1476	360.735	378.426
15.1595	360.399	378.06
15.1714	360.064	377.694
15.1834	359.729	377.328
15.1953	359.395	376.963
15.2073	359.062	376.598
15.2192	358.729	376.234
15.2311	358.397	375.87
15.2431	358.066	375.507
15.255	357.735	375.144
15.2669	357.406	374.782
15.2789	357.077	374.42
15.2908	356.748	374.059
15.3027	356.421	373.699
15.3147	356.094	373.339
15.3266	355.768	372.98
15.3386	355.442	372.621
15.3505	355.118	372.262
15.3624	354.794	371.905
15.3744	354.471	371.547
15.3863	354.148	371.191
15.3982	353.827	370.835
15.4102	353.506	370.479
15.4221	353.186	370.124
15.4341	352.867	369.77
15.446	352.548	369.416
15.4579	352.23	369.063
15.4699	351.913	368.71
15.4818	351.597	368.358
15.4937	351.282	368.007
15.5057	350.967	367.656
15.5176	350.653	367.306
15.5295	350.34	366.956
15.5415	350.028	366.607
15.5534	349.717	366.259
15.5654	349.406	365.911
15.5773	349.096	365.564
15.5892	348.787	365.218
15.6012	348.479	364.872
15.6131	348.171	364.527
15.625	347.865	364.182
15.637	347.559	363.838
15.6489	347.254	363.495
15.6608	346.95	363.153
15.6728	346.647	362.811
15.6847	346.344	362.469
15.6967	346.043	362.129
15.7086	345.742	361.789
15.7205	345.442	361.45
15.7325	345.143	361.111
15.7444	344.845	360.773
15.7563	344.547	360.436
15.7683	344.251	360.099
15.7802	343.955	359.764
15.7921	343.661	359.428
15.8041	343.367	359.094
15.816	343.073	358.76
15.828	342.781	358.427
15.8399	342.49	358.095
15.8518	342.199	357.763
15.8638	341.91	357.432
15.8757	341.621	357.102
15.8876	341.333	356.773
15.8996	341.046	356.444
15.9115	340.76	356.116
15.9235	340.475	355.789
15.9354	340.191	355.462
15.9473	339.907	355.136
15.9593	339.625	354.811
15.9712	339.343	354.487
15.9831	339.063	354.164
15.9951	338.783	353.841
16.007	338.504	353.519
16.0189	338.226	353.198
16.0309	337.949	352.877
16.0428	337.672	352.557
16.0548	337.397	352.238
16.0667	337.123	351.92
16.0786	336.849	351.603
16.0906	336.577	351.286
16.1025	336.305	350.97
16.1144	336.035	350.655
16.1264	335.765	350.341
16.1383	335.496	350.028
16.1502	335.228	349.715
16.1622	334.961	349.403
16.1741	334.695	349.092
16.1861	334.43	348.782
16.198	334.166	348.472
16.2099	333.902	348.164
16.2219	333.64	347.856
16.2338	333.379	347.549
16.2457	333.118	347.243
16.2577	332.859	346.937
16.2696	332.6	346.633
16.2816	332.343	346.329
16.2935	332.086	346.026
16.3054	331.83	345.724
16.3174	331.575	345.423
16.3293	331.322	345.123
16.3412	331.069	344.824
16.3532	330.817	344.525
16.3651	330.566	344.227
16.377	330.316	343.93
16.389	330.067	343.634
16.4009	329.819	343.339
16.4129	329.572	343.045
16.4248	329.326	342.751
16.4367	329.081	342.459
16.4487	328.836	342.167
16.4606	328.593	341.876
16.4725	328.351	341.586
16.4845	328.11	341.297
16.4964	327.869	341.009
16.5083	327.63	340.721
16.5203	327.391	340.435
16.5322	327.154	340.149
16.5442	326.918	339.865
16.5561	326.682	339.581
16.568	326.448	339.298
16.58	326.214	339.016
16.5919	325.981	338.735
16.6038	325.75	338.455
16.6158	325.519	338.176
16.6277	325.29	337.897
16.6396	325.061	337.62
16.6516	324.833	337.344
16.6635	324.607	337.068
16.6755	324.381	336.793
16.6874	324.156	336.519
16.6993	323.932	336.247
16.7113	323.71	335.975
16.7232	323.488	335.704
16.7351	323.267	335.434
16.7471	323.047	335.164
16.759	322.829	334.896
16.771	322.611	334.629
16.7829	322.394	334.363
16.7948	322.178	334.097
16.8068	321.963	333.833
16.8187	321.749	333.569
16.8306	321.536	333.307
16.8426	321.324	333.045
16.8545	321.113	332.784
16.8664	320.903	332.525
16.8784	320.694	332.266
16.8903	320.486	332.008
16.9023	320.279	331.751
16.9142	320.073	331.495
16.9261	319.868	331.24
16.9381	319.664	330.986
16.95	319.461	330.733
16.9619	319.259	330.481
16.9739	319.058	330.23
16.9858	318.858	329.98
16.9977	318.658	329.73
17.0097	318.46	329.482
17.0216	318.263	329.235
17.0336	318.067	328.989
17.0455	317.872	328.743
17.0574	317.677	328.499
17.0694	317.484	328.255
17.0813	317.292	328.013
17.0932	317.1	327.772
17.1052	316.91	327.531
17.1171	316.721	327.292
17.1291	316.532	327.053
17.141	316.345	326.815
17.1529	316.159	326.579
17.1649	315.973	326.343
17.1768	315.789	326.109
17.1887	315.605	325.875
17.2007	315.423	325.642
17.2126	315.241	325.411
17.2245	315.06	325.18
17.2365	314.881	324.95
17.2484	314.702	324.722
17.2604	314.524	324.494
17.2723	314.348	324.267
17.2842	314.172	324.041
17.2962	313.997	323.817
17.3081	313.823	323.593
17.32	313.65	323.37
17.332	313.478	323.148
17.3439	313.307	322.927
17.3558	313.137	322.707
17.3678	312.968	322.489
17.3797	312.8	322.271
17.3917	312.633	322.054
17.4036	312.467	321.838
17.4155	312.301	321.623
17.4275	312.137	321.409
17.4394	311.974	321.196
17.4513	311.811	320.984
17.4633	311.65	320.774
17.4752	311.489	320.564
17.4871	311.33	320.355
17.4991	311.171	320.147
17.511	311.013	319.94
17.523	310.857	319.734
17.5349	310.701	319.529
17.5468	310.546	319.325
17.5588	310.392	319.122
17.5707	310.239	318.92
17.5826	310.087	318.719
17.5946	309.936	318.519
17.6065	309.785	318.32
17.6185	309.636	318.122
17.6304	309.488	317.925
17.6423	309.34	317.729
17.6543	309.193	317.534
17.6662	309.048	317.34
17.6781	308.903	317.146
17.6901	308.759	316.954
17.702	308.616	316.763
17.7139	308.474	316.573
17.7259	308.333	316.384
17.7378	308.193	316.196
17.7498	308.053	316.008
17.7617	307.915	315.822
17.7736	307.777	315.637
17.7856	307.641	315.453
17.7975	307.505	315.269
17.8094	307.37	315.087
17.8214	307.236	314.906
17.8333	307.103	314.726
17.8452	306.971	314.546
17.8572	306.839	314.368
17.8691	306.709	314.19
17.8811	306.579	314.014
17.893	306.45	313.838
17.9049	306.323	313.664
17.9169	306.196	313.49
17.9288	306.069	313.318
17.9407	305.944	313.146
17.9527	305.82	312.976
17.9646	305.696	312.806
17.9766	305.573	312.637
17.9885	305.452	312.47
18.0004	305.331	312.303
18.0124	305.21	312.137
18.0243	305.091	311.972
18.0362	304.973	311.808
18.0482	304.855	311.645
18.0601	304.738	311.483
18.072	304.622	311.322
18.084	304.507	311.162
18.0959	304.393	311.003
18.1079	304.279	310.845
18.1198	304.167	310.688
18.1317	304.055	310.531
18.1437	303.944	310.376
18.1556	303.833	310.221
18.1675	303.724	310.068
18.1795	303.615	309.915
18.1914	303.508	309.764
18.2033	303.401	309.613
18.2153	303.294	309.463
18.2272	303.189	309.315
18.2392	303.084	309.167
18.2511	302.981	309.02
18.263	302.877	308.874
18.275	302.775	308.728
18.2869	302.674	308.584
18.2988	302.573	308.441
18.3108	302.473	308.299
18.3227	302.374	308.157
18.3346	302.275	308.017
18.3466	302.178	307.877
18.3585	302.081	307.738
18.3705	301.985	307.6
18.3824	301.889	307.463
18.3943	301.795	307.327
18.4063	301.701	307.192
18.4182	301.608	307.058
18.4301	301.516	306.925
18.4421	301.424	306.792
18.454	301.333	306.661
18.466	301.243	306.53
18.4779	301.153	306.4
18.4898	301.065	306.271
18.5018	300.977	306.143
18.5137	300.889	306.016
18.5256	300.803	305.89
18.5376	300.717	305.764
18.5495	300.632	305.64
18.5614	300.547	305.516
18.5734	300.464	305.393
18.5853	300.381	305.271
18.5973	300.298	305.15
18.6092	300.217	305.03
18.6211	300.136	304.911
18.6331	300.056	304.792
18.645	299.976	304.674
18.6569	299.897	304.558
18.6689	299.819	304.442
18.6808	299.741	304.326
18.6927	299.664	304.212
18.7047	299.588	304.099
18.7166	299.513	303.986
18.7286	299.438	303.874
18.7405	299.364	303.763
18.7524	299.29	303.653
18.7644	299.217	303.543
18.7763	299.145	303.435
18.7882	299.073	303.327
18.8002	299.002	303.22
18.8121	298.932	303.114
18.8241	298.862	303.009
18.836	298.793	302.904
18.8479	298.724	302.8
18.8599	298.657	302.697
18.8718	298.589	302.595
18.8837	298.523	302.494
18.8957	298.457	302.393
18.9076	298.391	302.294
18.9195	298.326	302.195
18.9315	298.262	302.096
18.9434	298.199	301.999
18.9554	298.136	301.902
18.9673	298.073	301.806
18.9792	298.011	301.711
18.9912	297.95	301.617
19.0031	297.889	301.523
19.015	297.829	301.43
19.027	297.77	301.338
19.0389	297.711	301.247
19.0508	297.652	301.156
19.0628	297.595	301.066
19.0747	297.537	300.977
19.0867	297.481	300.888
19.0986	297.424	300.801
19.1105	297.369	300.714
19.1225	297.314	300.627
19.1344	297.259	300.542
19.1463	297.205	300.457
19.1583	297.152	300.373
19.1702	297.099	300.289
19.1821	297.046	300.207
19.1941	296.994	300.125
19.206	296.943	300.044
19.218	296.892	299.963
19.2299	296.842	299.883
19.2418	296.792	299.804
19.2538	296.743	299.725
19.2657	296.694	299.647
19.2776	296.646	299.57
19.2896	296.598	299.494
19.3015	296.551	299.418
19.3135	296.504	299.343
19.3254	296.457	299.268
19.3373	296.412	299.195
19.3493	296.366	299.121
19.3612	296.321	299.049
19.3731	296.277	298.977
19.3851	296.233	298.906
19.397	296.19	298.835
19.4089	296.147	298.765
19.4209	296.104	298.696
19.4328	296.062	298.628
19.4448	296.02	298.56
19.4567	295.979	298.492
19.4686	295.938	298.425
19.4806	295.898	298.359
19.4925	295.858	298.294
19.5044	295.819	298.229
19.5164	295.78	298.165
19.5283	295.741	298.101
19.5402	295.703	298.038
19.5522	295.665	297.975
19.5641	295.628	297.914
19.5761	295.591	297.852
19.588	295.554	297.792
19.5999	295.518	297.731
19.6119	295.483	297.672
19.6238	295.447	297.613
19.6357	295.413	297.555
19.6477	295.378	297.497
19.6596	295.344	297.439
19.6716	295.31	297.383
19.6835	295.277	297.327
19.6954	295.244	297.271
19.7074	295.212	297.216
19.7193	295.18	297.162
19.7312	295.148	297.108
19.7432	295.116	297.054
19.7551	295.085	297.001
19.767	295.055	296.949
19.779	295.024	296.897
19.7909	294.995	296.846
19.8029	294.965	296.795
19.8148	294.936	296.745
19.8267	294.907	296.696
19.8387	294.878	296.646
19.8506	294.85	296.598
19.8625	294.822	296.55
19.8745	294.795	296.502
19.8864	294.768	296.455
19.8983	294.741	296.408
19.9103	294.714	296.362
19.9222	294.688	296.316
19.9342	294.662	296.271
19.9461	294.637	296.227
19.958	294.612	296.182
19.97	294.587	296.139
19.9819	294.562	296.095
19.9938	294.538	296.053
20.0058	294.514	296.01
20.0177	294.49	295.968
20.0296	294.467	295.927
20.0416	294.444	295.886
20.0535	294.421	295.846
20.0655	294.398	295.805
20.0774	294.376	295.766
20.0893	294.354	295.727
20.1013	294.333	295.688
20.1132	294.311	295.65
20.1251	294.29	295.612
20.1371	294.27	295.574
20.149	294.249	295.537
20.161	294.229	295.501
20.1729	294.209	295.465
20.1848	294.189	295.429
20.1968	294.17	295.394
20.2087	294.15	295.359
20.2206	294.132	295.324
20.2326	294.113	295.29
20.2445	294.094	295.256
20.2564	294.076	295.223
20.2684	294.058	295.19
20.2803	294.041	295.158
20.2923	294.023	295.125
20.3042	294.006	295.094
20.3161	293.989	295.062
20.3281	293.972	295.031
20.34	293.956	295.001
20.3519	293.94	294.97
20.3639	293.924	294.94
20.3758	293.908	294.911
20.3877	293.892	294.882
20.3997	293.877	294.853
20.4116	293.862	294.824
20.4236	293.847	294.796
20.4355	293.832	294.768
20.4474	293.818	294.741
20.4594	293.803	294.714
20.4713	293.789	294.687
20.4832	293.775	294.661
20.4952	293.762	294.635
20.5071	293.748	294.609
20.5191	293.735	294.584
20.531	293.722	294.558
20.5429	293.709	294.534
20.5549	293.696	294.509
20.5668	293.684	294.485
20.5787	293.671	294.461
20.5907	293.659	294.438
20.6026	293.647	294.414
20.6145	293.635	294.392
20.6265	293.624	294.369
20.6384	293.612	294.347
20.6504	293.601	294.325
20.6623	293.59	294.303
20.6742	293.579	294.281
20.6862	293.568	294.26
20.6981	293.558	294.239
20.71	293.547	294.219
20.722	293.537	294.198
20.7339	293.527	294.178
20.7458	293.517	294.159
20.7578	293.507	294.139
20.7697	293.498	294.12
20.7817	293.488	294.101
20.7936	293.479	294.082
20.8055	293.47	294.064
20.8175	293.461	294.046
20.8294	293.452	294.028
20.8413	293.443	294.01
20.8533	293.434	293.993
20.8652	293.426	293.975
20.8771	293.418	293.958
20.8891	293.409	293.942
20.901	293.401	293.925
20.913	293.393	293.909
20.9249	293.386	293.893
20.9368	293.378	293.877
20.9488	293.37	293.862
20.9607	293.363	293.846
20.9726	293.356	293.831
20.9846	293.348	293.816
20.9965	293.341	293.802
21.0085	293.334	293.787
21.0204	293.328	293.773
21.0323	293.321	293.759
21.0443	293.314	293.745
21.0562	293.308	293.731
21.0681	293.302	293.718
21.0801	293.295	293.705
21.092	293.289	293.692
21.1039	293.283	293.679
21.1159	293.277	293.666
21.1278	293.271	293.654
21.1398	293.266	293.642
21.1517	293.26	293.63
21.1636	293.255	293.618
21.1756	293.249	293.606
21.1875	293.244	293.595
21.1994	293.239	293.583
21.2114	293.233	293.572
21.2233	293.228	293.561
21.2352	293.223	293.55
21.2472	293.219	293.54
21.2591	293.214	293.529
21.2711	293.209	293.519
21.283	293.205	293.509
21.2949	293.2	293.499
21.3069	293.196	293.489
21.3188	293.191	293.48
21.3307	293.187	293.47
21.3427	293.183	293.461
21.3546	293.179	293.452
21.3666	293.175	293.443
21.3785	293.171	293.434
21.3904	293.167	293.425
21.4024	293.163	293.416
21.4143	293.159	293.408
21.4262	293.156	293.4
21.4382	293.152	293.392
21.4501	293.149	293.383
21.462	293.145	293.376
21.474	293.142	293.368
21.4859	293.138	293.36
21.4979	293.135	293.353
21.5098	293.132	293.345
21.5217	293.129	293.338
21.5337	293.126	293.331
21.5456	293.123	293.324
21.5575	293.12	293.317
21.5695	293.117	293.31
21.5814	293.114	293.304
21.5933	293.111	293.297
21.6053	293.109	293.291
21.6172	293.106	293.285
21.6292	293.103	293.279
21.6411	293.101	293.272
21.653	293.098	293.267
21.665	293.096	293.261
21.6769	293.094	293.255
21.6888	293.091	293.249
21.7008	293.089	293.244
21.7127	293.087	293.238
21.7246	293.085	293.233
21.7366	293.082	293.228
21.7485	293.08	293.223
21.7605	293.078	293.218
21.7724	293.076	293.213
21.7843	293.074	293.208
21.7963	293.072	293.203
21.8082	293.07	293.198
21.8201	293.069	293.194
21.8321	293.067	293.189
21.844	293.065	293.185
21.856	293.063	293.181
21.8679	293.062	293.176
21.8798	293.06	293.172
21.8918	293.058	293.168
21.9037	293.057	293.164
21.9156	293.055	293.16
21.9276	293.054	293.157
21.9395	293.052	293.153
21.9514	293.051	293.149
21.9634	293.05	293.146
21.9753	293.048	293.142
21.9873	293.047	293.139
21.9992	293.046	293.135
22.0111	293.044	293.132
22.0231	293.043	293.129
22.035	293.042	293.125
22.0469	293.041	293.122
22.0589	293.039	293.119
22.0708	293.038	293.116
22.0827	293.037	293.113
22.0947	293.036	293.11
22.1066	293.035	293.108
22.1186	293.034	293.105
22.1305	293.033	293.102
22.1424	293.032	293.1
22.1544	293.031	293.097
22.1663	293.03	293.094
22.1782	293.029	293.092
22.1902	293.028	293.09
22.2021	293.028	293.087
22.2141	293.027	293.085
22.226	293.026	293.083
22.2379	293.025	293.08
22.2499	293.024	293.078
22.2618	293.024	293.076
22.2737	293.023	293.074
22.2857	293.022	293.072
22.2976	293.022	293.07
22.3095	293.021	293.068
22.3215	293.02	293.066
22.3334	293.02	293.064
22.3454	293.019	293.063
22.3573	293.018	293.061
22.3692	293.018	293.059
22.3812	293.017	293.058
22.3931	293.017	293.056
22.405	293.016	293.054
22.417	293.016	293.053
22.4289	293.015	293.051
22.4408	293.015	293.05
22.4528	293.014	293.048
22.4647	293.014	293.047
22.4767	293.013	293.045
22.4886	293.013	293.044
22.5005	293.012	293.043
22.5125	293.012	293.042
22.5244	293.011	293.04
22.5363	293.011	293.039
22.5483	293.011	293.038
22.5602	293.01	293.037
22.5721	293.01	293.036
22.5841	293.01	293.035
22.596	293.009	293.033
22.608	293.009	293.032
22.6199	293.009	293.031
22.6318	293.008	293.03
22.6438	293.008	293.029
22.6557	293.008	293.029
22.6676	293.007	293.028
22.6796	293.007	293.027
22.6915	293.007	293.026
22.7035	293.007	293.025
22.7154	293.006	293.024
22.7273	293.006	293.023
22.7393	293.006	293.023
22.7512	293.006	293.022
22.7631	293.005	293.021
22.7751	293.005	293.02
22.787	293.005	293.02
22.7989	293.005	293.019
22.8109	293.005	293.018
22.8228	293.004	293.018
22.8348	293.004	293.017
22.8467	293.004	293.017
22.8586	293.004	293.016
22.8706	293.004	293.015
22.8825	293.004	293.015
22.8944	293.003	293.014
22.9064	293.003	293.014
22.9183	293.003	293.013
22.9302	293.003	293.013
22.9422	293.003	293.012
22.9541	293.003	293.012
22.9661	293.003	293.011
22.978	293.003	293.011
22.9899	293.002	293.011
23.0019	293.002	293.01
23.0138	293.002	293.01
23.0257	293.002	293.009
23.0377	293.002	293.009
23.0496	293.002	293.009
23.0616	293.002	293.008
23.0735	293.002	293.008
23.0854	293.002	293.008
23.0974	293.002	293.007
23.1093	293.001	293.007
23.1212	293.001	293.007
23.1332	293.001	293.006
23.1451	293.001	293.006
23.157	293.001	293.006
23.169	293.001	293.006
23.1809	293.001	293.005
23.1929	293.001	293.005
23.2048	293.001	293.005
23.2167	293.001	293.005
23.2287	293.001	293.005
23.2406	293.001	293.004
23.2525	293.001	293.004
23.2645	293.001	293.004
23.2764	293.001	293.004
23.2883	293.001	293.004
23.3003	293.001	293.003
23.3122	293.001	293.003
23.3242	293.001	293.003
23.3361	293.001	293.003
23.348	293	293.003
23.36	293	293.003
23.3719	293	293.003
23.3838	293	293.002
23.3958	293	293.002
23.4077	293	293.002
23.4196	293	293.002
23.4316	293	293.002
23.4435	293	293.002
23.4555	293	293.002
23.4674	293	293.002
23.4793	293	293.002
23.4913	293	293.001
23.5032	293	293.001
23.5151	293	293.001
23.5271	293	293.001
23.539	293	293.001
23.551	293	293.001
23.5629	293	293.001
23.5748	293	293.001
23.5868	293	293.001
23.5987	293	293.001
23.6106	293	293.001
23.6226	293	293.001
23.6345	293	293.001
23.6464	293	293.001
23.6584	293	293.001
23.6703	293	293.001
23.6823	293	293.001
23.6942	293	293
23.7061	293	293
23.7181	293	293
23.73	293	293
23.7419	293	293
23.7539	293	293
23.7658	293	293
23.7777	293	293
23.7897	293	293
23.8016	293	293
23.8136	293	293
23.8255	293	293
23.8374	293	293
23.8494	293	293
23.8613	293	293
23.8732	293	293
