0	873	873
0.0119366	873	873
0.0238732	873	873
0.0358099	873	873
0.0477465	873	873
0.0596831	873	873
0.0716197	873	873
0.0835563	873	873
0.095493	873	873
0.10743	873	873
0.119366	873	873
0.131303	873	873
0.143239	873	873
0.155176	873	873
0.167113	873	873
0.179049	873	873
0.190986	873	873
0.202923	873	873
0.214859	873	873
0.226796	873	873
0.238732	873	873
0.250669	873	873
0.262606	873	873
0.274542	873	873
0.286479	873	873
0.298416	873	873
0.310352	873	873
0.322289	873	873
0.334225	873	873
0.346162	873	873
0.358099	873	873
0.370035	873	873
0.381972	873	872.999
0.393908	873	872.999
0.405845	873	872.999
0.417782	873	872.999
0.429718	873	872.999
0.441655	873	872.999
0.453592	873	872.999
0.465528	873	872.999
0.477465	873	872.999
0.489401	873	872.999
0.501338	873	872.999
0.513275	873	872.999
0.525211	873	872.999
0.537148	873	872.999
0.549085	873	872.999
0.561021	873	872.999
0.572958	873	872.999
0.584894	873	872.999
0.596831	873	872.999
0.608768	873	872.999
0.620704	873	872.998
0.632641	873	872.998
0.644578	873	872.998
0.656514	873	872.998
0.668451	873	872.998
0.680387	873	872.998
0.692324	873	872.998
0.704261	873	872.998
0.716197	873	872.998
0.728134	873	872.998
0.74007	873	872.998
0.752007	872.999	872.997
0.763944	872.999	872.997
0.77588	872.999	872.997
0.787817	872.999	872.997
0.799754	872.999	872.997
0.81169	872.999	872.997
0.823627	872.999	872.997
0.835563	872.999	872.997
0.8475	872.999	872.996
0.859437	872.999	872.996
0.871373	872.999	872.996
0.88331	872.999	872.996
0.895247	872.999	872.996
0.907183	872.999	872.996
0.91912	872.999	872.995
0.931056	872.999	872.995
0.942993	872.999	872.995
0.95493	872.999	872.995
0.966866	872.999	872.995
0.978803	872.999	872.994
0.99074	872.999	872.994
1.00268	872.999	872.994
1.01461	872.999	872.994
1.02655	872.998	872.994
1.03849	872.998	872.993
1.05042	872.998	872.993
1.06236	872.998	872.993
1.0743	872.998	872.993
1.08623	872.998	872.992
1.09817	872.998	872.992
1.11011	872.998	872.992
1.12204	872.998	872.991
1.13398	872.998	872.991
1.14592	872.998	872.991
1.15785	872.998	872.99
1.16979	872.997	872.99
1.18173	872.997	872.99
1.19366	872.997	872.989
1.2056	872.997	872.989
1.21754	872.997	872.989
1.22947	872.997	872.988
1.24141	872.997	872.988
1.25335	872.997	872.987
1.26528	872.997	872.987
1.27722	872.996	872.987
1.28916	872.996	872.986
1.30109	872.996	872.986
1.31303	872.996	872.985
1.32496	872.996	872.985
1.3369	872.996	872.984
1.34884	872.996	872.984
1.36077	872.995	872.983
1.37271	872.995	872.983
1.38465	872.995	872.982
1.39658	872.995	872.981
1.40852	872.995	872.981
1.42046	872.994	872.98
1.43239	872.994	872.98
1.44433	872.994	872.979
1.45627	872.994	872.978
1.4682	872.994	872.978
1.48014	872.993	872.977
1.49208	872.993	872.976
1.50401	872.993	872.975
1.51595	872.993	872.975
1.52789	872.992	872.974
1.53982	872.992	872.973
1.55176	872.992	872.972
1.5637	872.992	872.972
1.57563	872.991	872.971
1.58757	872.991	872.97
1.59951	872.991	872.969
1.61144	872.99	872.968
1.62338	872.99	872.967
1.63532	872.99	872.966
1.64725	872.989	872.965
1.65919	872.989	872.964
1.67113	872.989	872.963
1.68306	872.988	872.962
1.695	872.988	872.961
1.70694	872.988	872.96
1.71887	872.987	872.959
1.73081	872.987	872.958
1.74275	872.986	872.956
1.75468	872.986	872.955
1.76662	872.986	872.954
1.77856	872.985	872.953
1.79049	872.985	872.951
1.80243	872.984	872.95
1.81437	872.984	872.949
1.8263	872.983	872.947
1.83824	872.983	872.946
1.85018	872.982	872.944
1.86211	872.982	872.943
1.87405	872.981	872.941
1.88599	872.98	872.94
1.89792	872.98	872.938
1.90986	872.979	872.937
1.9218	872.979	872.935
1.93373	872.978	872.933
1.94567	872.977	872.931
1.95761	872.977	872.93
1.96954	872.976	872.928
1.98148	872.975	872.926
1.99342	872.975	872.924
2.00535	872.974	872.922
2.01729	872.973	872.92
2.02923	872.972	872.918
2.04116	872.972	872.916
2.0531	872.971	872.914
2.06504	872.97	872.912
2.07697	872.969	872.91
2.08891	872.968	872.908
2.10085	872.967	872.905
2.11278	872.966	872.903
2.12472	872.965	872.901
2.13666	872.965	872.898
2.14859	872.964	872.896
2.16053	872.963	872.893
2.17246	872.962	872.891
2.1844	872.96	872.888
2.19634	872.959	872.885
2.20827	872.958	872.882
2.22021	872.957	872.88
2.23215	872.956	872.877
2.24408	872.955	872.874
2.25602	872.954	872.871
2.26796	872.953	872.868
2.27989	872.951	872.865
2.29183	872.95	872.862
2.30377	872.949	872.859
2.3157	872.947	872.855
2.32764	872.946	872.852
2.33958	872.945	872.849
2.35151	872.943	872.845
2.36345	872.942	872.842
2.37539	872.94	872.838
2.38732	872.939	872.834
2.39926	872.937	872.831
2.4112	872.936	872.827
2.42313	872.934	872.823
2.43507	872.932	872.819
2.44701	872.931	872.815
2.45894	872.929	872.811
2.47088	872.927	872.807
2.48282	872.925	872.803
2.49475	872.924	872.798
2.50669	872.922	872.794
2.51863	872.92	872.789
2.53056	872.918	872.785
2.5425	872.916	872.78
2.55444	872.914	872.775
2.56637	872.912	872.771
2.57831	872.91	872.766
2.59025	872.908	872.761
2.60218	872.905	872.756
2.61412	872.903	872.751
2.62606	872.901	872.745
2.63799	872.898	872.74
2.64993	872.896	872.735
2.66187	872.894	872.729
2.6738	872.891	872.723
2.68574	872.889	872.718
2.69768	872.886	872.712
2.70961	872.884	872.706
2.72155	872.881	872.7
2.73349	872.878	872.694
2.74542	872.875	872.688
2.75736	872.873	872.681
2.7693	872.87	872.675
2.78123	872.867	872.668
2.79317	872.864	872.662
2.80511	872.861	872.655
2.81704	872.858	872.648
2.82898	872.854	872.641
2.84092	872.851	872.634
2.85285	872.848	872.627
2.86479	872.845	872.619
2.87673	872.841	872.612
2.88866	872.838	872.604
2.9006	872.834	872.597
2.91254	872.831	872.589
2.92447	872.827	872.581
2.93641	872.823	872.573
2.94835	872.819	872.565
2.96028	872.815	872.556
2.97222	872.812	872.548
2.98416	872.807	872.539
2.99609	872.803	872.531
3.00803	872.799	872.522
3.01997	872.795	872.513
3.0319	872.791	872.504
3.04384	872.786	872.494
3.05577	872.782	872.485
3.06771	872.777	872.475
3.07965	872.773	872.465
3.09158	872.768	872.456
3.10352	872.763	872.446
3.11546	872.758	872.435
3.12739	872.753	872.425
3.13933	872.748	872.415
3.15127	872.743	872.404
3.1632	872.738	872.393
3.17514	872.733	872.382
3.18708	872.727	872.371
3.19901	872.722	872.36
3.21095	872.716	872.348
3.22289	872.711	872.337
3.23482	872.705	872.325
3.24676	872.699	872.313
3.2587	872.693	872.301
3.27063	872.687	872.288
3.28257	872.681	872.276
3.29451	872.675	872.263
3.30644	872.668	872.25
3.31838	872.662	872.237
3.33032	872.655	872.224
3.34225	872.649	872.21
3.35419	872.642	872.197
3.36613	872.635	872.183
3.37806	872.628	872.169
3.39	872.621	872.155
3.40194	872.614	872.14
3.41387	872.606	872.126
3.42581	872.599	872.111
3.43775	872.591	872.096
3.44968	872.584	872.081
3.46162	872.576	872.065
3.47356	872.568	872.049
3.48549	872.56	872.034
3.49743	872.552	872.017
3.50937	872.543	872.001
3.5213	872.535	871.985
3.53324	872.526	871.968
3.54518	872.517	871.951
3.55711	872.509	871.934
3.56905	872.5	871.916
3.58099	872.491	871.899
3.59292	872.481	871.881
3.60486	872.472	871.862
3.6168	872.462	871.844
3.62873	872.453	871.825
3.64067	872.443	871.807
3.65261	872.433	871.787
3.66454	872.423	871.768
3.67648	872.412	871.748
3.68842	872.402	871.729
3.70035	872.392	871.708
3.71229	872.381	871.688
3.72423	872.37	871.667
3.73616	872.359	871.646
3.7481	872.348	871.625
3.76004	872.336	871.604
3.77197	872.325	871.582
3.78391	872.313	871.56
3.79585	872.301	871.538
3.80778	872.289	871.515
3.81972	872.277	871.492
3.83166	872.265	871.469
3.84359	872.252	871.446
3.85553	872.239	871.422
3.86747	872.226	871.398
3.8794	872.213	871.374
3.89134	872.2	871.349
3.90327	872.186	871.324
3.91521	872.173	871.299
3.92715	872.159	871.274
3.93908	872.145	871.248
3.95102	872.131	871.222
3.96296	872.116	871.195
3.97489	872.102	871.169
3.98683	872.087	871.142
3.99877	872.072	871.114
4.0107	872.057	871.087
4.02264	872.041	871.059
4.03458	872.026	871.03
4.04651	872.01	871.001
4.05845	871.994	870.972
4.07039	871.977	870.943
4.08232	871.961	870.913
4.09426	871.944	870.883
4.1062	871.927	870.853
4.11813	871.91	870.822
4.13007	871.893	870.791
4.14201	871.875	870.76
4.15394	871.857	870.728
4.16588	871.839	870.696
4.17782	871.821	870.663
4.18975	871.802	870.63
4.20169	871.784	870.597
4.21363	871.764	870.563
4.22556	871.745	870.529
4.2375	871.726	870.495
4.24944	871.706	870.46
4.26137	871.686	870.425
4.27331	871.666	870.389
4.28525	871.645	870.353
4.29718	871.624	870.317
4.30912	871.603	870.28
4.32106	871.582	870.243
4.33299	871.56	870.206
4.34493	871.539	870.168
4.35687	871.517	870.129
4.3688	871.494	870.091
4.38074	871.472	870.051
4.39268	871.449	870.012
4.40461	871.425	869.972
4.41655	871.402	869.931
4.42849	871.378	869.891
4.44042	871.354	869.849
4.45236	871.33	869.807
4.4643	871.305	869.765
4.47623	871.28	869.723
4.48817	871.255	869.68
4.50011	871.229	869.636
4.51204	871.203	869.592
4.52398	871.177	869.548
4.53592	871.151	869.503
4.54785	871.124	869.458
4.55979	871.097	869.412
4.57173	871.07	869.366
4.58366	871.042	869.319
4.5956	871.014	869.272
4.60754	870.986	869.224
4.61947	870.957	869.176
4.63141	870.928	869.128
4.64335	870.898	869.079
4.65528	870.869	869.029
4.66722	870.839	868.979
4.67916	870.808	868.928
4.69109	870.778	868.877
4.70303	870.747	868.826
4.71497	870.715	868.774
4.7269	870.683	868.721
4.73884	870.651	868.668
4.75078	870.619	868.615
4.76271	870.586	868.561
4.77465	870.553	868.506
4.78658	870.519	868.451
4.79852	870.485	868.395
4.81046	870.451	868.339
4.82239	870.416	868.282
4.83433	870.381	868.225
4.84627	870.346	868.167
4.8582	870.31	868.109
4.87014	870.274	868.05
4.88208	870.237	867.991
4.89401	870.2	867.931
4.90595	870.163	867.87
4.91789	870.125	867.809
4.92982	870.087	867.748
4.94176	870.049	867.686
4.9537	870.01	867.623
4.96563	869.97	867.56
4.97757	869.93	867.496
4.98951	869.89	867.431
5.00144	869.849	867.366
5.01338	869.808	867.301
5.02532	869.767	867.234
5.03725	869.725	867.168
5.04919	869.683	867.1
5.06113	869.64	867.032
5.07306	869.597	866.964
5.085	869.553	866.895
5.09694	869.509	866.825
5.10887	869.464	866.754
5.12081	869.419	866.683
5.13275	869.374	866.612
5.14468	869.328	866.54
5.15662	869.282	866.467
5.16856	869.235	866.393
5.18049	869.188	866.319
5.19243	869.14	866.245
5.20437	869.092	866.169
5.2163	869.043	866.093
5.22824	868.994	866.017
5.24018	868.944	865.939
5.25211	868.894	865.861
5.26405	868.843	865.783
5.27599	868.792	865.704
5.28792	868.741	865.624
5.29986	868.689	865.543
5.3118	868.636	865.462
5.32373	868.583	865.38
5.33567	868.529	865.298
5.34761	868.475	865.215
5.35954	868.421	865.131
5.37148	868.366	865.046
5.38342	868.31	864.961
5.39535	868.254	864.875
5.40729	868.197	864.789
5.41923	868.14	864.701
5.43116	868.082	864.613
5.4431	868.024	864.525
5.45504	867.965	864.435
5.46697	867.906	864.345
5.47891	867.846	864.255
5.49085	867.785	864.163
5.50278	867.724	864.071
5.51472	867.663	863.978
5.52666	867.601	863.884
5.53859	867.538	863.79
5.55053	867.475	863.695
5.56247	867.411	863.599
5.5744	867.347	863.503
5.58634	867.282	863.406
5.59828	867.216	863.308
5.61021	867.15	863.209
5.62215	867.084	863.11
5.63408	867.016	863.01
5.64602	866.949	862.909
5.65796	866.88	862.807
5.66989	866.811	862.705
5.68183	866.742	862.601
5.69377	866.672	862.498
5.7057	866.601	862.393
5.71764	866.529	862.288
5.72958	866.457	862.181
5.74151	866.385	862.074
5.75345	866.312	861.967
5.76539	866.238	861.858
5.77732	866.163	861.749
5.78926	866.088	861.639
5.8012	866.012	861.528
5.81313	865.936	861.417
5.82507	865.859	861.304
5.83701	865.781	861.191
5.84894	865.703	861.077
5.86088	865.624	860.962
5.87282	865.545	860.847
5.88475	865.465	860.73
5.89669	865.384	860.613
5.90863	865.302	860.495
5.92056	865.22	860.377
5.9325	865.137	860.257
5.94444	865.054	860.137
5.95637	864.97	860.015
5.96831	864.885	859.893
5.98025	864.799	859.771
5.99218	864.713	859.647
6.00412	864.626	859.523
6.01606	864.539	859.397
6.02799	864.451	859.271
6.03993	864.362	859.144
6.05187	864.272	859.016
6.0638	864.182	858.888
6.07574	864.091	858.758
6.08768	863.999	858.628
6.09961	863.907	858.497
6.11155	863.814	858.365
6.12349	863.72	858.232
6.13542	863.626	858.099
6.14736	863.53	857.964
6.1593	863.435	857.829
6.17123	863.338	857.693
6.18317	863.241	857.556
6.19511	863.142	857.418
6.20704	863.044	857.279
6.21898	862.944	857.139
6.23092	862.844	856.999
6.24285	862.743	856.857
6.25479	862.641	856.715
6.26673	862.539	856.572
6.27866	862.435	856.428
6.2906	862.331	856.283
6.30254	862.227	856.138
6.31447	862.121	855.991
6.32641	862.015	855.844
6.33835	861.908	855.695
6.35028	861.8	855.546
6.36222	861.692	855.396
6.37416	861.582	855.245
6.38609	861.472	855.093
6.39803	861.361	854.94
6.40997	861.25	854.786
6.4219	861.137	854.632
6.43384	861.024	854.476
6.44578	860.91	854.32
6.45771	860.795	854.163
6.46965	860.68	854.005
6.48159	860.564	853.846
6.49352	860.447	853.686
6.50546	860.329	853.525
6.51739	860.21	853.363
6.52933	860.09	853.2
6.54127	859.97	853.037
6.5532	859.849	852.872
6.56514	859.727	852.707
6.57708	859.604	852.541
6.58901	859.481	852.373
6.60095	859.357	852.205
6.61289	859.231	852.036
6.62482	859.105	851.866
6.63676	858.979	851.695
6.6487	858.851	851.524
6.66063	858.723	851.351
6.67257	858.593	851.177
6.68451	858.463	851.003
6.69644	858.332	850.827
6.70838	858.2	850.651
6.72032	858.068	850.474
6.73225	857.934	850.295
6.74419	857.8	850.116
6.75613	857.665	849.936
6.76806	857.529	849.755
6.78	857.392	849.573
6.79194	857.255	849.39
6.80387	857.116	849.206
6.81581	856.977	849.021
6.82775	856.836	848.836
6.83968	856.695	848.649
6.85162	856.553	848.462
6.86356	856.411	848.273
6.87549	856.267	848.084
6.88743	856.122	847.893
6.89937	855.977	847.702
6.9113	855.831	847.51
6.92324	855.683	847.317
6.93518	855.535	847.122
6.94711	855.387	846.927
6.95905	855.237	846.731
6.97099	855.086	846.534
6.98292	854.935	846.337
6.99486	854.782	846.138
7.0068	854.629	845.938
7.01873	854.475	845.737
7.03067	854.32	845.536
7.04261	854.164	845.333
7.05454	854.007	845.129
7.06648	853.849	844.925
7.07842	853.691	844.72
7.09035	853.531	844.513
7.10229	853.371	844.306
7.11423	853.209	844.098
7.12616	853.047	843.888
7.1381	852.884	843.678
7.15004	852.72	843.467
7.16197	852.555	843.255
7.17391	852.389	843.042
7.18585	852.223	842.828
7.19778	852.055	842.614
7.20972	851.887	842.398
7.22166	851.717	842.181
7.23359	851.547	841.963
7.24553	851.375	841.745
7.25747	851.203	841.525
7.2694	851.03	841.305
7.28134	850.856	841.083
7.29328	850.681	840.861
7.30521	850.506	840.638
7.31715	850.329	840.413
7.32909	850.151	840.188
7.34102	849.973	839.962
7.35296	849.793	839.735
7.36489	849.613	839.507
7.37683	849.431	839.278
7.38877	849.249	839.048
7.4007	849.066	838.817
7.41264	848.882	838.585
7.42458	848.697	838.353
7.43651	848.511	838.119
7.44845	848.324	837.885
7.46039	848.136	837.649
7.47232	847.947	837.413
7.48426	847.757	837.175
7.4962	847.567	836.937
7.50813	847.375	836.698
7.52007	847.183	836.458
7.53201	846.989	836.217
7.54394	846.795	835.975
7.55588	846.6	835.732
7.56782	846.404	835.488
7.57975	846.206	835.243
7.59169	846.008	834.997
7.60363	845.809	834.751
7.61556	845.609	834.503
7.6275	845.409	834.255
7.63944	845.207	834.005
7.65137	845.004	833.755
7.66331	844.8	833.504
7.67525	844.596	833.252
7.68718	844.39	832.999
7.69912	844.184	832.745
7.71106	843.976	832.49
7.72299	843.768	832.234
7.73493	843.558	831.977
7.74687	843.348	831.72
7.7588	843.137	831.461
7.77074	842.925	831.202
7.78268	842.712	830.942
7.79461	842.498	830.68
7.80655	842.283	830.418
7.81849	842.067	830.155
7.83042	841.85	829.891
7.84236	841.633	829.627
7.8543	841.414	829.361
7.86623	841.194	829.094
7.87817	840.974	828.827
7.89011	840.752	828.559
7.90204	840.53	828.289
7.91398	840.307	828.019
7.92592	840.082	827.748
7.93785	839.857	827.476
7.94979	839.631	827.204
7.96173	839.404	826.93
7.97366	839.176	826.655
7.9856	838.947	826.38
7.99754	838.717	826.104
8.00947	838.486	825.827
8.02141	838.254	825.549
8.03335	838.022	825.27
8.04528	837.788	824.99
8.05722	837.554	824.71
8.06916	837.318	824.428
8.08109	837.082	824.146
8.09303	836.844	823.863
8.10497	836.606	823.579
8.1169	836.367	823.294
8.12884	836.127	823.008
8.14078	835.886	822.722
8.15271	835.644	822.434
8.16465	835.401	822.146
8.17659	835.157	821.857
8.18852	834.913	821.567
8.20046	834.667	821.276
8.2124	834.421	820.985
8.22433	834.173	820.692
8.23627	833.925	820.399
8.2482	833.675	820.105
8.26014	833.425	819.81
8.27208	833.174	819.514
8.28401	832.922	819.218
8.29595	832.669	818.92
8.30789	832.415	818.622
8.31982	832.161	818.323
8.33176	831.905	818.024
8.3437	831.649	817.723
8.35563	831.391	817.422
8.36757	831.133	817.119
8.37951	830.874	816.816
8.39144	830.613	816.513
8.40338	830.352	816.208
8.41532	830.09	815.903
8.42725	829.828	815.597
8.43919	829.564	815.29
8.45113	829.299	814.982
8.46306	829.034	814.674
8.475	828.767	814.364
8.48694	828.5	814.054
8.49887	828.232	813.744
8.51081	827.963	813.432
8.52275	827.693	813.12
8.53468	827.422	812.807
8.54662	827.151	812.493
8.55856	826.878	812.178
8.57049	826.605	811.863
8.58243	826.33	811.547
8.59437	826.055	811.23
8.6063	825.779	810.912
8.61824	825.502	810.594
8.63018	825.224	810.275
8.64211	824.946	809.955
8.65405	824.666	809.635
8.66599	824.386	809.313
8.67792	824.105	808.991
8.68986	823.823	808.669
8.7018	823.54	808.345
8.71373	823.256	808.021
8.72567	822.971	807.696
8.73761	822.686	807.371
8.74954	822.4	807.044
8.76148	822.113	806.717
8.77342	821.825	806.39
8.78535	821.536	806.061
8.79729	821.246	805.732
8.80923	820.956	805.403
8.82116	820.664	805.072
8.8331	820.372	804.741
8.84504	820.079	804.409
8.85697	819.786	804.077
8.86891	819.491	803.744
8.88085	819.196	803.41
8.89278	818.899	803.075
8.90472	818.602	802.74
8.91666	818.304	802.404
8.92859	818.006	802.068
8.94053	817.706	801.731
8.95247	817.406	801.393
8.9644	817.105	801.054
8.97634	816.803	800.715
8.98828	816.5	800.376
9.00021	816.197	800.035
9.01215	815.893	799.694
9.02409	815.588	799.353
9.03602	815.282	799.01
9.04796	814.975	798.668
9.0599	814.668	798.324
9.07183	814.36	797.98
9.08377	814.051	797.635
9.0957	813.741	797.29
9.10764	813.431	796.944
9.11958	813.119	796.597
9.13151	812.807	796.25
9.14345	812.495	795.903
9.15539	812.181	795.554
9.16732	811.867	795.205
9.17926	811.552	794.856
9.1912	811.236	794.506
9.20313	810.919	794.155
9.21507	810.602	793.804
9.22701	810.284	793.452
9.23894	809.965	793.1
9.25088	809.646	792.747
9.26282	809.326	792.393
9.27475	809.005	792.039
9.28669	808.683	791.685
9.29863	808.361	791.329
9.31056	808.038	790.974
9.3225	807.714	790.617
9.33444	807.389	790.261
9.34637	807.064	789.903
9.35831	806.738	789.545
9.37025	806.412	789.187
9.38218	806.084	788.828
9.39412	805.756	788.469
9.40606	805.427	788.109
9.41799	805.098	787.748
9.42993	804.768	787.387
9.44187	804.437	787.026
9.4538	804.106	786.664
9.46574	803.773	786.301
9.47768	803.441	785.938
9.48961	803.107	785.575
9.50155	802.773	785.211
9.51349	802.438	784.846
9.52542	802.103	784.481
9.53736	801.766	784.116
9.5493	801.43	783.75
9.56123	801.092	783.384
9.57317	800.754	783.017
9.58511	800.415	782.649
9.59704	800.076	782.282
9.60898	799.736	781.913
9.62092	799.395	781.545
9.63285	799.054	781.176
9.64479	798.712	780.806
9.65673	798.369	780.436
9.66866	798.026	780.065
9.6806	797.683	779.695
9.69254	797.338	779.323
9.70447	796.993	778.951
9.71641	796.647	778.579
9.72835	796.301	778.207
9.74028	795.954	777.834
9.75222	795.607	777.46
9.76416	795.259	777.086
9.77609	794.91	776.712
9.78803	794.561	776.337
9.79997	794.211	775.962
9.8119	793.861	775.587
9.82384	793.51	775.211
9.83578	793.159	774.835
9.84771	792.806	774.458
9.85965	792.454	774.081
9.87159	792.101	773.703
9.88352	791.747	773.326
9.89546	791.393	772.947
9.9074	791.038	772.569
9.91933	790.682	772.19
9.93127	790.326	771.811
9.94321	789.97	771.431
9.95514	789.613	771.051
9.96708	789.255	770.671
9.97901	788.897	770.29
9.99095	788.538	769.909
10.0029	788.179	769.528
10.0148	787.819	769.146
10.0268	787.459	768.764
10.0387	787.099	768.382
10.0506	786.737	767.999
10.0626	786.376	767.616
10.0745	786.013	767.232
10.0864	785.651	766.849
10.0984	785.287	766.465
10.1103	784.924	766.08
10.1223	784.559	765.696
10.1342	784.195	765.311
10.1461	783.83	764.926
10.1581	783.464	764.54
10.17	783.098	764.154
10.1819	782.731	763.768
10.1939	782.364	763.382
10.2058	781.997	762.995
10.2177	781.629	762.608
10.2297	781.26	762.221
10.2416	780.891	761.833
10.2536	780.522	761.445
10.2655	780.152	761.057
10.2774	779.782	760.669
10.2894	779.411	760.28
10.3013	779.04	759.891
10.3132	778.668	759.502
10.3252	778.296	759.113
10.3371	777.924	758.723
10.3491	777.551	758.333
10.361	777.178	757.943
10.3729	776.804	757.553
10.3849	776.43	757.162
10.3968	776.056	756.771
10.4087	775.681	756.38
10.4207	775.305	755.989
10.4326	774.93	755.597
10.4445	774.554	755.205
10.4565	774.177	754.813
10.4684	773.8	754.421
10.4804	773.423	754.029
10.4923	773.046	753.636
10.5042	772.668	753.243
10.5162	772.289	752.85
10.5281	771.91	752.457
10.54	771.531	752.063
10.552	771.152	751.67
10.5639	770.772	751.276
10.5758	770.392	750.882
10.5878	770.011	750.488
10.5997	769.63	750.093
10.6117	769.249	749.699
10.6236	768.868	749.304
10.6355	768.486	748.909
10.6475	768.103	748.514
10.6594	767.721	748.118
10.6713	767.338	747.723
10.6833	766.955	747.327
10.6952	766.571	746.931
10.7071	766.187	746.535
10.7191	765.803	746.139
10.731	765.419	745.743
10.743	765.034	745.346
10.7549	764.649	744.95
10.7668	764.263	744.553
10.7788	763.878	744.156
10.7907	763.492	743.759
10.8026	763.105	743.362
10.8146	762.719	742.965
10.8265	762.332	742.567
10.8385	761.945	742.17
10.8504	761.557	741.772
10.8623	761.169	741.374
10.8743	760.781	740.976
10.8862	760.393	740.578
10.8981	760.005	740.18
10.9101	759.616	739.781
10.922	759.227	739.383
10.9339	758.837	738.984
10.9459	758.448	738.586
10.9578	758.058	738.187
10.9698	757.668	737.788
10.9817	757.278	737.389
10.9936	756.887	736.99
11.0056	756.496	736.59
11.0175	756.105	736.191
11.0294	755.714	735.792
11.0414	755.322	735.392
11.0533	754.931	734.993
11.0652	754.539	734.593
11.0772	754.147	734.193
11.0891	753.754	733.793
11.1011	753.362	733.393
11.113	752.969	732.993
11.1249	752.576	732.593
11.1369	752.182	732.193
11.1488	751.789	731.793
11.1607	751.395	731.393
11.1727	751.002	730.992
11.1846	750.607	730.592
11.1966	750.213	730.191
11.2085	749.819	729.791
11.2204	749.424	729.39
11.2324	749.029	728.989
11.2443	748.634	728.589
11.2562	748.239	728.188
11.2682	747.844	727.787
11.2801	747.449	727.386
11.292	747.053	726.985
11.304	746.657	726.584
11.3159	746.261	726.183
11.3279	745.865	725.782
11.3398	745.469	725.381
11.3517	745.072	724.979
11.3637	744.675	724.578
11.3756	744.279	724.177
11.3875	743.882	723.776
11.3995	743.485	723.374
11.4114	743.087	722.973
11.4233	742.69	722.572
11.4353	742.293	722.17
11.4472	741.895	721.769
11.4592	741.497	721.367
11.4711	741.099	720.966
11.483	740.701	720.564
11.495	740.303	720.163
11.5069	739.905	719.761
11.5188	739.506	719.36
11.5308	739.108	718.958
11.5427	738.709	718.556
11.5546	738.311	718.155
11.5666	737.912	717.753
11.5785	737.513	717.351
11.5905	737.114	716.95
11.6024	736.714	716.548
11.6143	736.315	716.146
11.6263	735.916	715.745
11.6382	735.516	715.343
11.6501	735.117	714.941
11.6621	734.717	714.54
11.674	734.317	714.138
11.686	733.918	713.736
11.6979	733.518	713.335
11.7098	733.118	712.933
11.7218	732.717	712.531
11.7337	732.317	712.13
11.7456	731.917	711.728
11.7576	731.517	711.327
11.7695	731.116	710.925
11.7814	730.716	710.523
11.7934	730.315	710.122
11.8053	729.915	709.72
11.8173	729.514	709.319
11.8292	729.113	708.917
11.8411	728.712	708.516
11.8531	728.312	708.114
11.865	727.911	707.713
11.8769	727.51	707.311
11.8889	727.109	706.91
11.9008	726.708	706.508
11.9127	726.306	706.107
11.9247	725.905	705.706
11.9366	725.504	705.304
11.9486	725.103	704.903
11.9605	724.701	704.502
11.9724	724.3	704.101
11.9844	723.899	703.699
11.9963	723.497	703.298
12.0082	723.096	702.897
12.0202	722.694	702.496
12.0321	722.293	702.095
12.0441	721.891	701.694
12.056	721.49	701.293
12.0679	721.088	700.892
12.0799	720.686	700.491
12.0918	720.285	700.09
12.1037	719.883	699.689
12.1157	719.481	699.289
12.1276	719.08	698.888
12.1395	718.678	698.487
12.1515	718.276	698.086
12.1634	717.874	697.686
12.1754	717.473	697.285
12.1873	717.071	696.885
12.1992	716.669	696.484
12.2112	716.267	696.084
12.2231	715.866	695.683
12.235	715.464	695.283
12.247	715.062	694.883
12.2589	714.66	694.483
12.2708	714.258	694.082
12.2828	713.856	693.682
12.2947	713.455	693.282
12.3067	713.053	692.882
12.3186	712.651	692.482
12.3305	712.249	692.082
12.3425	711.847	691.682
12.3544	711.446	691.283
12.3663	711.044	690.883
12.3783	710.642	690.483
12.3902	710.24	690.083
12.4021	709.839	689.684
12.4141	709.437	689.284
12.426	709.035	688.885
12.438	708.633	688.485
12.4499	708.232	688.086
12.4618	707.83	687.687
12.4738	707.429	687.287
12.4857	707.027	686.888
12.4976	706.625	686.489
12.5096	706.224	686.09
12.5215	705.822	685.691
12.5335	705.421	685.292
12.5454	705.019	684.893
12.5573	704.618	684.494
12.5693	704.216	684.096
12.5812	703.815	683.697
12.5931	703.414	683.298
12.6051	703.012	682.9
12.617	702.611	682.501
12.6289	702.21	682.103
12.6409	701.809	681.704
12.6528	701.407	681.306
12.6648	701.006	680.908
12.6767	700.605	680.51
12.6886	700.204	680.111
12.7006	699.803	679.713
12.7125	699.402	679.315
12.7244	699.001	678.917
12.7364	698.6	678.52
12.7483	698.199	678.122
12.7602	697.798	677.724
12.7722	697.398	677.326
12.7841	696.997	676.929
12.7961	696.596	676.531
12.808	696.195	676.134
12.8199	695.795	675.736
12.8319	695.394	675.339
12.8438	694.994	674.942
12.8557	694.593	674.544
12.8677	694.193	674.147
12.8796	693.793	673.75
12.8916	693.392	673.353
12.9035	692.992	672.956
12.9154	692.592	672.559
12.9274	692.192	672.163
12.9393	691.792	671.766
12.9512	691.392	671.369
12.9632	690.992	670.972
12.9751	690.592	670.576
12.987	690.192	670.179
12.999	689.792	669.783
13.0109	689.392	669.387
13.0229	688.992	668.99
13.0348	688.593	668.594
13.0467	688.193	668.198
13.0587	687.794	667.802
13.0706	687.394	667.406
13.0825	686.995	667.01
13.0945	686.595	666.614
13.1064	686.196	666.218
13.1183	685.797	665.823
13.1303	685.398	665.427
13.1422	684.999	665.031
13.1542	684.6	664.636
13.1661	684.201	664.24
13.178	683.802	663.845
13.19	683.403	663.449
13.2019	683.004	663.054
13.2138	682.605	662.659
13.2258	682.207	662.264
13.2377	681.808	661.869
13.2496	681.409	661.474
13.2616	681.011	661.079
13.2735	680.613	660.684
13.2855	680.214	660.289
13.2974	679.816	659.894
13.3093	679.418	659.499
13.3213	679.02	659.105
13.3332	678.621	658.71
13.3451	678.223	658.316
13.3571	677.825	657.921
13.369	677.428	657.527
13.381	677.03	657.132
13.3929	676.632	656.738
13.4048	676.234	656.344
13.4168	675.837	655.95
13.4287	675.439	655.556
13.4406	675.042	655.162
13.4526	674.644	654.768
13.4645	674.247	654.374
13.4764	673.85	653.98
13.4884	673.452	653.586
13.5003	673.055	653.193
13.5123	672.658	652.799
13.5242	672.261	652.405
13.5361	671.864	652.012
13.5481	671.467	651.618
13.56	671.07	651.225
13.5719	670.674	650.831
13.5839	670.277	650.438
13.5958	669.88	650.045
13.6077	669.484	649.652
13.6197	669.087	649.259
13.6316	668.691	648.865
13.6436	668.294	648.472
13.6555	667.898	648.079
13.6674	667.502	647.687
13.6794	667.106	647.294
13.6913	666.71	646.901
13.7032	666.314	646.508
13.7152	665.918	646.115
13.7271	665.522	645.723
13.7391	665.126	645.33
13.751	664.73	644.938
13.7629	664.335	644.545
13.7749	663.939	644.153
13.7868	663.544	643.76
13.7987	663.148	643.368
13.8107	662.753	642.976
13.8226	662.357	642.584
13.8345	661.962	642.192
13.8465	661.567	641.799
13.8584	661.172	641.407
13.8704	660.777	641.015
13.8823	660.382	640.623
13.8942	659.987	640.231
13.9062	659.592	639.84
13.9181	659.197	639.448
13.93	658.802	639.056
13.942	658.407	638.664
13.9539	658.013	638.273
13.9658	657.618	637.881
13.9778	657.224	637.489
13.9897	656.829	637.098
14.0017	656.435	636.706
14.0136	656.041	636.315
14.0255	655.646	635.924
14.0375	655.252	635.532
14.0494	654.858	635.141
14.0613	654.464	634.75
14.0733	654.07	634.359
14.0852	653.676	633.967
14.0971	653.282	633.576
14.1091	652.888	633.185
14.121	652.495	632.794
14.133	652.101	632.403
14.1449	651.707	632.012
14.1568	651.314	631.621
14.1688	650.92	631.23
14.1807	650.527	630.84
14.1926	650.133	630.449
14.2046	649.74	630.058
14.2165	649.347	629.667
14.2285	648.954	629.277
14.2404	648.56	628.886
14.2523	648.167	628.496
14.2643	647.774	628.105
14.2762	647.381	627.714
14.2881	646.988	627.324
14.3001	646.595	626.934
14.312	646.203	626.543
14.3239	645.81	626.153
14.3359	645.417	625.762
14.3478	645.024	625.372
14.3598	644.632	624.982
14.3717	644.239	624.592
14.3836	643.847	624.202
14.3956	643.454	623.811
14.4075	643.062	623.421
14.4194	642.67	623.031
14.4314	642.277	622.641
14.4433	641.885	622.251
14.4552	641.493	621.861
14.4672	641.101	621.471
14.4791	640.709	621.081
14.4911	640.317	620.691
14.503	639.925	620.301
14.5149	639.533	619.912
14.5269	639.141	619.522
14.5388	638.749	619.132
14.5507	638.357	618.742
14.5627	637.966	618.353
14.5746	637.574	617.963
14.5866	637.182	617.573
14.5985	636.791	617.184
14.6104	636.399	616.794
14.6224	636.008	616.404
14.6343	635.616	616.015
14.6462	635.225	615.625
14.6582	634.834	615.236
14.6701	634.442	614.846
14.682	634.051	614.457
14.694	633.66	614.068
14.7059	633.269	613.678
14.7179	632.878	613.289
14.7298	632.487	612.9
14.7417	632.096	612.51
14.7537	631.705	612.121
14.7656	631.314	611.732
14.7775	630.923	611.342
14.7895	630.532	610.953
14.8014	630.141	610.564
14.8133	629.75	610.175
14.8253	629.36	609.786
14.8372	628.969	609.397
14.8492	628.578	609.007
14.8611	628.188	608.618
14.873	627.797	608.229
14.885	627.407	607.84
14.8969	627.016	607.451
14.9088	626.626	607.062
14.9208	626.235	606.673
14.9327	625.845	606.284
14.9446	625.454	605.895
14.9566	625.064	605.506
14.9685	624.674	605.117
14.9805	624.284	604.728
14.9924	623.893	604.34
15.0043	623.503	603.951
15.0163	623.113	603.562
15.0282	622.723	603.173
15.0401	622.333	602.784
15.0521	621.943	602.395
15.064	621.553	602.007
15.076	621.163	601.618
15.0879	620.773	601.229
15.0998	620.383	600.84
15.1118	619.993	600.452
15.1237	619.603	600.063
15.1356	619.214	599.674
15.1476	618.824	599.286
15.1595	618.434	598.897
15.1714	618.044	598.508
15.1834	617.655	598.12
15.1953	617.265	597.731
15.2073	616.875	597.343
15.2192	616.486	596.954
15.2311	616.096	596.565
15.2431	615.707	596.177
15.255	615.317	595.788
15.2669	614.928	595.4
15.2789	614.538	595.011
15.2908	614.149	594.623
15.3027	613.759	594.234
15.3147	613.37	593.846
15.3266	612.981	593.457
15.3386	612.591	593.069
15.3505	612.202	592.68
15.3624	611.813	592.292
15.3744	611.423	591.903
15.3863	611.034	591.515
15.3982	610.645	591.127
15.4102	610.256	590.738
15.4221	609.867	590.35
15.4341	609.477	589.961
15.446	609.088	589.573
15.4579	608.699	589.185
15.4699	608.31	588.796
15.4818	607.921	588.408
15.4937	607.532	588.02
15.5057	607.143	587.631
15.5176	606.754	587.243
15.5295	606.365	586.855
15.5415	605.976	586.466
15.5534	605.587	586.078
15.5654	605.198	585.69
15.5773	604.809	585.301
15.5892	604.421	584.913
15.6012	604.032	584.525
15.6131	603.643	584.137
15.625	603.254	583.748
15.637	602.865	583.36
15.6489	602.477	582.972
15.6608	602.088	582.584
15.6728	601.699	582.195
15.6847	601.31	581.807
15.6967	600.922	581.419
15.7086	600.533	581.031
15.7205	600.144	580.643
15.7325	599.756	580.254
15.7444	599.367	579.866
15.7563	598.978	579.478
15.7683	598.59	579.09
15.7802	598.201	578.702
15.7921	597.812	578.314
15.8041	597.424	577.925
15.816	597.035	577.537
15.828	596.647	577.149
15.8399	596.258	576.761
15.8518	595.87	576.373
15.8638	595.481	575.985
15.8757	595.093	575.597
15.8876	594.704	575.209
15.8996	594.316	574.82
15.9115	593.927	574.432
15.9235	593.539	574.044
15.9354	593.15	573.656
15.9473	592.762	573.268
15.9593	592.374	572.88
15.9712	591.985	572.492
15.9831	591.597	572.104
15.9951	591.208	571.716
16.007	590.82	571.328
16.0189	590.432	570.94
16.0309	590.043	570.552
16.0428	589.655	570.164
16.0548	589.267	569.776
16.0667	588.878	569.388
16.0786	588.49	569
16.0906	588.102	568.612
16.1025	587.713	568.224
16.1144	587.325	567.836
16.1264	586.937	567.448
16.1383	586.549	567.06
16.1502	586.16	566.672
16.1622	585.772	566.284
16.1741	585.384	565.896
16.1861	584.996	565.508
16.198	584.608	565.12
16.2099	584.219	564.732
16.2219	583.831	564.344
16.2338	583.443	563.956
16.2457	583.055	563.568
16.2577	582.667	563.18
16.2696	582.278	562.792
16.2816	581.89	562.404
16.2935	581.502	562.016
16.3054	581.114	561.629
16.3174	580.726	561.241
16.3293	580.338	560.853
16.3412	579.95	560.465
16.3532	579.561	560.077
16.3651	579.173	559.689
16.377	578.785	559.301
16.389	578.397	558.914
16.4009	578.009	558.526
16.4129	577.621	558.138
16.4248	577.233	557.75
16.4367	576.845	557.362
16.4487	576.457	556.975
16.4606	576.069	556.587
16.4725	575.681	556.199
16.4845	575.293	555.811
16.4964	574.905	555.424
16.5083	574.517	555.036
16.5203	574.129	554.648
16.5322	573.741	554.26
16.5442	573.353	553.873
16.5561	572.965	553.485
16.568	572.577	553.097
16.58	572.189	552.71
16.5919	571.801	552.322
16.6038	571.413	551.934
16.6158	571.025	551.547
16.6277	570.637	551.159
16.6396	570.249	550.771
16.6516	569.861	550.384
16.6635	569.473	549.996
16.6755	569.085	549.609
16.6874	568.697	549.221
16.6993	568.309	548.833
16.7113	567.921	548.446
16.7232	567.533	548.058
16.7351	567.146	547.671
16.7471	566.758	547.283
16.759	566.37	546.896
16.771	565.982	546.508
16.7829	565.594	546.121
16.7948	565.206	545.733
16.8068	564.818	545.346
16.8187	564.43	544.959
16.8306	564.043	544.571
16.8426	563.655	544.184
16.8545	563.267	543.796
16.8664	562.879	543.409
16.8784	562.491	543.022
16.8903	562.104	542.634
16.9023	561.716	542.247
16.9142	561.328	541.86
16.9261	560.94	541.472
16.9381	560.552	541.085
16.95	560.165	540.698
16.9619	559.777	540.311
16.9739	559.389	539.924
16.9858	559.001	539.536
16.9977	558.614	539.149
17.0097	558.226	538.762
17.0216	557.838	538.375
17.0336	557.451	537.988
17.0455	557.063	537.601
17.0574	556.675	537.214
17.0694	556.288	536.827
17.0813	555.9	536.44
17.0932	555.512	536.053
17.1052	555.125	535.666
17.1171	554.737	535.279
17.1291	554.349	534.892
17.141	553.962	534.505
17.1529	553.574	534.118
17.1649	553.187	533.731
17.1768	552.799	533.345
17.1887	552.411	532.958
17.2007	552.024	532.571
17.2126	551.636	532.184
17.2245	551.249	531.798
17.2365	550.861	531.411
17.2484	550.474	531.024
17.2604	550.086	530.638
17.2723	549.699	530.251
17.2842	549.311	529.864
17.2962	548.924	529.478
17.3081	548.537	529.091
17.32	548.149	528.705
17.332	547.762	528.319
17.3439	547.374	527.932
17.3558	546.987	527.546
17.3678	546.6	527.159
17.3797	546.212	526.773
17.3917	545.825	526.387
17.4036	545.438	526
17.4155	545.05	525.614
17.4275	544.663	525.228
17.4394	544.276	524.842
17.4513	543.889	524.456
17.4633	543.501	524.07
17.4752	543.114	523.684
17.4871	542.727	523.298
17.4991	542.34	522.912
17.511	541.953	522.526
17.523	541.565	522.14
17.5349	541.178	521.754
17.5468	540.791	521.368
17.5588	540.404	520.982
17.5707	540.017	520.597
17.5826	539.63	520.211
17.5946	539.243	519.825
17.6065	538.856	519.44
17.6185	538.469	519.054
17.6304	538.082	518.669
17.6423	537.695	518.283
17.6543	537.308	517.898
17.6662	536.921	517.512
17.6781	536.534	517.127
17.6901	536.148	516.742
17.702	535.761	516.356
17.7139	535.374	515.971
17.7259	534.987	515.586
17.7378	534.6	515.201
17.7498	534.214	514.816
17.7617	533.827	514.431
17.7736	533.44	514.046
17.7856	533.054	513.661
17.7975	532.667	513.276
17.8094	532.28	512.891
17.8214	531.894	512.507
17.8333	531.507	512.122
17.8452	531.121	511.737
17.8572	530.734	511.353
17.8691	530.348	510.968
17.8811	529.961	510.584
17.893	529.575	510.199
17.9049	529.189	509.815
17.9169	528.802	509.43
17.9288	528.416	509.046
17.9407	528.03	508.662
17.9527	527.644	508.278
17.9646	527.257	507.894
17.9766	526.871	507.51
17.9885	526.485	507.126
18.0004	526.099	506.742
18.0124	525.713	506.358
18.0243	525.327	505.974
18.0362	524.941	505.59
18.0482	524.555	505.207
18.0601	524.169	504.823
18.072	523.783	504.44
18.084	523.397	504.056
18.0959	523.011	503.673
18.1079	522.626	503.29
18.1198	522.24	502.906
18.1317	521.854	502.523
18.1437	521.468	502.14
18.1556	521.083	501.757
18.1675	520.697	501.374
18.1795	520.312	500.991
18.1914	519.926	500.608
18.2033	519.541	500.226
18.2153	519.155	499.843
18.2272	518.77	499.46
18.2392	518.385	499.078
18.2511	517.999	498.695
18.263	517.614	498.313
18.275	517.229	497.931
18.2869	516.844	497.548
18.2988	516.459	497.166
18.3108	516.074	496.784
18.3227	515.689	496.402
18.3346	515.304	496.02
18.3466	514.919	495.639
18.3585	514.534	495.257
18.3705	514.149	494.875
18.3824	513.765	494.494
18.3943	513.38	494.112
18.4063	512.995	493.731
18.4182	512.611	493.349
18.4301	512.226	492.968
18.4421	511.842	492.587
18.454	511.457	492.206
18.466	511.073	491.825
18.4779	510.688	491.444
18.4898	510.304	491.064
18.5018	509.92	490.683
18.5137	509.536	490.302
18.5256	509.152	489.922
18.5376	508.768	489.541
18.5495	508.384	489.161
18.5614	508	488.781
18.5734	507.616	488.401
18.5853	507.232	488.021
18.5973	506.848	487.641
18.6092	506.465	487.261
18.6211	506.081	486.882
18.6331	505.698	486.502
18.645	505.314	486.123
18.6569	504.931	485.743
18.6689	504.547	485.364
18.6808	504.164	484.985
18.6927	503.781	484.606
18.7047	503.398	484.227
18.7166	503.015	483.848
18.7286	502.632	483.469
18.7405	502.249	483.091
18.7524	501.866	482.712
18.7644	501.483	482.334
18.7763	501.1	481.955
18.7882	500.718	481.577
18.8002	500.335	481.199
18.8121	499.953	480.821
18.8241	499.57	480.443
18.836	499.188	480.066
18.8479	498.806	479.688
18.8599	498.424	479.311
18.8718	498.041	478.933
18.8837	497.659	478.556
18.8957	497.278	478.179
18.9076	496.896	477.802
18.9195	496.514	477.425
18.9315	496.132	477.049
18.9434	495.751	476.672
18.9554	495.369	476.295
18.9673	494.988	475.919
18.9792	494.606	475.543
18.9912	494.225	475.167
19.0031	493.844	474.791
19.015	493.463	474.415
19.027	493.082	474.039
19.0389	492.701	473.664
19.0508	492.32	473.288
19.0628	491.939	472.913
19.0747	491.559	472.538
19.0867	491.178	472.163
19.0986	490.797	471.788
19.1105	490.417	471.413
19.1225	490.037	471.039
19.1344	489.657	470.664
19.1463	489.277	470.29
19.1583	488.897	469.916
19.1702	488.517	469.542
19.1821	488.137	469.168
19.1941	487.757	468.795
19.206	487.378	468.421
19.218	486.998	468.048
19.2299	486.619	467.674
19.2418	486.24	467.301
19.2538	485.86	466.928
19.2657	485.481	466.555
19.2776	485.102	466.183
19.2896	484.724	465.81
19.3015	484.345	465.438
19.3135	483.966	465.066
19.3254	483.588	464.694
19.3373	483.209	464.322
19.3493	482.831	463.95
19.3612	482.453	463.579
19.3731	482.075	463.207
19.3851	481.697	462.836
19.397	481.319	462.465
19.4089	480.941	462.094
19.4209	480.564	461.724
19.4328	480.186	461.353
19.4448	479.809	460.983
19.4567	479.431	460.613
19.4686	479.054	460.243
19.4806	478.677	459.873
19.4925	478.3	459.503
19.5044	477.924	459.134
19.5164	477.547	458.764
19.5283	477.171	458.395
19.5402	476.794	458.026
19.5522	476.418	457.658
19.5641	476.042	457.289
19.5761	475.666	456.921
19.588	475.29	456.553
19.5999	474.914	456.184
19.6119	474.539	455.817
19.6238	474.163	455.449
19.6357	473.788	455.082
19.6477	473.413	454.714
19.6596	473.038	454.347
19.6716	472.663	453.98
19.6835	472.288	453.614
19.6954	471.913	453.247
19.7074	471.539	452.881
19.7193	471.164	452.515
19.7312	470.79	452.149
19.7432	470.416	451.783
19.7551	470.042	451.418
19.767	469.668	451.052
19.779	469.295	450.687
19.7909	468.921	450.322
19.8029	468.548	449.958
19.8148	468.175	449.593
19.8267	467.802	449.229
19.8387	467.429	448.865
19.8506	467.056	448.501
19.8625	466.684	448.137
19.8745	466.311	447.774
19.8864	465.939	447.411
19.8983	465.567	447.048
19.9103	465.195	446.685
19.9222	464.823	446.322
19.9342	464.451	445.96
19.9461	464.08	445.598
19.958	463.709	445.236
19.97	463.338	444.874
19.9819	462.967	444.513
19.9938	462.596	444.152
20.0058	462.225	443.791
20.0177	461.855	443.43
20.0296	461.484	443.07
20.0416	461.114	442.709
20.0535	460.744	442.349
20.0655	460.375	441.989
20.0774	460.005	441.63
20.0893	459.636	441.27
20.1013	459.266	440.911
20.1132	458.897	440.552
20.1251	458.528	440.194
20.1371	458.16	439.835
20.149	457.791	439.477
20.161	457.423	439.119
20.1729	457.055	438.761
20.1848	456.687	438.404
20.1968	456.319	438.047
20.2087	455.951	437.69
20.2206	455.584	437.333
20.2326	455.216	436.977
20.2445	454.849	436.621
20.2564	454.483	436.265
20.2684	454.116	435.909
20.2803	453.749	435.553
20.2923	453.383	435.198
20.3042	453.017	434.843
20.3161	452.651	434.489
20.3281	452.286	434.134
20.34	451.92	433.78
20.3519	451.555	433.426
20.3639	451.19	433.073
20.3758	450.825	432.719
20.3877	450.46	432.366
20.3997	450.096	432.014
20.4116	449.731	431.661
20.4236	449.367	431.309
20.4355	449.004	430.957
20.4474	448.64	430.605
20.4594	448.277	430.254
20.4713	447.913	429.903
20.4832	447.55	429.552
20.4952	447.188	429.201
20.5071	446.825	428.851
20.5191	446.463	428.501
20.531	446.101	428.151
20.5429	445.739	427.802
20.5549	445.377	427.452
20.5668	445.016	427.104
20.5787	444.654	426.755
20.5907	444.293	426.407
20.6026	443.932	426.059
20.6145	443.572	425.711
20.6265	443.212	425.363
20.6384	442.852	425.016
20.6504	442.492	424.669
20.6623	442.132	424.323
20.6742	441.773	423.977
20.6862	441.413	423.631
20.6981	441.055	423.285
20.71	440.696	422.94
20.722	440.337	422.595
20.7339	439.979	422.25
20.7458	439.621	421.906
20.7578	439.264	421.562
20.7697	438.906	421.218
20.7817	438.549	420.874
20.7936	438.192	420.531
20.8055	437.835	420.188
20.8175	437.479	419.846
20.8294	437.122	419.504
20.8413	436.766	419.162
20.8533	436.411	418.82
20.8652	436.055	418.479
20.8771	435.7	418.138
20.8891	435.345	417.797
20.901	434.99	417.457
20.913	434.636	417.117
20.9249	434.282	416.777
20.9368	433.928	416.438
20.9488	433.574	416.099
20.9607	433.221	415.761
20.9726	432.868	415.422
20.9846	432.515	415.084
20.9965	432.162	414.747
21.0085	431.81	414.409
21.0204	431.458	414.072
21.0323	431.106	413.736
21.0443	430.754	413.399
21.0562	430.403	413.064
21.0681	430.052	412.728
21.0801	429.702	412.393
21.092	429.351	412.058
21.1039	429.001	411.723
21.1159	428.651	411.389
21.1278	428.302	411.055
21.1398	427.952	410.722
21.1517	427.603	410.389
21.1636	427.255	410.056
21.1756	426.906	409.723
21.1875	426.558	409.391
21.1994	426.21	409.06
21.2114	425.863	408.728
21.2233	425.516	408.397
21.2352	425.169	408.067
21.2472	424.822	407.736
21.2591	424.476	407.406
21.2711	424.13	407.077
21.283	423.784	406.748
21.2949	423.438	406.419
21.3069	423.093	406.09
21.3188	422.748	405.762
21.3307	422.404	405.435
21.3427	422.06	405.107
21.3546	421.716	404.78
21.3666	421.372	404.454
21.3785	421.029	404.128
21.3904	420.686	403.802
21.4024	420.343	403.477
21.4143	420.001	403.151
21.4262	419.659	402.827
21.4382	419.317	402.503
21.4501	418.976	402.179
21.462	418.634	401.855
21.474	418.294	401.532
21.4859	417.953	401.209
21.4979	417.613	400.887
21.5098	417.273	400.565
21.5217	416.934	400.244
21.5337	416.595	399.922
21.5456	416.256	399.602
21.5575	415.917	399.281
21.5695	415.579	398.961
21.5814	415.241	398.642
21.5933	414.904	398.323
21.6053	414.567	398.004
21.6172	414.23	397.686
21.6292	413.894	397.368
21.6411	413.557	397.05
21.653	413.222	396.733
21.665	412.886	396.416
21.6769	412.551	396.1
21.6888	412.216	395.784
21.7008	411.882	395.469
21.7127	411.548	395.154
21.7246	411.214	394.839
21.7366	410.881	394.525
21.7485	410.548	394.211
21.7605	410.215	393.898
21.7724	409.883	393.585
21.7843	409.551	393.272
21.7963	409.219	392.96
21.8082	408.888	392.648
21.8201	408.557	392.337
21.8321	408.227	392.026
21.844	407.897	391.716
21.856	407.567	391.406
21.8679	407.237	391.096
21.8798	406.908	390.787
21.8918	406.58	390.479
21.9037	406.251	390.17
21.9156	405.924	389.863
21.9276	405.596	389.555
21.9395	405.269	389.248
21.9514	404.942	388.942
21.9634	404.616	388.636
21.9753	404.289	388.33
21.9873	403.964	388.025
21.9992	403.638	387.72
22.0111	403.314	387.416
22.0231	402.989	387.112
22.035	402.665	386.809
22.0469	402.341	386.506
22.0589	402.018	386.203
22.0708	401.695	385.901
22.0827	401.372	385.6
22.0947	401.05	385.299
22.1066	400.728	384.998
22.1186	400.407	384.698
22.1305	400.086	384.398
22.1424	399.765	384.099
22.1544	399.445	383.8
22.1663	399.125	383.501
22.1782	398.805	383.204
22.1902	398.486	382.906
22.2021	398.168	382.609
22.2141	397.849	382.313
22.226	397.532	382.016
22.2379	397.214	381.721
22.2499	396.897	381.426
22.2618	396.581	381.131
22.2737	396.264	380.837
22.2857	395.949	380.543
22.2976	395.633	380.25
22.3095	395.318	379.957
22.3215	395.004	379.665
22.3334	394.69	379.373
22.3454	394.376	379.082
22.3573	394.063	378.791
22.3692	393.75	378.5
22.3812	393.437	378.211
22.3931	393.125	377.921
22.405	392.813	377.632
22.417	392.502	377.344
22.4289	392.192	377.056
22.4408	391.881	376.768
22.4528	391.571	376.481
22.4647	391.262	376.195
22.4767	390.953	375.909
22.4886	390.644	375.623
22.5005	390.336	375.338
22.5125	390.028	375.054
22.5244	389.721	374.77
22.5363	389.414	374.486
22.5483	389.108	374.203
22.5602	388.802	373.92
22.5721	388.496	373.638
22.5841	388.191	373.357
22.596	387.886	373.076
22.608	387.582	372.795
22.6199	387.278	372.515
22.6318	386.975	372.235
22.6438	386.672	371.956
22.6557	386.369	371.678
22.6676	386.067	371.4
22.6796	385.766	371.122
22.6915	385.465	370.845
22.7035	385.164	370.568
22.7154	384.864	370.292
22.7273	384.564	370.017
22.7393	384.265	369.742
22.7512	383.966	369.467
22.7631	383.668	369.193
22.7751	383.37	368.92
22.787	383.072	368.647
22.7989	382.775	368.374
22.8109	382.479	368.103
22.8228	382.183	367.831
22.8348	381.887	367.56
22.8467	381.592	367.29
22.8586	381.297	367.02
22.8706	381.003	366.751
22.8825	380.71	366.482
22.8944	380.416	366.213
22.9064	380.123	365.946
22.9183	379.831	365.678
22.9302	379.539	365.412
22.9422	379.248	365.145
22.9541	378.957	364.88
22.9661	378.667	364.614
22.978	378.377	364.35
22.9899	378.087	364.086
23.0019	377.798	363.822
23.0138	377.51	363.559
23.0257	377.222	363.297
23.0377	376.934	363.035
23.0496	376.647	362.773
23.0616	376.361	362.512
23.0735	376.075	362.252
23.0854	375.789	361.992
23.0974	375.504	361.733
23.1093	375.22	361.474
23.1212	374.936	361.215
23.1332	374.652	360.958
23.1451	374.369	360.701
23.157	374.086	360.444
23.169	373.804	360.188
23.1809	373.522	359.932
23.1929	373.241	359.677
23.2048	372.961	359.423
23.2167	372.681	359.169
23.2287	372.401	358.915
23.2406	372.122	358.663
23.2525	371.843	358.41
23.2645	371.565	358.158
23.2764	371.287	357.907
23.2883	371.01	357.656
23.3003	370.734	357.406
23.3122	370.458	357.157
23.3242	370.182	356.908
23.3361	369.907	356.659
23.348	369.632	356.411
23.36	369.358	356.164
23.3719	369.085	355.917
23.3838	368.812	355.671
23.3958	368.539	355.425
23.4077	368.267	355.18
23.4196	367.996	354.935
23.4316	367.725	354.691
23.4435	367.454	354.448
23.4555	367.184	354.205
23.4674	366.915	353.962
23.4793	366.646	353.72
23.4913	366.377	353.479
23.5032	366.109	353.238
23.5151	365.842	352.998
23.5271	365.575	352.758
23.539	365.309	352.519
23.551	365.043	352.281
23.5629	364.778	352.043
23.5748	364.513	351.805
23.5868	364.249	351.568
23.5987	363.985	351.332
23.6106	363.722	351.096
23.6226	363.459	350.861
23.6345	363.197	350.627
23.6464	362.936	350.392
23.6584	362.675	350.159
23.6703	362.414	349.926
23.6823	362.154	349.694
23.6942	361.895	349.462
23.7061	361.636	349.231
23.7181	361.377	349
23.73	361.12	348.77
23.7419	360.862	348.541
23.7539	360.605	348.312
23.7658	360.349	348.085
23.7777	360.094	347.859
23.7897	359.838	347.634
23.8016	359.584	347.413
23.8136	359.33	347.197
23.8255	359.077	346.988
23.8374	358.825	346.794
23.8494	358.574	346.626
23.8613	358.329	346.501
23.8732	358.209	346.452
