0	863.589	866.682
0.0119366	863.554	866.669
0.0238732	863.483	866.638
0.0358099	863.41	866.596
0.0477465	863.336	866.548
0.0596831	863.262	866.498
0.0716197	863.188	866.445
0.0835563	863.112	866.391
0.095493	863.037	866.337
0.10743	862.961	866.282
0.119366	862.884	866.226
0.131303	862.807	866.17
0.143239	862.73	866.114
0.155176	862.652	866.057
0.167113	862.574	866
0.179049	862.495	865.943
0.190986	862.416	865.885
0.202923	862.336	865.827
0.214859	862.256	865.768
0.226796	862.175	865.709
0.238732	862.094	865.65
0.250669	862.013	865.59
0.262606	861.931	865.53
0.274542	861.848	865.469
0.286479	861.765	865.408
0.298416	861.682	865.347
0.310352	861.598	865.285
0.322289	861.513	865.223
0.334225	861.429	865.161
0.346162	861.343	865.098
0.358099	861.257	865.035
0.370035	861.171	864.971
0.381972	861.084	864.907
0.393908	860.997	864.842
0.405845	860.909	864.777
0.417782	860.821	864.712
0.429718	860.732	864.646
0.441655	860.643	864.58
0.453592	860.553	864.514
0.465528	860.463	864.447
0.477465	860.372	864.379
0.489401	860.281	864.311
0.501338	860.189	864.243
0.513275	860.096	864.174
0.525211	860.004	864.105
0.537148	859.91	864.036
0.549085	859.817	863.966
0.561021	859.722	863.896
0.572958	859.627	863.825
0.584894	859.532	863.754
0.596831	859.436	863.682
0.608768	859.34	863.61
0.620704	859.243	863.537
0.632641	859.146	863.464
0.644578	859.048	863.391
0.656514	858.949	863.317
0.668451	858.85	863.243
0.680387	858.751	863.168
0.692324	858.651	863.093
0.704261	858.55	863.017
0.716197	858.449	862.941
0.728134	858.347	862.865
0.74007	858.245	862.788
0.752007	858.142	862.71
0.763944	858.039	862.632
0.77588	857.935	862.554
0.787817	857.831	862.475
0.799754	857.726	862.396
0.81169	857.621	862.316
0.823627	857.515	862.236
0.835563	857.408	862.155
0.8475	857.301	862.074
0.859437	857.194	861.993
0.871373	857.086	861.911
0.88331	856.977	861.828
0.895247	856.868	861.745
0.907183	856.758	861.662
0.91912	856.648	861.578
0.931056	856.537	861.493
0.942993	856.425	861.408
0.95493	856.313	861.323
0.966866	856.201	861.237
0.978803	856.088	861.151
0.99074	855.974	861.064
1.00268	855.86	860.976
1.01461	855.745	860.888
1.02655	855.63	860.8
1.03849	855.514	860.711
1.05042	855.397	860.622
1.06236	855.28	860.532
1.0743	855.162	860.442
1.08623	855.044	860.351
1.09817	854.925	860.26
1.11011	854.806	860.168
1.12204	854.686	860.075
1.13398	854.565	859.983
1.14592	854.444	859.889
1.15785	854.322	859.795
1.16979	854.2	859.701
1.18173	854.077	859.606
1.19366	853.954	859.511
1.2056	853.83	859.415
1.21754	853.705	859.318
1.22947	853.58	859.221
1.24141	853.454	859.124
1.25335	853.328	859.026
1.26528	853.201	858.927
1.27722	853.073	858.828
1.28916	852.945	858.729
1.30109	852.816	858.629
1.31303	852.687	858.528
1.32496	852.557	858.427
1.3369	852.426	858.325
1.34884	852.295	858.223
1.36077	852.163	858.12
1.37271	852.031	858.017
1.38465	851.898	857.913
1.39658	851.764	857.809
1.40852	851.63	857.704
1.42046	851.495	857.598
1.43239	851.359	857.492
1.44433	851.223	857.386
1.45627	851.087	857.279
1.4682	850.949	857.171
1.48014	850.812	857.063
1.49208	850.673	856.954
1.50401	850.534	856.845
1.51595	850.394	856.735
1.52789	850.254	856.625
1.53982	850.113	856.514
1.55176	849.971	856.402
1.5637	849.829	856.29
1.57563	849.686	856.178
1.58757	849.543	856.064
1.59951	849.399	855.951
1.61144	849.254	855.836
1.62338	849.109	855.721
1.63532	848.963	855.606
1.64725	848.816	855.49
1.65919	848.669	855.373
1.67113	848.521	855.256
1.68306	848.372	855.138
1.695	848.223	855.02
1.70694	848.074	854.901
1.71887	847.923	854.782
1.73081	847.772	854.662
1.74275	847.62	854.541
1.75468	847.468	854.42
1.76662	847.315	854.298
1.77856	847.162	854.176
1.79049	847.007	854.053
1.80243	846.853	853.929
1.81437	846.697	853.805
1.8263	846.541	853.68
1.83824	846.384	853.555
1.85018	846.227	853.429
1.86211	846.069	853.302
1.87405	845.91	853.175
1.88599	845.751	853.048
1.89792	845.591	852.919
1.90986	845.43	852.79
1.9218	845.269	852.661
1.93373	845.107	852.531
1.94567	844.944	852.4
1.95761	844.781	852.269
1.96954	844.617	852.137
1.98148	844.452	852.004
1.99342	844.287	851.871
2.00535	844.121	851.738
2.01729	843.955	851.603
2.02923	843.788	851.468
2.04116	843.62	851.333
2.0531	843.451	851.197
2.06504	843.282	851.06
2.07697	843.112	850.922
2.08891	842.942	850.784
2.10085	842.771	850.646
2.11278	842.599	850.507
2.12472	842.426	850.367
2.13666	842.253	850.226
2.14859	842.08	850.085
2.16053	841.905	849.943
2.17246	841.73	849.801
2.1844	841.554	849.658
2.19634	841.378	849.514
2.20827	841.201	849.37
2.22021	841.023	849.225
2.23215	840.845	849.08
2.24408	840.666	848.934
2.25602	840.486	848.787
2.26796	840.306	848.64
2.27989	840.124	848.492
2.29183	839.943	848.343
2.30377	839.76	848.194
2.3157	839.577	848.044
2.32764	839.393	847.893
2.33958	839.209	847.742
2.35151	839.024	847.59
2.36345	838.838	847.438
2.37539	838.652	847.285
2.38732	838.465	847.131
2.39926	838.277	846.977
2.4112	838.089	846.822
2.42313	837.899	846.666
2.43507	837.71	846.51
2.44701	837.519	846.353
2.45894	837.328	846.195
2.47088	837.136	846.037
2.48282	836.944	845.878
2.49475	836.751	845.719
2.50669	836.557	845.559
2.51863	836.362	845.398
2.53056	836.167	845.236
2.5425	835.971	845.074
2.55444	835.775	844.911
2.56637	835.578	844.748
2.57831	835.38	844.584
2.59025	835.181	844.419
2.60218	834.982	844.254
2.61412	834.782	844.088
2.62606	834.582	843.921
2.63799	834.381	843.754
2.64993	834.179	843.586
2.66187	833.976	843.417
2.6738	833.773	843.248
2.68574	833.569	843.078
2.69768	833.364	842.907
2.70961	833.159	842.736
2.72155	832.953	842.564
2.73349	832.746	842.391
2.74542	832.539	842.218
2.75736	832.331	842.044
2.7693	832.122	841.869
2.78123	831.913	841.694
2.79317	831.703	841.518
2.80511	831.492	841.342
2.81704	831.281	841.164
2.82898	831.069	840.986
2.84092	830.856	840.808
2.85285	830.643	840.628
2.86479	830.429	840.449
2.87673	830.214	840.268
2.88866	829.999	840.087
2.9006	829.783	839.905
2.91254	829.566	839.722
2.92447	829.348	839.539
2.93641	829.13	839.355
2.94835	828.911	839.17
2.96028	828.692	838.985
2.97222	828.472	838.799
2.98416	828.251	838.612
2.99609	828.03	838.425
3.00803	827.807	838.237
3.01997	827.585	838.048
3.0319	827.361	837.859
3.04384	827.137	837.669
3.05577	826.912	837.478
3.06771	826.686	837.287
3.07965	826.46	837.095
3.09158	826.233	836.902
3.10352	826.006	836.709
3.11546	825.778	836.515
3.12739	825.549	836.32
3.13933	825.319	836.125
3.15127	825.089	835.929
3.1632	824.858	835.732
3.17514	824.627	835.534
3.18708	824.394	835.336
3.19901	824.161	835.138
3.21095	823.928	834.938
3.22289	823.694	834.738
3.23482	823.459	834.537
3.24676	823.223	834.336
3.2587	822.987	834.134
3.27063	822.75	833.931
3.28257	822.512	833.727
3.29451	822.274	833.523
3.30644	822.035	833.318
3.31838	821.796	833.113
3.33032	821.556	832.906
3.34225	821.315	832.699
3.35419	821.073	832.492
3.36613	820.831	832.284
3.37806	820.588	832.075
3.39	820.344	831.865
3.40194	820.1	831.655
3.41387	819.855	831.444
3.42581	819.61	831.232
3.43775	819.364	831.02
3.44968	819.117	830.807
3.46162	818.869	830.593
3.47356	818.621	830.379
3.48549	818.373	830.164
3.49743	818.123	829.948
3.50937	817.873	829.731
3.5213	817.622	829.514
3.53324	817.371	829.297
3.54518	817.119	829.078
3.55711	816.866	828.859
3.56905	816.613	828.639
3.58099	816.359	828.419
3.59292	816.104	828.198
3.60486	815.849	827.976
3.6168	815.593	827.753
3.62873	815.336	827.53
3.64067	815.079	827.306
3.65261	814.821	827.082
3.66454	814.563	826.857
3.67648	814.303	826.631
3.68842	814.044	826.404
3.70035	813.783	826.177
3.71229	813.522	825.949
3.72423	813.26	825.721
3.73616	812.998	825.491
3.7481	812.735	825.262
3.76004	812.471	825.031
3.77197	812.207	824.8
3.78391	811.942	824.568
3.79585	811.677	824.335
3.80778	811.41	824.102
3.81972	811.144	823.868
3.83166	810.876	823.634
3.84359	810.608	823.398
3.85553	810.339	823.162
3.86747	810.07	822.926
3.8794	809.8	822.688
3.89134	809.529	822.451
3.90327	809.258	822.212
3.91521	808.986	821.973
3.92715	808.714	821.733
3.93908	808.441	821.492
3.95102	808.167	821.251
3.96296	807.893	821.009
3.97489	807.618	820.766
3.98683	807.342	820.523
3.99877	807.066	820.279
4.0107	806.789	820.035
4.02264	806.512	819.789
4.03458	806.234	819.543
4.04651	805.955	819.297
4.05845	805.676	819.05
4.07039	805.396	818.802
4.08232	805.116	818.553
4.09426	804.835	818.304
4.1062	804.553	818.054
4.11813	804.271	817.804
4.13007	803.988	817.553
4.14201	803.704	817.301
4.15394	803.42	817.048
4.16588	803.136	816.795
4.17782	802.85	816.541
4.18975	802.564	816.287
4.20169	802.278	816.032
4.21363	801.991	815.776
4.22556	801.703	815.52
4.2375	801.415	815.263
4.24944	801.126	815.005
4.26137	800.837	814.747
4.27331	800.547	814.488
4.28525	800.256	814.228
4.29718	799.965	813.968
4.30912	799.673	813.707
4.32106	799.381	813.446
4.33299	799.088	813.183
4.34493	798.794	812.921
4.35687	798.5	812.657
4.3688	798.206	812.393
4.38074	797.91	812.128
4.39268	797.615	811.863
4.40461	797.318	811.597
4.41655	797.021	811.33
4.42849	796.724	811.063
4.44042	796.425	810.795
4.45236	796.127	810.527
4.4643	795.828	810.257
4.47623	795.528	809.988
4.48817	795.227	809.717
4.50011	794.926	809.446
4.51204	794.625	809.174
4.52398	794.323	808.902
4.53592	794.02	808.629
4.54785	793.717	808.356
4.55979	793.413	808.081
4.57173	793.109	807.807
4.58366	792.804	807.531
4.5956	792.499	807.255
4.60754	792.193	806.979
4.61947	791.887	806.701
4.63141	791.58	806.423
4.64335	791.272	806.145
4.65528	790.964	805.866
4.66722	790.655	805.586
4.67916	790.346	805.306
4.69109	790.036	805.025
4.70303	789.726	804.743
4.71497	789.415	804.461
4.7269	789.104	804.178
4.73884	788.792	803.895
4.75078	788.48	803.611
4.76271	788.167	803.326
4.77465	787.853	803.041
4.78658	787.539	802.755
4.79852	787.225	802.469
4.81046	786.91	802.182
4.82239	786.594	801.894
4.83433	786.278	801.606
4.84627	785.962	801.317
4.8582	785.645	801.028
4.87014	785.327	800.738
4.88208	785.009	800.448
4.89401	784.691	800.156
4.90595	784.371	799.865
4.91789	784.052	799.572
4.92982	783.732	799.28
4.94176	783.411	798.986
4.9537	783.09	798.692
4.96563	782.768	798.397
4.97757	782.446	798.102
4.98951	782.124	797.806
5.00144	781.8	797.51
5.01338	781.477	797.213
5.02532	781.153	796.916
5.03725	780.828	796.618
5.04919	780.503	796.319
5.06113	780.177	796.02
5.07306	779.851	795.72
5.085	779.525	795.42
5.09694	779.198	795.119
5.10887	778.87	794.817
5.12081	778.542	794.515
5.13275	778.214	794.212
5.14468	777.885	793.909
5.15662	777.556	793.606
5.16856	777.226	793.301
5.18049	776.896	792.996
5.19243	776.565	792.691
5.20437	776.233	792.385
5.2163	775.902	792.079
5.22824	775.57	791.772
5.24018	775.237	791.464
5.25211	774.904	791.156
5.26405	774.57	790.847
5.27599	774.236	790.538
5.28792	773.902	790.228
5.29986	773.567	789.918
5.3118	773.232	789.607
5.32373	772.896	789.296
5.33567	772.559	788.984
5.34761	772.223	788.672
5.35954	771.886	788.359
5.37148	771.548	788.045
5.38342	771.21	787.731
5.39535	770.872	787.417
5.40729	770.533	787.101
5.41923	770.193	786.786
5.43116	769.854	786.47
5.4431	769.514	786.153
5.45504	769.173	785.836
5.46697	768.832	785.518
5.47891	768.49	785.2
5.49085	768.149	784.882
5.50278	767.806	784.562
5.51472	767.464	784.243
5.52666	767.12	783.922
5.53859	766.777	783.602
5.55053	766.433	783.28
5.56247	766.089	782.959
5.5744	765.744	782.637
5.58634	765.399	782.314
5.59828	765.053	781.991
5.61021	764.707	781.667
5.62215	764.361	781.343
5.63408	764.014	781.018
5.64602	763.667	780.693
5.65796	763.319	780.367
5.66989	762.971	780.041
5.68183	762.623	779.714
5.69377	762.274	779.387
5.7057	761.925	779.06
5.71764	761.575	778.731
5.72958	761.226	778.403
5.74151	760.875	778.074
5.75345	760.525	777.744
5.76539	760.174	777.414
5.77732	759.822	777.084
5.78926	759.47	776.753
5.8012	759.118	776.421
5.81313	758.766	776.09
5.82507	758.413	775.757
5.83701	758.059	775.425
5.84894	757.706	775.091
5.86088	757.352	774.758
5.87282	756.997	774.423
5.88475	756.643	774.089
5.89669	756.288	773.754
5.90863	755.932	773.418
5.92056	755.576	773.082
5.9325	755.22	772.746
5.94444	754.864	772.409
5.95637	754.507	772.072
5.96831	754.15	771.734
5.98025	753.792	771.396
5.99218	753.434	771.057
6.00412	753.076	770.718
6.01606	752.717	770.378
6.02799	752.359	770.038
6.03993	751.999	769.698
6.05187	751.64	769.357
6.0638	751.28	769.016
6.07574	750.92	768.674
6.08768	750.559	768.332
6.09961	750.198	767.99
6.11155	749.837	767.647
6.12349	749.475	767.304
6.13542	749.114	766.96
6.14736	748.751	766.616
6.1593	748.389	766.271
6.17123	748.026	765.926
6.18317	747.663	765.581
6.19511	747.3	765.235
6.20704	746.936	764.889
6.21898	746.572	764.542
6.23092	746.207	764.195
6.24285	745.843	763.848
6.25479	745.478	763.5
6.26673	745.113	763.152
6.27866	744.747	762.803
6.2906	744.381	762.454
6.30254	744.015	762.105
6.31447	743.648	761.755
6.32641	743.282	761.405
6.33835	742.915	761.054
6.35028	742.547	760.704
6.36222	742.18	760.352
6.37416	741.812	760.001
6.38609	741.444	759.648
6.39803	741.075	759.296
6.40997	740.707	758.943
6.4219	740.338	758.59
6.43384	739.968	758.237
6.44578	739.599	757.883
6.45771	739.229	757.528
6.46965	738.859	757.174
6.48159	738.488	756.819
6.49352	738.118	756.463
6.50546	737.747	756.108
6.51739	737.376	755.752
6.52933	737.004	755.395
6.54127	736.633	755.038
6.5532	736.261	754.681
6.56514	735.889	754.324
6.57708	735.516	753.966
6.58901	735.143	753.608
6.60095	734.771	753.249
6.61289	734.397	752.891
6.62482	734.024	752.531
6.63676	733.65	752.172
6.6487	733.276	751.812
6.66063	732.902	751.452
6.67257	732.528	751.091
6.68451	732.153	750.73
6.69644	731.778	750.369
6.70838	731.403	750.008
6.72032	731.028	749.646
6.73225	730.652	749.284
6.74419	730.276	748.921
6.75613	729.9	748.559
6.76806	729.524	748.195
6.78	729.148	747.832
6.79194	728.771	747.468
6.80387	728.394	747.104
6.81581	728.017	746.74
6.82775	727.639	746.375
6.83968	727.262	746.01
6.85162	726.884	745.645
6.86356	726.506	745.279
6.87549	726.128	744.914
6.88743	725.749	744.547
6.89937	725.371	744.181
6.9113	724.992	743.814
6.92324	724.613	743.447
6.93518	724.233	743.08
6.94711	723.854	742.712
6.95905	723.474	742.344
6.97099	723.094	741.976
6.98292	722.714	741.608
6.99486	722.334	741.239
7.0068	721.954	740.87
7.01873	721.573	740.5
7.03067	721.192	740.131
7.04261	720.811	739.761
7.05454	720.43	739.391
7.06648	720.049	739.02
7.07842	719.667	738.65
7.09035	719.285	738.279
7.10229	718.903	737.908
7.11423	718.521	737.536
7.12616	718.139	737.164
7.1381	717.757	736.792
7.15004	717.374	736.42
7.16197	716.991	736.048
7.17391	716.608	735.675
7.18585	716.225	735.302
7.19778	715.842	734.929
7.20972	715.458	734.555
7.22166	715.075	734.181
7.23359	714.691	733.807
7.24553	714.307	733.433
7.25747	713.923	733.058
7.2694	713.538	732.684
7.28134	713.154	732.309
7.29328	712.769	731.934
7.30521	712.384	731.558
7.31715	712	731.182
7.32909	711.615	730.806
7.34102	711.229	730.43
7.35296	710.844	730.054
7.36489	710.458	729.677
7.37683	710.073	729.301
7.38877	709.687	728.923
7.4007	709.301	728.546
7.41264	708.915	728.169
7.42458	708.529	727.791
7.43651	708.142	727.413
7.44845	707.756	727.035
7.46039	707.369	726.657
7.47232	706.982	726.278
7.48426	706.595	725.899
7.4962	706.208	725.52
7.50813	705.821	725.141
7.52007	705.434	724.762
7.53201	705.046	724.382
7.54394	704.659	724.002
7.55588	704.271	723.622
7.56782	703.883	723.242
7.57975	703.496	722.862
7.59169	703.107	722.481
7.60363	702.719	722.1
7.61556	702.331	721.719
7.6275	701.943	721.338
7.63944	701.554	720.957
7.65137	701.165	720.575
7.66331	700.777	720.194
7.67525	700.388	719.812
7.68718	699.999	719.43
7.69912	699.61	719.047
7.71106	699.221	718.665
7.72299	698.831	718.282
7.73493	698.442	717.899
7.74687	698.052	717.516
7.7588	697.663	717.133
7.77074	697.273	716.75
7.78268	696.883	716.366
7.79461	696.493	715.983
7.80655	696.103	715.599
7.81849	695.713	715.215
7.83042	695.323	714.831
7.84236	694.933	714.446
7.8543	694.542	714.062
7.86623	694.152	713.677
7.87817	693.761	713.293
7.89011	693.371	712.908
7.90204	692.98	712.523
7.91398	692.589	712.137
7.92592	692.198	711.752
7.93785	691.807	711.366
7.94979	691.416	710.981
7.96173	691.025	710.595
7.97366	690.634	710.209
7.9856	690.242	709.823
7.99754	689.851	709.436
8.00947	689.459	709.05
8.02141	689.068	708.663
8.03335	688.676	708.277
8.04528	688.285	707.89
8.05722	687.893	707.503
8.06916	687.501	707.116
8.08109	687.109	706.728
8.09303	686.717	706.341
8.10497	686.325	705.954
8.1169	685.933	705.566
8.12884	685.541	705.178
8.14078	685.148	704.79
8.15271	684.756	704.402
8.16465	684.364	704.014
8.17659	683.971	703.626
8.18852	683.579	703.237
8.20046	683.186	702.849
8.2124	682.793	702.46
8.22433	682.401	702.072
8.23627	682.008	701.683
8.2482	681.615	701.294
8.26014	681.222	700.905
8.27208	680.829	700.516
8.28401	680.436	700.126
8.29595	680.043	699.737
8.30789	679.65	699.347
8.31982	679.257	698.958
8.33176	678.864	698.568
8.3437	678.471	698.178
8.35563	678.077	697.788
8.36757	677.684	697.398
8.37951	677.291	697.008
8.39144	676.897	696.618
8.40338	676.504	696.228
8.41532	676.11	695.837
8.42725	675.717	695.447
8.43919	675.323	695.056
8.45113	674.929	694.665
8.46306	674.536	694.275
8.475	674.142	693.884
8.48694	673.748	693.493
8.49887	673.354	693.102
8.51081	672.961	692.71
8.52275	672.567	692.319
8.53468	672.173	691.928
8.54662	671.779	691.537
8.55856	671.385	691.145
8.57049	670.991	690.754
8.58243	670.597	690.362
8.59437	670.203	689.97
8.6063	669.809	689.578
8.61824	669.415	689.187
8.63018	669.021	688.795
8.64211	668.626	688.403
8.65405	668.232	688.01
8.66599	667.838	687.618
8.67792	667.444	687.226
8.68986	667.049	686.834
8.7018	666.655	686.441
8.71373	666.261	686.049
8.72567	665.867	685.657
8.73761	665.472	685.264
8.74954	665.078	684.871
8.76148	664.683	684.479
8.77342	664.289	684.086
8.78535	663.895	683.693
8.79729	663.5	683.3
8.80923	663.106	682.907
8.82116	662.711	682.514
8.8331	662.317	682.121
8.84504	661.922	681.728
8.85697	661.528	681.335
8.86891	661.133	680.942
8.88085	660.739	680.549
8.89278	660.344	680.155
8.90472	659.949	679.762
8.91666	659.555	679.368
8.92859	659.16	678.975
8.94053	658.766	678.581
8.95247	658.371	678.188
8.9644	657.977	677.794
8.97634	657.582	677.401
8.98828	657.187	677.007
9.00021	656.793	676.613
9.01215	656.398	676.219
9.02409	656.003	675.826
9.03602	655.609	675.432
9.04796	655.214	675.038
9.0599	654.819	674.644
9.07183	654.425	674.25
9.08377	654.03	673.856
9.0957	653.636	673.462
9.10764	653.241	673.068
9.11958	652.846	672.674
9.13151	652.452	672.28
9.14345	652.057	671.885
9.15539	651.662	671.491
9.16732	651.268	671.097
9.17926	650.873	670.703
9.1912	650.478	670.308
9.20313	650.084	669.914
9.21507	649.689	669.52
9.22701	649.295	669.125
9.23894	648.9	668.731
9.25088	648.505	668.336
9.26282	648.111	667.942
9.27475	647.716	667.548
9.28669	647.322	667.153
9.29863	646.927	666.758
9.31056	646.532	666.364
9.3225	646.138	665.969
9.33444	645.743	665.575
9.34637	645.349	665.18
9.35831	644.954	664.786
9.37025	644.56	664.391
9.38218	644.165	663.996
9.39412	643.771	663.602
9.40606	643.376	663.207
9.41799	642.982	662.812
9.42993	642.588	662.417
9.44187	642.193	662.023
9.4538	641.799	661.628
9.46574	641.404	661.233
9.47768	641.01	660.838
9.48961	640.616	660.444
9.50155	640.221	660.049
9.51349	639.827	659.654
9.52542	639.433	659.259
9.53736	639.038	658.865
9.5493	638.644	658.47
9.56123	638.25	658.075
9.57317	637.856	657.68
9.58511	637.461	657.285
9.59704	637.067	656.89
9.60898	636.673	656.496
9.62092	636.279	656.101
9.63285	635.885	655.706
9.64479	635.491	655.311
9.65673	635.097	654.916
9.66866	634.703	654.521
9.6806	634.309	654.127
9.69254	633.915	653.732
9.70447	633.521	653.337
9.71641	633.127	652.942
9.72835	632.733	652.547
9.74028	632.339	652.152
9.75222	631.945	651.758
9.76416	631.551	651.363
9.77609	631.157	650.968
9.78803	630.764	650.573
9.79997	630.37	650.178
9.8119	629.976	649.783
9.82384	629.582	649.389
9.83578	629.189	648.994
9.84771	628.795	648.599
9.85965	628.401	648.204
9.87159	628.008	647.81
9.88352	627.614	647.415
9.89546	627.221	647.02
9.9074	626.827	646.625
9.91933	626.434	646.231
9.93127	626.04	645.836
9.94321	625.647	645.441
9.95514	625.254	645.047
9.96708	624.86	644.652
9.97901	624.467	644.257
9.99095	624.074	643.863
10.0029	623.68	643.468
10.0148	623.287	643.073
10.0268	622.894	642.679
10.0387	622.501	642.284
10.0506	622.108	641.89
10.0626	621.715	641.495
10.0745	621.322	641.101
10.0864	620.929	640.706
10.0984	620.536	640.312
10.1103	620.143	639.917
10.1223	619.75	639.523
10.1342	619.357	639.128
10.1461	618.964	638.734
10.1581	618.571	638.339
10.17	618.179	637.945
10.1819	617.786	637.551
10.1939	617.393	637.156
10.2058	617.001	636.762
10.2177	616.608	636.368
10.2297	616.215	635.974
10.2416	615.823	635.579
10.2536	615.43	635.185
10.2655	615.038	634.791
10.2774	614.646	634.397
10.2894	614.253	634.003
10.3013	613.861	633.609
10.3132	613.469	633.215
10.3252	613.076	632.821
10.3371	612.684	632.426
10.3491	612.292	632.032
10.361	611.9	631.639
10.3729	611.508	631.245
10.3849	611.116	630.851
10.3968	610.724	630.457
10.4087	610.332	630.063
10.4207	609.94	629.669
10.4326	609.548	629.275
10.4445	609.156	628.882
10.4565	608.764	628.488
10.4684	608.373	628.094
10.4804	607.981	627.7
10.4923	607.589	627.307
10.5042	607.198	626.913
10.5162	606.806	626.52
10.5281	606.415	626.126
10.54	606.023	625.733
10.552	605.632	625.339
10.5639	605.24	624.946
10.5758	604.849	624.552
10.5878	604.458	624.159
10.5997	604.066	623.765
10.6117	603.675	623.372
10.6236	603.284	622.979
10.6355	602.893	622.586
10.6475	602.502	622.192
10.6594	602.111	621.799
10.6713	601.72	621.406
10.6833	601.329	621.013
10.6952	600.938	620.62
10.7071	600.547	620.227
10.7191	600.157	619.834
10.731	599.766	619.441
10.743	599.375	619.048
10.7549	598.984	618.655
10.7668	598.594	618.262
10.7788	598.203	617.87
10.7907	597.813	617.477
10.8026	597.422	617.084
10.8146	597.032	616.691
10.8265	596.642	616.299
10.8385	596.251	615.906
10.8504	595.861	615.514
10.8623	595.471	615.121
10.8743	595.081	614.729
10.8862	594.691	614.336
10.8981	594.301	613.944
10.9101	593.911	613.551
10.922	593.521	613.159
10.9339	593.131	612.767
10.9459	592.741	612.374
10.9578	592.351	611.982
10.9698	591.962	611.59
10.9817	591.572	611.198
10.9936	591.182	610.806
11.0056	590.793	610.414
11.0175	590.403	610.022
11.0294	590.014	609.63
11.0414	589.624	609.238
11.0533	589.235	608.846
11.0652	588.846	608.454
11.0772	588.456	608.063
11.0891	588.067	607.671
11.1011	587.678	607.279
11.113	587.289	606.888
11.1249	586.9	606.496
11.1369	586.511	606.105
11.1488	586.122	605.713
11.1607	585.733	605.322
11.1727	585.344	604.93
11.1846	584.955	604.539
11.1966	584.567	604.148
11.2085	584.178	603.756
11.2204	583.789	603.365
11.2324	583.401	602.974
11.2443	583.012	602.583
11.2562	582.624	602.192
11.2682	582.235	601.801
11.2801	581.847	601.41
11.292	581.459	601.019
11.304	581.071	600.628
11.3159	580.682	600.237
11.3279	580.294	599.846
11.3398	579.906	599.456
11.3517	579.518	599.065
11.3637	579.13	598.674
11.3756	578.742	598.284
11.3875	578.355	597.893
11.3995	577.967	597.503
11.4114	577.579	597.112
11.4233	577.191	596.722
11.4353	576.804	596.332
11.4472	576.416	595.941
11.4592	576.029	595.551
11.4711	575.641	595.161
11.483	575.254	594.771
11.495	574.867	594.381
11.5069	574.479	593.991
11.5188	574.092	593.601
11.5308	573.705	593.211
11.5427	573.318	592.821
11.5546	572.931	592.431
11.5666	572.544	592.041
11.5785	572.157	591.651
11.5905	571.77	591.262
11.6024	571.383	590.872
11.6143	570.996	590.483
11.6263	570.61	590.093
11.6382	570.223	589.704
11.6501	569.836	589.314
11.6621	569.45	588.925
11.674	569.063	588.535
11.686	568.677	588.146
11.6979	568.291	587.757
11.7098	567.904	587.368
11.7218	567.518	586.979
11.7337	567.132	586.59
11.7456	566.746	586.201
11.7576	566.36	585.812
11.7695	565.974	585.423
11.7814	565.588	585.034
11.7934	565.202	584.645
11.8053	564.816	584.257
11.8173	564.43	583.868
11.8292	564.044	583.479
11.8411	563.659	583.091
11.8531	563.273	582.702
11.865	562.887	582.314
11.8769	562.502	581.925
11.8889	562.117	581.537
11.9008	561.731	581.149
11.9127	561.346	580.761
11.9247	560.96	580.372
11.9366	560.575	579.984
11.9486	560.19	579.596
11.9605	559.805	579.208
11.9724	559.42	578.82
11.9844	559.035	578.432
11.9963	558.65	578.044
12.0082	558.265	577.657
12.0202	557.88	577.269
12.0321	557.495	576.881
12.0441	557.111	576.494
12.056	556.726	576.106
12.0679	556.341	575.719
12.0799	555.957	575.331
12.0918	555.572	574.944
12.1037	555.188	574.556
12.1157	554.803	574.169
12.1276	554.419	573.782
12.1395	554.035	573.395
12.1515	553.65	573.008
12.1634	553.266	572.62
12.1754	552.882	572.233
12.1873	552.498	571.847
12.1992	552.114	571.46
12.2112	551.73	571.073
12.2231	551.346	570.686
12.235	550.962	570.299
12.247	550.578	569.913
12.2589	550.195	569.526
12.2708	549.811	569.139
12.2828	549.427	568.753
12.2947	549.044	568.366
12.3067	548.66	567.98
12.3186	548.277	567.594
12.3305	547.893	567.207
12.3425	547.51	566.821
12.3544	547.126	566.435
12.3663	546.743	566.049
12.3783	546.36	565.663
12.3902	545.977	565.277
12.4021	545.593	564.891
12.4141	545.21	564.505
12.426	544.827	564.119
12.438	544.444	563.733
12.4499	544.061	563.348
12.4618	543.678	562.962
12.4738	543.295	562.576
12.4857	542.913	562.191
12.4976	542.53	561.805
12.5096	542.147	561.42
12.5215	541.764	561.035
12.5335	541.382	560.649
12.5454	540.999	560.264
12.5573	540.616	559.879
12.5693	540.234	559.494
12.5812	539.852	559.108
12.5931	539.469	558.723
12.6051	539.087	558.338
12.617	538.704	557.953
12.6289	538.322	557.569
12.6409	537.94	557.184
12.6528	537.558	556.799
12.6648	537.175	556.414
12.6767	536.793	556.03
12.6886	536.411	555.645
12.7006	536.029	555.26
12.7125	535.647	554.876
12.7244	535.265	554.491
12.7364	534.883	554.107
12.7483	534.501	553.723
12.7602	534.119	553.338
12.7722	533.737	552.954
12.7841	533.356	552.57
12.7961	532.974	552.186
12.808	532.592	551.802
12.8199	532.21	551.418
12.8319	531.829	551.034
12.8438	531.447	550.65
12.8557	531.065	550.266
12.8677	530.684	549.882
12.8796	530.302	549.498
12.8916	529.921	549.114
12.9035	529.539	548.731
12.9154	529.158	548.347
12.9274	528.776	547.963
12.9393	528.395	547.58
12.9512	528.014	547.196
12.9632	527.632	546.813
12.9751	527.251	546.43
12.987	526.87	546.046
12.999	526.488	545.663
13.0109	526.107	545.28
13.0229	525.726	544.897
13.0348	525.344	544.513
13.0467	524.963	544.13
13.0587	524.582	543.747
13.0706	524.201	543.364
13.0825	523.82	542.981
13.0945	523.439	542.598
13.1064	523.057	542.215
13.1183	522.676	541.833
13.1303	522.295	541.45
13.1422	521.914	541.067
13.1542	521.533	540.684
13.1661	521.152	540.302
13.178	520.771	539.919
13.19	520.39	539.537
13.2019	520.009	539.154
13.2138	519.628	538.772
13.2258	519.247	538.389
13.2377	518.866	538.007
13.2496	518.485	537.624
13.2616	518.104	537.242
13.2735	517.723	536.86
13.2855	517.342	536.478
13.2974	516.961	536.095
13.3093	516.58	535.713
13.3213	516.199	535.331
13.3332	515.818	534.949
13.3451	515.437	534.567
13.3571	515.056	534.185
13.369	514.675	533.803
13.381	514.294	533.421
13.3929	513.913	533.039
13.4048	513.532	532.657
13.4168	513.151	532.275
13.4287	512.77	531.893
13.4406	512.389	531.512
13.4526	512.008	531.13
13.4645	511.627	530.748
13.4764	511.246	530.366
13.4884	510.865	529.985
13.5003	510.483	529.603
13.5123	510.102	529.222
13.5242	509.721	528.84
13.5361	509.34	528.458
13.5481	508.959	528.077
13.56	508.577	527.695
13.5719	508.196	527.314
13.5839	507.815	526.933
13.5958	507.434	526.551
13.6077	507.052	526.17
13.6197	506.671	525.788
13.6316	506.29	525.407
13.6436	505.908	525.026
13.6555	505.527	524.644
13.6674	505.145	524.263
13.6794	504.764	523.882
13.6913	504.382	523.5
13.7032	504.001	523.119
13.7152	503.619	522.738
13.7271	503.237	522.357
13.7391	502.856	521.976
13.751	502.474	521.594
13.7629	502.092	521.213
13.7749	501.71	520.832
13.7868	501.328	520.451
13.7987	500.946	520.07
13.8107	500.564	519.689
13.8226	500.182	519.308
13.8345	499.8	518.926
13.8465	499.418	518.545
13.8584	499.036	518.164
13.8704	498.654	517.783
13.8823	498.271	517.402
13.8942	497.889	517.021
13.9062	497.507	516.64
13.9181	497.124	516.259
13.93	496.742	515.878
13.942	496.359	515.497
13.9539	495.976	515.116
13.9658	495.594	514.735
13.9778	495.211	514.353
13.9897	494.828	513.972
14.0017	494.445	513.591
14.0136	494.062	513.21
14.0255	493.679	512.829
14.0375	493.296	512.448
14.0494	492.913	512.067
14.0613	492.529	511.686
14.0733	492.146	511.305
14.0852	491.762	510.923
14.0971	491.379	510.542
14.1091	490.995	510.161
14.121	490.611	509.78
14.133	490.227	509.399
14.1449	489.844	509.017
14.1568	489.46	508.636
14.1688	489.075	508.255
14.1807	488.691	507.873
14.1926	488.307	507.492
14.2046	487.923	507.111
14.2165	487.538	506.729
14.2285	487.154	506.348
14.2404	486.769	505.967
14.2523	486.384	505.585
14.2643	485.999	505.204
14.2762	485.614	504.822
14.2881	485.229	504.441
14.3001	484.844	504.059
14.312	484.459	503.677
14.3239	484.073	503.296
14.3359	483.688	502.914
14.3478	483.302	502.532
14.3598	482.916	502.151
14.3717	482.53	501.769
14.3836	482.144	501.387
14.3956	481.758	501.005
14.4075	481.372	500.623
14.4194	480.986	500.241
14.4314	480.599	499.859
14.4433	480.213	499.477
14.4552	479.826	499.095
14.4672	479.439	498.713
14.4791	479.052	498.33
14.4911	478.665	497.948
14.503	478.278	497.566
14.5149	477.89	497.183
14.5269	477.503	496.801
14.5388	477.115	496.418
14.5507	476.727	496.036
14.5627	476.339	495.653
14.5746	475.951	495.271
14.5866	475.563	494.888
14.5985	475.175	494.505
14.6104	474.786	494.122
14.6224	474.397	493.739
14.6343	474.009	493.356
14.6462	473.62	492.973
14.6582	473.231	492.59
14.6701	472.841	492.206
14.682	472.452	491.823
14.694	472.062	491.44
14.7059	471.673	491.056
14.7179	471.283	490.673
14.7298	470.893	490.289
14.7417	470.503	489.905
14.7537	470.112	489.521
14.7656	469.722	489.138
14.7775	469.331	488.754
14.7895	468.94	488.37
14.8014	468.549	487.985
14.8133	468.158	487.601
14.8253	467.767	487.217
14.8372	467.375	486.832
14.8492	466.983	486.448
14.8611	466.592	486.063
14.873	466.199	485.678
14.885	465.807	485.294
14.8969	465.415	484.909
14.9088	465.022	484.524
14.9208	464.63	484.138
14.9327	464.237	483.753
14.9446	463.844	483.368
14.9566	463.45	482.982
14.9685	463.057	482.597
14.9805	462.663	482.211
14.9924	462.269	481.825
15.0043	461.875	481.439
15.0163	461.481	481.053
15.0282	461.087	480.667
15.0401	460.692	480.281
15.0521	460.298	479.894
15.064	459.903	479.508
15.076	459.507	479.121
15.0879	459.112	478.735
15.0998	458.717	478.348
15.1118	458.321	477.961
15.1237	457.925	477.574
15.1356	457.529	477.186
15.1476	457.133	476.799
15.1595	456.736	476.411
15.1714	456.34	476.024
15.1834	455.943	475.636
15.1953	455.546	475.248
15.2073	455.148	474.86
15.2192	454.751	474.472
15.2311	454.353	474.083
15.2431	453.955	473.695
15.255	453.557	473.306
15.2669	453.159	472.917
15.2789	452.761	472.528
15.2908	452.362	472.139
15.3027	451.963	471.75
15.3147	451.564	471.361
15.3266	451.165	470.971
15.3386	450.765	470.581
15.3505	450.366	470.192
15.3624	449.966	469.802
15.3744	449.566	469.411
15.3863	449.165	469.021
15.3982	448.765	468.631
15.4102	448.364	468.24
15.4221	447.963	467.849
15.4341	447.562	467.458
15.446	447.161	467.067
15.4579	446.759	466.676
15.4699	446.358	466.284
15.4818	445.956	465.893
15.4937	445.554	465.501
15.5057	445.151	465.109
15.5176	444.749	464.717
15.5295	444.346	464.325
15.5415	443.943	463.932
15.5534	443.54	463.54
15.5654	443.137	463.147
15.5773	442.733	462.754
15.5892	442.329	462.361
15.6012	441.925	461.967
15.6131	441.521	461.574
15.625	441.117	461.18
15.637	440.712	460.786
15.6489	440.308	460.392
15.6608	439.903	459.998
15.6728	439.498	459.603
15.6847	439.092	459.209
15.6967	438.687	458.814
15.7086	438.281	458.419
15.7205	437.875	458.024
15.7325	437.469	457.628
15.7444	437.063	457.233
15.7563	436.656	456.837
15.7683	436.249	456.441
15.7802	435.842	456.045
15.7921	435.435	455.649
15.8041	435.028	455.252
15.816	434.621	454.855
15.828	434.213	454.458
15.8399	433.805	454.061
15.8518	433.397	453.664
15.8638	432.989	453.267
15.8757	432.58	452.869
15.8876	432.172	452.471
15.8996	431.763	452.073
15.9115	431.354	451.675
15.9235	430.945	451.276
15.9354	430.536	450.877
15.9473	430.126	450.479
15.9593	429.716	450.08
15.9712	429.307	449.68
15.9831	428.897	449.281
15.9951	428.486	448.881
16.007	428.076	448.481
16.0189	427.666	448.081
16.0309	427.255	447.681
16.0428	426.844	447.28
16.0548	426.433	446.88
16.0667	426.022	446.479
16.0786	425.611	446.078
16.0906	425.199	445.677
16.1025	424.788	445.275
16.1144	424.376	444.873
16.1264	423.964	444.472
16.1383	423.552	444.07
16.1502	423.14	443.667
16.1622	422.727	443.265
16.1741	422.315	442.862
16.1861	421.902	442.459
16.198	421.49	442.056
16.2099	421.077	441.653
16.2219	420.664	441.249
16.2338	420.251	440.846
16.2457	419.837	440.442
16.2577	419.424	440.038
16.2696	419.011	439.634
16.2816	418.597	439.229
16.2935	418.183	438.824
16.3054	417.769	438.42
16.3174	417.355	438.015
16.3293	416.941	437.609
16.3412	416.527	437.204
16.3532	416.113	436.798
16.3651	415.699	436.392
16.377	415.284	435.986
16.389	414.87	435.58
16.4009	414.455	435.174
16.4129	414.04	434.767
16.4248	413.626	434.36
16.4367	413.211	433.953
16.4487	412.796	433.546
16.4606	412.381	433.139
16.4725	411.966	432.731
16.4845	411.551	432.324
16.4964	411.136	431.916
16.5083	410.72	431.508
16.5203	410.305	431.099
16.5322	409.89	430.691
16.5442	409.474	430.282
16.5561	409.059	429.874
16.568	408.643	429.465
16.58	408.228	429.056
16.5919	407.812	428.646
16.6038	407.397	428.237
16.6158	406.981	427.827
16.6277	406.566	427.417
16.6396	406.15	427.007
16.6516	405.735	426.597
16.6635	405.319	426.187
16.6755	404.903	425.776
16.6874	404.488	425.366
16.6993	404.072	424.955
16.7113	403.657	424.544
16.7232	403.241	424.133
16.7351	402.826	423.722
16.7471	402.41	423.31
16.759	401.995	422.899
16.771	401.579	422.487
16.7829	401.164	422.075
16.7948	400.748	421.663
16.8068	400.333	421.251
16.8187	399.918	420.839
16.8306	399.503	420.427
16.8426	399.087	420.014
16.8545	398.672	419.602
16.8664	398.257	419.189
16.8784	397.842	418.776
16.8903	397.428	418.363
16.9023	397.013	417.95
16.9142	396.598	417.537
16.9261	396.184	417.123
16.9381	395.769	416.71
16.95	395.355	416.296
16.9619	394.941	415.883
16.9739	394.527	415.469
16.9858	394.113	415.055
16.9977	393.699	414.641
17.0097	393.285	414.227
17.0216	392.872	413.813
17.0336	392.458	413.399
17.0455	392.045	412.985
17.0574	391.632	412.57
17.0694	391.219	412.156
17.0813	390.806	411.741
17.0932	390.393	411.327
17.1052	389.981	410.912
17.1171	389.569	410.497
17.1291	389.157	410.082
17.141	388.745	409.668
17.1529	388.333	409.253
17.1649	387.922	408.838
17.1768	387.511	408.423
17.1887	387.1	408.008
17.2007	386.689	407.593
17.2126	386.279	407.178
17.2245	385.868	406.763
17.2365	385.458	406.347
17.2484	385.048	405.932
17.2604	384.639	405.517
17.2723	384.23	405.102
17.2842	383.821	404.687
17.2962	383.412	404.272
17.3081	383.004	403.856
17.32	382.596	403.441
17.332	382.188	403.026
17.3439	381.78	402.611
17.3558	381.373	402.196
17.3678	380.966	401.78
17.3797	380.56	401.365
17.3917	380.153	400.95
17.4036	379.747	400.535
17.4155	379.342	400.12
17.4275	378.937	399.705
17.4394	378.532	399.29
17.4513	378.127	398.875
17.4633	377.723	398.461
17.4752	377.32	398.046
17.4871	376.916	397.631
17.4991	376.513	397.217
17.511	376.111	396.802
17.523	375.708	396.388
17.5349	375.307	395.973
17.5468	374.905	395.559
17.5588	374.504	395.145
17.5707	374.104	394.731
17.5826	373.704	394.317
17.5946	373.304	393.903
17.6065	372.905	393.489
17.6185	372.507	393.076
17.6304	372.108	392.662
17.6423	371.711	392.249
17.6543	371.313	391.836
17.6662	370.916	391.423
17.6781	370.52	391.01
17.6901	370.124	390.597
17.702	369.729	390.185
17.7139	369.334	389.772
17.7259	368.94	389.36
17.7378	368.546	388.948
17.7498	368.153	388.536
17.7617	367.76	388.124
17.7736	367.368	387.713
17.7856	366.977	387.302
17.7975	366.586	386.891
17.8094	366.195	386.48
17.8214	365.806	386.069
17.8333	365.416	385.659
17.8452	365.028	385.249
17.8572	364.64	384.839
17.8691	364.252	384.429
17.8811	363.865	384.02
17.893	363.479	383.611
17.9049	363.094	383.202
17.9169	362.709	382.793
17.9288	362.324	382.385
17.9407	361.941	381.977
17.9527	361.558	381.569
17.9646	361.175	381.161
17.9766	360.794	380.754
17.9885	360.413	380.347
18.0004	360.032	379.941
18.0124	359.653	379.535
18.0243	359.274	379.129
18.0362	358.896	378.723
18.0482	358.518	378.318
18.0601	358.141	377.913
18.072	357.765	377.509
18.084	357.39	377.105
18.0959	357.015	376.701
18.1079	356.641	376.297
18.1198	356.268	375.894
18.1317	355.896	375.492
18.1437	355.524	375.09
18.1556	355.154	374.688
18.1675	354.784	374.286
18.1795	354.414	373.885
18.1914	354.046	373.485
18.2033	353.678	373.085
18.2153	353.312	372.685
18.2272	352.946	372.286
18.2392	352.581	371.887
18.2511	352.216	371.489
18.263	351.853	371.091
18.275	351.49	370.693
18.2869	351.128	370.296
18.2988	350.767	369.9
18.3108	350.407	369.504
18.3227	350.048	369.109
18.3346	349.69	368.714
18.3466	349.332	368.319
18.3585	348.976	367.925
18.3705	348.62	367.532
18.3824	348.265	367.139
18.3943	347.912	366.747
18.4063	347.559	366.355
18.4182	347.207	365.964
18.4301	346.856	365.573
18.4421	346.506	365.183
18.454	346.156	364.794
18.466	345.808	364.405
18.4779	345.461	364.016
18.4898	345.115	363.629
18.5018	344.769	363.242
18.5137	344.425	362.855
18.5256	344.082	362.469
18.5376	343.739	362.084
18.5495	343.398	361.7
18.5614	343.057	361.316
18.5734	342.718	360.932
18.5853	342.38	360.55
18.5973	342.042	360.168
18.6092	341.706	359.786
18.6211	341.371	359.406
18.6331	341.036	359.026
18.645	340.703	358.647
18.6569	340.371	358.268
18.6689	340.04	357.89
18.6808	339.71	357.513
18.6927	339.381	357.137
18.7047	339.053	356.761
18.7166	338.726	356.386
18.7286	338.4	356.012
18.7405	338.075	355.639
18.7524	337.752	355.266
18.7644	337.429	354.894
18.7763	337.108	354.523
18.7882	336.788	354.153
18.8002	336.468	353.783
18.8121	336.15	353.414
18.8241	335.833	353.046
18.836	335.518	352.679
18.8479	335.203	352.313
18.8599	334.889	351.947
18.8718	334.577	351.583
18.8837	334.266	351.219
18.8957	333.956	350.856
18.9076	333.647	350.493
18.9195	333.339	350.132
18.9315	333.032	349.772
18.9434	332.727	349.412
18.9554	332.423	349.053
18.9673	332.12	348.696
18.9792	331.818	348.339
18.9912	331.517	347.983
19.0031	331.218	347.628
19.015	330.919	347.273
19.027	330.622	346.92
19.0389	330.326	346.568
19.0508	330.031	346.216
19.0628	329.738	345.866
19.0747	329.446	345.516
19.0867	329.155	345.168
19.0986	328.865	344.82
19.1105	328.576	344.473
19.1225	328.289	344.128
19.1344	328.003	343.783
19.1463	327.718	343.439
19.1583	327.434	343.096
19.1702	327.152	342.754
19.1821	326.871	342.414
19.1941	326.591	342.074
19.206	326.312	341.735
19.218	326.035	341.397
19.2299	325.759	341.061
19.2418	325.484	340.725
19.2538	325.21	340.39
19.2657	324.938	340.057
19.2776	324.667	339.724
19.2896	324.397	339.393
19.3015	324.129	339.062
19.3135	323.862	338.733
19.3254	323.596	338.405
19.3373	323.331	338.078
19.3493	323.068	337.752
19.3612	322.806	337.426
19.3731	322.545	337.103
19.3851	322.286	336.78
19.397	322.028	336.458
19.4089	321.771	336.137
19.4209	321.516	335.818
19.4328	321.261	335.5
19.4448	321.008	335.182
19.4567	320.757	334.866
19.4686	320.507	334.551
19.4806	320.258	334.237
19.4925	320.01	333.925
19.5044	319.764	333.613
19.5164	319.519	333.303
19.5283	319.275	332.994
19.5402	319.033	332.686
19.5522	318.792	332.379
19.5641	318.552	332.073
19.5761	318.314	331.769
19.588	318.076	331.466
19.5999	317.841	331.163
19.6119	317.606	330.863
19.6238	317.373	330.563
19.6357	317.141	330.264
19.6477	316.911	329.967
19.6596	316.682	329.671
19.6716	316.454	329.376
19.6835	316.228	329.083
19.6954	316.003	328.79
19.7074	315.779	328.499
19.7193	315.557	328.209
19.7312	315.335	327.92
19.7432	315.116	327.633
19.7551	314.897	327.347
19.767	314.68	327.062
19.779	314.464	326.778
19.7909	314.25	326.496
19.8029	314.037	326.215
19.8148	313.825	325.935
19.8267	313.615	325.656
19.8387	313.406	325.379
19.8506	313.198	325.103
19.8625	312.991	324.828
19.8745	312.786	324.554
19.8864	312.582	324.282
19.8983	312.38	324.011
19.9103	312.179	323.741
19.9222	311.979	323.473
19.9342	311.781	323.206
19.9461	311.583	322.94
19.958	311.388	322.676
19.97	311.193	322.413
19.9819	311	322.151
19.9938	310.808	321.89
20.0058	310.618	321.631
20.0177	310.428	321.373
20.0296	310.24	321.117
20.0416	310.054	320.861
20.0535	309.868	320.607
20.0655	309.684	320.355
20.0774	309.502	320.103
20.0893	309.32	319.853
20.1013	309.14	319.605
20.1132	308.962	319.357
20.1251	308.784	319.112
20.1371	308.608	318.867
20.149	308.433	318.624
20.161	308.26	318.382
20.1729	308.087	318.141
20.1848	307.916	317.902
20.1968	307.747	317.664
20.2087	307.578	317.427
20.2206	307.411	317.192
20.2326	307.245	316.958
20.2445	307.08	316.725
20.2564	306.917	316.494
20.2684	306.755	316.264
20.2803	306.594	316.036
20.2923	306.435	315.808
20.3042	306.277	315.583
20.3161	306.12	315.358
20.3281	305.964	315.135
20.34	305.809	314.913
20.3519	305.656	314.693
20.3639	305.504	314.474
20.3758	305.353	314.256
20.3877	305.204	314.04
20.3997	305.055	313.824
20.4116	304.908	313.611
20.4236	304.763	313.398
20.4355	304.618	313.187
20.4474	304.475	312.978
20.4594	304.332	312.77
20.4713	304.191	312.563
20.4832	304.052	312.357
20.4952	303.913	312.153
20.5071	303.776	311.95
20.5191	303.64	311.748
20.531	303.505	311.548
20.5429	303.371	311.349
20.5549	303.238	311.152
20.5668	303.107	310.956
20.5787	302.977	310.761
20.5907	302.847	310.567
20.6026	302.72	310.375
20.6145	302.593	310.184
20.6265	302.467	309.995
20.6384	302.343	309.807
20.6504	302.22	309.62
20.6623	302.097	309.435
20.6742	301.976	309.25
20.6862	301.857	309.068
20.6981	301.738	308.886
20.71	301.62	308.706
20.722	301.504	308.527
20.7339	301.388	308.35
20.7458	301.274	308.173
20.7578	301.161	307.999
20.7697	301.049	307.825
20.7817	300.938	307.653
20.7936	300.828	307.482
20.8055	300.719	307.312
20.8175	300.612	307.144
20.8294	300.505	306.977
20.8413	300.399	306.811
20.8533	300.295	306.647
20.8652	300.191	306.484
20.8771	300.089	306.322
20.8891	299.988	306.161
20.901	299.887	306.002
20.913	299.788	305.844
20.9249	299.69	305.687
20.9368	299.593	305.532
20.9488	299.497	305.378
20.9607	299.401	305.225
20.9726	299.307	305.073
20.9846	299.214	304.923
20.9965	299.122	304.774
21.0085	299.031	304.626
21.0204	298.941	304.479
21.0323	298.851	304.334
21.0443	298.763	304.19
21.0562	298.676	304.047
21.0681	298.59	303.905
21.0801	298.504	303.765
21.092	298.42	303.626
21.1039	298.337	303.488
21.1159	298.254	303.351
21.1278	298.173	303.216
21.1398	298.092	303.082
21.1517	298.012	302.949
21.1636	297.934	302.817
21.1756	297.856	302.686
21.1875	297.779	302.557
21.1994	297.703	302.428
21.2114	297.628	302.301
21.2233	297.553	302.175
21.2352	297.48	302.051
21.2472	297.408	301.927
21.2591	297.336	301.805
21.2711	297.265	301.684
21.283	297.195	301.564
21.2949	297.126	301.445
21.3069	297.058	301.327
21.3188	296.991	301.21
21.3307	296.924	301.095
21.3427	296.858	300.981
21.3546	296.793	300.867
21.3666	296.729	300.755
21.3785	296.666	300.644
21.3904	296.604	300.535
21.4024	296.542	300.426
21.4143	296.481	300.318
21.4262	296.421	300.212
21.4382	296.362	300.106
21.4501	296.303	300.002
21.462	296.245	299.899
21.474	296.188	299.797
21.4859	296.132	299.696
21.4979	296.077	299.596
21.5098	296.022	299.497
21.5217	295.968	299.399
21.5337	295.914	299.302
21.5456	295.862	299.206
21.5575	295.81	299.111
21.5695	295.759	299.018
21.5814	295.708	298.925
21.5933	295.659	298.833
21.6053	295.61	298.743
21.6172	295.561	298.653
21.6292	295.514	298.564
21.6411	295.466	298.477
21.653	295.42	298.39
21.665	295.374	298.304
21.6769	295.329	298.22
21.6888	295.285	298.136
21.7008	295.241	298.053
21.7127	295.198	297.971
21.7246	295.156	297.891
21.7366	295.114	297.811
21.7485	295.073	297.732
21.7605	295.032	297.654
21.7724	294.992	297.577
21.7843	294.953	297.501
21.7963	294.914	297.425
21.8082	294.876	297.351
21.8201	294.838	297.278
21.8321	294.801	297.205
21.844	294.764	297.134
21.856	294.729	297.063
21.8679	294.693	296.993
21.8798	294.658	296.924
21.8918	294.624	296.856
21.9037	294.59	296.789
21.9156	294.557	296.723
21.9276	294.525	296.657
21.9395	294.493	296.592
21.9514	294.461	296.529
21.9634	294.43	296.466
21.9753	294.399	296.404
21.9873	294.369	296.342
21.9992	294.34	296.282
22.0111	294.311	296.222
22.0231	294.282	296.163
22.035	294.254	296.105
22.0469	294.226	296.048
22.0589	294.199	295.991
22.0708	294.173	295.935
22.0827	294.146	295.88
22.0947	294.121	295.826
22.1066	294.095	295.773
22.1186	294.07	295.72
22.1305	294.046	295.668
22.1424	294.022	295.617
22.1544	293.998	295.566
22.1663	293.975	295.516
22.1782	293.952	295.467
22.1902	293.93	295.419
22.2021	293.908	295.371
22.2141	293.887	295.324
22.226	293.865	295.278
22.2379	293.845	295.232
22.2499	293.824	295.187
22.2618	293.804	295.143
22.2737	293.785	295.1
22.2857	293.766	295.057
22.2976	293.747	295.015
22.3095	293.728	294.973
22.3215	293.71	294.932
22.3334	293.692	294.892
22.3454	293.675	294.852
22.3573	293.658	294.813
22.3692	293.641	294.774
22.3812	293.624	294.737
22.3931	293.608	294.699
22.405	293.593	294.663
22.417	293.577	294.627
22.4289	293.562	294.591
22.4408	293.547	294.556
22.4528	293.533	294.522
22.4647	293.518	294.488
22.4767	293.504	294.455
22.4886	293.491	294.422
22.5005	293.477	294.39
22.5125	293.464	294.359
22.5244	293.452	294.328
22.5363	293.439	294.297
22.5483	293.427	294.267
22.5602	293.415	294.238
22.5721	293.403	294.209
22.5841	293.392	294.181
22.596	293.38	294.153
22.608	293.369	294.125
22.6199	293.359	294.098
22.6318	293.348	294.072
22.6438	293.338	294.046
22.6557	293.328	294.021
22.6676	293.318	293.996
22.6796	293.309	293.971
22.6915	293.299	293.947
22.7035	293.29	293.923
22.7154	293.281	293.9
22.7273	293.273	293.877
22.7393	293.264	293.855
22.7512	293.256	293.833
22.7631	293.248	293.812
22.7751	293.24	293.791
22.787	293.232	293.77
22.7989	293.225	293.75
22.8109	293.218	293.73
22.8228	293.211	293.71
22.8348	293.204	293.691
22.8467	293.197	293.673
22.8586	293.19	293.654
22.8706	293.184	293.636
22.8825	293.178	293.619
22.8944	293.172	293.602
22.9064	293.166	293.585
22.9183	293.16	293.568
22.9302	293.154	293.552
22.9422	293.149	293.536
22.9541	293.144	293.521
22.9661	293.138	293.506
22.978	293.133	293.491
22.9899	293.128	293.477
23.0019	293.124	293.462
23.0138	293.119	293.449
23.0257	293.115	293.435
23.0377	293.11	293.422
23.0496	293.106	293.409
23.0616	293.102	293.396
23.0735	293.098	293.384
23.0854	293.094	293.372
23.0974	293.09	293.36
23.1093	293.087	293.349
23.1212	293.083	293.338
23.1332	293.08	293.327
23.1451	293.077	293.316
23.157	293.073	293.306
23.169	293.07	293.295
23.1809	293.067	293.285
23.1929	293.064	293.276
23.2048	293.062	293.266
23.2167	293.059	293.257
23.2287	293.056	293.248
23.2406	293.054	293.239
23.2525	293.051	293.231
23.2645	293.049	293.223
23.2764	293.047	293.215
23.2883	293.044	293.207
23.3003	293.042	293.199
23.3122	293.04	293.192
23.3242	293.038	293.184
23.3361	293.036	293.177
23.348	293.035	293.171
23.36	293.033	293.164
23.3719	293.031	293.158
23.3838	293.03	293.151
23.3958	293.028	293.145
23.4077	293.026	293.139
23.4196	293.025	293.133
23.4316	293.024	293.128
23.4435	293.022	293.123
23.4555	293.021	293.117
23.4674	293.02	293.112
23.4793	293.019	293.107
23.4913	293.017	293.102
23.5032	293.016	293.098
23.5151	293.015	293.093
23.5271	293.014	293.089
23.539	293.013	293.085
23.551	293.013	293.081
23.5629	293.012	293.077
23.5748	293.011	293.073
23.5868	293.01	293.069
23.5987	293.009	293.066
23.6106	293.009	293.062
23.6226	293.008	293.059
23.6345	293.007	293.056
23.6464	293.007	293.053
23.6584	293.006	293.05
23.6703	293.006	293.047
23.6823	293.005	293.044
23.6942	293.005	293.042
23.7061	293.004	293.039
23.7181	293.004	293.037
23.73	293.003	293.035
23.7419	293.003	293.032
23.7539	293.003	293.03
23.7658	293.002	293.028
23.7777	293.002	293.027
23.7897	293.002	293.025
23.8016	293.001	293.023
23.8136	293.001	293.022
23.8255	293.001	293.021
23.8374	293.001	293.02
23.8494	293.001	293.019
23.8613	293	293.019
23.8732	293	293.018
