0	873	872.994
0.0119366	873	872.994
0.0238732	873	872.994
0.0358099	873	872.994
0.0477465	873	872.993
0.0596831	873	872.993
0.0716197	873	872.992
0.0835563	872.999	872.992
0.095493	872.999	872.991
0.10743	872.999	872.991
0.119366	872.999	872.99
0.131303	872.999	872.989
0.143239	872.999	872.988
0.155176	872.999	872.988
0.167113	872.999	872.987
0.179049	872.998	872.986
0.190986	872.998	872.985
0.202923	872.998	872.984
0.214859	872.998	872.983
0.226796	872.998	872.982
0.238732	872.998	872.981
0.250669	872.997	872.979
0.262606	872.997	872.978
0.274542	872.997	872.977
0.286479	872.997	872.976
0.298416	872.996	872.974
0.310352	872.996	872.973
0.322289	872.996	872.971
0.334225	872.995	872.97
0.346162	872.995	872.968
0.358099	872.995	872.966
0.370035	872.994	872.965
0.381972	872.994	872.963
0.393908	872.994	872.961
0.405845	872.993	872.959
0.417782	872.993	872.957
0.429718	872.992	872.955
0.441655	872.992	872.953
0.453592	872.991	872.951
0.465528	872.991	872.949
0.477465	872.99	872.946
0.489401	872.989	872.944
0.501338	872.989	872.941
0.513275	872.988	872.939
0.525211	872.988	872.936
0.537148	872.987	872.933
0.549085	872.986	872.93
0.561021	872.985	872.927
0.572958	872.985	872.924
0.584894	872.984	872.921
0.596831	872.983	872.918
0.608768	872.982	872.915
0.620704	872.981	872.911
0.632641	872.98	872.908
0.644578	872.979	872.904
0.656514	872.978	872.9
0.668451	872.977	872.897
0.680387	872.976	872.893
0.692324	872.975	872.889
0.704261	872.974	872.884
0.716197	872.973	872.88
0.728134	872.971	872.876
0.74007	872.97	872.871
0.752007	872.969	872.866
0.763944	872.967	872.862
0.77588	872.966	872.857
0.787817	872.964	872.852
0.799754	872.963	872.846
0.81169	872.961	872.841
0.823627	872.959	872.836
0.835563	872.958	872.83
0.8475	872.956	872.824
0.859437	872.954	872.818
0.871373	872.952	872.812
0.88331	872.95	872.806
0.895247	872.948	872.8
0.907183	872.946	872.793
0.91912	872.944	872.787
0.931056	872.942	872.78
0.942993	872.94	872.773
0.95493	872.937	872.766
0.966866	872.935	872.758
0.978803	872.932	872.751
0.99074	872.93	872.743
1.00268	872.927	872.735
1.01461	872.925	872.727
1.02655	872.922	872.719
1.03849	872.919	872.71
1.05042	872.916	872.702
1.06236	872.913	872.693
1.0743	872.91	872.684
1.08623	872.907	872.674
1.09817	872.903	872.665
1.11011	872.9	872.655
1.12204	872.897	872.645
1.13398	872.893	872.635
1.14592	872.889	872.625
1.15785	872.886	872.614
1.16979	872.882	872.604
1.18173	872.878	872.593
1.19366	872.874	872.581
1.2056	872.87	872.57
1.21754	872.865	872.558
1.22947	872.861	872.546
1.24141	872.856	872.534
1.25335	872.852	872.521
1.26528	872.847	872.509
1.27722	872.842	872.496
1.28916	872.837	872.482
1.30109	872.832	872.469
1.31303	872.827	872.455
1.32496	872.822	872.441
1.3369	872.816	872.427
1.34884	872.81	872.412
1.36077	872.805	872.397
1.37271	872.799	872.382
1.38465	872.793	872.366
1.39658	872.787	872.35
1.40852	872.78	872.334
1.42046	872.774	872.318
1.43239	872.767	872.301
1.44433	872.76	872.284
1.45627	872.753	872.267
1.4682	872.746	872.249
1.48014	872.739	872.231
1.49208	872.732	872.213
1.50401	872.724	872.194
1.51595	872.716	872.175
1.52789	872.708	872.155
1.53982	872.7	872.136
1.55176	872.692	872.115
1.5637	872.684	872.095
1.57563	872.675	872.074
1.58757	872.666	872.053
1.59951	872.657	872.031
1.61144	872.648	872.009
1.62338	872.639	871.987
1.63532	872.629	871.964
1.64725	872.619	871.941
1.65919	872.609	871.918
1.67113	872.599	871.894
1.68306	872.589	871.869
1.695	872.578	871.845
1.70694	872.567	871.82
1.71887	872.556	871.794
1.73081	872.545	871.768
1.74275	872.533	871.742
1.75468	872.521	871.715
1.76662	872.509	871.687
1.77856	872.497	871.66
1.79049	872.485	871.632
1.80243	872.472	871.603
1.81437	872.459	871.574
1.8263	872.446	871.544
1.83824	872.432	871.514
1.85018	872.418	871.484
1.86211	872.404	871.453
1.87405	872.39	871.421
1.88599	872.376	871.389
1.89792	872.361	871.357
1.90986	872.346	871.324
1.9218	872.33	871.29
1.93373	872.315	871.256
1.94567	872.299	871.222
1.95761	872.283	871.187
1.96954	872.266	871.151
1.98148	872.249	871.115
1.99342	872.232	871.079
2.00535	872.215	871.042
2.01729	872.197	871.004
2.02923	872.179	870.966
2.04116	872.16	870.927
2.0531	872.142	870.888
2.06504	872.123	870.848
2.07697	872.103	870.807
2.08891	872.084	870.766
2.10085	872.064	870.725
2.11278	872.043	870.682
2.12472	872.022	870.64
2.13666	872.001	870.596
2.14859	871.98	870.552
2.16053	871.958	870.507
2.17246	871.936	870.462
2.1844	871.913	870.416
2.19634	871.89	870.37
2.20827	871.867	870.323
2.22021	871.843	870.275
2.23215	871.819	870.227
2.24408	871.795	870.178
2.25602	871.77	870.128
2.26796	871.745	870.077
2.27989	871.719	870.026
2.29183	871.693	869.975
2.30377	871.667	869.922
2.3157	871.64	869.869
2.32764	871.612	869.816
2.33958	871.584	869.761
2.35151	871.556	869.706
2.36345	871.528	869.65
2.37539	871.499	869.594
2.38732	871.469	869.537
2.39926	871.439	869.479
2.4112	871.409	869.42
2.42313	871.378	869.36
2.43507	871.346	869.3
2.44701	871.315	869.239
2.45894	871.282	869.178
2.47088	871.249	869.115
2.48282	871.216	869.052
2.49475	871.182	868.988
2.50669	871.148	868.924
2.51863	871.113	868.858
2.53056	871.078	868.792
2.5425	871.042	868.725
2.55444	871.006	868.657
2.56637	870.969	868.589
2.57831	870.932	868.519
2.59025	870.894	868.449
2.60218	870.856	868.378
2.61412	870.817	868.306
2.62606	870.777	868.234
2.63799	870.737	868.16
2.64993	870.696	868.086
2.66187	870.655	868.011
2.6738	870.614	867.935
2.68574	870.571	867.858
2.69768	870.528	867.78
2.70961	870.485	867.702
2.72155	870.441	867.622
2.73349	870.396	867.542
2.74542	870.351	867.461
2.75736	870.305	867.379
2.7693	870.259	867.296
2.78123	870.212	867.212
2.79317	870.164	867.127
2.80511	870.116	867.042
2.81704	870.067	866.955
2.82898	870.017	866.868
2.84092	869.967	866.78
2.85285	869.916	866.69
2.86479	869.865	866.6
2.87673	869.813	866.509
2.88866	869.76	866.417
2.9006	869.706	866.324
2.91254	869.652	866.23
2.92447	869.598	866.135
2.93641	869.542	866.039
2.94835	869.486	865.942
2.96028	869.429	865.845
2.97222	869.371	865.746
2.98416	869.313	865.646
2.99609	869.254	865.545
3.00803	869.195	865.444
3.01997	869.134	865.341
3.0319	869.073	865.237
3.04384	869.011	865.133
3.05577	868.949	865.027
3.06771	868.885	864.92
3.07965	868.821	864.813
3.09158	868.756	864.704
3.10352	868.691	864.594
3.11546	868.625	864.483
3.12739	868.557	864.371
3.13933	868.49	864.259
3.15127	868.421	864.145
3.1632	868.351	864.03
3.17514	868.281	863.914
3.18708	868.21	863.797
3.19901	868.138	863.679
3.21095	868.066	863.559
3.22289	867.992	863.439
3.23482	867.918	863.318
3.24676	867.843	863.195
3.2587	867.767	863.072
3.27063	867.691	862.947
3.28257	867.613	862.822
3.29451	867.535	862.695
3.30644	867.456	862.567
3.31838	867.375	862.438
3.33032	867.295	862.308
3.34225	867.213	862.177
3.35419	867.13	862.045
3.36613	867.047	861.911
3.37806	866.962	861.777
3.39	866.877	861.641
3.40194	866.791	861.504
3.41387	866.704	861.367
3.42581	866.616	861.228
3.43775	866.527	861.087
3.44968	866.437	860.946
3.46162	866.347	860.804
3.47356	866.255	860.66
3.48549	866.163	860.515
3.49743	866.069	860.369
3.50937	865.975	860.222
3.5213	865.88	860.074
3.53324	865.783	859.925
3.54518	865.686	859.774
3.55711	865.588	859.622
3.56905	865.489	859.47
3.58099	865.389	859.315
3.59292	865.288	859.16
3.60486	865.186	859.004
3.6168	865.083	858.846
3.62873	864.979	858.687
3.64067	864.874	858.527
3.65261	864.769	858.366
3.66454	864.662	858.204
3.67648	864.554	858.04
3.68842	864.445	857.875
3.70035	864.335	857.709
3.71229	864.224	857.542
3.72423	864.112	857.374
3.73616	863.999	857.204
3.7481	863.886	857.033
3.76004	863.771	856.861
3.77197	863.655	856.688
3.78391	863.538	856.513
3.79585	863.42	856.338
3.80778	863.3	856.161
3.81972	863.18	855.982
3.83166	863.059	855.803
3.84359	862.937	855.622
3.85553	862.813	855.441
3.86747	862.689	855.257
3.8794	862.564	855.073
3.89134	862.437	854.888
3.90327	862.309	854.701
3.91521	862.181	854.513
3.92715	862.051	854.323
3.93908	861.92	854.133
3.95102	861.788	853.941
3.96296	861.655	853.748
3.97489	861.521	853.554
3.98683	861.386	853.358
3.99877	861.249	853.161
4.0107	861.112	852.963
4.02264	860.973	852.764
4.03458	860.834	852.564
4.04651	860.693	852.362
4.05845	860.551	852.159
4.07039	860.408	851.955
4.08232	860.263	851.749
4.09426	860.118	851.542
4.1062	859.972	851.334
4.11813	859.824	851.125
4.13007	859.675	850.914
4.14201	859.525	850.702
4.15394	859.374	850.489
4.16588	859.222	850.275
4.17782	859.068	850.059
4.18975	858.914	849.843
4.20169	858.758	849.624
4.21363	858.601	849.405
4.22556	858.443	849.184
4.2375	858.284	848.963
4.24944	858.124	848.739
4.26137	857.962	848.515
4.27331	857.799	848.289
4.28525	857.635	848.062
4.29718	857.47	847.834
4.30912	857.304	847.605
4.32106	857.136	847.374
4.33299	856.968	847.142
4.34493	856.798	846.909
4.35687	856.627	846.674
4.3688	856.454	846.439
4.38074	856.281	846.202
4.39268	856.106	845.963
4.40461	855.93	845.724
4.41655	855.753	845.483
4.42849	855.575	845.241
4.44042	855.395	844.998
4.45236	855.215	844.753
4.4643	855.033	844.508
4.47623	854.849	844.261
4.48817	854.665	844.013
4.50011	854.479	843.763
4.51204	854.293	843.512
4.52398	854.105	843.26
4.53592	853.915	843.007
4.54785	853.725	842.753
4.55979	853.533	842.497
4.57173	853.34	842.24
4.58366	853.146	841.982
4.5956	852.95	841.723
4.60754	852.754	841.462
4.61947	852.556	841.201
4.63141	852.357	840.938
4.64335	852.156	840.673
4.65528	851.955	840.408
4.66722	851.752	840.141
4.67916	851.548	839.873
4.69109	851.342	839.604
4.70303	851.136	839.334
4.71497	850.928	839.062
4.7269	850.719	838.79
4.73884	850.509	838.516
4.75078	850.297	838.241
4.76271	850.084	837.964
4.77465	849.87	837.687
4.78658	849.655	837.408
4.79852	849.438	837.128
4.81046	849.221	836.847
4.82239	849.002	836.565
4.83433	848.781	836.281
4.84627	848.56	835.997
4.8582	848.337	835.711
4.87014	848.113	835.424
4.88208	847.888	835.136
4.89401	847.661	834.846
4.90595	847.434	834.556
4.91789	847.205	834.264
4.92982	846.974	833.972
4.94176	846.743	833.678
4.9537	846.51	833.383
4.96563	846.276	833.086
4.97757	846.041	832.789
4.98951	845.805	832.491
5.00144	845.567	832.191
5.01338	845.328	831.89
5.02532	845.088	831.588
5.03725	844.847	831.285
5.04919	844.604	830.981
5.06113	844.36	830.676
5.07306	844.115	830.37
5.085	843.869	830.062
5.09694	843.621	829.754
5.10887	843.372	829.444
5.12081	843.122	829.133
5.13275	842.871	828.821
5.14468	842.619	828.508
5.15662	842.365	828.194
5.16856	842.11	827.879
5.18049	841.854	827.563
5.19243	841.596	827.246
5.20437	841.338	826.928
5.2163	841.078	826.608
5.22824	840.817	826.288
5.24018	840.555	825.967
5.25211	840.291	825.644
5.26405	840.027	825.321
5.27599	839.761	824.996
5.28792	839.494	824.67
5.29986	839.225	824.344
5.3118	838.956	824.016
5.32373	838.685	823.687
5.33567	838.413	823.358
5.34761	838.14	823.027
5.35954	837.866	822.695
5.37148	837.591	822.363
5.38342	837.314	822.029
5.39535	837.036	821.694
5.40729	836.757	821.359
5.41923	836.477	821.022
5.43116	836.196	820.685
5.4431	835.913	820.346
5.45504	835.629	820.007
5.46697	835.345	819.666
5.47891	835.058	819.325
5.49085	834.771	818.982
5.50278	834.483	818.639
5.51472	834.193	818.295
5.52666	833.903	817.95
5.53859	833.611	817.604
5.55053	833.318	817.257
5.56247	833.024	816.909
5.5744	832.729	816.56
5.58634	832.432	816.21
5.59828	832.135	815.86
5.61021	831.836	815.508
5.62215	831.536	815.156
5.63408	831.236	814.803
5.64602	830.934	814.448
5.65796	830.63	814.094
5.66989	830.326	813.738
5.68183	830.021	813.381
5.69377	829.715	813.023
5.7057	829.407	812.665
5.71764	829.098	812.306
5.72958	828.789	811.946
5.74151	828.478	811.585
5.75345	828.166	811.223
5.76539	827.853	810.861
5.77732	827.539	810.497
5.78926	827.224	810.133
5.8012	826.908	809.768
5.81313	826.591	809.402
5.82507	826.272	809.036
5.83701	825.953	808.669
5.84894	825.633	808.301
5.86088	825.311	807.932
5.87282	824.989	807.562
5.88475	824.665	807.192
5.89669	824.341	806.821
5.90863	824.015	806.449
5.92056	823.688	806.076
5.9325	823.361	805.703
5.94444	823.032	805.329
5.95637	822.703	804.954
5.96831	822.372	804.579
5.98025	822.04	804.203
5.99218	821.708	803.826
6.00412	821.374	803.448
6.01606	821.04	803.07
6.02799	820.704	802.691
6.03993	820.368	802.312
6.05187	820.03	801.931
6.0638	819.692	801.551
6.07574	819.352	801.169
6.08768	819.012	800.787
6.09961	818.671	800.404
6.11155	818.328	800.02
6.12349	817.985	799.636
6.13542	817.641	799.252
6.14736	817.296	798.866
6.1593	816.95	798.48
6.17123	816.603	798.094
6.18317	816.255	797.706
6.19511	815.907	797.319
6.20704	815.557	796.93
6.21898	815.207	796.541
6.23092	814.855	796.152
6.24285	814.503	795.762
6.25479	814.15	795.371
6.26673	813.796	794.98
6.27866	813.441	794.588
6.2906	813.085	794.196
6.30254	812.729	793.803
6.31447	812.371	793.41
6.32641	812.013	793.016
6.33835	811.654	792.621
6.35028	811.294	792.227
6.36222	810.933	791.831
6.37416	810.572	791.435
6.38609	810.209	791.039
6.39803	809.846	790.642
6.40997	809.482	790.244
6.4219	809.117	789.847
6.43384	808.752	789.448
6.44578	808.385	789.049
6.45771	808.018	788.65
6.46965	807.65	788.251
6.48159	807.282	787.85
6.49352	806.912	787.45
6.50546	806.542	787.049
6.51739	806.171	786.647
6.52933	805.799	786.245
6.54127	805.427	785.843
6.5532	805.054	785.44
6.56514	804.68	785.037
6.57708	804.305	784.634
6.58901	803.93	784.23
6.60095	803.554	783.826
6.61289	803.177	783.421
6.62482	802.8	783.016
6.63676	802.422	782.611
6.6487	802.043	782.205
6.66063	801.664	781.799
6.67257	801.284	781.392
6.68451	800.903	780.985
6.69644	800.521	780.578
6.70838	800.139	780.171
6.72032	799.756	779.763
6.73225	799.373	779.355
6.74419	798.989	778.946
6.75613	798.604	778.538
6.76806	798.219	778.129
6.78	797.833	777.719
6.79194	797.447	777.31
6.80387	797.06	776.9
6.81581	796.672	776.489
6.82775	796.284	776.079
6.83968	795.895	775.668
6.85162	795.506	775.257
6.86356	795.116	774.846
6.87549	794.725	774.434
6.88743	794.334	774.022
6.89937	793.942	773.61
6.9113	793.55	773.198
6.92324	793.157	772.786
6.93518	792.764	772.373
6.94711	792.37	771.96
6.95905	791.976	771.547
6.97099	791.581	771.133
6.98292	791.186	770.72
6.99486	790.79	770.306
7.0068	790.393	769.892
7.01873	789.997	769.477
7.03067	789.599	769.063
7.04261	789.201	768.648
7.05454	788.803	768.234
7.06648	788.404	767.819
7.07842	788.005	767.404
7.09035	787.605	766.988
7.10229	787.205	766.573
7.11423	786.805	766.157
7.12616	786.404	765.742
7.1381	786.002	765.326
7.15004	785.6	764.91
7.16197	785.198	764.494
7.17391	784.795	764.077
7.18585	784.392	763.661
7.19778	783.989	763.244
7.20972	783.585	762.828
7.22166	783.181	762.411
7.23359	782.776	761.994
7.24553	782.371	761.577
7.25747	781.966	761.16
7.2694	781.56	760.743
7.28134	781.154	760.326
7.29328	780.747	759.908
7.30521	780.34	759.491
7.31715	779.933	759.074
7.32909	779.526	758.656
7.34102	779.118	758.238
7.35296	778.71	757.821
7.36489	778.301	757.403
7.37683	777.892	756.985
7.38877	777.483	756.567
7.4007	777.074	756.149
7.41264	776.664	755.731
7.42458	776.254	755.313
7.43651	775.844	754.895
7.44845	775.433	754.477
7.46039	775.022	754.059
7.47232	774.611	753.641
7.48426	774.2	753.223
7.4962	773.788	752.805
7.50813	773.376	752.387
7.52007	772.964	751.968
7.53201	772.551	751.55
7.54394	772.139	751.132
7.55588	771.726	750.714
7.56782	771.313	750.296
7.57975	770.899	749.877
7.59169	770.486	749.459
7.60363	770.072	749.041
7.61556	769.658	748.623
7.6275	769.244	748.205
7.63944	768.83	747.787
7.65137	768.415	747.369
7.66331	768	746.951
7.67525	767.585	746.533
7.68718	767.17	746.115
7.69912	766.755	745.697
7.71106	766.339	745.279
7.72299	765.924	744.861
7.73493	765.508	744.443
7.74687	765.092	744.026
7.7588	764.676	743.608
7.77074	764.26	743.19
7.78268	763.844	742.773
7.79461	763.427	742.355
7.80655	763.01	741.938
7.81849	762.594	741.52
7.83042	762.177	741.103
7.84236	761.76	740.686
7.8543	761.343	740.269
7.86623	760.926	739.852
7.87817	760.508	739.435
7.89011	760.091	739.018
7.90204	759.674	738.601
7.91398	759.256	738.184
7.92592	758.838	737.768
7.93785	758.421	737.351
7.94979	758.003	736.935
7.96173	757.585	736.518
7.97366	757.167	736.102
7.9856	756.749	735.686
7.99754	756.331	735.27
8.00947	755.913	734.854
8.02141	755.495	734.438
8.03335	755.076	734.022
8.04528	754.658	733.607
8.05722	754.24	733.191
8.06916	753.821	732.776
8.08109	753.403	732.361
8.09303	752.985	731.946
8.10497	752.566	731.531
8.1169	752.148	731.116
8.12884	751.729	730.701
8.14078	751.311	730.286
8.15271	750.892	729.872
8.16465	750.474	729.457
8.17659	750.055	729.043
8.18852	749.637	728.629
8.20046	749.218	728.215
8.2124	748.8	727.801
8.22433	748.382	727.388
8.23627	747.963	726.974
8.2482	747.545	726.561
8.26014	747.126	726.147
8.27208	746.708	725.734
8.28401	746.289	725.321
8.29595	745.871	724.908
8.30789	745.453	724.496
8.31982	745.035	724.083
8.33176	744.616	723.671
8.3437	744.198	723.259
8.35563	743.78	722.847
8.36757	743.362	722.435
8.37951	742.944	722.023
8.39144	742.526	721.611
8.40338	742.108	721.2
8.41532	741.69	720.789
8.42725	741.273	720.377
8.43919	740.855	719.966
8.45113	740.437	719.556
8.46306	740.02	719.145
8.475	739.602	718.734
8.48694	739.185	718.324
8.49887	738.768	717.914
8.51081	738.35	717.504
8.52275	737.933	717.094
8.53468	737.516	716.684
8.54662	737.099	716.275
8.55856	736.682	715.866
8.57049	736.265	715.456
8.58243	735.849	715.047
8.59437	735.432	714.638
8.6063	735.016	714.23
8.61824	734.599	713.821
8.63018	734.183	713.413
8.64211	733.767	713.005
8.65405	733.351	712.597
8.66599	732.935	712.189
8.67792	732.519	711.781
8.68986	732.103	711.374
8.7018	731.688	710.967
8.71373	731.272	710.559
8.72567	730.857	710.152
8.73761	730.442	709.746
8.74954	730.026	709.339
8.76148	729.611	708.933
8.77342	729.197	708.526
8.78535	728.782	708.12
8.79729	728.367	707.714
8.80923	727.953	707.309
8.82116	727.539	706.903
8.8331	727.124	706.498
8.84504	726.71	706.092
8.85697	726.296	705.687
8.86891	725.883	705.282
8.88085	725.469	704.878
8.89278	725.056	704.473
8.90472	724.642	704.069
8.91666	724.229	703.665
8.92859	723.816	703.261
8.94053	723.403	702.857
8.95247	722.99	702.453
8.9644	722.578	702.05
8.97634	722.165	701.646
8.98828	721.753	701.243
9.00021	721.341	700.84
9.01215	720.929	700.437
9.02409	720.517	700.035
9.03602	720.106	699.632
9.04796	719.694	699.23
9.0599	719.283	698.828
9.07183	718.872	698.426
9.08377	718.461	698.024
9.0957	718.05	697.622
9.10764	717.639	697.221
9.11958	717.229	696.82
9.13151	716.818	696.419
9.14345	716.408	696.018
9.15539	715.998	695.617
9.16732	715.588	695.216
9.17926	715.179	694.816
9.1912	714.769	694.416
9.20313	714.36	694.015
9.21507	713.951	693.615
9.22701	713.542	693.216
9.23894	713.133	692.816
9.25088	712.724	692.416
9.26282	712.316	692.017
9.27475	711.908	691.618
9.28669	711.499	691.219
9.29863	711.092	690.82
9.31056	710.684	690.421
9.3225	710.276	690.023
9.33444	709.869	689.625
9.34637	709.461	689.226
9.35831	709.054	688.828
9.37025	708.648	688.43
9.38218	708.241	688.033
9.39412	707.834	687.635
9.40606	707.428	687.238
9.41799	707.022	686.84
9.42993	706.616	686.443
9.44187	706.21	686.046
9.4538	705.804	685.649
9.46574	705.399	685.253
9.47768	704.993	684.856
9.48961	704.588	684.46
9.50155	704.183	684.063
9.51349	703.778	683.667
9.52542	703.374	683.271
9.53736	702.969	682.875
9.5493	702.565	682.48
9.56123	702.161	682.084
9.57317	701.757	681.689
9.58511	701.353	681.294
9.59704	700.95	680.898
9.60898	700.546	680.503
9.62092	700.143	680.109
9.63285	699.74	679.714
9.64479	699.337	679.319
9.65673	698.935	678.925
9.66866	698.532	678.53
9.6806	698.13	678.136
9.69254	697.728	677.742
9.70447	697.326	677.348
9.71641	696.924	676.954
9.72835	696.522	676.561
9.74028	696.121	676.167
9.75222	695.719	675.774
9.76416	695.318	675.38
9.77609	694.917	674.987
9.78803	694.516	674.594
9.79997	694.116	674.201
9.8119	693.715	673.808
9.82384	693.315	673.416
9.83578	692.915	673.023
9.84771	692.515	672.631
9.85965	692.115	672.238
9.87159	691.715	671.846
9.88352	691.316	671.454
9.89546	690.916	671.062
9.9074	690.517	670.67
9.91933	690.118	670.278
9.93127	689.719	669.886
9.94321	689.321	669.495
9.95514	688.922	669.103
9.96708	688.524	668.712
9.97901	688.126	668.321
9.99095	687.727	667.93
10.0029	687.33	667.539
10.0148	686.932	667.148
10.0268	686.534	666.757
10.0387	686.137	666.366
10.0506	685.74	665.975
10.0626	685.342	665.585
10.0745	684.945	665.194
10.0864	684.549	664.804
10.0984	684.152	664.414
10.1103	683.755	664.024
10.1223	683.359	663.633
10.1342	682.963	663.243
10.1461	682.567	662.854
10.1581	682.171	662.464
10.17	681.775	662.074
10.1819	681.379	661.684
10.1939	680.984	661.295
10.2058	680.588	660.905
10.2177	680.193	660.516
10.2297	679.798	660.127
10.2416	679.403	659.737
10.2536	679.008	659.348
10.2655	678.614	658.959
10.2774	678.219	658.57
10.2894	677.825	658.181
10.3013	677.43	657.792
10.3132	677.036	657.404
10.3252	676.642	657.015
10.3371	676.248	656.626
10.3491	675.855	656.238
10.361	675.461	655.849
10.3729	675.068	655.461
10.3849	674.674	655.072
10.3968	674.281	654.684
10.4087	673.888	654.296
10.4207	673.495	653.908
10.4326	673.102	653.52
10.4445	672.709	653.132
10.4565	672.317	652.744
10.4684	671.924	652.356
10.4804	671.532	651.968
10.4923	671.139	651.58
10.5042	670.747	651.193
10.5162	670.355	650.805
10.5281	669.963	650.417
10.54	669.571	650.03
10.552	669.18	649.642
10.5639	668.788	649.255
10.5758	668.397	648.867
10.5878	668.005	648.48
10.5997	667.614	648.093
10.6117	667.223	647.706
10.6236	666.832	647.318
10.6355	666.441	646.931
10.6475	666.05	646.544
10.6594	665.659	646.157
10.6713	665.268	645.77
10.6833	664.878	645.383
10.6952	664.487	644.996
10.7071	664.097	644.609
10.7191	663.707	644.222
10.731	663.317	643.836
10.743	662.927	643.449
10.7549	662.537	643.062
10.7668	662.147	642.675
10.7788	661.757	642.289
10.7907	661.367	641.902
10.8026	660.978	641.516
10.8146	660.588	641.129
10.8265	660.199	640.743
10.8385	659.809	640.356
10.8504	659.42	639.97
10.8623	659.031	639.583
10.8743	658.642	639.197
10.8862	658.253	638.81
10.8981	657.864	638.424
10.9101	657.475	638.038
10.922	657.086	637.652
10.9339	656.697	637.265
10.9459	656.308	636.879
10.9578	655.92	636.493
10.9698	655.531	636.107
10.9817	655.143	635.721
10.9936	654.755	635.334
11.0056	654.366	634.948
11.0175	653.978	634.562
11.0294	653.59	634.176
11.0414	653.202	633.79
11.0533	652.814	633.404
11.0652	652.426	633.018
11.0772	652.038	632.632
11.0891	651.65	632.246
11.1011	651.262	631.86
11.113	650.875	631.474
11.1249	650.487	631.088
11.1369	650.099	630.702
11.1488	649.712	630.316
11.1607	649.324	629.93
11.1727	648.937	629.544
11.1846	648.549	629.159
11.1966	648.162	628.773
11.2085	647.775	628.387
11.2204	647.388	628.001
11.2324	647	627.615
11.2443	646.613	627.229
11.2562	646.226	626.843
11.2682	645.839	626.458
11.2801	645.452	626.072
11.292	645.065	625.686
11.304	644.678	625.3
11.3159	644.292	624.914
11.3279	643.905	624.529
11.3398	643.518	624.143
11.3517	643.131	623.757
11.3637	642.745	623.371
11.3756	642.358	622.985
11.3875	641.971	622.6
11.3995	641.585	622.214
11.4114	641.198	621.828
11.4233	640.812	621.442
11.4353	640.425	621.056
11.4472	640.039	620.67
11.4592	639.652	620.285
11.4711	639.266	619.899
11.483	638.88	619.513
11.495	638.493	619.127
11.5069	638.107	618.741
11.5188	637.721	618.356
11.5308	637.335	617.97
11.5427	636.948	617.584
11.5546	636.562	617.198
11.5666	636.176	616.812
11.5785	635.79	616.426
11.5905	635.404	616.04
11.6024	635.018	615.654
11.6143	634.632	615.269
11.6263	634.246	614.883
11.6382	633.86	614.497
11.6501	633.474	614.111
11.6621	633.088	613.725
11.674	632.702	613.339
11.686	632.316	612.953
11.6979	631.93	612.567
11.7098	631.544	612.181
11.7218	631.158	611.795
11.7337	630.772	611.409
11.7456	630.387	611.023
11.7576	630.001	610.637
11.7695	629.615	610.251
11.7814	629.229	609.865
11.7934	628.843	609.479
11.8053	628.457	609.093
11.8173	628.072	608.707
11.8292	627.686	608.32
11.8411	627.3	607.934
11.8531	626.914	607.548
11.865	626.529	607.162
11.8769	626.143	606.776
11.8889	625.757	606.39
11.9008	625.371	606.003
11.9127	624.986	605.617
11.9247	624.6	605.231
11.9366	624.214	604.845
11.9486	623.828	604.458
11.9605	623.443	604.072
11.9724	623.057	603.686
11.9844	622.671	603.299
11.9963	622.285	602.913
12.0082	621.9	602.527
12.0202	621.514	602.14
12.0321	621.128	601.754
12.0441	620.743	601.367
12.056	620.357	600.981
12.0679	619.971	600.594
12.0799	619.585	600.208
12.0918	619.2	599.821
12.1037	618.814	599.435
12.1157	618.428	599.048
12.1276	618.042	598.662
12.1395	617.657	598.275
12.1515	617.271	597.888
12.1634	616.885	597.502
12.1754	616.499	597.115
12.1873	616.113	596.728
12.1992	615.728	596.342
12.2112	615.342	595.955
12.2231	614.956	595.568
12.235	614.57	595.181
12.247	614.184	594.794
12.2589	613.799	594.408
12.2708	613.413	594.021
12.2828	613.027	593.634
12.2947	612.641	593.247
12.3067	612.255	592.86
12.3186	611.869	592.473
12.3305	611.483	592.086
12.3425	611.097	591.699
12.3544	610.711	591.312
12.3663	610.325	590.925
12.3783	609.939	590.538
12.3902	609.553	590.151
12.4021	609.167	589.764
12.4141	608.781	589.376
12.426	608.395	588.989
12.438	608.009	588.602
12.4499	607.623	588.215
12.4618	607.237	587.828
12.4738	606.851	587.44
12.4857	606.465	587.053
12.4976	606.079	586.666
12.5096	605.693	586.278
12.5215	605.307	585.891
12.5335	604.92	585.504
12.5454	604.534	585.116
12.5573	604.148	584.729
12.5693	603.762	584.341
12.5812	603.375	583.954
12.5931	602.989	583.566
12.6051	602.603	583.179
12.617	602.217	582.791
12.6289	601.83	582.403
12.6409	601.444	582.016
12.6528	601.058	581.628
12.6648	600.671	581.24
12.6767	600.285	580.853
12.6886	599.898	580.465
12.7006	599.512	580.077
12.7125	599.125	579.69
12.7244	598.739	579.302
12.7364	598.352	578.914
12.7483	597.966	578.526
12.7602	597.579	578.138
12.7722	597.193	577.75
12.7841	596.806	577.362
12.7961	596.419	576.974
12.808	596.033	576.586
12.8199	595.646	576.198
12.8319	595.259	575.81
12.8438	594.873	575.422
12.8557	594.486	575.034
12.8677	594.099	574.646
12.8796	593.712	574.258
12.8916	593.325	573.87
12.9035	592.938	573.482
12.9154	592.552	573.094
12.9274	592.165	572.705
12.9393	591.778	572.317
12.9512	591.391	571.929
12.9632	591.004	571.541
12.9751	590.617	571.152
12.987	590.23	570.764
12.999	589.843	570.375
13.0109	589.456	569.987
13.0229	589.069	569.599
13.0348	588.682	569.21
13.0467	588.294	568.822
13.0587	587.907	568.433
13.0706	587.52	568.045
13.0825	587.133	567.656
13.0945	586.746	567.268
13.1064	586.358	566.879
13.1183	585.971	566.491
13.1303	585.584	566.102
13.1422	585.196	565.713
13.1542	584.809	565.325
13.1661	584.422	564.936
13.178	584.034	564.547
13.19	583.647	564.159
13.2019	583.259	563.77
13.2138	582.872	563.381
13.2258	582.484	562.992
13.2377	582.097	562.603
13.2496	581.709	562.215
13.2616	581.321	561.826
13.2735	580.934	561.437
13.2855	580.546	561.048
13.2974	580.158	560.659
13.3093	579.771	560.27
13.3213	579.383	559.881
13.3332	578.995	559.492
13.3451	578.608	559.103
13.3571	578.22	558.714
13.369	577.832	558.325
13.381	577.444	557.936
13.3929	577.056	557.547
13.4048	576.668	557.158
13.4168	576.28	556.769
13.4287	575.892	556.38
13.4406	575.504	555.991
13.4526	575.116	555.601
13.4645	574.728	555.212
13.4764	574.34	554.823
13.4884	573.952	554.434
13.5003	573.564	554.045
13.5123	573.176	553.655
13.5242	572.788	553.266
13.5361	572.4	552.877
13.5481	572.011	552.487
13.56	571.623	552.098
13.5719	571.235	551.709
13.5839	570.847	551.319
13.5958	570.458	550.93
13.6077	570.07	550.541
13.6197	569.682	550.151
13.6316	569.293	549.762
13.6436	568.905	549.372
13.6555	568.517	548.983
13.6674	568.128	548.594
13.6794	567.74	548.204
13.6913	567.351	547.815
13.7032	566.963	547.425
13.7152	566.574	547.036
13.7271	566.186	546.646
13.7391	565.797	546.257
13.751	565.409	545.867
13.7629	565.02	545.477
13.7749	564.631	545.088
13.7868	564.243	544.698
13.7987	563.854	544.309
13.8107	563.465	543.919
13.8226	563.077	543.529
13.8345	562.688	543.14
13.8465	562.299	542.75
13.8584	561.91	542.361
13.8704	561.521	541.971
13.8823	561.133	541.581
13.8942	560.744	541.192
13.9062	560.355	540.802
13.9181	559.966	540.412
13.93	559.577	540.022
13.942	559.188	539.633
13.9539	558.799	539.243
13.9658	558.41	538.853
13.9778	558.021	538.464
13.9897	557.632	538.074
14.0017	557.243	537.684
14.0136	556.854	537.294
14.0255	556.465	536.905
14.0375	556.076	536.515
14.0494	555.687	536.125
14.0613	555.298	535.735
14.0733	554.909	535.345
14.0852	554.52	534.956
14.0971	554.131	534.566
14.1091	553.741	534.176
14.121	553.352	533.786
14.133	552.963	533.397
14.1449	552.574	533.007
14.1568	552.185	532.617
14.1688	551.795	532.227
14.1807	551.406	531.837
14.1926	551.017	531.448
14.2046	550.627	531.058
14.2165	550.238	530.668
14.2285	549.849	530.278
14.2404	549.459	529.888
14.2523	549.07	529.499
14.2643	548.681	529.109
14.2762	548.291	528.719
14.2881	547.902	528.329
14.3001	547.512	527.939
14.312	547.123	527.55
14.3239	546.734	527.16
14.3359	546.344	526.77
14.3478	545.955	526.38
14.3598	545.565	525.99
14.3717	545.176	525.601
14.3836	544.786	525.211
14.3956	544.397	524.821
14.4075	544.007	524.431
14.4194	543.618	524.042
14.4314	543.228	523.652
14.4433	542.839	523.262
14.4552	542.449	522.872
14.4672	542.059	522.483
14.4791	541.67	522.093
14.4911	541.28	521.703
14.503	540.891	521.314
14.5149	540.501	520.924
14.5269	540.112	520.534
14.5388	539.722	520.145
14.5507	539.332	519.755
14.5627	538.943	519.365
14.5746	538.553	518.976
14.5866	538.163	518.586
14.5985	537.774	518.196
14.6104	537.384	517.807
14.6224	536.994	517.417
14.6343	536.605	517.028
14.6462	536.215	516.638
14.6582	535.825	516.249
14.6701	535.436	515.859
14.682	535.046	515.47
14.694	534.656	515.08
14.7059	534.267	514.691
14.7179	533.877	514.301
14.7298	533.487	513.912
14.7417	533.098	513.522
14.7537	532.708	513.133
14.7656	532.318	512.744
14.7775	531.929	512.354
14.7895	531.539	511.965
14.8014	531.149	511.576
14.8133	530.76	511.187
14.8253	530.37	510.797
14.8372	529.98	510.408
14.8492	529.59	510.019
14.8611	529.201	509.63
14.873	528.811	509.241
14.885	528.421	508.851
14.8969	528.032	508.462
14.9088	527.642	508.073
14.9208	527.252	507.684
14.9327	526.863	507.295
14.9446	526.473	506.906
14.9566	526.083	506.517
14.9685	525.694	506.128
14.9805	525.304	505.739
14.9924	524.915	505.351
15.0043	524.525	504.962
15.0163	524.135	504.573
15.0282	523.746	504.184
15.0401	523.356	503.795
15.0521	522.966	503.407
15.064	522.577	503.018
15.076	522.187	502.629
15.0879	521.798	502.241
15.0998	521.408	501.852
15.1118	521.019	501.464
15.1237	520.629	501.075
15.1356	520.24	500.687
15.1476	519.85	500.298
15.1595	519.461	499.91
15.1714	519.071	499.522
15.1834	518.682	499.134
15.1953	518.292	498.745
15.2073	517.903	498.357
15.2192	517.513	497.969
15.2311	517.124	497.581
15.2431	516.735	497.193
15.255	516.345	496.805
15.2669	515.956	496.417
15.2789	515.566	496.029
15.2908	515.177	495.641
15.3027	514.788	495.253
15.3147	514.399	494.865
15.3266	514.009	494.478
15.3386	513.62	494.09
15.3505	513.231	493.702
15.3624	512.842	493.315
15.3744	512.452	492.927
15.3863	512.063	492.54
15.3982	511.674	492.153
15.4102	511.285	491.765
15.4221	510.896	491.378
15.4341	510.507	490.991
15.446	510.118	490.604
15.4579	509.729	490.216
15.4699	509.34	489.829
15.4818	508.951	489.442
15.4937	508.562	489.055
15.5057	508.173	488.669
15.5176	507.784	488.282
15.5295	507.395	487.895
15.5415	507.007	487.508
15.5534	506.618	487.122
15.5654	506.229	486.735
15.5773	505.84	486.349
15.5892	505.452	485.962
15.6012	505.063	485.576
15.6131	504.674	485.19
15.625	504.286	484.804
15.637	503.897	484.417
15.6489	503.509	484.031
15.6608	503.12	483.645
15.6728	502.732	483.26
15.6847	502.344	482.874
15.6967	501.955	482.488
15.7086	501.567	482.102
15.7205	501.179	481.717
15.7325	500.79	481.331
15.7444	500.402	480.946
15.7563	500.014	480.56
15.7683	499.626	480.175
15.7802	499.238	479.79
15.7921	498.85	479.405
15.8041	498.462	479.02
15.816	498.074	478.635
15.828	497.686	478.25
15.8399	497.298	477.865
15.8518	496.91	477.481
15.8638	496.523	477.096
15.8757	496.135	476.712
15.8876	495.747	476.327
15.8996	495.36	475.943
15.9115	494.972	475.559
15.9235	494.584	475.174
15.9354	494.197	474.79
15.9473	493.81	474.407
15.9593	493.422	474.023
15.9712	493.035	473.639
15.9831	492.648	473.255
15.9951	492.261	472.872
16.007	491.873	472.488
16.0189	491.486	472.105
16.0309	491.099	471.722
16.0428	490.712	471.339
16.0548	490.326	470.956
16.0667	489.939	470.573
16.0786	489.552	470.19
16.0906	489.165	469.807
16.1025	488.779	469.425
16.1144	488.392	469.042
16.1264	488.006	468.66
16.1383	487.619	468.278
16.1502	487.233	467.895
16.1622	486.846	467.513
16.1741	486.46	467.132
16.1861	486.074	466.75
16.198	485.688	466.368
16.2099	485.302	465.987
16.2219	484.916	465.605
16.2338	484.53	465.224
16.2457	484.144	464.843
16.2577	483.759	464.462
16.2696	483.373	464.081
16.2816	482.987	463.7
16.2935	482.602	463.319
16.3054	482.216	462.939
16.3174	481.831	462.558
16.3293	481.446	462.178
16.3412	481.061	461.798
16.3532	480.675	461.418
16.3651	480.29	461.038
16.377	479.905	460.658
16.389	479.521	460.279
16.4009	479.136	459.899
16.4129	478.751	459.52
16.4248	478.367	459.141
16.4367	477.982	458.762
16.4487	477.598	458.383
16.4606	477.213	458.004
16.4725	476.829	457.626
16.4845	476.445	457.247
16.4964	476.061	456.869
16.5083	475.677	456.491
16.5203	475.293	456.113
16.5322	474.909	455.735
16.5442	474.526	455.357
16.5561	474.142	454.98
16.568	473.759	454.602
16.58	473.375	454.225
16.5919	472.992	453.848
16.6038	472.609	453.471
16.6158	472.226	453.094
16.6277	471.843	452.718
16.6396	471.46	452.341
16.6516	471.077	451.965
16.6635	470.694	451.589
16.6755	470.312	451.213
16.6874	469.93	450.837
16.6993	469.547	450.462
16.7113	469.165	450.086
16.7232	468.783	449.711
16.7351	468.401	449.336
16.7471	468.019	448.961
16.759	467.637	448.587
16.771	467.256	448.212
16.7829	466.874	447.838
16.7948	466.493	447.464
16.8068	466.112	447.09
16.8187	465.73	446.716
16.8306	465.349	446.342
16.8426	464.969	445.969
16.8545	464.588	445.596
16.8664	464.207	445.223
16.8784	463.827	444.85
16.8903	463.446	444.477
16.9023	463.066	444.105
16.9142	462.686	443.733
16.9261	462.306	443.361
16.9381	461.926	442.989
16.95	461.546	442.617
16.9619	461.167	442.246
16.9739	460.787	441.874
16.9858	460.408	441.503
16.9977	460.029	441.132
17.0097	459.65	440.762
17.0216	459.271	440.391
17.0336	458.892	440.021
17.0455	458.514	439.651
17.0574	458.135	439.281
17.0694	457.757	438.912
17.0813	457.379	438.543
17.0932	457.001	438.173
17.1052	456.623	437.805
17.1171	456.245	437.436
17.1291	455.868	437.067
17.141	455.49	436.699
17.1529	455.113	436.331
17.1649	454.736	435.963
17.1768	454.359	435.596
17.1887	453.982	435.229
17.2007	453.606	434.861
17.2126	453.229	434.495
17.2245	452.853	434.128
17.2365	452.477	433.762
17.2484	452.101	433.395
17.2604	451.725	433.029
17.2723	451.349	432.664
17.2842	450.974	432.298
17.2962	450.599	431.933
17.3081	450.224	431.568
17.32	449.849	431.204
17.332	449.474	430.839
17.3439	449.099	430.475
17.3558	448.725	430.111
17.3678	448.351	429.747
17.3797	447.977	429.384
17.3917	447.603	429.021
17.4036	447.229	428.658
17.4155	446.856	428.295
17.4275	446.482	427.933
17.4394	446.109	427.571
17.4513	445.736	427.209
17.4633	445.364	426.847
17.4752	444.991	426.486
17.4871	444.619	426.125
17.4991	444.247	425.764
17.511	443.875	425.403
17.523	443.503	425.043
17.5349	443.131	424.683
17.5468	442.76	424.324
17.5588	442.389	423.964
17.5707	442.018	423.605
17.5826	441.647	423.246
17.5946	441.277	422.888
17.6065	440.906	422.529
17.6185	440.536	422.171
17.6304	440.166	421.814
17.6423	439.797	421.456
17.6543	439.427	421.099
17.6662	439.058	420.742
17.6781	438.689	420.386
17.6901	438.32	420.029
17.702	437.951	419.674
17.7139	437.583	419.318
17.7259	437.215	418.963
17.7378	436.847	418.608
17.7498	436.479	418.253
17.7617	436.112	417.898
17.7736	435.744	417.544
17.7856	435.377	417.19
17.7975	435.011	416.837
17.8094	434.644	416.484
17.8214	434.278	416.131
17.8333	433.912	415.778
17.8452	433.546	415.426
17.8572	433.18	415.074
17.8691	432.815	414.723
17.8811	432.45	414.371
17.893	432.085	414.02
17.9049	431.72	413.67
17.9169	431.356	413.32
17.9288	430.991	412.97
17.9407	430.628	412.62
17.9527	430.264	412.271
17.9646	429.9	411.922
17.9766	429.537	411.573
17.9885	429.174	411.225
18.0004	428.812	410.877
18.0124	428.449	410.529
18.0243	428.087	410.182
18.0362	427.725	409.835
18.0482	427.364	409.489
18.0601	427.003	409.142
18.072	426.641	408.796
18.084	426.281	408.451
18.0959	425.92	408.106
18.1079	425.56	407.761
18.1198	425.2	407.417
18.1317	424.84	407.072
18.1437	424.481	406.729
18.1556	424.122	406.385
18.1675	423.763	406.042
18.1795	423.404	405.7
18.1914	423.046	405.357
18.2033	422.688	405.016
18.2153	422.33	404.674
18.2272	421.973	404.333
18.2392	421.616	403.992
18.2511	421.259	403.652
18.263	420.902	403.312
18.275	420.546	402.972
18.2869	420.19	402.633
18.2988	419.834	402.294
18.3108	419.479	401.955
18.3227	419.124	401.617
18.3346	418.769	401.279
18.3466	418.415	400.942
18.3585	418.06	400.605
18.3705	417.707	400.269
18.3824	417.353	399.932
18.3943	417	399.597
18.4063	416.647	399.261
18.4182	416.294	398.926
18.4301	415.942	398.592
18.4421	415.59	398.258
18.454	415.238	397.924
18.466	414.887	397.59
18.4779	414.536	397.257
18.4898	414.185	396.925
18.5018	413.835	396.593
18.5137	413.485	396.261
18.5256	413.135	395.93
18.5376	412.786	395.599
18.5495	412.437	395.268
18.5614	412.088	394.938
18.5734	411.74	394.609
18.5853	411.392	394.279
18.5973	411.044	393.95
18.6092	410.697	393.622
18.6211	410.35	393.294
18.6331	410.003	392.967
18.645	409.657	392.64
18.6569	409.311	392.313
18.6689	408.965	391.987
18.6808	408.62	391.661
18.6927	408.275	391.335
18.7047	407.93	391.011
18.7166	407.586	390.686
18.7286	407.242	390.362
18.7405	406.898	390.038
18.7524	406.555	389.715
18.7644	406.213	389.393
18.7763	405.87	389.07
18.7882	405.528	388.748
18.8002	405.186	388.427
18.8121	404.845	388.106
18.8241	404.504	387.786
18.836	404.164	387.466
18.8479	403.823	387.146
18.8599	403.483	386.827
18.8718	403.144	386.509
18.8837	402.805	386.19
18.8957	402.466	385.873
18.9076	402.128	385.555
18.9195	401.79	385.239
18.9315	401.452	384.922
18.9434	401.115	384.607
18.9554	400.779	384.291
18.9673	400.442	383.976
18.9792	400.106	383.662
18.9912	399.771	383.348
19.0031	399.435	383.034
19.015	399.101	382.722
19.027	398.766	382.409
19.0389	398.432	382.097
19.0508	398.099	381.785
19.0628	397.765	381.474
19.0747	397.433	381.164
19.0867	397.1	380.854
19.0986	396.768	380.544
19.1105	396.437	380.235
19.1225	396.105	379.927
19.1344	395.775	379.618
19.1463	395.444	379.311
19.1583	395.115	379.004
19.1702	394.785	378.697
19.1821	394.456	378.391
19.1941	394.127	378.085
19.206	393.799	377.78
19.218	393.471	377.476
19.2299	393.144	377.172
19.2418	392.817	376.868
19.2538	392.49	376.565
19.2657	392.164	376.262
19.2776	391.839	375.96
19.2896	391.513	375.659
19.3015	391.189	375.358
19.3135	390.864	375.057
19.3254	390.54	374.757
19.3373	390.217	374.458
19.3493	389.894	374.159
19.3612	389.571	373.86
19.3731	389.249	373.562
19.3851	388.927	373.265
19.397	388.606	372.968
19.4089	388.285	372.672
19.4209	387.965	372.376
19.4328	387.645	372.081
19.4448	387.326	371.786
19.4567	387.007	371.492
19.4686	386.688	371.198
19.4806	386.37	370.905
19.4925	386.053	370.612
19.5044	385.736	370.32
19.5164	385.419	370.028
19.5283	385.103	369.737
19.5402	384.787	369.447
19.5522	384.472	369.157
19.5641	384.157	368.868
19.5761	383.843	368.579
19.588	383.529	368.291
19.5999	383.215	368.003
19.6119	382.902	367.716
19.6238	382.59	367.429
19.6357	382.278	367.143
19.6477	381.967	366.857
19.6596	381.656	366.572
19.6716	381.345	366.288
19.6835	381.035	366.004
19.6954	380.726	365.721
19.7074	380.417	365.438
19.7193	380.108	365.156
19.7312	379.8	364.874
19.7432	379.492	364.593
19.7551	379.185	364.313
19.767	378.879	364.033
19.779	378.573	363.753
19.7909	378.267	363.475
19.8029	377.962	363.196
19.8148	377.658	362.919
19.8267	377.353	362.642
19.8387	377.05	362.365
19.8506	376.747	362.089
19.8625	376.444	361.814
19.8745	376.142	361.539
19.8864	375.841	361.265
19.8983	375.54	360.991
19.9103	375.239	360.718
19.9222	374.939	360.445
19.9342	374.64	360.173
19.9461	374.341	359.902
19.958	374.042	359.631
19.97	373.744	359.361
19.9819	373.447	359.092
19.9938	373.15	358.823
20.0058	372.854	358.554
20.0177	372.558	358.286
20.0296	372.263	358.019
20.0416	371.968	357.752
20.0535	371.674	357.486
20.0655	371.38	357.221
20.0774	371.087	356.956
20.0893	370.794	356.692
20.1013	370.502	356.428
20.1132	370.211	356.165
20.1251	369.92	355.903
20.1371	369.629	355.641
20.149	369.339	355.379
20.161	369.05	355.119
20.1729	368.761	354.858
20.1848	368.473	354.599
20.1968	368.185	354.34
20.2087	367.898	354.082
20.2206	367.611	353.824
20.2326	367.325	353.567
20.2445	367.039	353.31
20.2564	366.754	353.055
20.2684	366.47	352.799
20.2803	366.186	352.545
20.2923	365.902	352.291
20.3042	365.62	352.037
20.3161	365.337	351.784
20.3281	365.056	351.532
20.34	364.774	351.28
20.3519	364.494	351.029
20.3639	364.214	350.779
20.3758	363.934	350.529
20.3877	363.655	350.28
20.3997	363.377	350.031
20.4116	363.099	349.784
20.4236	362.822	349.536
20.4355	362.546	349.289
20.4474	362.27	349.043
20.4594	361.994	348.798
20.4713	361.719	348.553
20.4832	361.445	348.309
20.4952	361.171	348.065
20.5071	360.898	347.822
20.5191	360.625	347.58
20.531	360.353	347.338
20.5429	360.082	347.097
20.5549	359.811	346.856
20.5668	359.541	346.617
20.5787	359.271	346.377
20.5907	359.002	346.139
20.6026	358.733	345.901
20.6145	358.465	345.663
20.6265	358.198	345.426
20.6384	357.931	345.19
20.6504	357.665	344.955
20.6623	357.399	344.72
20.6742	357.134	344.486
20.6862	356.87	344.252
20.6981	356.606	344.019
20.71	356.343	343.787
20.722	356.08	343.555
20.7339	355.818	343.324
20.7458	355.557	343.093
20.7578	355.296	342.864
20.7697	355.036	342.634
20.7817	354.776	342.406
20.7936	354.517	342.178
20.8055	354.258	341.951
20.8175	354	341.724
20.8294	353.743	341.498
20.8413	353.487	341.272
20.8533	353.23	341.048
20.8652	352.975	340.824
20.8771	352.72	340.6
20.8891	352.466	340.377
20.901	352.212	340.155
20.913	351.959	339.933
20.9249	351.707	339.712
20.9368	351.455	339.492
20.9488	351.204	339.272
20.9607	350.953	339.053
20.9726	350.703	338.835
20.9846	350.454	338.617
20.9965	350.205	338.4
21.0085	349.957	338.184
21.0204	349.709	337.968
21.0323	349.462	337.753
21.0443	349.216	337.538
21.0562	348.97	337.324
21.0681	348.725	337.111
21.0801	348.481	336.898
21.092	348.237	336.686
21.1039	347.994	336.475
21.1159	347.751	336.264
21.1278	347.509	336.054
21.1398	347.268	335.844
21.1517	347.027	335.636
21.1636	346.787	335.427
21.1756	346.547	335.22
21.1875	346.309	335.013
21.1994	346.07	334.807
21.2114	345.833	334.601
21.2233	345.596	334.396
21.2352	345.359	334.192
21.2472	345.123	333.988
21.2591	344.888	333.785
21.2711	344.654	333.583
21.283	344.42	333.381
21.2949	344.187	333.18
21.3069	343.954	332.979
21.3188	343.722	332.779
21.3307	343.491	332.58
21.3427	343.26	332.382
21.3546	343.03	332.184
21.3666	342.8	331.986
21.3785	342.572	331.79
21.3904	342.343	331.594
21.4024	342.116	331.398
21.4143	341.889	331.204
21.4262	341.662	331.009
21.4382	341.437	330.816
21.4501	341.212	330.623
21.462	340.987	330.431
21.474	340.763	330.24
21.4859	340.54	330.049
21.4979	340.318	329.858
21.5098	340.096	329.669
21.5217	339.875	329.48
21.5337	339.654	329.291
21.5456	339.434	329.104
21.5575	339.215	328.917
21.5695	338.996	328.73
21.5814	338.778	328.544
21.5933	338.56	328.359
21.6053	338.344	328.175
21.6172	338.127	327.991
21.6292	337.912	327.808
21.6411	337.697	327.625
21.653	337.483	327.443
21.665	337.269	327.262
21.6769	337.056	327.081
21.6888	336.844	326.901
21.7008	336.632	326.721
21.7127	336.421	326.543
21.7246	336.211	326.364
21.7366	336.001	326.187
21.7485	335.792	326.01
21.7605	335.583	325.834
21.7724	335.375	325.658
21.7843	335.168	325.483
21.7963	334.961	325.309
21.8082	334.755	325.135
21.8201	334.55	324.962
21.8321	334.345	324.789
21.844	334.141	324.617
21.856	333.938	324.446
21.8679	333.735	324.275
21.8798	333.533	324.105
21.8918	333.332	323.936
21.9037	333.131	323.767
21.9156	332.93	323.599
21.9276	332.731	323.432
21.9395	332.532	323.265
21.9514	332.334	323.099
21.9634	332.136	322.933
21.9753	331.939	322.768
21.9873	331.743	322.604
21.9992	331.547	322.44
22.0111	331.352	322.277
22.0231	331.157	322.114
22.035	330.963	321.952
22.0469	330.77	321.791
22.0589	330.578	321.63
22.0708	330.386	321.47
22.0827	330.194	321.311
22.0947	330.004	321.152
22.1066	329.814	320.994
22.1186	329.624	320.836
22.1305	329.436	320.679
22.1424	329.248	320.523
22.1544	329.06	320.367
22.1663	328.873	320.212
22.1782	328.687	320.058
22.1902	328.501	319.904
22.2021	328.317	319.75
22.2141	328.132	319.598
22.226	327.949	319.446
22.2379	327.766	319.294
22.2499	327.583	319.143
22.2618	327.401	318.993
22.2737	327.22	318.843
22.2857	327.04	318.694
22.2976	326.86	318.546
22.3095	326.681	318.398
22.3215	326.502	318.251
22.3334	326.324	318.104
22.3454	326.147	317.958
22.3573	325.97	317.813
22.3692	325.794	317.668
22.3812	325.619	317.524
22.3931	325.444	317.38
22.405	325.27	317.237
22.417	325.096	317.095
22.4289	324.923	316.953
22.4408	324.751	316.811
22.4528	324.579	316.671
22.4647	324.408	316.531
22.4767	324.238	316.391
22.4886	324.068	316.252
22.5005	323.899	316.114
22.5125	323.73	315.976
22.5244	323.562	315.839
22.5363	323.395	315.703
22.5483	323.228	315.567
22.5602	323.062	315.431
22.5721	322.897	315.296
22.5841	322.732	315.162
22.596	322.568	315.028
22.608	322.404	314.895
22.6199	322.241	314.763
22.6318	322.079	314.631
22.6438	321.917	314.5
22.6557	321.756	314.369
22.6676	321.596	314.239
22.6796	321.436	314.109
22.6915	321.277	313.98
22.7035	321.118	313.852
22.7154	320.96	313.724
22.7273	320.802	313.596
22.7393	320.646	313.47
22.7512	320.49	313.343
22.7631	320.334	313.218
22.7751	320.179	313.093
22.787	320.025	312.968
22.7989	319.871	312.844
22.8109	319.718	312.721
22.8228	319.565	312.598
22.8348	319.413	312.476
22.8467	319.262	312.354
22.8586	319.111	312.233
22.8706	318.961	312.112
22.8825	318.812	311.992
22.8944	318.663	311.873
22.9064	318.515	311.754
22.9183	318.367	311.636
22.9302	318.22	311.518
22.9422	318.073	311.401
22.9541	317.927	311.284
22.9661	317.782	311.168
22.978	317.637	311.052
22.9899	317.493	310.937
23.0019	317.35	310.822
23.0138	317.207	310.708
23.0257	317.065	310.595
23.0377	316.923	310.482
23.0496	316.782	310.37
23.0616	316.641	310.258
23.0735	316.501	310.146
23.0854	316.362	310.036
23.0974	316.223	309.925
23.1093	316.085	309.816
23.1212	315.947	309.706
23.1332	315.81	309.598
23.1451	315.674	309.49
23.157	315.538	309.382
23.169	315.403	309.275
23.1809	315.268	309.168
23.1929	315.134	309.062
23.2048	315	308.957
23.2167	314.867	308.852
23.2287	314.735	308.747
23.2406	314.603	308.643
23.2525	314.472	308.54
23.2645	314.341	308.437
23.2764	314.211	308.334
23.2883	314.082	308.233
23.3003	313.953	308.131
23.3122	313.825	308.03
23.3242	313.697	307.93
23.3361	313.57	307.83
23.348	313.443	307.731
23.36	313.317	307.632
23.3719	313.191	307.533
23.3838	313.066	307.435
23.3958	312.942	307.338
23.4077	312.818	307.241
23.4196	312.695	307.145
23.4316	312.572	307.049
23.4435	312.45	306.954
23.4555	312.328	306.859
23.4674	312.207	306.764
23.4793	312.087	306.67
23.4913	311.967	306.577
23.5032	311.848	306.484
23.5151	311.729	306.391
23.5271	311.61	306.299
23.539	311.493	306.208
23.551	311.376	306.117
23.5629	311.259	306.026
23.5748	311.143	305.936
23.5868	311.027	305.847
23.5987	310.912	305.758
23.6106	310.798	305.669
23.6226	310.684	305.581
23.6345	310.571	305.493
23.6464	310.458	305.406
23.6584	310.345	305.319
23.6703	310.234	305.233
23.6823	310.122	305.147
23.6942	310.012	305.062
23.7061	309.901	304.977
23.7181	309.792	304.893
23.73	309.683	304.809
23.7419	309.574	304.725
23.7539	309.466	304.642
23.7658	309.359	304.56
23.7777	309.252	304.478
23.7897	309.145	304.397
23.8016	309.039	304.317
23.8136	308.934	304.239
23.8255	308.829	304.164
23.8374	308.725	304.093
23.8494	308.621	304.031
23.8613	308.52	303.985
23.8732	308.471	303.967
