0	788.243	801.803
0.0119366	788.107	801.747
0.0238732	787.827	801.603
0.0358099	787.541	801.406
0.0477465	787.254	801.181
0.0596831	786.965	800.938
0.0716197	786.676	800.686
0.0835563	786.386	800.428
0.095493	786.096	800.166
0.10743	785.805	799.903
0.119366	785.514	799.638
0.131303	785.222	799.372
0.143239	784.93	799.105
0.155176	784.637	798.837
0.167113	784.344	798.569
0.179049	784.051	798.3
0.190986	783.756	798.031
0.202923	783.462	797.761
0.214859	783.167	797.491
0.226796	782.871	797.22
0.238732	782.575	796.948
0.250669	782.279	796.676
0.262606	781.982	796.404
0.274542	781.684	796.131
0.286479	781.387	795.857
0.298416	781.088	795.583
0.310352	780.79	795.309
0.322289	780.49	795.034
0.334225	780.191	794.758
0.346162	779.89	794.482
0.358099	779.59	794.206
0.370035	779.289	793.929
0.381972	778.987	793.651
0.393908	778.685	793.373
0.405845	778.383	793.095
0.417782	778.08	792.816
0.429718	777.777	792.536
0.441655	777.473	792.256
0.453592	777.169	791.976
0.465528	776.864	791.695
0.477465	776.559	791.413
0.489401	776.254	791.131
0.501338	775.948	790.848
0.513275	775.641	790.565
0.525211	775.334	790.282
0.537148	775.027	789.998
0.549085	774.719	789.713
0.561021	774.411	789.428
0.572958	774.103	789.143
0.584894	773.794	788.857
0.596831	773.484	788.571
0.608768	773.174	788.284
0.620704	772.864	787.996
0.632641	772.553	787.708
0.644578	772.242	787.42
0.656514	771.931	787.131
0.668451	771.619	786.842
0.680387	771.306	786.552
0.692324	770.993	786.261
0.704261	770.68	785.971
0.716197	770.366	785.679
0.728134	770.052	785.388
0.74007	769.738	785.095
0.752007	769.423	784.803
0.763944	769.107	784.51
0.77588	768.791	784.216
0.787817	768.475	783.922
0.799754	768.159	783.627
0.81169	767.842	783.332
0.823627	767.524	783.037
0.835563	767.206	782.741
0.8475	766.888	782.444
0.859437	766.569	782.147
0.871373	766.25	781.85
0.88331	765.931	781.552
0.895247	765.611	781.254
0.907183	765.291	780.955
0.91912	764.97	780.656
0.931056	764.649	780.356
0.942993	764.328	780.056
0.95493	764.006	779.755
0.966866	763.684	779.454
0.978803	763.361	779.153
0.99074	763.038	778.851
1.00268	762.714	778.548
1.01461	762.391	778.245
1.02655	762.066	777.942
1.03849	761.742	777.638
1.05042	761.417	777.334
1.06236	761.092	777.029
1.0743	760.766	776.724
1.08623	760.44	776.419
1.09817	760.113	776.113
1.11011	759.786	775.806
1.12204	759.459	775.499
1.13398	759.131	775.192
1.14592	758.803	774.884
1.15785	758.475	774.576
1.16979	758.146	774.267
1.18173	757.817	773.958
1.19366	757.488	773.649
1.2056	757.158	773.339
1.21754	756.828	773.029
1.22947	756.497	772.718
1.24141	756.166	772.407
1.25335	755.835	772.095
1.26528	755.503	771.783
1.27722	755.171	771.47
1.28916	754.839	771.157
1.30109	754.506	770.844
1.31303	754.173	770.53
1.32496	753.839	770.216
1.3369	753.505	769.902
1.34884	753.171	769.586
1.36077	752.837	769.271
1.37271	752.502	768.955
1.38465	752.167	768.639
1.39658	751.831	768.322
1.40852	751.495	768.005
1.42046	751.159	767.688
1.43239	750.822	767.37
1.44433	750.485	767.051
1.45627	750.148	766.733
1.4682	749.81	766.414
1.48014	749.472	766.094
1.49208	749.134	765.774
1.50401	748.795	765.454
1.51595	748.456	765.133
1.52789	748.117	764.812
1.53982	747.777	764.49
1.55176	747.437	764.168
1.5637	747.097	763.846
1.57563	746.756	763.523
1.58757	746.415	763.2
1.59951	746.074	762.877
1.61144	745.733	762.553
1.62338	745.391	762.228
1.63532	745.048	761.904
1.64725	744.706	761.579
1.65919	744.363	761.253
1.67113	744.02	760.927
1.68306	743.676	760.601
1.695	743.332	760.275
1.70694	742.988	759.948
1.71887	742.644	759.62
1.73081	742.299	759.293
1.74275	741.954	758.964
1.75468	741.608	758.636
1.76662	741.263	758.307
1.77856	740.917	757.978
1.79049	740.57	757.648
1.80243	740.224	757.318
1.81437	739.877	756.988
1.8263	739.53	756.657
1.83824	739.182	756.326
1.85018	738.834	755.995
1.86211	738.486	755.663
1.87405	738.138	755.331
1.88599	737.789	754.998
1.89792	737.44	754.665
1.90986	737.091	754.332
1.9218	736.741	753.998
1.93373	736.391	753.664
1.94567	736.041	753.33
1.95761	735.691	752.995
1.96954	735.34	752.66
1.98148	734.989	752.325
1.99342	734.637	751.989
2.00535	734.286	751.653
2.01729	733.934	751.317
2.02923	733.582	750.98
2.04116	733.229	750.643
2.0531	732.877	750.306
2.06504	732.524	749.968
2.07697	732.171	749.63
2.08891	731.817	749.291
2.10085	731.463	748.952
2.11278	731.109	748.613
2.12472	730.755	748.274
2.13666	730.4	747.934
2.14859	730.045	747.594
2.16053	729.69	747.253
2.17246	729.335	746.913
2.1844	728.979	746.571
2.19634	728.623	746.23
2.20827	728.267	745.888
2.22021	727.911	745.546
2.23215	727.554	745.204
2.24408	727.197	744.861
2.25602	726.84	744.518
2.26796	726.483	744.175
2.27989	726.125	743.831
2.29183	725.767	743.487
2.30377	725.409	743.143
2.3157	725.05	742.798
2.32764	724.692	742.453
2.33958	724.333	742.108
2.35151	723.974	741.762
2.36345	723.614	741.416
2.37539	723.255	741.07
2.38732	722.895	740.724
2.39926	722.535	740.377
2.4112	722.174	740.03
2.42313	721.814	739.682
2.43507	721.453	739.335
2.44701	721.092	738.987
2.45894	720.73	738.638
2.47088	720.369	738.29
2.48282	720.007	737.941
2.49475	719.645	737.592
2.50669	719.283	737.242
2.51863	718.921	736.892
2.53056	718.558	736.542
2.5425	718.195	736.192
2.55444	717.832	735.841
2.56637	717.469	735.49
2.57831	717.105	735.139
2.59025	716.741	734.788
2.60218	716.377	734.436
2.61412	716.013	734.084
2.62606	715.649	733.732
2.63799	715.284	733.379
2.64993	714.919	733.026
2.66187	714.554	732.673
2.6738	714.189	732.319
2.68574	713.823	731.966
2.69768	713.458	731.612
2.70961	713.092	731.258
2.72155	712.726	730.903
2.73349	712.359	730.548
2.74542	711.993	730.193
2.75736	711.626	729.838
2.7693	711.259	729.482
2.78123	710.892	729.127
2.79317	710.525	728.77
2.80511	710.157	728.414
2.81704	709.79	728.057
2.82898	709.422	727.701
2.84092	709.054	727.343
2.85285	708.685	726.986
2.86479	708.317	726.628
2.87673	707.948	726.271
2.88866	707.579	725.912
2.9006	707.21	725.554
2.91254	706.841	725.195
2.92447	706.472	724.837
2.93641	706.102	724.477
2.94835	705.732	724.118
2.96028	705.363	723.758
2.97222	704.992	723.399
2.98416	704.622	723.039
2.99609	704.252	722.678
3.00803	703.881	722.318
3.01997	703.51	721.957
3.0319	703.139	721.596
3.04384	702.768	721.235
3.05577	702.397	720.873
3.06771	702.025	720.511
3.07965	701.653	720.149
3.09158	701.281	719.787
3.10352	700.909	719.425
3.11546	700.537	719.062
3.12739	700.165	718.699
3.13933	699.792	718.336
3.15127	699.42	717.973
3.1632	699.047	717.609
3.17514	698.674	717.245
3.18708	698.301	716.881
3.19901	697.927	716.517
3.21095	697.554	716.153
3.22289	697.18	715.788
3.23482	696.806	715.423
3.24676	696.432	715.058
3.2587	696.058	714.693
3.27063	695.684	714.328
3.28257	695.309	713.962
3.29451	694.935	713.596
3.30644	694.56	713.23
3.31838	694.185	712.864
3.33032	693.81	712.497
3.34225	693.435	712.13
3.35419	693.06	711.763
3.36613	692.684	711.396
3.37806	692.309	711.029
3.39	691.933	710.661
3.40194	691.557	710.294
3.41387	691.181	709.926
3.42581	690.805	709.558
3.43775	690.429	709.189
3.44968	690.052	708.821
3.46162	689.676	708.452
3.47356	689.299	708.083
3.48549	688.922	707.714
3.49743	688.545	707.345
3.50937	688.168	706.976
3.5213	687.791	706.606
3.53324	687.414	706.236
3.54518	687.036	705.866
3.55711	686.658	705.496
3.56905	686.281	705.126
3.58099	685.903	704.755
3.59292	685.525	704.385
3.60486	685.147	704.014
3.6168	684.768	703.643
3.62873	684.39	703.271
3.64067	684.012	702.9
3.65261	683.633	702.528
3.66454	683.254	702.157
3.67648	682.876	701.785
3.68842	682.497	701.413
3.70035	682.117	701.04
3.71229	681.738	700.668
3.72423	681.359	700.295
3.73616	680.98	699.923
3.7481	680.6	699.55
3.76004	680.22	699.177
3.77197	679.841	698.803
3.78391	679.461	698.43
3.79585	679.081	698.057
3.80778	678.701	697.683
3.81972	678.321	697.309
3.83166	677.94	696.935
3.84359	677.56	696.561
3.85553	677.179	696.186
3.86747	676.799	695.812
3.8794	676.418	695.437
3.89134	676.037	695.062
3.90327	675.657	694.688
3.91521	675.276	694.312
3.92715	674.894	693.937
3.93908	674.513	693.562
3.95102	674.132	693.186
3.96296	673.751	692.811
3.97489	673.369	692.435
3.98683	672.988	692.059
3.99877	672.606	691.683
4.0107	672.224	691.307
4.02264	671.842	690.93
4.03458	671.46	690.554
4.04651	671.078	690.177
4.05845	670.696	689.8
4.07039	670.314	689.423
4.08232	669.932	689.046
4.09426	669.549	688.669
4.1062	669.167	688.292
4.11813	668.784	687.914
4.13007	668.402	687.537
4.14201	668.019	687.159
4.15394	667.636	686.781
4.16588	667.253	686.403
4.17782	666.87	686.025
4.18975	666.487	685.647
4.20169	666.104	685.269
4.21363	665.721	684.89
4.22556	665.338	684.512
4.2375	664.954	684.133
4.24944	664.571	683.754
4.26137	664.187	683.375
4.27331	663.804	682.996
4.28525	663.42	682.617
4.29718	663.036	682.238
4.30912	662.653	681.858
4.32106	662.269	681.479
4.33299	661.885	681.099
4.34493	661.501	680.719
4.35687	661.117	680.34
4.3688	660.733	679.96
4.38074	660.348	679.58
4.39268	659.964	679.199
4.40461	659.58	678.819
4.41655	659.195	678.439
4.42849	658.811	678.058
4.44042	658.426	677.678
4.45236	658.042	677.297
4.4643	657.657	676.916
4.47623	657.272	676.535
4.48817	656.887	676.154
4.50011	656.503	675.773
4.51204	656.118	675.392
4.52398	655.733	675.011
4.53592	655.348	674.629
4.54785	654.963	674.248
4.55979	654.577	673.866
4.57173	654.192	673.485
4.58366	653.807	673.103
4.5956	653.422	672.721
4.60754	653.036	672.339
4.61947	652.651	671.957
4.63141	652.265	671.575
4.64335	651.88	671.193
4.65528	651.494	670.81
4.66722	651.109	670.428
4.67916	650.723	670.045
4.69109	650.337	669.663
4.70303	649.951	669.28
4.71497	649.566	668.897
4.7269	649.18	668.514
4.73884	648.794	668.132
4.75078	648.408	667.749
4.76271	648.022	667.365
4.77465	647.636	666.982
4.78658	647.25	666.599
4.79852	646.864	666.216
4.81046	646.477	665.832
4.82239	646.091	665.449
4.83433	645.705	665.065
4.84627	645.319	664.682
4.8582	644.932	664.298
4.87014	644.546	663.914
4.88208	644.159	663.53
4.89401	643.773	663.146
4.90595	643.386	662.762
4.91789	643	662.378
4.92982	642.613	661.994
4.94176	642.227	661.61
4.9537	641.84	661.226
4.96563	641.453	660.841
4.97757	641.066	660.457
4.98951	640.68	660.073
5.00144	640.293	659.688
5.01338	639.906	659.303
5.02532	639.519	658.919
5.03725	639.132	658.534
5.04919	638.745	658.149
5.06113	638.358	657.764
5.07306	637.971	657.38
5.085	637.584	656.995
5.09694	637.197	656.609
5.10887	636.81	656.224
5.12081	636.423	655.839
5.13275	636.036	655.454
5.14468	635.648	655.069
5.15662	635.261	654.683
5.16856	634.874	654.298
5.18049	634.487	653.913
5.19243	634.099	653.527
5.20437	633.712	653.142
5.2163	633.325	652.756
5.22824	632.937	652.37
5.24018	632.55	651.985
5.25211	632.162	651.599
5.26405	631.775	651.213
5.27599	631.388	650.827
5.28792	631	650.441
5.29986	630.613	650.055
5.3118	630.225	649.669
5.32373	629.837	649.283
5.33567	629.45	648.897
5.34761	629.062	648.511
5.35954	628.675	648.125
5.37148	628.287	647.739
5.38342	627.899	647.352
5.39535	627.512	646.966
5.40729	627.124	646.58
5.41923	626.736	646.193
5.43116	626.348	645.807
5.4431	625.961	645.42
5.45504	625.573	645.034
5.46697	625.185	644.647
5.47891	624.797	644.261
5.49085	624.409	643.874
5.50278	624.021	643.487
5.51472	623.634	643.101
5.52666	623.246	642.714
5.53859	622.858	642.327
5.55053	622.47	641.94
5.56247	622.082	641.553
5.5744	621.694	641.166
5.58634	621.306	640.779
5.59828	620.918	640.392
5.61021	620.53	640.005
5.62215	620.142	639.618
5.63408	619.754	639.231
5.64602	619.366	638.844
5.65796	618.978	638.457
5.66989	618.59	638.07
5.68183	618.202	637.683
5.69377	617.814	637.295
5.7057	617.426	636.908
5.71764	617.038	636.521
5.72958	616.649	636.134
5.74151	616.261	635.746
5.75345	615.873	635.359
5.76539	615.485	634.971
5.77732	615.097	634.584
5.78926	614.709	634.197
5.8012	614.321	633.809
5.81313	613.932	633.422
5.82507	613.544	633.034
5.83701	613.156	632.646
5.84894	612.768	632.259
5.86088	612.38	631.871
5.87282	611.991	631.484
5.88475	611.603	631.096
5.89669	611.215	630.708
5.90863	610.827	630.321
5.92056	610.439	629.933
5.9325	610.05	629.545
5.94444	609.662	629.157
5.95637	609.274	628.77
5.96831	608.886	628.382
5.98025	608.497	627.994
5.99218	608.109	627.606
6.00412	607.721	627.218
6.01606	607.332	626.83
6.02799	606.944	626.442
6.03993	606.556	626.055
6.05187	606.168	625.667
6.0638	605.779	625.279
6.07574	605.391	624.891
6.08768	605.003	624.503
6.09961	604.614	624.115
6.11155	604.226	623.727
6.12349	603.838	623.339
6.13542	603.449	622.951
6.14736	603.061	622.563
6.1593	602.673	622.175
6.17123	602.284	621.787
6.18317	601.896	621.398
6.19511	601.508	621.01
6.20704	601.12	620.622
6.21898	600.731	620.234
6.23092	600.343	619.846
6.24285	599.954	619.458
6.25479	599.566	619.07
6.26673	599.178	618.681
6.27866	598.789	618.293
6.2906	598.401	617.905
6.30254	598.013	617.517
6.31447	597.624	617.129
6.32641	597.236	616.74
6.33835	596.848	616.352
6.35028	596.459	615.964
6.36222	596.071	615.576
6.37416	595.683	615.187
6.38609	595.294	614.799
6.39803	594.906	614.411
6.40997	594.518	614.022
6.4219	594.129	613.634
6.43384	593.741	613.246
6.44578	593.353	612.858
6.45771	592.964	612.469
6.46965	592.576	612.081
6.48159	592.187	611.693
6.49352	591.799	611.304
6.50546	591.411	610.916
6.51739	591.022	610.528
6.52933	590.634	610.139
6.54127	590.246	609.751
6.5532	589.857	609.362
6.56514	589.469	608.974
6.57708	589.081	608.586
6.58901	588.692	608.197
6.60095	588.304	607.809
6.61289	587.915	607.421
6.62482	587.527	607.032
6.63676	587.139	606.644
6.6487	586.75	606.255
6.66063	586.362	605.867
6.67257	585.974	605.479
6.68451	585.585	605.09
6.69644	585.197	604.702
6.70838	584.809	604.313
6.72032	584.42	603.925
6.73225	584.032	603.537
6.74419	583.643	603.148
6.75613	583.255	602.76
6.76806	582.867	602.371
6.78	582.478	601.983
6.79194	582.09	601.594
6.80387	581.702	601.206
6.81581	581.313	600.818
6.82775	580.925	600.429
6.83968	580.536	600.041
6.85162	580.148	599.652
6.86356	579.76	599.264
6.87549	579.371	598.875
6.88743	578.983	598.487
6.89937	578.595	598.098
6.9113	578.206	597.71
6.92324	577.818	597.322
6.93518	577.429	596.933
6.94711	577.041	596.545
6.95905	576.653	596.156
6.97099	576.264	595.768
6.98292	575.876	595.379
6.99486	575.487	594.991
7.0068	575.099	594.602
7.01873	574.711	594.214
7.03067	574.322	593.826
7.04261	573.934	593.437
7.05454	573.545	593.049
7.06648	573.157	592.66
7.07842	572.769	592.272
7.09035	572.38	591.883
7.10229	571.992	591.495
7.11423	571.603	591.107
7.12616	571.215	590.718
7.1381	570.827	590.33
7.15004	570.438	589.941
7.16197	570.05	589.553
7.17391	569.661	589.164
7.18585	569.273	588.776
7.19778	568.884	588.387
7.20972	568.496	587.999
7.22166	568.107	587.611
7.23359	567.719	587.222
7.24553	567.331	586.834
7.25747	566.942	586.445
7.2694	566.554	586.057
7.28134	566.165	585.668
7.29328	565.777	585.28
7.30521	565.388	584.892
7.31715	565	584.503
7.32909	564.611	584.115
7.34102	564.223	583.726
7.35296	563.834	583.338
7.36489	563.446	582.949
7.37683	563.057	582.561
7.38877	562.668	582.173
7.4007	562.28	581.784
7.41264	561.891	581.396
7.42458	561.503	581.007
7.43651	561.114	580.619
7.44845	560.726	580.23
7.46039	560.337	579.842
7.47232	559.948	579.454
7.48426	559.56	579.065
7.4962	559.171	578.677
7.50813	558.783	578.288
7.52007	558.394	577.9
7.53201	558.005	577.511
7.54394	557.617	577.123
7.55588	557.228	576.734
7.56782	556.839	576.346
7.57975	556.451	575.958
7.59169	556.062	575.569
7.60363	555.673	575.181
7.61556	555.285	574.792
7.6275	554.896	574.404
7.63944	554.507	574.015
7.65137	554.118	573.627
7.66331	553.73	573.238
7.67525	553.341	572.85
7.68718	552.952	572.462
7.69912	552.563	572.073
7.71106	552.174	571.685
7.72299	551.786	571.296
7.73493	551.397	570.908
7.74687	551.008	570.519
7.7588	550.619	570.131
7.77074	550.23	569.742
7.78268	549.841	569.354
7.79461	549.452	568.965
7.80655	549.063	568.577
7.81849	548.674	568.188
7.83042	548.286	567.8
7.84236	547.897	567.411
7.8543	547.508	567.023
7.86623	547.119	566.634
7.87817	546.73	566.246
7.89011	546.341	565.857
7.90204	545.951	565.469
7.91398	545.562	565.08
7.92592	545.173	564.692
7.93785	544.784	564.303
7.94979	544.395	563.915
7.96173	544.006	563.526
7.97366	543.617	563.138
7.9856	543.228	562.749
7.99754	542.838	562.361
8.00947	542.449	561.972
8.02141	542.06	561.583
8.03335	541.671	561.195
8.04528	541.281	560.806
8.05722	540.892	560.418
8.06916	540.503	560.029
8.08109	540.113	559.641
8.09303	539.724	559.252
8.10497	539.335	558.863
8.1169	538.945	558.475
8.12884	538.556	558.086
8.14078	538.166	557.697
8.15271	537.777	557.309
8.16465	537.387	556.92
8.17659	536.998	556.531
8.18852	536.608	556.143
8.20046	536.219	555.754
8.2124	535.829	555.365
8.22433	535.439	554.977
8.23627	535.05	554.588
8.2482	534.66	554.199
8.26014	534.27	553.81
8.27208	533.881	553.422
8.28401	533.491	553.033
8.29595	533.101	552.644
8.30789	532.711	552.255
8.31982	532.321	551.866
8.33176	531.931	551.478
8.3437	531.542	551.089
8.35563	531.152	550.7
8.36757	530.762	550.311
8.37951	530.372	549.922
8.39144	529.982	549.533
8.40338	529.592	549.144
8.41532	529.202	548.755
8.42725	528.812	548.366
8.43919	528.421	547.978
8.45113	528.031	547.589
8.46306	527.641	547.2
8.475	527.251	546.811
8.48694	526.861	546.422
8.49887	526.47	546.033
8.51081	526.08	545.644
8.52275	525.69	545.254
8.53468	525.299	544.865
8.54662	524.909	544.476
8.55856	524.519	544.087
8.57049	524.128	543.698
8.58243	523.738	543.309
8.59437	523.347	542.92
8.6063	522.957	542.531
8.61824	522.566	542.141
8.63018	522.175	541.752
8.64211	521.785	541.363
8.65405	521.394	540.974
8.66599	521.003	540.584
8.67792	520.612	540.195
8.68986	520.222	539.806
8.7018	519.831	539.416
8.71373	519.44	539.027
8.72567	519.049	538.638
8.73761	518.658	538.248
8.74954	518.267	537.859
8.76148	517.876	537.469
8.77342	517.485	537.08
8.78535	517.094	536.69
8.79729	516.703	536.301
8.80923	516.312	535.911
8.82116	515.921	535.522
8.8331	515.529	535.132
8.84504	515.138	534.743
8.85697	514.747	534.353
8.86891	514.355	533.963
8.88085	513.964	533.574
8.89278	513.573	533.184
8.90472	513.181	532.794
8.91666	512.79	532.404
8.92859	512.398	532.015
8.94053	512.007	531.625
8.95247	511.615	531.235
8.9644	511.223	530.845
8.97634	510.832	530.455
8.98828	510.44	530.065
9.00021	510.048	529.675
9.01215	509.656	529.285
9.02409	509.265	528.895
9.03602	508.873	528.505
9.04796	508.481	528.115
9.0599	508.089	527.725
9.07183	507.697	527.335
9.08377	507.305	526.945
9.0957	506.913	526.555
9.10764	506.521	526.164
9.11958	506.128	525.774
9.13151	505.736	525.384
9.14345	505.344	524.994
9.15539	504.952	524.603
9.16732	504.559	524.213
9.17926	504.167	523.822
9.1912	503.775	523.432
9.20313	503.382	523.042
9.21507	502.99	522.651
9.22701	502.597	522.261
9.23894	502.205	521.87
9.25088	501.812	521.479
9.26282	501.419	521.089
9.27475	501.027	520.698
9.28669	500.634	520.307
9.29863	500.241	519.917
9.31056	499.848	519.526
9.3225	499.455	519.135
9.33444	499.063	518.744
9.34637	498.67	518.354
9.35831	498.277	517.963
9.37025	497.884	517.572
9.38218	497.491	517.181
9.39412	497.097	516.79
9.40606	496.704	516.399
9.41799	496.311	516.008
9.42993	495.918	515.617
9.44187	495.525	515.225
9.4538	495.131	514.834
9.46574	494.738	514.443
9.47768	494.345	514.052
9.48961	493.951	513.66
9.50155	493.558	513.269
9.51349	493.164	512.878
9.52542	492.771	512.486
9.53736	492.377	512.095
9.5493	491.984	511.703
9.56123	491.59	511.312
9.57317	491.196	510.92
9.58511	490.803	510.529
9.59704	490.409	510.137
9.60898	490.015	509.745
9.62092	489.621	509.354
9.63285	489.227	508.962
9.64479	488.833	508.57
9.65673	488.439	508.178
9.66866	488.045	507.787
9.6806	487.651	507.395
9.69254	487.257	507.003
9.70447	486.863	506.611
9.71641	486.469	506.219
9.72835	486.075	505.827
9.74028	485.681	505.435
9.75222	485.286	505.042
9.76416	484.892	504.65
9.77609	484.498	504.258
9.78803	484.103	503.866
9.79997	483.709	503.474
9.8119	483.315	503.081
9.82384	482.92	502.689
9.83578	482.526	502.296
9.84771	482.131	501.904
9.85965	481.737	501.511
9.87159	481.342	501.119
9.88352	480.948	500.726
9.89546	480.553	500.334
9.9074	480.158	499.941
9.91933	479.764	499.548
9.93127	479.369	499.156
9.94321	478.974	498.763
9.95514	478.579	498.37
9.96708	478.184	497.977
9.97901	477.79	497.584
9.99095	477.395	497.191
10.0029	477	496.798
10.0148	476.605	496.405
10.0268	476.21	496.012
10.0387	475.815	495.619
10.0506	475.42	495.226
10.0626	475.025	494.833
10.0745	474.63	494.44
10.0864	474.235	494.047
10.0984	473.84	493.653
10.1103	473.445	493.26
10.1223	473.049	492.867
10.1342	472.654	492.473
10.1461	472.259	492.08
10.1581	471.864	491.686
10.17	471.469	491.293
10.1819	471.073	490.899
10.1939	470.678	490.506
10.2058	470.283	490.112
10.2177	469.888	489.718
10.2297	469.492	489.325
10.2416	469.097	488.931
10.2536	468.702	488.537
10.2655	468.306	488.143
10.2774	467.911	487.749
10.2894	467.516	487.355
10.3013	467.12	486.962
10.3132	466.725	486.568
10.3252	466.329	486.174
10.3371	465.934	485.78
10.3491	465.539	485.385
10.361	465.143	484.991
10.3729	464.748	484.597
10.3849	464.352	484.203
10.3968	463.957	483.809
10.4087	463.562	483.415
10.4207	463.166	483.02
10.4326	462.771	482.626
10.4445	462.375	482.232
10.4565	461.98	481.837
10.4684	461.584	481.443
10.4804	461.189	481.048
10.4923	460.793	480.654
10.5042	460.398	480.259
10.5162	460.003	479.865
10.5281	459.607	479.47
10.54	459.212	479.076
10.552	458.816	478.681
10.5639	458.421	478.287
10.5758	458.026	477.892
10.5878	457.63	477.497
10.5997	457.235	477.102
10.6117	456.84	476.708
10.6236	456.444	476.313
10.6355	456.049	475.918
10.6475	455.654	475.523
10.6594	455.258	475.128
10.6713	454.863	474.733
10.6833	454.468	474.339
10.6952	454.073	473.944
10.7071	453.677	473.549
10.7191	453.282	473.154
10.731	452.887	472.759
10.743	452.492	472.364
10.7549	452.097	471.969
10.7668	451.702	471.574
10.7788	451.307	471.179
10.7907	450.912	470.783
10.8026	450.517	470.388
10.8146	450.122	469.993
10.8265	449.727	469.598
10.8385	449.332	469.203
10.8504	448.937	468.808
10.8623	448.543	468.413
10.8743	448.148	468.017
10.8862	447.753	467.622
10.8981	447.359	467.227
10.9101	446.964	466.832
10.922	446.569	466.436
10.9339	446.175	466.041
10.9459	445.781	465.646
10.9578	445.386	465.251
10.9698	444.992	464.855
10.9817	444.598	464.46
10.9936	444.203	464.065
11.0056	443.809	463.67
11.0175	443.415	463.274
11.0294	443.021	462.879
11.0414	442.627	462.484
11.0533	442.233	462.088
11.0652	441.839	461.693
11.0772	441.445	461.298
11.0891	441.052	460.902
11.1011	440.658	460.507
11.113	440.264	460.112
11.1249	439.871	459.717
11.1369	439.477	459.321
11.1488	439.084	458.926
11.1607	438.691	458.531
11.1727	438.298	458.136
11.1846	437.905	457.74
11.1966	437.512	457.345
11.2085	437.119	456.95
11.2204	436.726	456.555
11.2324	436.333	456.159
11.2443	435.94	455.764
11.2562	435.548	455.369
11.2682	435.155	454.974
11.2801	434.763	454.579
11.292	434.371	454.184
11.304	433.979	453.789
11.3159	433.586	453.394
11.3279	433.194	452.998
11.3398	432.803	452.603
11.3517	432.411	452.208
11.3637	432.019	451.814
11.3756	431.628	451.419
11.3875	431.236	451.024
11.3995	430.845	450.629
11.4114	430.454	450.234
11.4233	430.063	449.839
11.4353	429.672	449.444
11.4472	429.281	449.05
11.4592	428.89	448.655
11.4711	428.5	448.26
11.483	428.109	447.866
11.495	427.719	447.471
11.5069	427.329	447.077
11.5188	426.939	446.682
11.5308	426.549	446.288
11.5427	426.16	445.893
11.5546	425.77	445.499
11.5666	425.381	445.105
11.5785	424.991	444.71
11.5905	424.602	444.316
11.6024	424.213	443.922
11.6143	423.824	443.528
11.6263	423.436	443.134
11.6382	423.047	442.74
11.6501	422.659	442.346
11.6621	422.271	441.952
11.674	421.883	441.559
11.686	421.495	441.165
11.6979	421.107	440.771
11.7098	420.72	440.378
11.7218	420.332	439.984
11.7337	419.945	439.591
11.7456	419.558	439.198
11.7576	419.172	438.804
11.7695	418.785	438.411
11.7814	418.399	438.018
11.7934	418.012	437.625
11.8053	417.626	437.232
11.8173	417.241	436.839
11.8292	416.855	436.446
11.8411	416.47	436.054
11.8531	416.084	435.661
11.865	415.699	435.269
11.8769	415.315	434.876
11.8889	414.93	434.484
11.9008	414.546	434.092
11.9127	414.162	433.7
11.9247	413.778	433.308
11.9366	413.394	432.916
11.9486	413.011	432.524
11.9605	412.627	432.132
11.9724	412.244	431.741
11.9844	411.861	431.349
11.9963	411.479	430.958
12.0082	411.097	430.567
12.0202	410.715	430.176
12.0321	410.333	429.785
12.0441	409.951	429.394
12.056	409.57	429.003
12.0679	409.189	428.612
12.0799	408.808	428.222
12.0918	408.427	427.831
12.1037	408.047	427.441
12.1157	407.667	427.051
12.1276	407.287	426.661
12.1395	406.908	426.271
12.1515	406.528	425.882
12.1634	406.149	425.492
12.1754	405.771	425.103
12.1873	405.392	424.714
12.1992	405.014	424.324
12.2112	404.636	423.936
12.2231	404.259	423.547
12.235	403.881	423.158
12.247	403.504	422.77
12.2589	403.128	422.381
12.2708	402.751	421.993
12.2828	402.375	421.605
12.2947	401.999	421.217
12.3067	401.624	420.83
12.3186	401.249	420.442
12.3305	400.874	420.055
12.3425	400.499	419.668
12.3544	400.125	419.281
12.3663	399.751	418.894
12.3783	399.378	418.508
12.3902	399.004	418.121
12.4021	398.631	417.735
12.4141	398.259	417.349
12.426	397.887	416.963
12.438	397.515	416.578
12.4499	397.143	416.192
12.4618	396.772	415.807
12.4738	396.401	415.422
12.4857	396.03	415.037
12.4976	395.66	414.653
12.5096	395.29	414.268
12.5215	394.921	413.884
12.5335	394.552	413.5
12.5454	394.183	413.116
12.5573	393.815	412.733
12.5693	393.447	412.35
12.5812	393.079	411.967
12.5931	392.712	411.584
12.6051	392.345	411.201
12.617	391.978	410.819
12.6289	391.612	410.437
12.6409	391.247	410.055
12.6528	390.881	409.673
12.6648	390.516	409.292
12.6767	390.152	408.911
12.6886	389.788	408.53
12.7006	389.424	408.149
12.7125	389.061	407.769
12.7244	388.698	407.389
12.7364	388.335	407.009
12.7483	387.973	406.629
12.7602	387.612	406.25
12.7722	387.251	405.871
12.7841	386.89	405.492
12.7961	386.529	405.114
12.808	386.169	404.735
12.8199	385.81	404.357
12.8319	385.451	403.98
12.8438	385.092	403.602
12.8557	384.734	403.225
12.8677	384.376	402.849
12.8796	384.019	402.472
12.8916	383.662	402.096
12.9035	383.306	401.72
12.9154	382.95	401.344
12.9274	382.595	400.969
12.9393	382.24	400.594
12.9512	381.885	400.22
12.9632	381.531	399.845
12.9751	381.178	399.471
12.987	380.825	399.098
12.999	380.472	398.724
13.0109	380.12	398.351
13.0229	379.768	397.978
13.0348	379.417	397.606
13.0467	379.067	397.234
13.0587	378.717	396.862
13.0706	378.367	396.491
13.0825	378.018	396.12
13.0945	377.669	395.749
13.1064	377.321	395.379
13.1183	376.974	395.009
13.1303	376.626	394.639
13.1422	376.28	394.27
13.1542	375.934	393.901
13.1661	375.588	393.533
13.178	375.243	393.165
13.19	374.899	392.797
13.2019	374.555	392.43
13.2138	374.212	392.063
13.2258	373.869	391.696
13.2377	373.527	391.33
13.2496	373.185	390.964
13.2616	372.844	390.598
13.2735	372.503	390.233
13.2855	372.163	389.869
13.2974	371.823	389.504
13.3093	371.485	389.141
13.3213	371.146	388.777
13.3332	370.808	388.414
13.3451	370.471	388.051
13.3571	370.134	387.689
13.369	369.798	387.327
13.381	369.463	386.966
13.3929	369.128	386.605
13.4048	368.793	386.245
13.4168	368.46	385.884
13.4287	368.127	385.525
13.4406	367.794	385.166
13.4526	367.462	384.807
13.4645	367.131	384.448
13.4764	366.8	384.091
13.4884	366.47	383.733
13.5003	366.14	383.376
13.5123	365.811	383.02
13.5242	365.483	382.663
13.5361	365.155	382.308
13.5481	364.828	381.953
13.56	364.502	381.598
13.5719	364.176	381.244
13.5839	363.851	380.89
13.5958	363.526	380.537
13.6077	363.202	380.184
13.6197	362.879	379.832
13.6316	362.556	379.48
13.6436	362.234	379.129
13.6555	361.913	378.778
13.6674	361.592	378.428
13.6794	361.272	378.078
13.6913	360.953	377.728
13.7032	360.634	377.38
13.7152	360.316	377.031
13.7271	359.998	376.683
13.7391	359.682	376.336
13.751	359.365	375.989
13.7629	359.05	375.643
13.7749	358.735	375.298
13.7868	358.421	374.952
13.7987	358.108	374.608
13.8107	357.795	374.264
13.8226	357.483	373.92
13.8345	357.172	373.577
13.8465	356.861	373.234
13.8584	356.551	372.892
13.8704	356.242	372.551
13.8823	355.933	372.21
13.8942	355.625	371.87
13.9062	355.318	371.53
13.9181	355.012	371.191
13.93	354.706	370.852
13.942	354.401	370.514
13.9539	354.097	370.177
13.9658	353.793	369.84
13.9778	353.49	369.504
13.9897	353.188	369.168
14.0017	352.887	368.833
14.0136	352.586	368.498
14.0255	352.286	368.164
14.0375	351.987	367.831
14.0494	351.688	367.498
14.0613	351.39	367.166
14.0733	351.093	366.834
14.0852	350.797	366.503
14.0971	350.501	366.173
14.1091	350.207	365.843
14.121	349.913	365.514
14.133	349.619	365.185
14.1449	349.327	364.857
14.1568	349.035	364.53
14.1688	348.744	364.203
14.1807	348.453	363.877
14.1926	348.164	363.552
14.2046	347.875	363.227
14.2165	347.587	362.903
14.2285	347.3	362.579
14.2404	347.013	362.256
14.2523	346.728	361.934
14.2643	346.443	361.613
14.2762	346.158	361.292
14.2881	345.875	360.971
14.3001	345.592	360.652
14.312	345.311	360.333
14.3239	345.029	360.014
14.3359	344.749	359.697
14.3478	344.47	359.38
14.3598	344.191	359.063
14.3717	343.913	358.748
14.3836	343.636	358.433
14.3956	343.36	358.118
14.4075	343.084	357.805
14.4194	342.809	357.492
14.4314	342.535	357.18
14.4433	342.262	356.868
14.4552	341.99	356.557
14.4672	341.718	356.247
14.4791	341.448	355.937
14.4911	341.178	355.629
14.503	340.909	355.321
14.5149	340.64	355.013
14.5269	340.373	354.707
14.5388	340.106	354.401
14.5507	339.84	354.095
14.5627	339.575	353.791
14.5746	339.311	353.487
14.5866	339.048	353.184
14.5985	338.785	352.881
14.6104	338.524	352.58
14.6224	338.263	352.279
14.6343	338.003	351.979
14.6462	337.743	351.679
14.6582	337.485	351.38
14.6701	337.227	351.082
14.682	336.971	350.785
14.694	336.715	350.489
14.7059	336.46	350.193
14.7179	336.205	349.898
14.7298	335.952	349.604
14.7417	335.699	349.31
14.7537	335.448	349.017
14.7656	335.197	348.725
14.7775	334.947	348.434
14.7895	334.697	348.143
14.8014	334.449	347.854
14.8133	334.202	347.565
14.8253	333.955	347.277
14.8372	333.709	346.989
14.8492	333.464	346.702
14.8611	333.22	346.416
14.873	332.977	346.131
14.885	332.734	345.847
14.8969	332.493	345.563
14.9088	332.252	345.281
14.9208	332.012	344.999
14.9327	331.773	344.717
14.9446	331.535	344.437
14.9566	331.298	344.157
14.9685	331.062	343.878
14.9805	330.826	343.6
14.9924	330.591	343.323
15.0043	330.357	343.047
15.0163	330.125	342.771
15.0282	329.892	342.496
15.0401	329.661	342.222
15.0521	329.431	341.949
15.064	329.201	341.676
15.076	328.973	341.404
15.0879	328.745	341.134
15.0998	328.518	340.864
15.1118	328.292	340.594
15.1237	328.067	340.326
15.1356	327.843	340.058
15.1476	327.619	339.792
15.1595	327.397	339.526
15.1714	327.175	339.26
15.1834	326.954	338.996
15.1953	326.734	338.733
15.2073	326.515	338.47
15.2192	326.297	338.208
15.2311	326.079	337.947
15.2431	325.863	337.687
15.255	325.647	337.428
15.2669	325.433	337.169
15.2789	325.219	336.911
15.2908	325.006	336.655
15.3027	324.794	336.399
15.3147	324.583	336.143
15.3266	324.372	335.889
15.3386	324.163	335.636
15.3505	323.954	335.383
15.3624	323.746	335.131
15.3744	323.54	334.88
15.3863	323.334	334.63
15.3982	323.128	334.381
15.4102	322.924	334.132
15.4221	322.721	333.885
15.4341	322.518	333.638
15.446	322.317	333.392
15.4579	322.116	333.147
15.4699	321.916	332.903
15.4818	321.717	332.66
15.4937	321.519	332.417
15.5057	321.322	332.176
15.5176	321.125	331.935
15.5295	320.93	331.695
15.5415	320.735	331.456
15.5534	320.542	331.218
15.5654	320.349	330.981
15.5773	320.157	330.745
15.5892	319.966	330.509
15.6012	319.775	330.274
15.6131	319.586	330.04
15.625	319.397	329.808
15.637	319.21	329.575
15.6489	319.023	329.344
15.6608	318.837	329.114
15.6728	318.652	328.884
15.6847	318.468	328.656
15.6967	318.284	328.428
15.7086	318.102	328.201
15.7205	317.92	327.975
15.7325	317.74	327.75
15.7444	317.56	327.526
15.7563	317.381	327.303
15.7683	317.203	327.08
15.7802	317.025	326.858
15.7921	316.849	326.638
15.8041	316.673	326.418
15.816	316.499	326.199
15.828	316.325	325.981
15.8399	316.152	325.764
15.8518	315.98	325.547
15.8638	315.808	325.332
15.8757	315.638	325.117
15.8876	315.468	324.903
15.8996	315.299	324.691
15.9115	315.132	324.479
15.9235	314.965	324.267
15.9354	314.798	324.057
15.9473	314.633	323.848
15.9593	314.469	323.639
15.9712	314.305	323.432
15.9831	314.142	323.225
15.9951	313.98	323.019
16.007	313.819	322.814
16.0189	313.659	322.61
16.0309	313.499	322.407
16.0428	313.341	322.205
16.0548	313.183	322.003
16.0667	313.026	321.803
16.0786	312.87	321.603
16.0906	312.715	321.404
16.1025	312.56	321.207
16.1144	312.407	321.009
16.1264	312.254	320.813
16.1383	312.102	320.618
16.1502	311.951	320.424
16.1622	311.801	320.23
16.1741	311.651	320.037
16.1861	311.503	319.846
16.198	311.355	319.655
16.2099	311.208	319.465
16.2219	311.062	319.276
16.2338	310.916	319.087
16.2457	310.772	318.9
16.2577	310.628	318.713
16.2696	310.485	318.528
16.2816	310.343	318.343
16.2935	310.202	318.159
16.3054	310.061	317.976
16.3174	309.922	317.794
16.3293	309.783	317.613
16.3412	309.645	317.432
16.3532	309.507	317.253
16.3651	309.371	317.074
16.377	309.235	316.896
16.389	309.1	316.719
16.4009	308.966	316.543
16.4129	308.833	316.368
16.4248	308.7	316.193
16.4367	308.569	316.02
16.4487	308.438	315.847
16.4606	308.308	315.676
16.4725	308.178	315.505
16.4845	308.05	315.335
16.4964	307.922	315.165
16.5083	307.795	314.997
16.5203	307.668	314.83
16.5322	307.543	314.663
16.5442	307.418	314.497
16.5561	307.294	314.332
16.568	307.171	314.168
16.58	307.049	314.005
16.5919	306.927	313.843
16.6038	306.806	313.681
16.6158	306.686	313.52
16.6277	306.566	313.36
16.6396	306.448	313.202
16.6516	306.33	313.043
16.6635	306.213	312.886
16.6755	306.096	312.73
16.6874	305.981	312.574
16.6993	305.866	312.419
16.7113	305.751	312.265
16.7232	305.638	312.112
16.7351	305.525	311.96
16.7471	305.413	311.808
16.759	305.302	311.658
16.771	305.191	311.508
16.7829	305.082	311.359
16.7948	304.973	311.211
16.8068	304.864	311.064
16.8187	304.757	310.917
16.8306	304.65	310.772
16.8426	304.543	310.627
16.8545	304.438	310.483
16.8664	304.333	310.34
16.8784	304.229	310.197
16.8903	304.126	310.056
16.9023	304.023	309.915
16.9142	303.921	309.775
16.9261	303.82	309.636
16.9381	303.719	309.498
16.95	303.619	309.36
16.9619	303.52	309.223
16.9739	303.422	309.087
16.9858	303.324	308.952
16.9977	303.227	308.818
17.0097	303.13	308.685
17.0216	303.034	308.552
17.0336	302.939	308.42
17.0455	302.845	308.289
17.0574	302.751	308.159
17.0694	302.658	308.029
17.0813	302.565	307.9
17.0932	302.474	307.772
17.1052	302.383	307.645
17.1171	302.292	307.519
17.1291	302.202	307.393
17.141	302.113	307.268
17.1529	302.025	307.144
17.1649	301.937	307.021
17.1768	301.85	306.898
17.1887	301.763	306.776
17.2007	301.677	306.655
17.2126	301.592	306.535
17.2245	301.507	306.416
17.2365	301.423	306.297
17.2484	301.34	306.179
17.2604	301.257	306.062
17.2723	301.175	305.945
17.2842	301.093	305.83
17.2962	301.012	305.715
17.3081	300.932	305.6
17.32	300.852	305.487
17.332	300.773	305.374
17.3439	300.695	305.262
17.3558	300.617	305.151
17.3678	300.539	305.04
17.3797	300.463	304.931
17.3917	300.387	304.822
17.4036	300.311	304.713
17.4155	300.236	304.606
17.4275	300.162	304.499
17.4394	300.088	304.393
17.4513	300.015	304.287
17.4633	299.943	304.182
17.4752	299.871	304.078
17.4871	299.799	303.975
17.4991	299.728	303.872
17.511	299.658	303.77
17.523	299.588	303.669
17.5349	299.519	303.569
17.5468	299.451	303.469
17.5588	299.383	303.37
17.5707	299.315	303.272
17.5826	299.248	303.174
17.5946	299.182	303.077
17.6065	299.116	302.98
17.6185	299.051	302.885
17.6304	298.986	302.79
17.6423	298.922	302.696
17.6543	298.858	302.602
17.6662	298.795	302.509
17.6781	298.732	302.417
17.6901	298.67	302.325
17.702	298.609	302.234
17.7139	298.548	302.144
17.7259	298.487	302.054
17.7378	298.427	301.965
17.7498	298.368	301.877
17.7617	298.309	301.789
17.7736	298.25	301.702
17.7856	298.192	301.616
17.7975	298.135	301.53
17.8094	298.078	301.445
17.8214	298.021	301.361
17.8333	297.965	301.277
17.8452	297.91	301.194
17.8572	297.855	301.111
17.8691	297.8	301.029
17.8811	297.746	300.948
17.893	297.692	300.867
17.9049	297.639	300.787
17.9169	297.587	300.708
17.9288	297.535	300.629
17.9407	297.483	300.551
17.9527	297.432	300.473
17.9646	297.381	300.396
17.9766	297.331	300.32
17.9885	297.281	300.244
18.0004	297.231	300.169
18.0124	297.182	300.094
18.0243	297.134	300.02
18.0362	297.086	299.947
18.0482	297.038	299.874
18.0601	296.991	299.802
18.072	296.944	299.73
18.084	296.898	299.659
18.0959	296.852	299.589
18.1079	296.807	299.519
18.1198	296.762	299.449
18.1317	296.717	299.381
18.1437	296.673	299.312
18.1556	296.629	299.245
18.1675	296.586	299.178
18.1795	296.543	299.111
18.1914	296.5	299.045
18.2033	296.458	298.98
18.2153	296.417	298.915
18.2272	296.375	298.85
18.2392	296.334	298.787
18.2511	296.294	298.723
18.263	296.254	298.66
18.275	296.214	298.598
18.2869	296.175	298.537
18.2988	296.136	298.475
18.3108	296.097	298.415
18.3227	296.059	298.355
18.3346	296.021	298.295
18.3466	295.984	298.236
18.3585	295.947	298.177
18.3705	295.91	298.119
18.3824	295.874	298.062
18.3943	295.838	298.005
18.4063	295.802	297.948
18.4182	295.767	297.892
18.4301	295.732	297.837
18.4421	295.698	297.782
18.454	295.664	297.727
18.466	295.63	297.673
18.4779	295.596	297.619
18.4898	295.563	297.566
18.5018	295.53	297.514
18.5137	295.498	297.462
18.5256	295.466	297.41
18.5376	295.434	297.359
18.5495	295.403	297.308
18.5614	295.372	297.258
18.5734	295.341	297.208
18.5853	295.31	297.158
18.5973	295.28	297.11
18.6092	295.25	297.061
18.6211	295.221	297.013
18.6331	295.192	296.966
18.645	295.163	296.918
18.6569	295.134	296.872
18.6689	295.106	296.826
18.6808	295.078	296.78
18.6927	295.05	296.734
18.7047	295.023	296.69
18.7166	294.996	296.645
18.7286	294.969	296.601
18.7405	294.943	296.557
18.7524	294.917	296.514
18.7644	294.891	296.471
18.7763	294.865	296.429
18.7882	294.84	296.387
18.8002	294.815	296.345
18.8121	294.79	296.304
18.8241	294.766	296.263
18.836	294.741	296.223
18.8479	294.717	296.183
18.8599	294.694	296.144
18.8718	294.67	296.104
18.8837	294.647	296.066
18.8957	294.624	296.027
18.9076	294.602	295.989
18.9195	294.58	295.952
18.9315	294.557	295.914
18.9434	294.536	295.877
18.9554	294.514	295.841
18.9673	294.493	295.805
18.9792	294.472	295.769
18.9912	294.451	295.734
19.0031	294.43	295.699
19.015	294.41	295.664
19.027	294.39	295.63
19.0389	294.37	295.596
19.0508	294.35	295.562
19.0628	294.331	295.529
19.0747	294.312	295.496
19.0867	294.293	295.463
19.0986	294.274	295.431
19.1105	294.255	295.399
19.1225	294.237	295.368
19.1344	294.219	295.336
19.1463	294.201	295.306
19.1583	294.184	295.275
19.1702	294.166	295.245
19.1821	294.149	295.215
19.1941	294.132	295.185
19.206	294.115	295.156
19.218	294.099	295.127
19.2299	294.082	295.099
19.2418	294.066	295.07
19.2538	294.05	295.042
19.2657	294.034	295.015
19.2776	294.019	294.987
19.2896	294.003	294.96
19.3015	293.988	294.933
19.3135	293.973	294.907
19.3254	293.959	294.881
19.3373	293.944	294.855
19.3493	293.929	294.829
19.3612	293.915	294.804
19.3731	293.901	294.779
19.3851	293.887	294.754
19.397	293.874	294.73
19.4089	293.86	294.705
19.4209	293.847	294.681
19.4328	293.834	294.658
19.4448	293.821	294.634
19.4567	293.808	294.611
19.4686	293.795	294.589
19.4806	293.783	294.566
19.4925	293.77	294.544
19.5044	293.758	294.522
19.5164	293.746	294.5
19.5283	293.734	294.478
19.5402	293.722	294.457
19.5522	293.711	294.436
19.5641	293.7	294.415
19.5761	293.688	294.395
19.588	293.677	294.374
19.5999	293.666	294.354
19.6119	293.656	294.335
19.6238	293.645	294.315
19.6357	293.634	294.296
19.6477	293.624	294.277
19.6596	293.614	294.258
19.6716	293.604	294.239
19.6835	293.594	294.221
19.6954	293.584	294.203
19.7074	293.574	294.185
19.7193	293.565	294.167
19.7312	293.556	294.149
19.7432	293.546	294.132
19.7551	293.537	294.115
19.767	293.528	294.098
19.779	293.519	294.081
19.7909	293.511	294.065
19.8029	293.502	294.049
19.8148	293.493	294.033
19.8267	293.485	294.017
19.8387	293.477	294.001
19.8506	293.469	293.986
19.8625	293.461	293.97
19.8745	293.453	293.955
19.8864	293.445	293.941
19.8983	293.437	293.926
19.9103	293.43	293.911
19.9222	293.422	293.897
19.9342	293.415	293.883
19.9461	293.408	293.869
19.958	293.401	293.855
19.97	293.394	293.842
19.9819	293.387	293.829
19.9938	293.38	293.815
20.0058	293.373	293.802
20.0177	293.367	293.789
20.0296	293.36	293.777
20.0416	293.354	293.764
20.0535	293.347	293.752
20.0655	293.341	293.74
20.0774	293.335	293.728
20.0893	293.329	293.716
20.1013	293.323	293.704
20.1132	293.317	293.693
20.1251	293.311	293.681
20.1371	293.306	293.67
20.149	293.3	293.659
20.161	293.295	293.648
20.1729	293.289	293.637
20.1848	293.284	293.627
20.1968	293.279	293.616
20.2087	293.273	293.606
20.2206	293.268	293.596
20.2326	293.263	293.586
20.2445	293.258	293.576
20.2564	293.254	293.566
20.2684	293.249	293.557
20.2803	293.244	293.547
20.2923	293.24	293.538
20.3042	293.235	293.529
20.3161	293.231	293.519
20.3281	293.226	293.511
20.34	293.222	293.502
20.3519	293.218	293.493
20.3639	293.213	293.485
20.3758	293.209	293.476
20.3877	293.205	293.468
20.3997	293.201	293.46
20.4116	293.197	293.452
20.4236	293.194	293.444
20.4355	293.19	293.436
20.4474	293.186	293.428
20.4594	293.182	293.42
20.4713	293.179	293.413
20.4832	293.175	293.406
20.4952	293.172	293.398
20.5071	293.168	293.391
20.5191	293.165	293.384
20.531	293.162	293.377
20.5429	293.158	293.37
20.5549	293.155	293.364
20.5668	293.152	293.357
20.5787	293.149	293.35
20.5907	293.146	293.344
20.6026	293.143	293.338
20.6145	293.14	293.331
20.6265	293.137	293.325
20.6384	293.134	293.319
20.6504	293.132	293.313
20.6623	293.129	293.308
20.6742	293.126	293.302
20.6862	293.124	293.296
20.6981	293.121	293.291
20.71	293.119	293.285
20.722	293.116	293.28
20.7339	293.114	293.274
20.7458	293.111	293.269
20.7578	293.109	293.264
20.7697	293.107	293.259
20.7817	293.104	293.254
20.7936	293.102	293.249
20.8055	293.1	293.244
20.8175	293.098	293.24
20.8294	293.096	293.235
20.8413	293.094	293.23
20.8533	293.092	293.226
20.8652	293.09	293.221
20.8771	293.088	293.217
20.8891	293.086	293.213
20.901	293.084	293.209
20.913	293.082	293.204
20.9249	293.08	293.2
20.9368	293.078	293.196
20.9488	293.077	293.192
20.9607	293.075	293.189
20.9726	293.073	293.185
20.9846	293.072	293.181
20.9965	293.07	293.177
21.0085	293.068	293.174
21.0204	293.067	293.17
21.0323	293.065	293.167
21.0443	293.064	293.163
21.0562	293.062	293.16
21.0681	293.061	293.157
21.0801	293.06	293.153
21.092	293.058	293.15
21.1039	293.057	293.147
21.1159	293.056	293.144
21.1278	293.054	293.141
21.1398	293.053	293.138
21.1517	293.052	293.135
21.1636	293.05	293.132
21.1756	293.049	293.129
21.1875	293.048	293.127
21.1994	293.047	293.124
21.2114	293.046	293.121
21.2233	293.045	293.119
21.2352	293.044	293.116
21.2472	293.043	293.114
21.2591	293.042	293.111
21.2711	293.041	293.109
21.283	293.04	293.106
21.2949	293.039	293.104
21.3069	293.038	293.102
21.3188	293.037	293.099
21.3307	293.036	293.097
21.3427	293.035	293.095
21.3546	293.034	293.093
21.3666	293.033	293.091
21.3785	293.032	293.089
21.3904	293.032	293.087
21.4024	293.031	293.085
21.4143	293.03	293.083
21.4262	293.029	293.081
21.4382	293.029	293.079
21.4501	293.028	293.077
21.462	293.027	293.076
21.474	293.026	293.074
21.4859	293.026	293.072
21.4979	293.025	293.07
21.5098	293.024	293.069
21.5217	293.024	293.067
21.5337	293.023	293.066
21.5456	293.023	293.064
21.5575	293.022	293.062
21.5695	293.021	293.061
21.5814	293.021	293.06
21.5933	293.02	293.058
21.6053	293.02	293.057
21.6172	293.019	293.055
21.6292	293.019	293.054
21.6411	293.018	293.053
21.653	293.018	293.051
21.665	293.017	293.05
21.6769	293.017	293.049
21.6888	293.016	293.048
21.7008	293.016	293.047
21.7127	293.015	293.045
21.7246	293.015	293.044
21.7366	293.015	293.043
21.7485	293.014	293.042
21.7605	293.014	293.041
21.7724	293.013	293.04
21.7843	293.013	293.039
21.7963	293.013	293.038
21.8082	293.012	293.037
21.8201	293.012	293.036
21.8321	293.012	293.035
21.844	293.011	293.034
21.856	293.011	293.033
21.8679	293.011	293.032
21.8798	293.01	293.032
21.8918	293.01	293.031
21.9037	293.01	293.03
21.9156	293.009	293.029
21.9276	293.009	293.028
21.9395	293.009	293.028
21.9514	293.009	293.027
21.9634	293.008	293.026
21.9753	293.008	293.025
21.9873	293.008	293.025
21.9992	293.008	293.024
22.0111	293.007	293.023
22.0231	293.007	293.023
22.035	293.007	293.022
22.0469	293.007	293.022
22.0589	293.006	293.021
22.0708	293.006	293.02
22.0827	293.006	293.02
22.0947	293.006	293.019
22.1066	293.006	293.019
22.1186	293.006	293.018
22.1305	293.005	293.018
22.1424	293.005	293.017
22.1544	293.005	293.017
22.1663	293.005	293.016
22.1782	293.005	293.016
22.1902	293.005	293.015
22.2021	293.004	293.015
22.2141	293.004	293.014
22.226	293.004	293.014
22.2379	293.004	293.014
22.2499	293.004	293.013
22.2618	293.004	293.013
22.2737	293.004	293.012
22.2857	293.003	293.012
22.2976	293.003	293.012
22.3095	293.003	293.011
22.3215	293.003	293.011
22.3334	293.003	293.011
22.3454	293.003	293.01
22.3573	293.003	293.01
22.3692	293.003	293.01
22.3812	293.003	293.009
22.3931	293.003	293.009
22.405	293.002	293.009
22.417	293.002	293.008
22.4289	293.002	293.008
22.4408	293.002	293.008
22.4528	293.002	293.008
22.4647	293.002	293.007
22.4767	293.002	293.007
22.4886	293.002	293.007
22.5005	293.002	293.007
22.5125	293.002	293.007
22.5244	293.002	293.006
22.5363	293.002	293.006
22.5483	293.002	293.006
22.5602	293.001	293.006
22.5721	293.001	293.006
22.5841	293.001	293.005
22.596	293.001	293.005
22.608	293.001	293.005
22.6199	293.001	293.005
22.6318	293.001	293.005
22.6438	293.001	293.004
22.6557	293.001	293.004
22.6676	293.001	293.004
22.6796	293.001	293.004
22.6915	293.001	293.004
22.7035	293.001	293.004
22.7154	293.001	293.004
22.7273	293.001	293.003
22.7393	293.001	293.003
22.7512	293.001	293.003
22.7631	293.001	293.003
22.7751	293.001	293.003
22.787	293.001	293.003
22.7989	293.001	293.003
22.8109	293.001	293.003
22.8228	293.001	293.003
22.8348	293.001	293.002
22.8467	293.001	293.002
22.8586	293.001	293.002
22.8706	293	293.002
22.8825	293	293.002
22.8944	293	293.002
22.9064	293	293.002
22.9183	293	293.002
22.9302	293	293.002
22.9422	293	293.002
22.9541	293	293.002
22.9661	293	293.002
22.978	293	293.002
22.9899	293	293.001
23.0019	293	293.001
23.0138	293	293.001
23.0257	293	293.001
23.0377	293	293.001
23.0496	293	293.001
23.0616	293	293.001
23.0735	293	293.001
23.0854	293	293.001
23.0974	293	293.001
23.1093	293	293.001
23.1212	293	293.001
23.1332	293	293.001
23.1451	293	293.001
23.157	293	293.001
23.169	293	293.001
23.1809	293	293.001
23.1929	293	293.001
23.2048	293	293.001
23.2167	293	293.001
23.2287	293	293.001
23.2406	293	293.001
23.2525	293	293.001
23.2645	293	293
23.2764	293	293
23.2883	293	293
23.3003	293	293
23.3122	293	293
23.3242	293	293
23.3361	293	293
23.348	293	293
23.36	293	293
23.3719	293	293
23.3838	293	293
23.3958	293	293
23.4077	293	293
23.4196	293	293
23.4316	293	293
23.4435	293	293
23.4555	293	293
23.4674	293	293
23.4793	293	293
23.4913	293	293
23.5032	293	293
23.5151	293	293
23.5271	293	293
23.539	293	293
23.551	293	293
23.5629	293	293
23.5748	293	293
23.5868	293	293
23.5987	293	293
23.6106	293	293
23.6226	293	293
23.6345	293	293
23.6464	293	293
23.6584	293	293
23.6703	293	293
23.6823	293	293
23.6942	293	293
23.7061	293	293
23.7181	293	293
23.73	293	293
23.7419	293	293
23.7539	293	293
23.7658	293	293
23.7777	293	293
23.7897	293	293
23.8016	293	293
23.8136	293	293
23.8255	293	293
23.8374	293	293
23.8494	293	293
23.8613	293	293
23.8732	293	293
