0	873	872.319
0.0119366	872.988	872.314
0.0238732	872.981	872.3
0.0358099	872.973	872.279
0.0477465	872.965	872.251
0.0596831	872.956	872.219
0.0716197	872.947	872.183
0.0835563	872.938	872.144
0.095493	872.928	872.102
0.10743	872.918	872.058
0.119366	872.907	872.012
0.131303	872.896	871.964
0.143239	872.884	871.915
0.155176	872.872	871.864
0.167113	872.859	871.811
0.179049	872.846	871.757
0.190986	872.832	871.702
0.202923	872.818	871.645
0.214859	872.802	871.587
0.226796	872.787	871.527
0.238732	872.771	871.466
0.250669	872.754	871.404
0.262606	872.736	871.34
0.274542	872.718	871.275
0.286479	872.699	871.208
0.298416	872.679	871.14
0.310352	872.659	871.07
0.322289	872.638	870.999
0.334225	872.617	870.926
0.346162	872.594	870.852
0.358099	872.571	870.777
0.370035	872.547	870.699
0.381972	872.522	870.621
0.393908	872.497	870.54
0.405845	872.471	870.458
0.417782	872.444	870.375
0.429718	872.416	870.29
0.441655	872.387	870.203
0.453592	872.357	870.115
0.465528	872.327	870.025
0.477465	872.296	869.933
0.489401	872.263	869.84
0.501338	872.23	869.745
0.513275	872.196	869.648
0.525211	872.161	869.55
0.537148	872.125	869.45
0.549085	872.088	869.348
0.561021	872.05	869.245
0.572958	872.012	869.139
0.584894	871.972	869.032
0.596831	871.931	868.923
0.608768	871.889	868.813
0.620704	871.846	868.7
0.632641	871.802	868.586
0.644578	871.757	868.47
0.656514	871.711	868.352
0.668451	871.663	868.233
0.680387	871.615	868.111
0.692324	871.565	867.988
0.704261	871.515	867.862
0.716197	871.463	867.735
0.728134	871.41	867.606
0.74007	871.356	867.475
0.752007	871.301	867.342
0.763944	871.244	867.207
0.77588	871.186	867.07
0.787817	871.127	866.932
0.799754	871.067	866.791
0.81169	871.005	866.648
0.823627	870.943	866.504
0.835563	870.879	866.357
0.8475	870.813	866.209
0.859437	870.746	866.058
0.871373	870.678	865.905
0.88331	870.609	865.751
0.895247	870.538	865.594
0.907183	870.466	865.436
0.91912	870.393	865.275
0.931056	870.318	865.112
0.942993	870.241	864.947
0.95493	870.164	864.781
0.966866	870.084	864.612
0.978803	870.004	864.441
0.99074	869.922	864.268
1.00268	869.838	864.093
1.01461	869.753	863.915
1.02655	869.666	863.736
1.03849	869.578	863.555
1.05042	869.489	863.371
1.06236	869.398	863.185
1.0743	869.305	862.998
1.08623	869.211	862.808
1.09817	869.115	862.616
1.11011	869.017	862.422
1.12204	868.918	862.226
1.13398	868.818	862.027
1.14592	868.715	861.827
1.15785	868.611	861.624
1.16979	868.506	861.419
1.18173	868.399	861.212
1.19366	868.29	861.003
1.2056	868.179	860.792
1.21754	868.067	860.578
1.22947	867.953	860.363
1.24141	867.837	860.145
1.25335	867.72	859.925
1.26528	867.6	859.703
1.27722	867.479	859.478
1.28916	867.357	859.252
1.30109	867.232	859.023
1.31303	867.106	858.792
1.32496	866.978	858.559
1.3369	866.848	858.324
1.34884	866.717	858.087
1.36077	866.583	857.847
1.37271	866.448	857.606
1.38465	866.311	857.362
1.39658	866.172	857.116
1.40852	866.031	856.868
1.42046	865.888	856.617
1.43239	865.743	856.365
1.44433	865.597	856.11
1.45627	865.448	855.853
1.4682	865.298	855.594
1.48014	865.146	855.333
1.49208	864.992	855.069
1.50401	864.836	854.804
1.51595	864.678	854.536
1.52789	864.518	854.266
1.53982	864.356	853.994
1.55176	864.192	853.72
1.5637	864.026	853.444
1.57563	863.858	853.165
1.58757	863.689	852.885
1.59951	863.517	852.602
1.61144	863.343	852.317
1.62338	863.167	852.03
1.63532	862.99	851.741
1.64725	862.81	851.45
1.65919	862.628	851.156
1.67113	862.444	850.861
1.68306	862.258	850.563
1.695	862.07	850.264
1.70694	861.88	849.962
1.71887	861.688	849.658
1.73081	861.494	849.353
1.74275	861.298	849.045
1.75468	861.1	848.735
1.76662	860.9	848.423
1.77856	860.698	848.108
1.79049	860.493	847.792
1.80243	860.287	847.474
1.81437	860.078	847.154
1.8263	859.868	846.832
1.83824	859.655	846.508
1.85018	859.44	846.181
1.86211	859.223	845.853
1.87405	859.004	845.523
1.88599	858.783	845.191
1.89792	858.56	844.857
1.90986	858.335	844.521
1.9218	858.107	844.183
1.93373	857.878	843.843
1.94567	857.646	843.501
1.95761	857.413	843.157
1.96954	857.177	842.811
1.98148	856.939	842.464
1.99342	856.699	842.114
2.00535	856.457	841.763
2.01729	856.212	841.409
2.02923	855.966	841.054
2.04116	855.717	840.697
2.0531	855.467	840.339
2.06504	855.214	839.978
2.07697	854.959	839.616
2.08891	854.702	839.251
2.10085	854.443	838.885
2.11278	854.182	838.518
2.12472	853.919	838.148
2.13666	853.654	837.777
2.14859	853.386	837.404
2.16053	853.117	837.029
2.17246	852.845	836.652
2.1844	852.571	836.274
2.19634	852.295	835.894
2.20827	852.017	835.513
2.22021	851.737	835.13
2.23215	851.455	834.745
2.24408	851.171	834.358
2.25602	850.885	833.97
2.26796	850.597	833.58
2.27989	850.306	833.189
2.29183	850.014	832.796
2.30377	849.719	832.402
2.3157	849.423	832.006
2.32764	849.124	831.608
2.33958	848.823	831.209
2.35151	848.521	830.808
2.36345	848.216	830.406
2.37539	847.909	830.003
2.38732	847.6	829.597
2.39926	847.29	829.191
2.4112	846.977	828.783
2.42313	846.662	828.374
2.43507	846.345	827.963
2.44701	846.026	827.551
2.45894	845.706	827.137
2.47088	845.383	826.722
2.48282	845.058	826.306
2.49475	844.732	825.888
2.50669	844.403	825.469
2.51863	844.072	825.049
2.53056	843.74	824.627
2.5425	843.405	824.205
2.55444	843.069	823.78
2.56637	842.731	823.355
2.57831	842.391	822.929
2.59025	842.049	822.501
2.60218	841.705	822.072
2.61412	841.359	821.642
2.62606	841.011	821.211
2.63799	840.661	820.778
2.64993	840.31	820.345
2.66187	839.957	819.91
2.6738	839.602	819.474
2.68574	839.245	819.037
2.69768	838.886	818.599
2.70961	838.526	818.16
2.72155	838.163	817.72
2.73349	837.799	817.279
2.74542	837.434	816.837
2.75736	837.066	816.394
2.7693	836.697	815.95
2.78123	836.326	815.506
2.79317	835.953	815.06
2.80511	835.578	814.613
2.81704	835.202	814.165
2.82898	834.824	813.717
2.84092	834.445	813.267
2.85285	834.064	812.817
2.86479	833.681	812.366
2.87673	833.296	811.914
2.88866	832.91	811.461
2.9006	832.523	811.008
2.91254	832.133	810.553
2.92447	831.743	810.098
2.93641	831.35	809.642
2.94835	830.956	809.186
2.96028	830.561	808.729
2.97222	830.163	808.271
2.98416	829.765	807.812
2.99609	829.365	807.353
3.00803	828.963	806.893
3.01997	828.56	806.432
3.0319	828.156	805.971
3.04384	827.75	805.509
3.05577	827.342	805.047
3.06771	826.933	804.584
3.07965	826.523	804.121
3.09158	826.112	803.657
3.10352	825.699	803.192
3.11546	825.284	802.727
3.12739	824.868	802.262
3.13933	824.451	801.796
3.15127	824.033	801.329
3.1632	823.613	800.862
3.17514	823.192	800.395
3.18708	822.77	799.927
3.19901	822.347	799.459
3.21095	821.922	798.991
3.22289	821.496	798.522
3.23482	821.069	798.053
3.24676	820.64	797.583
3.2587	820.211	797.113
3.27063	819.78	796.643
3.28257	819.348	796.173
3.29451	818.915	795.702
3.30644	818.481	795.231
3.31838	818.046	794.76
3.33032	817.609	794.288
3.34225	817.172	793.817
3.35419	816.734	793.345
3.36613	816.294	792.873
3.37806	815.854	792.401
3.39	815.412	791.928
3.40194	814.969	791.456
3.41387	814.526	790.983
3.42581	814.081	790.51
3.43775	813.636	790.037
3.44968	813.19	789.564
3.46162	812.742	789.091
3.47356	812.294	788.618
3.48549	811.845	788.145
3.49743	811.395	787.672
3.50937	810.944	787.198
3.5213	810.493	786.725
3.53324	810.04	786.252
3.54518	809.587	785.779
3.55711	809.133	785.305
3.56905	808.678	784.832
3.58099	808.223	784.359
3.59292	807.766	783.886
3.60486	807.309	783.413
3.6168	806.852	782.94
3.62873	806.393	782.467
3.64067	805.934	781.994
3.65261	805.474	781.522
3.66454	805.014	781.049
3.67648	804.553	780.577
3.68842	804.091	780.104
3.70035	803.629	779.632
3.71229	803.166	779.16
3.72423	802.703	778.689
3.73616	802.239	778.217
3.7481	801.774	777.746
3.76004	801.309	777.275
3.77197	800.843	776.804
3.78391	800.377	776.333
3.79585	799.911	775.863
3.80778	799.444	775.393
3.81972	798.977	774.923
3.83166	798.509	774.453
3.84359	798.041	773.984
3.85553	797.572	773.515
3.86747	797.103	773.046
3.8794	796.633	772.578
3.89134	796.164	772.11
3.90327	795.694	771.642
3.91521	795.223	771.174
3.92715	794.752	770.707
3.93908	794.281	770.241
3.95102	793.81	769.774
3.96296	793.339	769.308
3.97489	792.867	768.843
3.98683	792.395	768.377
3.99877	791.922	767.912
4.0107	791.45	767.448
4.02264	790.977	766.984
4.03458	790.504	766.52
4.04651	790.031	766.057
4.05845	789.558	765.594
4.07039	789.085	765.132
4.08232	788.611	764.67
4.09426	788.138	764.209
4.1062	787.664	763.748
4.11813	787.19	763.287
4.13007	786.716	762.827
4.14201	786.243	762.367
4.15394	785.769	761.908
4.16588	785.295	761.45
4.17782	784.821	760.991
4.18975	784.347	760.534
4.20169	783.873	760.077
4.21363	783.399	759.62
4.22556	782.925	759.164
4.2375	782.451	758.708
4.24944	781.977	758.253
4.26137	781.503	757.798
4.27331	781.03	757.344
4.28525	780.556	756.891
4.29718	780.082	756.438
4.30912	779.609	755.985
4.32106	779.136	755.534
4.33299	778.663	755.082
4.34493	778.19	754.631
4.35687	777.717	754.181
4.3688	777.244	753.731
4.38074	776.772	753.282
4.39268	776.299	752.834
4.40461	775.827	752.386
4.41655	775.355	751.938
4.42849	774.884	751.491
4.44042	774.412	751.045
4.45236	773.941	750.599
4.4643	773.47	750.154
4.47623	772.999	749.71
4.48817	772.529	749.266
4.50011	772.059	748.823
4.51204	771.589	748.38
4.52398	771.119	747.938
4.53592	770.65	747.496
4.54785	770.181	747.055
4.55979	769.713	746.615
4.57173	769.244	746.175
4.58366	768.776	745.736
4.5956	768.309	745.297
4.60754	767.842	744.859
4.61947	767.375	744.422
4.63141	766.908	743.985
4.64335	766.442	743.549
4.65528	765.977	743.113
4.66722	765.511	742.678
4.67916	765.047	742.244
4.69109	764.582	741.81
4.70303	764.118	741.377
4.71497	763.655	740.944
4.7269	763.191	740.512
4.73884	762.729	740.081
4.75078	762.266	739.65
4.76271	761.805	739.22
4.77465	761.343	738.79
4.78658	760.882	738.361
4.79852	760.422	737.933
4.81046	759.962	737.505
4.82239	759.503	737.078
4.83433	759.044	736.651
4.84627	758.585	736.225
4.8582	758.127	735.8
4.87014	757.67	735.375
4.88208	757.213	734.951
4.89401	756.757	734.527
4.90595	756.301	734.104
4.91789	755.846	733.682
4.92982	755.391	733.26
4.94176	754.937	732.839
4.9537	754.483	732.418
4.96563	754.03	731.998
4.97757	753.577	731.578
4.98951	753.125	731.159
5.00144	752.674	730.741
5.01338	752.223	730.323
5.02532	751.772	729.906
5.03725	751.322	729.489
5.04919	750.873	729.073
5.06113	750.425	728.657
5.07306	749.977	728.242
5.085	749.529	727.828
5.09694	749.082	727.414
5.10887	748.636	727
5.12081	748.19	726.587
5.13275	747.745	726.175
5.14468	747.301	725.763
5.15662	746.857	725.352
5.16856	746.413	724.941
5.18049	745.971	724.531
5.19243	745.528	724.122
5.20437	745.087	723.712
5.2163	744.646	723.304
5.22824	744.206	722.896
5.24018	743.766	722.488
5.25211	743.327	722.081
5.26405	742.889	721.674
5.27599	742.451	721.268
5.28792	742.013	720.863
5.29986	741.577	720.458
5.3118	741.141	720.053
5.32373	740.705	719.649
5.33567	740.271	719.245
5.34761	739.836	718.842
5.35954	739.403	718.44
5.37148	738.97	718.037
5.38342	738.538	717.636
5.39535	738.106	717.234
5.40729	737.675	716.833
5.41923	737.244	716.433
5.43116	736.815	716.033
5.4431	736.385	715.634
5.45504	735.957	715.234
5.46697	735.529	714.836
5.47891	735.101	714.438
5.49085	734.674	714.04
5.50278	734.248	713.643
5.51472	733.823	713.246
5.52666	733.398	712.849
5.53859	732.973	712.453
5.55053	732.55	712.057
5.56247	732.126	711.662
5.5744	731.704	711.267
5.58634	731.282	710.872
5.59828	730.861	710.478
5.61021	730.44	710.085
5.62215	730.02	709.691
5.63408	729.6	709.298
5.64602	729.181	708.906
5.65796	728.763	708.513
5.66989	728.345	708.121
5.68183	727.928	707.73
5.69377	727.511	707.339
5.7057	727.095	706.948
5.71764	726.679	706.557
5.72958	726.264	706.167
5.74151	725.85	705.777
5.75345	725.436	705.387
5.76539	725.023	704.998
5.77732	724.61	704.609
5.78926	724.198	704.221
5.8012	723.787	703.832
5.81313	723.376	703.444
5.82507	722.965	703.057
5.83701	722.555	702.669
5.84894	722.146	702.282
5.86088	721.737	701.895
5.87282	721.329	701.509
5.88475	720.921	701.123
5.89669	720.514	700.737
5.90863	720.107	700.351
5.92056	719.701	699.965
5.9325	719.295	699.58
5.94444	718.89	699.195
5.95637	718.485	698.81
5.96831	718.081	698.426
5.98025	717.677	698.042
5.99218	717.274	697.658
6.00412	716.871	697.274
6.01606	716.469	696.89
6.02799	716.067	696.507
6.03993	715.666	696.124
6.05187	715.265	695.741
6.0638	714.865	695.358
6.07574	714.465	694.976
6.08768	714.066	694.593
6.09961	713.667	694.211
6.11155	713.268	693.829
6.12349	712.87	693.448
6.13542	712.473	693.066
6.14736	712.075	692.685
6.1593	711.679	692.303
6.17123	711.282	691.922
6.18317	710.887	691.542
6.19511	710.491	691.161
6.20704	710.096	690.78
6.21898	709.701	690.4
6.23092	709.307	690.02
6.24285	708.913	689.64
6.25479	708.52	689.26
6.26673	708.127	688.88
6.27866	707.734	688.5
6.2906	707.342	688.121
6.30254	706.95	687.741
6.31447	706.559	687.362
6.32641	706.167	686.983
6.33835	705.777	686.604
6.35028	705.386	686.225
6.36222	704.996	685.846
6.37416	704.606	685.467
6.38609	704.217	685.088
6.39803	703.828	684.71
6.40997	703.439	684.331
6.4219	703.05	683.953
6.43384	702.662	683.575
6.44578	702.274	683.196
6.45771	701.887	682.818
6.46965	701.499	682.44
6.48159	701.112	682.062
6.49352	700.726	681.684
6.50546	700.339	681.307
6.51739	699.953	680.929
6.52933	699.567	680.551
6.54127	699.182	680.173
6.5532	698.796	679.796
6.56514	698.411	679.418
6.57708	698.026	679.041
6.58901	697.642	678.663
6.60095	697.257	678.286
6.61289	696.873	677.909
6.62482	696.489	677.531
6.63676	696.105	677.154
6.6487	695.722	676.777
6.66063	695.338	676.4
6.67257	694.955	676.022
6.68451	694.572	675.645
6.69644	694.19	675.268
6.70838	693.807	674.891
6.72032	693.425	674.514
6.73225	693.043	674.137
6.74419	692.661	673.76
6.75613	692.279	673.383
6.76806	691.898	673.006
6.78	691.517	672.629
6.79194	691.136	672.252
6.80387	690.755	671.875
6.81581	690.374	671.498
6.82775	689.993	671.121
6.83968	689.613	670.744
6.85162	689.233	670.367
6.86356	688.853	669.99
6.87549	688.473	669.613
6.88743	688.094	669.236
6.89937	687.715	668.858
6.9113	687.335	668.481
6.92324	686.957	668.104
6.93518	686.578	667.727
6.94711	686.199	667.35
6.95905	685.821	666.973
6.97099	685.443	666.596
6.98292	685.065	666.218
6.99486	684.687	665.841
7.0068	684.309	665.464
7.01873	683.932	665.086
7.03067	683.555	664.709
7.04261	683.178	664.331
7.05454	682.801	663.954
7.06648	682.424	663.576
7.07842	682.048	663.199
7.09035	681.671	662.821
7.10229	681.295	662.443
7.11423	680.919	662.066
7.12616	680.543	661.688
7.1381	680.167	661.31
7.15004	679.792	660.932
7.16197	679.416	660.554
7.17391	679.04	660.176
7.18585	678.665	659.798
7.19778	678.29	659.42
7.20972	677.915	659.041
7.22166	677.54	658.663
7.23359	677.164	658.284
7.24553	676.789	657.906
7.25747	676.415	657.527
7.2694	676.04	657.149
7.28134	675.665	656.77
7.29328	675.29	656.391
7.30521	674.915	656.012
7.31715	674.54	655.633
7.32909	674.165	655.254
7.34102	673.791	654.875
7.35296	673.416	654.496
7.36489	673.041	654.117
7.37683	672.666	653.738
7.38877	672.291	653.358
7.4007	671.916	652.979
7.41264	671.541	652.599
7.42458	671.166	652.219
7.43651	670.791	651.84
7.44845	670.416	651.46
7.46039	670.04	651.08
7.47232	669.665	650.7
7.48426	669.29	650.32
7.4962	668.914	649.94
7.50813	668.539	649.56
7.52007	668.163	649.179
7.53201	667.787	648.799
7.54394	667.412	648.418
7.55588	667.036	648.038
7.56782	666.66	647.657
7.57975	666.284	647.277
7.59169	665.907	646.896
7.60363	665.531	646.515
7.61556	665.155	646.134
7.6275	664.778	645.753
7.63944	664.402	645.372
7.65137	664.025	644.991
7.66331	663.648	644.61
7.67525	663.272	644.229
7.68718	662.895	643.847
7.69912	662.518	643.466
7.71106	662.14	643.084
7.72299	661.763	642.703
7.73493	661.386	642.321
7.74687	661.008	641.939
7.7588	660.631	641.558
7.77074	660.253	641.176
7.78268	659.876	640.794
7.79461	659.498	640.412
7.80655	659.12	640.03
7.81849	658.742	639.648
7.83042	658.364	639.266
7.84236	657.985	638.883
7.8543	657.607	638.501
7.86623	657.229	638.119
7.87817	656.85	637.736
7.89011	656.472	637.354
7.90204	656.093	636.971
7.91398	655.714	636.588
7.92592	655.335	636.206
7.93785	654.956	635.823
7.94979	654.577	635.44
7.96173	654.198	635.057
7.97366	653.819	634.674
7.9856	653.44	634.291
7.99754	653.06	633.908
8.00947	652.681	633.525
8.02141	652.301	633.142
8.03335	651.922	632.759
8.04528	651.542	632.375
8.05722	651.162	631.992
8.06916	650.782	631.609
8.08109	650.402	631.225
8.09303	650.022	630.842
8.10497	649.642	630.458
8.1169	649.262	630.074
8.12884	648.881	629.691
8.14078	648.501	629.307
8.15271	648.121	628.923
8.16465	647.74	628.539
8.17659	647.359	628.155
8.18852	646.979	627.771
8.20046	646.598	627.387
8.2124	646.217	627.003
8.22433	645.836	626.619
8.23627	645.455	626.235
8.2482	645.074	625.851
8.26014	644.693	625.467
8.27208	644.312	625.082
8.28401	643.93	624.698
8.29595	643.549	624.313
8.30789	643.167	623.929
8.31982	642.786	623.544
8.33176	642.404	623.16
8.3437	642.023	622.775
8.35563	641.641	622.39
8.36757	641.259	622.006
8.37951	640.877	621.621
8.39144	640.495	621.236
8.40338	640.113	620.851
8.41532	639.731	620.466
8.42725	639.349	620.081
8.43919	638.967	619.696
8.45113	638.584	619.311
8.46306	638.202	618.926
8.475	637.82	618.541
8.48694	637.437	618.156
8.49887	637.055	617.771
8.51081	636.672	617.385
8.52275	636.289	617
8.53468	635.907	616.615
8.54662	635.524	616.229
8.55856	635.141	615.844
8.57049	634.758	615.458
8.58243	634.375	615.073
8.59437	633.992	614.687
8.6063	633.609	614.302
8.61824	633.226	613.916
8.63018	632.842	613.53
8.64211	632.459	613.144
8.65405	632.076	612.759
8.66599	631.692	612.373
8.67792	631.309	611.987
8.68986	630.925	611.601
8.7018	630.542	611.215
8.71373	630.158	610.829
8.72567	629.775	610.443
8.73761	629.391	610.057
8.74954	629.007	609.671
8.76148	628.623	609.285
8.77342	628.239	608.899
8.78535	627.855	608.512
8.79729	627.471	608.126
8.80923	627.087	607.74
8.82116	626.703	607.353
8.8331	626.319	606.967
8.84504	625.935	606.581
8.85697	625.55	606.194
8.86891	625.166	605.808
8.88085	624.782	605.421
8.89278	624.397	605.035
8.90472	624.013	604.648
8.91666	623.628	604.261
8.92859	623.244	603.875
8.94053	622.859	603.488
8.95247	622.474	603.101
8.9644	622.09	602.715
8.97634	621.705	602.328
8.98828	621.32	601.941
9.00021	620.935	601.554
9.01215	620.55	601.167
9.02409	620.165	600.78
9.03602	619.78	600.393
9.04796	619.395	600.006
9.0599	619.01	599.619
9.07183	618.625	599.232
9.08377	618.24	598.845
9.0957	617.854	598.458
9.10764	617.469	598.071
9.11958	617.084	597.684
9.13151	616.698	597.296
9.14345	616.313	596.909
9.15539	615.928	596.522
9.16732	615.542	596.135
9.17926	615.156	595.747
9.1912	614.771	595.36
9.20313	614.385	594.972
9.21507	614	594.585
9.22701	613.614	594.197
9.23894	613.228	593.81
9.25088	612.842	593.422
9.26282	612.456	593.035
9.27475	612.071	592.647
9.28669	611.685	592.259
9.29863	611.299	591.872
9.31056	610.913	591.484
9.3225	610.527	591.096
9.33444	610.141	590.709
9.34637	609.754	590.321
9.35831	609.368	589.933
9.37025	608.982	589.545
9.38218	608.596	589.157
9.39412	608.21	588.769
9.40606	607.823	588.381
9.41799	607.437	587.993
9.42993	607.051	587.605
9.44187	606.664	587.217
9.4538	606.278	586.829
9.46574	605.891	586.441
9.47768	605.505	586.053
9.48961	605.118	585.665
9.50155	604.731	585.277
9.51349	604.345	584.889
9.52542	603.958	584.5
9.53736	603.571	584.112
9.5493	603.185	583.724
9.56123	602.798	583.336
9.57317	602.411	582.947
9.58511	602.024	582.559
9.59704	601.637	582.17
9.60898	601.25	581.782
9.62092	600.863	581.394
9.63285	600.476	581.005
9.64479	600.089	580.617
9.65673	599.702	580.228
9.66866	599.315	579.839
9.6806	598.928	579.451
9.69254	598.541	579.062
9.70447	598.154	578.674
9.71641	597.767	578.285
9.72835	597.379	577.896
9.74028	596.992	577.507
9.75222	596.605	577.119
9.76416	596.217	576.73
9.77609	595.83	576.341
9.78803	595.442	575.952
9.79997	595.055	575.563
9.8119	594.668	575.175
9.82384	594.28	574.786
9.83578	593.892	574.397
9.84771	593.505	574.008
9.85965	593.117	573.619
9.87159	592.73	573.23
9.88352	592.342	572.841
9.89546	591.954	572.452
9.9074	591.567	572.062
9.91933	591.179	571.673
9.93127	590.791	571.284
9.94321	590.403	570.895
9.95514	590.015	570.506
9.96708	589.627	570.116
9.97901	589.24	569.727
9.99095	588.852	569.338
10.0029	588.464	568.949
10.0148	588.076	568.559
10.0268	587.688	568.17
10.0387	587.3	567.781
10.0506	586.912	567.391
10.0626	586.523	567.002
10.0745	586.135	566.612
10.0864	585.747	566.223
10.0984	585.359	565.833
10.1103	584.971	565.444
10.1223	584.582	565.054
10.1342	584.194	564.664
10.1461	583.806	564.275
10.1581	583.417	563.885
10.17	583.029	563.495
10.1819	582.641	563.106
10.1939	582.252	562.716
10.2058	581.864	562.326
10.2177	581.475	561.936
10.2297	581.087	561.547
10.2416	580.698	561.157
10.2536	580.31	560.767
10.2655	579.921	560.377
10.2774	579.533	559.987
10.2894	579.144	559.597
10.3013	578.755	559.207
10.3132	578.367	558.817
10.3252	577.978	558.427
10.3371	577.589	558.037
10.3491	577.2	557.647
10.361	576.811	557.257
10.3729	576.423	556.867
10.3849	576.034	556.477
10.3968	575.645	556.087
10.4087	575.256	555.696
10.4207	574.867	555.306
10.4326	574.478	554.916
10.4445	574.089	554.526
10.4565	573.7	554.135
10.4684	573.311	553.745
10.4804	572.922	553.355
10.4923	572.533	552.964
10.5042	572.144	552.574
10.5162	571.755	552.183
10.5281	571.365	551.793
10.54	570.976	551.402
10.552	570.587	551.012
10.5639	570.198	550.621
10.5758	569.808	550.231
10.5878	569.419	549.84
10.5997	569.03	549.45
10.6117	568.64	549.059
10.6236	568.251	548.668
10.6355	567.862	548.278
10.6475	567.472	547.887
10.6594	567.083	547.496
10.6713	566.693	547.106
10.6833	566.304	546.715
10.6952	565.914	546.324
10.7071	565.525	545.933
10.7191	565.135	545.542
10.731	564.745	545.151
10.743	564.356	544.76
10.7549	563.966	544.37
10.7668	563.576	543.979
10.7788	563.187	543.588
10.7907	562.797	543.197
10.8026	562.407	542.806
10.8146	562.017	542.415
10.8265	561.627	542.023
10.8385	561.238	541.632
10.8504	560.848	541.241
10.8623	560.458	540.85
10.8743	560.068	540.459
10.8862	559.678	540.068
10.8981	559.288	539.677
10.9101	558.898	539.285
10.922	558.508	538.894
10.9339	558.118	538.503
10.9459	557.728	538.111
10.9578	557.338	537.72
10.9698	556.948	537.329
10.9817	556.558	536.937
10.9936	556.167	536.546
11.0056	555.777	536.155
11.0175	555.387	535.763
11.0294	554.997	535.372
11.0414	554.606	534.98
11.0533	554.216	534.589
11.0652	553.826	534.197
11.0772	553.435	533.805
11.0891	553.045	533.414
11.1011	552.655	533.022
11.113	552.264	532.631
11.1249	551.874	532.239
11.1369	551.483	531.847
11.1488	551.093	531.456
11.1607	550.702	531.064
11.1727	550.312	530.672
11.1846	549.921	530.28
11.1966	549.531	529.889
11.2085	549.14	529.497
11.2204	548.749	529.105
11.2324	548.359	528.713
11.2443	547.968	528.321
11.2562	547.577	527.929
11.2682	547.187	527.537
11.2801	546.796	527.145
11.292	546.405	526.753
11.304	546.014	526.361
11.3159	545.623	525.969
11.3279	545.233	525.577
11.3398	544.842	525.185
11.3517	544.451	524.793
11.3637	544.06	524.401
11.3756	543.669	524.009
11.3875	543.278	523.617
11.3995	542.887	523.225
11.4114	542.496	522.833
11.4233	542.105	522.441
11.4353	541.714	522.048
11.4472	541.323	521.656
11.4592	540.932	521.264
11.4711	540.541	520.872
11.483	540.149	520.48
11.495	539.758	520.087
11.5069	539.367	519.695
11.5188	538.976	519.303
11.5308	538.585	518.91
11.5427	538.193	518.518
11.5546	537.802	518.126
11.5666	537.411	517.733
11.5785	537.019	517.341
11.5905	536.628	516.948
11.6024	536.237	516.556
11.6143	535.845	516.164
11.6263	535.454	515.771
11.6382	535.062	515.379
11.6501	534.671	514.986
11.6621	534.279	514.594
11.674	533.888	514.201
11.686	533.496	513.809
11.6979	533.105	513.416
11.7098	532.713	513.024
11.7218	532.322	512.631
11.7337	531.93	512.238
11.7456	531.538	511.846
11.7576	531.147	511.453
11.7695	530.755	511.061
11.7814	530.363	510.668
11.7934	529.972	510.275
11.8053	529.58	509.883
11.8173	529.188	509.49
11.8292	528.796	509.097
11.8411	528.405	508.705
11.8531	528.013	508.312
11.865	527.621	507.919
11.8769	527.229	507.527
11.8889	526.837	507.134
11.9008	526.445	506.741
11.9127	526.053	506.349
11.9247	525.661	505.956
11.9366	525.269	505.563
11.9486	524.877	505.17
11.9605	524.485	504.778
11.9724	524.093	504.385
11.9844	523.701	503.992
11.9963	523.309	503.599
12.0082	522.917	503.207
12.0202	522.525	502.814
12.0321	522.133	502.421
12.0441	521.741	502.028
12.056	521.349	501.635
12.0679	520.957	501.243
12.0799	520.565	500.85
12.0918	520.172	500.457
12.1037	519.78	500.064
12.1157	519.388	499.672
12.1276	518.996	499.279
12.1395	518.604	498.886
12.1515	518.211	498.493
12.1634	517.819	498.1
12.1754	517.427	497.708
12.1873	517.035	497.315
12.1992	516.642	496.922
12.2112	516.25	496.529
12.2231	515.858	496.137
12.235	515.465	495.744
12.247	515.073	495.351
12.2589	514.681	494.958
12.2708	514.288	494.566
12.2828	513.896	494.173
12.2947	513.503	493.78
12.3067	513.111	493.388
12.3186	512.719	492.995
12.3305	512.326	492.602
12.3425	511.934	492.209
12.3544	511.541	491.817
12.3663	511.149	491.424
12.3783	510.756	491.031
12.3902	510.364	490.639
12.4021	509.971	490.246
12.4141	509.579	489.854
12.426	509.186	489.461
12.438	508.794	489.068
12.4499	508.401	488.676
12.4618	508.009	488.283
12.4738	507.616	487.891
12.4857	507.224	487.498
12.4976	506.831	487.106
12.5096	506.438	486.713
12.5215	506.046	486.321
12.5335	505.653	485.929
12.5454	505.261	485.536
12.5573	504.868	485.144
12.5693	504.476	484.751
12.5812	504.083	484.359
12.5931	503.69	483.967
12.6051	503.298	483.574
12.617	502.905	483.182
12.6289	502.513	482.79
12.6409	502.12	482.398
12.6528	501.728	482.006
12.6648	501.335	481.613
12.6767	500.942	481.221
12.6886	500.55	480.829
12.7006	500.157	480.437
12.7125	499.765	480.045
12.7244	499.372	479.653
12.7364	498.979	479.261
12.7483	498.587	478.869
12.7602	498.194	478.477
12.7722	497.802	478.086
12.7841	497.409	477.694
12.7961	497.017	477.302
12.808	496.624	476.91
12.8199	496.231	476.519
12.8319	495.839	476.127
12.8438	495.446	475.735
12.8557	495.054	475.344
12.8677	494.661	474.952
12.8796	494.269	474.561
12.8916	493.876	474.169
12.9035	493.484	473.778
12.9154	493.091	473.387
12.9274	492.699	472.995
12.9393	492.307	472.604
12.9512	491.914	472.213
12.9632	491.522	471.822
12.9751	491.129	471.431
12.987	490.737	471.04
12.999	490.344	470.649
13.0109	489.952	470.258
13.0229	489.56	469.867
13.0348	489.167	469.476
13.0467	488.775	469.085
13.0587	488.383	468.695
13.0706	487.991	468.304
13.0825	487.598	467.913
13.0945	487.206	467.523
13.1064	486.814	467.132
13.1183	486.422	466.742
13.1303	486.029	466.352
13.1422	485.637	465.962
13.1542	485.245	465.571
13.1661	484.853	465.181
13.178	484.461	464.791
13.19	484.069	464.401
13.2019	483.677	464.011
13.2138	483.285	463.622
13.2258	482.893	463.232
13.2377	482.501	462.842
13.2496	482.109	462.453
13.2616	481.717	462.063
13.2735	481.325	461.674
13.2855	480.934	461.284
13.2974	480.542	460.895
13.3093	480.15	460.506
13.3213	479.758	460.117
13.3332	479.367	459.728
13.3451	478.975	459.339
13.3571	478.584	458.95
13.369	478.192	458.561
13.381	477.8	458.173
13.3929	477.409	457.784
13.4048	477.018	457.396
13.4168	476.626	457.007
13.4287	476.235	456.619
13.4406	475.844	456.231
13.4526	475.452	455.843
13.4645	475.061	455.455
13.4764	474.67	455.067
13.4884	474.279	454.679
13.5003	473.888	454.291
13.5123	473.497	453.904
13.5242	473.106	453.516
13.5361	472.715	453.129
13.5481	472.324	452.742
13.56	471.933	452.355
13.5719	471.542	451.968
13.5839	471.152	451.581
13.5958	470.761	451.194
13.6077	470.37	450.807
13.6197	469.98	450.421
13.6316	469.589	450.035
13.6436	469.199	449.648
13.6555	468.809	449.262
13.6674	468.418	448.876
13.6794	468.028	448.49
13.6913	467.638	448.104
13.7032	467.248	447.719
13.7152	466.858	447.333
13.7271	466.468	446.948
13.7391	466.078	446.562
13.751	465.688	446.177
13.7629	465.298	445.792
13.7749	464.909	445.407
13.7868	464.519	445.023
13.7987	464.129	444.638
13.8107	463.74	444.254
13.8226	463.351	443.869
13.8345	462.961	443.485
13.8465	462.572	443.101
13.8584	462.183	442.717
13.8704	461.794	442.334
13.8823	461.405	441.95
13.8942	461.016	441.567
13.9062	460.627	441.184
13.9181	460.238	440.801
13.93	459.85	440.418
13.942	459.461	440.035
13.9539	459.073	439.652
13.9658	458.684	439.27
13.9778	458.296	438.888
13.9897	457.908	438.505
14.0017	457.52	438.124
14.0136	457.132	437.742
14.0255	456.744	437.36
14.0375	456.356	436.979
14.0494	455.969	436.598
14.0613	455.581	436.217
14.0733	455.193	435.836
14.0852	454.806	435.455
14.0971	454.419	435.074
14.1091	454.032	434.694
14.121	453.645	434.314
14.133	453.258	433.934
14.1449	452.871	433.554
14.1568	452.484	433.175
14.1688	452.097	432.795
14.1807	451.711	432.416
14.1926	451.325	432.037
14.2046	450.938	431.658
14.2165	450.552	431.28
14.2285	450.166	430.901
14.2404	449.78	430.523
14.2523	449.394	430.145
14.2643	449.009	429.768
14.2762	448.623	429.39
14.2881	448.238	429.013
14.3001	447.853	428.636
14.312	447.467	428.259
14.3239	447.082	427.882
14.3359	446.698	427.506
14.3478	446.313	427.129
14.3598	445.928	426.753
14.3717	445.544	426.377
14.3836	445.16	426.002
14.3956	444.775	425.627
14.4075	444.391	425.251
14.4194	444.007	424.877
14.4314	443.624	424.502
14.4433	443.24	424.128
14.4552	442.857	423.753
14.4672	442.473	423.379
14.4791	442.09	423.006
14.4911	441.707	422.632
14.503	441.324	422.259
14.5149	440.942	421.886
14.5269	440.559	421.514
14.5388	440.177	421.141
14.5507	439.795	420.769
14.5627	439.413	420.397
14.5746	439.031	420.025
14.5866	438.649	419.654
14.5985	438.268	419.283
14.6104	437.886	418.912
14.6224	437.505	418.541
14.6343	437.124	418.171
14.6462	436.743	417.801
14.6582	436.363	417.431
14.6701	435.982	417.062
14.682	435.602	416.692
14.694	435.222	416.323
14.7059	434.842	415.955
14.7179	434.462	415.586
14.7298	434.083	415.218
14.7417	433.703	414.85
14.7537	433.324	414.483
14.7656	432.945	414.116
14.7775	432.567	413.749
14.7895	432.188	413.382
14.8014	431.81	413.016
14.8133	431.432	412.65
14.8253	431.054	412.284
14.8372	430.676	411.918
14.8492	430.298	411.553
14.8611	429.921	411.188
14.873	429.544	410.824
14.885	429.167	410.46
14.8969	428.79	410.096
14.9088	428.414	409.732
14.9208	428.037	409.369
14.9327	427.661	409.006
14.9446	427.286	408.643
14.9566	426.91	408.281
14.9685	426.535	407.919
14.9805	426.16	407.558
14.9924	425.785	407.196
15.0043	425.41	406.835
15.0163	425.035	406.475
15.0282	424.661	406.114
15.0401	424.287	405.754
15.0521	423.913	405.395
15.064	423.54	405.036
15.076	423.167	404.677
15.0879	422.794	404.318
15.0998	422.421	403.96
15.1118	422.048	403.602
15.1237	421.676	403.245
15.1356	421.304	402.887
15.1476	420.932	402.531
15.1595	420.561	402.174
15.1714	420.19	401.818
15.1834	419.819	401.462
15.1953	419.448	401.107
15.2073	419.077	400.752
15.2192	418.707	400.398
15.2311	418.337	400.043
15.2431	417.968	399.69
15.255	417.598	399.336
15.2669	417.229	398.983
15.2789	416.86	398.63
15.2908	416.492	398.278
15.3027	416.123	397.926
15.3147	415.755	397.575
15.3266	415.388	397.224
15.3386	415.02	396.873
15.3505	414.653	396.523
15.3624	414.286	396.173
15.3744	413.92	395.823
15.3863	413.554	395.474
15.3982	413.188	395.125
15.4102	412.822	394.777
15.4221	412.457	394.429
15.4341	412.091	394.082
15.446	411.727	393.735
15.4579	411.362	393.388
15.4699	410.998	393.042
15.4818	410.634	392.696
15.4937	410.271	392.351
15.5057	409.908	392.006
15.5176	409.545	391.661
15.5295	409.182	391.317
15.5415	408.82	390.973
15.5534	408.458	390.63
15.5654	408.096	390.287
15.5773	407.735	389.945
15.5892	407.374	389.603
15.6012	407.014	389.262
15.6131	406.653	388.921
15.625	406.294	388.58
15.637	405.934	388.24
15.6489	405.575	387.9
15.6608	405.216	387.561
15.6728	404.857	387.222
15.6847	404.499	386.884
15.6967	404.141	386.546
15.7086	403.784	386.209
15.7205	403.427	385.872
15.7325	403.07	385.535
15.7444	402.713	385.2
15.7563	402.357	384.864
15.7683	402.002	384.529
15.7802	401.646	384.194
15.7921	401.291	383.86
15.8041	400.937	383.527
15.816	400.582	383.194
15.828	400.229	382.861
15.8399	399.875	382.529
15.8518	399.522	382.197
15.8638	399.169	381.866
15.8757	398.817	381.536
15.8876	398.465	381.205
15.8996	398.113	380.876
15.9115	397.762	380.547
15.9235	397.411	380.218
15.9354	397.061	379.89
15.9473	396.711	379.562
15.9593	396.361	379.235
15.9712	396.012	378.908
15.9831	395.663	378.582
15.9951	395.315	378.257
16.007	394.967	377.932
16.0189	394.619	377.607
16.0309	394.272	377.283
16.0428	393.925	376.959
16.0548	393.579	376.636
16.0667	393.233	376.314
16.0786	392.888	375.992
16.0906	392.543	375.671
16.1025	392.198	375.35
16.1144	391.854	375.029
16.1264	391.51	374.71
16.1383	391.166	374.39
16.1502	390.824	374.072
16.1622	390.481	373.753
16.1741	390.139	373.436
16.1861	389.797	373.119
16.198	389.456	372.802
16.2099	389.115	372.486
16.2219	388.775	372.171
16.2338	388.435	371.856
16.2457	388.096	371.542
16.2577	387.757	371.228
16.2696	387.418	370.915
16.2816	387.08	370.602
16.2935	386.743	370.29
16.3054	386.406	369.978
16.3174	386.069	369.668
16.3293	385.733	369.357
16.3412	385.397	369.047
16.3532	385.062	368.738
16.3651	384.727	368.43
16.377	384.393	368.121
16.389	384.059	367.814
16.4009	383.725	367.507
16.4129	383.393	367.201
16.4248	383.06	366.895
16.4367	382.728	366.59
16.4487	382.397	366.285
16.4606	382.066	365.981
16.4725	381.735	365.678
16.4845	381.405	365.375
16.4964	381.076	365.073
16.5083	380.747	364.771
16.5203	380.419	364.471
16.5322	380.091	364.17
16.5442	379.763	363.87
16.5561	379.436	363.571
16.568	379.11	363.273
16.58	378.784	362.975
16.5919	378.458	362.677
16.6038	378.133	362.381
16.6158	377.809	362.085
16.6277	377.485	361.789
16.6396	377.162	361.494
16.6516	376.839	361.2
16.6635	376.517	360.906
16.6755	376.195	360.613
16.6874	375.873	360.321
16.6993	375.553	360.029
16.7113	375.233	359.738
16.7232	374.913	359.448
16.7351	374.594	359.158
16.7471	374.275	358.868
16.759	373.957	358.58
16.771	373.64	358.292
16.7829	373.323	358.005
16.7948	373.006	357.718
16.8068	372.69	357.432
16.8187	372.375	357.146
16.8306	372.06	356.862
16.8426	371.746	356.578
16.8545	371.432	356.294
16.8664	371.119	356.011
16.8784	370.807	355.729
16.8903	370.495	355.448
16.9023	370.183	355.167
16.9142	369.872	354.886
16.9261	369.562	354.607
16.9381	369.252	354.328
16.95	368.943	354.05
16.9619	368.635	353.772
16.9739	368.327	353.495
16.9858	368.019	353.219
16.9977	367.712	352.943
17.0097	367.406	352.668
17.0216	367.1	352.394
17.0336	366.795	352.121
17.0455	366.491	351.848
17.0574	366.187	351.575
17.0694	365.883	351.304
17.0813	365.581	351.033
17.0932	365.279	350.763
17.1052	364.977	350.493
17.1171	364.676	350.224
17.1291	364.376	349.956
17.141	364.076	349.689
17.1529	363.777	349.422
17.1649	363.478	349.156
17.1768	363.18	348.89
17.1887	362.883	348.625
17.2007	362.586	348.361
17.2126	362.29	348.098
17.2245	361.994	347.835
17.2365	361.7	347.573
17.2484	361.405	347.312
17.2604	361.112	347.051
17.2723	360.819	346.791
17.2842	360.526	346.532
17.2962	360.234	346.273
17.3081	359.943	346.015
17.32	359.653	345.758
17.332	359.363	345.502
17.3439	359.073	345.246
17.3558	358.785	344.991
17.3678	358.497	344.736
17.3797	358.209	344.483
17.3917	357.922	344.23
17.4036	357.636	343.978
17.4155	357.351	343.726
17.4275	357.066	343.475
17.4394	356.782	343.225
17.4513	356.498	342.975
17.4633	356.215	342.727
17.4752	355.933	342.479
17.4871	355.651	342.231
17.4991	355.37	341.985
17.511	355.09	341.739
17.523	354.81	341.494
17.5349	354.531	341.249
17.5468	354.253	341.005
17.5588	353.975	340.762
17.5707	353.698	340.52
17.5826	353.422	340.278
17.5946	353.146	340.038
17.6065	352.871	339.797
17.6185	352.597	339.558
17.6304	352.323	339.319
17.6423	352.05	339.081
17.6543	351.777	338.844
17.6662	351.506	338.607
17.6781	351.234	338.371
17.6901	350.964	338.136
17.702	350.694	337.902
17.7139	350.425	337.668
17.7259	350.157	337.435
17.7378	349.889	337.203
17.7498	349.622	336.971
17.7617	349.356	336.741
17.7736	349.09	336.511
17.7856	348.825	336.281
17.7975	348.561	336.053
17.8094	348.297	335.825
17.8214	348.034	335.598
17.8333	347.772	335.371
17.8452	347.51	335.146
17.8572	347.25	334.921
17.8691	346.989	334.696
17.8811	346.73	334.473
17.893	346.471	334.25
17.9049	346.213	334.028
17.9169	345.955	333.807
17.9288	345.699	333.586
17.9407	345.443	333.366
17.9527	345.187	333.147
17.9646	344.933	332.929
17.9766	344.679	332.711
17.9885	344.425	332.494
18.0004	344.173	332.278
18.0124	343.921	332.063
18.0243	343.67	331.848
18.0362	343.419	331.634
18.0482	343.17	331.421
18.0601	342.921	331.208
18.072	342.672	330.996
18.084	342.425	330.785
18.0959	342.178	330.575
18.1079	341.932	330.365
18.1198	341.686	330.157
18.1317	341.441	329.948
18.1437	341.197	329.741
18.1556	340.954	329.534
18.1675	340.711	329.328
18.1795	340.469	329.123
18.1914	340.228	328.919
18.2033	339.988	328.715
18.2153	339.748	328.512
18.2272	339.509	328.31
18.2392	339.27	328.108
18.2511	339.033	327.908
18.263	338.796	327.708
18.275	338.56	327.508
18.2869	338.324	327.31
18.2988	338.089	327.112
18.3108	337.855	326.915
18.3227	337.622	326.719
18.3346	337.389	326.523
18.3466	337.157	326.328
18.3585	336.926	326.134
18.3705	336.696	325.94
18.3824	336.466	325.748
18.3943	336.237	325.556
18.4063	336.009	325.365
18.4182	335.781	325.174
18.4301	335.554	324.984
18.4421	335.328	324.795
18.454	335.103	324.607
18.466	334.878	324.419
18.4779	334.654	324.233
18.4898	334.431	324.046
18.5018	334.209	323.861
18.5137	333.987	323.676
18.5256	333.766	323.493
18.5376	333.546	323.309
18.5495	333.326	323.127
18.5614	333.107	322.945
18.5734	332.889	322.764
18.5853	332.672	322.584
18.5973	332.455	322.404
18.6092	332.239	322.225
18.6211	332.024	322.047
18.6331	331.81	321.87
18.645	331.596	321.693
18.6569	331.383	321.517
18.6689	331.171	321.342
18.6808	330.959	321.168
18.6927	330.749	320.994
18.7047	330.539	320.821
18.7166	330.329	320.649
18.7286	330.121	320.477
18.7405	329.913	320.306
18.7524	329.706	320.136
18.7644	329.499	319.966
18.7763	329.294	319.798
18.7882	329.089	319.63
18.8002	328.885	319.462
18.8121	328.681	319.296
18.8241	328.478	319.13
18.836	328.276	318.965
18.8479	328.075	318.8
18.8599	327.875	318.636
18.8718	327.675	318.473
18.8837	327.476	318.311
18.8957	327.277	318.149
18.9076	327.08	317.989
18.9195	326.883	317.828
18.9315	326.687	317.669
18.9434	326.491	317.51
18.9554	326.297	317.352
18.9673	326.103	317.195
18.9792	325.91	317.038
18.9912	325.717	316.882
19.0031	325.525	316.727
19.015	325.334	316.572
19.027	325.144	316.418
19.0389	324.955	316.265
19.0508	324.766	316.113
19.0628	324.578	315.961
19.0747	324.39	315.81
19.0867	324.204	315.659
19.0986	324.018	315.51
19.1105	323.832	315.361
19.1225	323.648	315.212
19.1344	323.464	315.065
19.1463	323.281	314.918
19.1583	323.099	314.771
19.1702	322.917	314.626
19.1821	322.737	314.481
19.1941	322.556	314.337
19.206	322.377	314.193
19.218	322.198	314.05
19.2299	322.02	313.908
19.2418	321.843	313.767
19.2538	321.667	313.626
19.2657	321.491	313.486
19.2776	321.316	313.346
19.2896	321.142	313.208
19.3015	320.968	313.07
19.3135	320.795	312.932
19.3254	320.623	312.795
19.3373	320.451	312.659
19.3493	320.281	312.524
19.3612	320.111	312.389
19.3731	319.941	312.255
19.3851	319.773	312.122
19.397	319.605	311.989
19.4089	319.438	311.857
19.4209	319.271	311.725
19.4328	319.105	311.595
19.4448	318.94	311.464
19.4567	318.776	311.335
19.4686	318.612	311.206
19.4806	318.449	311.078
19.4925	318.287	310.95
19.5044	318.126	310.824
19.5164	317.965	310.697
19.5283	317.805	310.572
19.5402	317.646	310.447
19.5522	317.487	310.323
19.5641	317.329	310.199
19.5761	317.172	310.076
19.588	317.015	309.954
19.5999	316.859	309.832
19.6119	316.704	309.711
19.6238	316.549	309.591
19.6357	316.396	309.471
19.6477	316.243	309.352
19.6596	316.09	309.233
19.6716	315.939	309.115
19.6835	315.788	308.998
19.6954	315.637	308.881
19.7074	315.488	308.765
19.7193	315.339	308.65
19.7312	315.19	308.535
19.7432	315.043	308.421
19.7551	314.896	308.307
19.767	314.75	308.194
19.779	314.604	308.082
19.7909	314.46	307.97
19.8029	314.315	307.859
19.8148	314.172	307.749
19.8267	314.029	307.639
19.8387	313.887	307.53
19.8506	313.746	307.421
19.8625	313.605	307.313
19.8745	313.465	307.205
19.8864	313.326	307.099
19.8983	313.187	306.992
19.9103	313.049	306.887
19.9222	312.912	306.782
19.9342	312.775	306.677
19.9461	312.639	306.573
19.958	312.503	306.47
19.97	312.369	306.367
19.9819	312.235	306.265
19.9938	312.101	306.164
20.0058	311.969	306.063
20.0177	311.837	305.962
20.0296	311.705	305.862
20.0416	311.574	305.763
20.0535	311.444	305.665
20.0655	311.315	305.567
20.0774	311.186	305.469
20.0893	311.058	305.372
20.1013	310.931	305.276
20.1132	310.804	305.18
20.1251	310.678	305.085
20.1371	310.552	304.99
20.149	310.427	304.896
20.161	310.303	304.802
20.1729	310.179	304.709
20.1848	310.056	304.617
20.1968	309.934	304.525
20.2087	309.812	304.434
20.2206	309.691	304.343
20.2326	309.571	304.253
20.2445	309.451	304.163
20.2564	309.332	304.074
20.2684	309.214	303.985
20.2803	309.096	303.897
20.2923	308.978	303.81
20.3042	308.862	303.723
20.3161	308.746	303.637
20.3281	308.63	303.551
20.34	308.516	303.465
20.3519	308.402	303.38
20.3639	308.288	303.296
20.3758	308.175	303.212
20.3877	308.063	303.129
20.3997	307.951	303.046
20.4116	307.84	302.964
20.4236	307.73	302.882
20.4355	307.62	302.801
20.4474	307.51	302.721
20.4594	307.402	302.64
20.4713	307.294	302.561
20.4832	307.186	302.482
20.4952	307.079	302.403
20.5071	306.973	302.325
20.5191	306.868	302.247
20.531	306.763	302.17
20.5429	306.658	302.093
20.5549	306.554	302.017
20.5668	306.451	301.942
20.5787	306.348	301.867
20.5907	306.246	301.792
20.6026	306.145	301.718
20.6145	306.044	301.644
20.6265	305.943	301.571
20.6384	305.844	301.498
20.6504	305.744	301.426
20.6623	305.646	301.354
20.6742	305.548	301.283
20.6862	305.45	301.212
20.6981	305.353	301.142
20.71	305.257	301.072
20.722	305.161	301.002
20.7339	305.066	300.934
20.7458	304.971	300.865
20.7578	304.877	300.797
20.7697	304.784	300.73
20.7817	304.691	300.663
20.7936	304.598	300.596
20.8055	304.506	300.53
20.8175	304.415	300.464
20.8294	304.324	300.399
20.8413	304.234	300.334
20.8533	304.144	300.27
20.8652	304.055	300.206
20.8771	303.967	300.142
20.8891	303.879	300.079
20.901	303.791	300.017
20.913	303.704	299.954
20.9249	303.618	299.893
20.9368	303.532	299.831
20.9488	303.446	299.771
20.9607	303.362	299.71
20.9726	303.277	299.65
20.9846	303.193	299.591
20.9965	303.11	299.532
21.0085	303.027	299.473
21.0204	302.945	299.414
21.0323	302.864	299.357
21.0443	302.782	299.299
21.0562	302.702	299.242
21.0681	302.622	299.185
21.0801	302.542	299.129
21.092	302.463	299.073
21.1039	302.384	299.018
21.1159	302.306	298.963
21.1278	302.228	298.908
21.1398	302.151	298.854
21.1517	302.075	298.8
21.1636	301.998	298.747
21.1756	301.923	298.694
21.1875	301.848	298.641
21.1994	301.773	298.589
21.2114	301.699	298.537
21.2233	301.625	298.486
21.2352	301.552	298.435
21.2472	301.479	298.384
21.2591	301.407	298.333
21.2711	301.335	298.284
21.283	301.264	298.234
21.2949	301.193	298.185
21.3069	301.123	298.136
21.3188	301.053	298.087
21.3307	300.984	298.039
21.3427	300.915	297.992
21.3546	300.846	297.944
21.3666	300.778	297.897
21.3785	300.711	297.851
21.3904	300.644	297.804
21.4024	300.577	297.758
21.4143	300.511	297.713
21.4262	300.445	297.668
21.4382	300.38	297.623
21.4501	300.315	297.578
21.462	300.251	297.534
21.474	300.187	297.49
21.4859	300.123	297.447
21.4979	300.06	297.404
21.5098	299.998	297.361
21.5217	299.936	297.319
21.5337	299.874	297.276
21.5456	299.813	297.235
21.5575	299.752	297.193
21.5695	299.691	297.152
21.5814	299.631	297.111
21.5933	299.572	297.071
21.6053	299.513	297.031
21.6172	299.454	296.991
21.6292	299.396	296.951
21.6411	299.338	296.912
21.653	299.28	296.873
21.665	299.223	296.835
21.6769	299.166	296.797
21.6888	299.11	296.759
21.7008	299.054	296.721
21.7127	298.999	296.684
21.7246	298.944	296.647
21.7366	298.889	296.61
21.7485	298.835	296.574
21.7605	298.781	296.538
21.7724	298.728	296.502
21.7843	298.675	296.466
21.7963	298.622	296.431
21.8082	298.57	296.396
21.8201	298.518	296.362
21.8321	298.467	296.327
21.844	298.416	296.293
21.856	298.365	296.259
21.8679	298.315	296.226
21.8798	298.265	296.193
21.8918	298.215	296.16
21.9037	298.166	296.127
21.9156	298.117	296.095
21.9276	298.069	296.063
21.9395	298.021	296.031
21.9514	297.973	296
21.9634	297.926	295.968
21.9753	297.879	295.937
21.9873	297.832	295.907
21.9992	297.786	295.876
22.0111	297.74	295.846
22.0231	297.694	295.816
22.035	297.649	295.786
22.0469	297.604	295.757
22.0589	297.56	295.728
22.0708	297.516	295.699
22.0827	297.472	295.67
22.0947	297.428	295.642
22.1066	297.385	295.614
22.1186	297.342	295.586
22.1305	297.3	295.558
22.1424	297.258	295.531
22.1544	297.216	295.504
22.1663	297.175	295.477
22.1782	297.134	295.45
22.1902	297.093	295.424
22.2021	297.052	295.398
22.2141	297.012	295.372
22.226	296.972	295.346
22.2379	296.933	295.321
22.2499	296.894	295.295
22.2618	296.855	295.27
22.2737	296.816	295.246
22.2857	296.778	295.221
22.2976	296.74	295.197
22.3095	296.703	295.173
22.3215	296.665	295.149
22.3334	296.629	295.125
22.3454	296.592	295.101
22.3573	296.555	295.078
22.3692	296.519	295.055
22.3812	296.484	295.032
22.3931	296.448	295.01
22.405	296.413	294.987
22.417	296.378	294.965
22.4289	296.344	294.943
22.4408	296.309	294.922
22.4528	296.275	294.9
22.4647	296.242	294.879
22.4767	296.208	294.857
22.4886	296.175	294.836
22.5005	296.142	294.816
22.5125	296.11	294.795
22.5244	296.077	294.775
22.5363	296.045	294.755
22.5483	296.013	294.735
22.5602	295.982	294.715
22.5721	295.951	294.695
22.5841	295.92	294.676
22.596	295.889	294.657
22.608	295.859	294.638
22.6199	295.829	294.619
22.6318	295.799	294.6
22.6438	295.769	294.582
22.6557	295.74	294.563
22.6676	295.711	294.545
22.6796	295.682	294.527
22.6915	295.653	294.51
22.7035	295.625	294.492
22.7154	295.597	294.475
22.7273	295.569	294.457
22.7393	295.541	294.44
22.7512	295.514	294.423
22.7631	295.487	294.407
22.7751	295.46	294.39
22.787	295.433	294.374
22.7989	295.407	294.357
22.8109	295.381	294.341
22.8228	295.355	294.325
22.8348	295.329	294.31
22.8467	295.304	294.294
22.8586	295.279	294.279
22.8706	295.254	294.263
22.8825	295.229	294.248
22.8944	295.204	294.233
22.9064	295.18	294.218
22.9183	295.156	294.204
22.9302	295.132	294.189
22.9422	295.109	294.175
22.9541	295.085	294.161
22.9661	295.062	294.147
22.978	295.039	294.133
22.9899	295.016	294.119
23.0019	294.994	294.105
23.0138	294.971	294.092
23.0257	294.949	294.078
23.0377	294.927	294.065
23.0496	294.906	294.052
23.0616	294.884	294.039
23.0735	294.863	294.026
23.0854	294.842	294.014
23.0974	294.821	294.001
23.1093	294.8	293.989
23.1212	294.78	293.976
23.1332	294.759	293.964
23.1451	294.739	293.952
23.157	294.719	293.94
23.169	294.699	293.929
23.1809	294.68	293.917
23.1929	294.661	293.905
23.2048	294.641	293.894
23.2167	294.622	293.883
23.2287	294.604	293.872
23.2406	294.585	293.861
23.2525	294.567	293.85
23.2645	294.548	293.839
23.2764	294.53	293.828
23.2883	294.512	293.818
23.3003	294.495	293.807
23.3122	294.477	293.797
23.3242	294.46	293.787
23.3361	294.443	293.777
23.348	294.426	293.767
23.36	294.409	293.757
23.3719	294.392	293.747
23.3838	294.376	293.738
23.3958	294.359	293.728
23.4077	294.343	293.719
23.4196	294.327	293.709
23.4316	294.311	293.7
23.4435	294.295	293.691
23.4555	294.28	293.682
23.4674	294.265	293.673
23.4793	294.249	293.664
23.4913	294.234	293.655
23.5032	294.219	293.647
23.5151	294.205	293.638
23.5271	294.19	293.63
23.539	294.176	293.622
23.551	294.161	293.613
23.5629	294.147	293.605
23.5748	294.133	293.597
23.5868	294.119	293.589
23.5987	294.105	293.581
23.6106	294.092	293.574
23.6226	294.078	293.566
23.6345	294.065	293.558
23.6464	294.052	293.551
23.6584	294.039	293.543
23.6703	294.026	293.536
23.6823	294.013	293.529
23.6942	294.001	293.522
23.7061	293.988	293.515
23.7181	293.976	293.508
23.73	293.964	293.501
23.7419	293.952	293.494
23.7539	293.94	293.487
23.7658	293.928	293.48
23.7777	293.916	293.474
23.7897	293.905	293.467
23.8016	293.893	293.461
23.8136	293.882	293.455
23.8255	293.871	293.449
23.8374	293.86	293.443
23.8494	293.849	293.438
23.8613	293.838	293.434
23.8732	293.833	293.432
