0	873	872.994
0.0119366	873	872.994
0.0238732	873	872.994
0.0358099	873	872.994
0.0477465	873	872.993
0.0596831	873	872.993
0.0716197	873	872.992
0.0835563	872.999	872.992
0.095493	872.999	872.991
0.10743	872.999	872.991
0.119366	872.999	872.99
0.131303	872.999	872.989
0.143239	872.999	872.988
0.155176	872.999	872.988
0.167113	872.999	872.987
0.179049	872.998	872.986
0.190986	872.998	872.985
0.202923	872.998	872.984
0.214859	872.998	872.983
0.226796	872.998	872.982
0.238732	872.998	872.981
0.250669	872.997	872.98
0.262606	872.997	872.978
0.274542	872.997	872.977
0.286479	872.997	872.976
0.298416	872.996	872.974
0.310352	872.996	872.973
0.322289	872.996	872.971
0.334225	872.995	872.97
0.346162	872.995	872.968
0.358099	872.995	872.967
0.370035	872.994	872.965
0.381972	872.994	872.963
0.393908	872.994	872.961
0.405845	872.993	872.959
0.417782	872.993	872.957
0.429718	872.992	872.955
0.441655	872.992	872.953
0.453592	872.991	872.951
0.465528	872.991	872.949
0.477465	872.99	872.946
0.489401	872.99	872.944
0.501338	872.989	872.941
0.513275	872.988	872.939
0.525211	872.988	872.936
0.537148	872.987	872.933
0.549085	872.986	872.931
0.561021	872.985	872.928
0.572958	872.985	872.925
0.584894	872.984	872.921
0.596831	872.983	872.918
0.608768	872.982	872.915
0.620704	872.981	872.912
0.632641	872.98	872.908
0.644578	872.979	872.904
0.656514	872.978	872.901
0.668451	872.977	872.897
0.680387	872.976	872.893
0.692324	872.975	872.889
0.704261	872.974	872.885
0.716197	872.973	872.88
0.728134	872.971	872.876
0.74007	872.97	872.871
0.752007	872.969	872.867
0.763944	872.967	872.862
0.77588	872.966	872.857
0.787817	872.964	872.852
0.799754	872.963	872.847
0.81169	872.961	872.842
0.823627	872.96	872.836
0.835563	872.958	872.831
0.8475	872.956	872.825
0.859437	872.954	872.819
0.871373	872.952	872.813
0.88331	872.95	872.807
0.895247	872.948	872.8
0.907183	872.946	872.794
0.91912	872.944	872.787
0.931056	872.942	872.78
0.942993	872.94	872.773
0.95493	872.938	872.766
0.966866	872.935	872.759
0.978803	872.933	872.751
0.99074	872.93	872.744
1.00268	872.928	872.736
1.01461	872.925	872.728
1.02655	872.922	872.72
1.03849	872.919	872.711
1.05042	872.916	872.702
1.06236	872.913	872.694
1.0743	872.91	872.685
1.08623	872.907	872.675
1.09817	872.904	872.666
1.11011	872.9	872.656
1.12204	872.897	872.646
1.13398	872.893	872.636
1.14592	872.89	872.626
1.15785	872.886	872.616
1.16979	872.882	872.605
1.18173	872.878	872.594
1.19366	872.874	872.583
1.2056	872.87	872.571
1.21754	872.866	872.559
1.22947	872.861	872.547
1.24141	872.857	872.535
1.25335	872.852	872.523
1.26528	872.847	872.51
1.27722	872.843	872.497
1.28916	872.838	872.484
1.30109	872.833	872.47
1.31303	872.827	872.457
1.32496	872.822	872.443
1.3369	872.817	872.428
1.34884	872.811	872.414
1.36077	872.805	872.399
1.37271	872.799	872.384
1.38465	872.793	872.368
1.39658	872.787	872.352
1.40852	872.781	872.336
1.42046	872.774	872.32
1.43239	872.768	872.303
1.44433	872.761	872.286
1.45627	872.754	872.269
1.4682	872.747	872.251
1.48014	872.74	872.233
1.49208	872.733	872.215
1.50401	872.725	872.196
1.51595	872.717	872.177
1.52789	872.709	872.158
1.53982	872.701	872.138
1.55176	872.693	872.118
1.5637	872.685	872.098
1.57563	872.676	872.077
1.58757	872.667	872.056
1.59951	872.658	872.034
1.61144	872.649	872.012
1.62338	872.64	871.99
1.63532	872.63	871.967
1.64725	872.62	871.944
1.65919	872.61	871.921
1.67113	872.6	871.897
1.68306	872.59	871.873
1.695	872.579	871.848
1.70694	872.568	871.823
1.71887	872.557	871.797
1.73081	872.546	871.772
1.74275	872.534	871.745
1.75468	872.523	871.718
1.76662	872.511	871.691
1.77856	872.499	871.664
1.79049	872.486	871.635
1.80243	872.473	871.607
1.81437	872.46	871.578
1.8263	872.447	871.548
1.83824	872.434	871.518
1.85018	872.42	871.488
1.86211	872.406	871.457
1.87405	872.392	871.426
1.88599	872.377	871.394
1.89792	872.363	871.362
1.90986	872.348	871.329
1.9218	872.332	871.295
1.93373	872.317	871.261
1.94567	872.301	871.227
1.95761	872.285	871.192
1.96954	872.268	871.157
1.98148	872.251	871.121
1.99342	872.234	871.084
2.00535	872.217	871.047
2.01729	872.199	871.01
2.02923	872.181	870.972
2.04116	872.163	870.933
2.0531	872.144	870.894
2.06504	872.125	870.854
2.07697	872.106	870.814
2.08891	872.086	870.773
2.10085	872.066	870.731
2.11278	872.046	870.689
2.12472	872.025	870.646
2.13666	872.004	870.603
2.14859	871.983	870.559
2.16053	871.961	870.515
2.17246	871.939	870.47
2.1844	871.916	870.424
2.19634	871.894	870.377
2.20827	871.87	870.33
2.22021	871.847	870.283
2.23215	871.823	870.235
2.24408	871.798	870.186
2.25602	871.774	870.136
2.26796	871.748	870.086
2.27989	871.723	870.035
2.29183	871.697	869.983
2.30377	871.67	869.931
2.3157	871.644	869.878
2.32764	871.616	869.825
2.33958	871.589	869.771
2.35151	871.56	869.716
2.36345	871.532	869.66
2.37539	871.503	869.604
2.38732	871.473	869.547
2.39926	871.444	869.489
2.4112	871.413	869.43
2.42313	871.382	869.371
2.43507	871.351	869.311
2.44701	871.319	869.25
2.45894	871.287	869.189
2.47088	871.254	869.127
2.48282	871.221	869.064
2.49475	871.188	869
2.50669	871.153	868.935
2.51863	871.119	868.87
2.53056	871.084	868.804
2.5425	871.048	868.737
2.55444	871.012	868.67
2.56637	870.975	868.601
2.57831	870.938	868.532
2.59025	870.9	868.462
2.60218	870.862	868.391
2.61412	870.823	868.32
2.62606	870.784	868.247
2.63799	870.744	868.174
2.64993	870.703	868.1
2.66187	870.662	868.025
2.6738	870.621	867.949
2.68574	870.578	867.873
2.69768	870.536	867.795
2.70961	870.492	867.717
2.72155	870.448	867.638
2.73349	870.404	867.558
2.74542	870.359	867.477
2.75736	870.313	867.395
2.7693	870.267	867.312
2.78123	870.22	867.229
2.79317	870.172	867.144
2.80511	870.124	867.059
2.81704	870.075	866.973
2.82898	870.026	866.886
2.84092	869.976	866.797
2.85285	869.925	866.708
2.86479	869.874	866.618
2.87673	869.822	866.528
2.88866	869.769	866.436
2.9006	869.716	866.343
2.91254	869.662	866.249
2.92447	869.607	866.155
2.93641	869.552	866.059
2.94835	869.496	865.963
2.96028	869.439	865.865
2.97222	869.382	865.767
2.98416	869.324	865.667
2.99609	869.265	865.567
3.00803	869.206	865.465
3.01997	869.145	865.363
3.0319	869.084	865.26
3.04384	869.023	865.155
3.05577	868.96	865.05
3.06771	868.897	864.943
3.07965	868.833	864.836
3.09158	868.769	864.728
3.10352	868.703	864.618
3.11546	868.637	864.508
3.12739	868.57	864.396
3.13933	868.503	864.284
3.15127	868.434	864.17
3.1632	868.365	864.055
3.17514	868.295	863.94
3.18708	868.224	863.823
3.19901	868.152	863.705
3.21095	868.08	863.586
3.22289	868.007	863.466
3.23482	867.933	863.345
3.24676	867.858	863.223
3.2587	867.782	863.1
3.27063	867.706	862.976
3.28257	867.629	862.851
3.29451	867.55	862.724
3.30644	867.471	862.597
3.31838	867.392	862.468
3.33032	867.311	862.339
3.34225	867.229	862.208
3.35419	867.147	862.076
3.36613	867.064	861.943
3.37806	866.98	861.809
3.39	866.895	861.674
3.40194	866.809	861.537
3.41387	866.722	861.4
3.42581	866.634	861.261
3.43775	866.546	861.121
3.44968	866.456	860.98
3.46162	866.366	860.838
3.47356	866.274	860.695
3.48549	866.182	860.551
3.49743	866.089	860.405
3.50937	865.995	860.259
3.5213	865.9	860.111
3.53324	865.804	859.962
3.54518	865.707	859.812
3.55711	865.609	859.661
3.56905	865.511	859.508
3.58099	865.411	859.354
3.59292	865.31	859.2
3.60486	865.208	859.044
3.6168	865.106	858.886
3.62873	865.002	858.728
3.64067	864.898	858.568
3.65261	864.792	858.408
3.66454	864.686	858.246
3.67648	864.578	858.083
3.68842	864.469	857.918
3.70035	864.36	857.753
3.71229	864.249	857.586
3.72423	864.138	857.418
3.73616	864.025	857.249
3.7481	863.912	857.079
3.76004	863.797	856.907
3.77197	863.681	856.734
3.78391	863.565	856.56
3.79585	863.447	856.385
3.80778	863.328	856.208
3.81972	863.208	856.031
3.83166	863.087	855.852
3.84359	862.965	855.672
3.85553	862.843	855.49
3.86747	862.718	855.308
3.8794	862.593	855.124
3.89134	862.467	854.939
3.90327	862.34	854.753
3.91521	862.212	854.565
3.92715	862.082	854.376
3.93908	861.952	854.186
3.95102	861.82	853.995
3.96296	861.687	853.803
3.97489	861.554	853.609
3.98683	861.419	853.414
3.99877	861.283	853.218
4.0107	861.146	853.02
4.02264	861.007	852.821
4.03458	860.868	852.621
4.04651	860.728	852.42
4.05845	860.586	852.218
4.07039	860.443	852.014
4.08232	860.3	851.809
4.09426	860.155	851.603
4.1062	860.009	851.395
4.11813	859.861	851.187
4.13007	859.713	850.977
4.14201	859.564	850.765
4.15394	859.413	850.553
4.16588	859.261	850.339
4.17782	859.108	850.124
4.18975	858.954	849.908
4.20169	858.799	849.69
4.21363	858.642	849.472
4.22556	858.485	849.252
4.2375	858.326	849.03
4.24944	858.166	848.808
4.26137	858.005	848.584
4.27331	857.842	848.359
4.28525	857.679	848.133
4.29718	857.514	847.905
4.30912	857.348	847.676
4.32106	857.181	847.446
4.33299	857.013	847.215
4.34493	856.844	846.982
4.35687	856.673	846.748
4.3688	856.501	846.513
4.38074	856.328	846.277
4.39268	856.154	846.039
4.40461	855.979	845.801
4.41655	855.802	845.561
4.42849	855.624	845.319
4.44042	855.445	845.077
4.45236	855.265	844.833
4.4643	855.084	844.588
4.47623	854.901	844.342
4.48817	854.717	844.094
4.50011	854.532	843.845
4.51204	854.346	843.595
4.52398	854.158	843.344
4.53592	853.969	843.091
4.54785	853.779	842.838
4.55979	853.588	842.583
4.57173	853.396	842.327
4.58366	853.202	842.069
4.5956	853.007	841.811
4.60754	852.811	841.551
4.61947	852.613	841.29
4.63141	852.415	841.027
4.64335	852.215	840.764
4.65528	852.014	840.499
4.66722	851.812	840.233
4.67916	851.608	839.966
4.69109	851.403	839.698
4.70303	851.197	839.428
4.71497	850.99	839.157
4.7269	850.782	838.885
4.73884	850.572	838.612
4.75078	850.361	838.338
4.76271	850.149	838.062
4.77465	849.935	837.785
4.78658	849.721	837.507
4.79852	849.505	837.228
4.81046	849.288	836.948
4.82239	849.069	836.666
4.83433	848.849	836.384
4.84627	848.629	836.1
4.8582	848.406	835.815
4.87014	848.183	835.529
4.88208	847.958	835.241
4.89401	847.733	834.953
4.90595	847.505	834.663
4.91789	847.277	834.372
4.92982	847.048	834.08
4.94176	846.817	833.787
4.9537	846.585	833.493
4.96563	846.351	833.198
4.97757	846.117	832.901
4.98951	845.881	832.603
5.00144	845.644	832.304
5.01338	845.406	832.005
5.02532	845.166	831.703
5.03725	844.926	831.401
5.04919	844.684	831.098
5.06113	844.44	830.794
5.07306	844.196	830.488
5.085	843.95	830.181
5.09694	843.703	829.874
5.10887	843.455	829.565
5.12081	843.206	829.255
5.13275	842.955	828.944
5.14468	842.704	828.632
5.15662	842.451	828.319
5.16856	842.196	828.005
5.18049	841.941	827.689
5.19243	841.684	827.373
5.20437	841.426	827.055
5.2163	841.167	826.737
5.22824	840.907	826.417
5.24018	840.645	826.097
5.25211	840.383	825.775
5.26405	840.119	825.453
5.27599	839.854	825.129
5.28792	839.587	824.804
5.29986	839.32	824.478
5.3118	839.051	824.152
5.32373	838.781	823.824
5.33567	838.51	823.495
5.34761	838.238	823.165
5.35954	837.964	822.834
5.37148	837.689	822.503
5.38342	837.414	822.17
5.39535	837.136	821.836
5.40729	836.858	821.501
5.41923	836.579	821.166
5.43116	836.298	820.829
5.4431	836.016	820.491
5.45504	835.734	820.153
5.46697	835.449	819.813
5.47891	835.164	819.473
5.49085	834.878	819.131
5.50278	834.59	818.789
5.51472	834.301	818.446
5.52666	834.012	818.101
5.53859	833.721	817.756
5.55053	833.428	817.41
5.56247	833.135	817.063
5.5744	832.841	816.715
5.58634	832.545	816.366
5.59828	832.248	816.017
5.61021	831.951	815.666
5.62215	831.652	815.315
5.63408	831.352	814.962
5.64602	831.05	814.609
5.65796	830.748	814.255
5.66989	830.445	813.9
5.68183	830.14	813.544
5.69377	829.835	813.188
5.7057	829.528	812.83
5.71764	829.22	812.472
5.72958	828.911	812.113
5.74151	828.601	811.753
5.75345	828.29	811.392
5.76539	827.978	811.031
5.77732	827.665	810.668
5.78926	827.351	810.305
5.8012	827.035	809.941
5.81313	826.719	809.576
5.82507	826.402	809.211
5.83701	826.083	808.844
5.84894	825.763	808.477
5.86088	825.443	808.109
5.87282	825.121	807.741
5.88475	824.799	807.371
5.89669	824.475	807.001
5.90863	824.15	806.631
5.92056	823.825	806.259
5.9325	823.498	805.887
5.94444	823.17	805.514
5.95637	822.841	805.14
5.96831	822.512	804.765
5.98025	822.181	804.39
5.99218	821.849	804.014
6.00412	821.516	803.638
6.01606	821.183	803.26
6.02799	820.848	802.882
6.03993	820.513	802.504
6.05187	820.176	802.125
6.0638	819.838	801.745
6.07574	819.5	801.364
6.08768	819.16	800.983
6.09961	818.82	800.601
6.11155	818.479	800.218
6.12349	818.136	799.835
6.13542	817.793	799.452
6.14736	817.449	799.067
6.1593	817.104	798.682
6.17123	816.758	798.297
6.18317	816.411	797.91
6.19511	816.063	797.524
6.20704	815.715	797.136
6.21898	815.365	796.748
6.23092	815.015	796.36
6.24285	814.663	795.971
6.25479	814.311	795.581
6.26673	813.958	795.191
6.27866	813.604	794.8
6.2906	813.249	794.409
6.30254	812.894	794.017
6.31447	812.537	793.624
6.32641	812.18	793.232
6.33835	811.822	792.838
6.35028	811.463	792.444
6.36222	811.103	792.05
6.37416	810.742	791.655
6.38609	810.381	791.259
6.39803	810.019	790.864
6.40997	809.656	790.467
6.4219	809.292	790.07
6.43384	808.927	789.673
6.44578	808.562	789.275
6.45771	808.196	788.877
6.46965	807.829	788.478
6.48159	807.461	788.079
6.49352	807.092	787.679
6.50546	806.723	787.279
6.51739	806.353	786.879
6.52933	805.982	786.478
6.54127	805.611	786.077
6.5532	805.239	785.675
6.56514	804.866	785.273
6.57708	804.492	784.87
6.58901	804.118	784.468
6.60095	803.743	784.064
6.61289	803.367	783.661
6.62482	802.991	783.257
6.63676	802.613	782.852
6.6487	802.236	782.447
6.66063	801.857	782.042
6.67257	801.478	781.637
6.68451	801.098	781.231
6.69644	800.718	780.825
6.70838	800.337	780.418
6.72032	799.955	780.012
6.73225	799.573	779.604
6.74419	799.189	779.197
6.75613	798.806	778.789
6.76806	798.422	778.381
6.78	798.037	777.973
6.79194	797.651	777.564
6.80387	797.265	777.155
6.81581	796.878	776.746
6.82775	796.491	776.336
6.83968	796.103	775.927
6.85162	795.715	775.516
6.86356	795.326	775.106
6.87549	794.936	774.696
6.88743	794.546	774.285
6.89937	794.155	773.874
6.9113	793.764	773.462
6.92324	793.372	773.051
6.93518	792.98	772.639
6.94711	792.587	772.227
6.95905	792.194	771.815
6.97099	791.8	771.402
6.98292	791.406	770.99
6.99486	791.011	770.577
7.0068	790.615	770.164
7.01873	790.22	769.751
7.03067	789.823	769.337
7.04261	789.426	768.924
7.05454	789.029	768.51
7.06648	788.631	768.096
7.07842	788.233	767.682
7.09035	787.834	767.267
7.10229	787.435	766.853
7.11423	787.036	766.438
7.12616	786.636	766.024
7.1381	786.235	765.609
7.15004	785.834	765.194
7.16197	785.433	764.779
7.17391	785.031	764.363
7.18585	784.629	763.948
7.19778	784.227	763.532
7.20972	783.824	763.117
7.22166	783.421	762.701
7.23359	783.017	762.285
7.24553	782.613	761.869
7.25747	782.208	761.453
7.2694	781.804	761.037
7.28134	781.398	760.62
7.29328	780.993	760.204
7.30521	780.587	759.787
7.31715	780.181	759.371
7.32909	779.774	758.954
7.34102	779.367	758.538
7.35296	778.96	758.121
7.36489	778.553	757.704
7.37683	778.145	757.287
7.38877	777.737	756.87
7.4007	777.328	756.453
7.41264	776.92	756.036
7.42458	776.511	755.619
7.43651	776.101	755.202
7.44845	775.692	754.785
7.46039	775.282	754.368
7.47232	774.872	753.951
7.48426	774.461	753.534
7.4962	774.05	753.116
7.50813	773.64	752.699
7.52007	773.228	752.282
7.53201	772.817	751.865
7.54394	772.405	751.447
7.55588	771.993	751.03
7.56782	771.581	750.613
7.57975	771.169	750.196
7.59169	770.756	749.778
7.60363	770.344	749.361
7.61556	769.931	748.944
7.6275	769.517	748.527
7.63944	769.104	748.11
7.65137	768.69	747.692
7.66331	768.277	747.275
7.67525	767.863	746.858
7.68718	767.448	746.441
7.69912	767.034	746.024
7.71106	766.62	745.607
7.72299	766.205	745.19
7.73493	765.79	744.773
7.74687	765.375	744.356
7.7588	764.96	743.94
7.77074	764.545	743.523
7.78268	764.13	743.106
7.79461	763.714	742.69
7.80655	763.298	742.273
7.81849	762.883	741.857
7.83042	762.467	741.44
7.84236	762.051	741.024
7.8543	761.635	740.608
7.86623	761.218	740.192
7.87817	760.802	739.775
7.89011	760.386	739.359
7.90204	759.969	738.944
7.91398	759.553	738.528
7.92592	759.136	738.112
7.93785	758.719	737.696
7.94979	758.302	737.281
7.96173	757.885	736.865
7.97366	757.468	736.45
7.9856	757.051	736.035
7.99754	756.634	735.619
8.00947	756.217	735.204
8.02141	755.8	734.789
8.03335	755.382	734.375
8.04528	754.965	733.96
8.05722	754.548	733.545
8.06916	754.13	733.131
8.08109	753.713	732.716
8.09303	753.295	732.302
8.10497	752.878	731.888
8.1169	752.46	731.474
8.12884	752.043	731.06
8.14078	751.625	730.646
8.15271	751.208	730.232
8.16465	750.79	729.819
8.17659	750.373	729.406
8.18852	749.955	728.992
8.20046	749.538	728.579
8.2124	749.12	728.166
8.22433	748.703	727.753
8.23627	748.285	727.341
8.2482	747.867	726.928
8.26014	747.45	726.516
8.27208	747.033	726.103
8.28401	746.615	725.691
8.29595	746.198	725.279
8.30789	745.78	724.867
8.31982	745.363	724.455
8.33176	744.946	724.044
8.3437	744.528	723.632
8.35563	744.111	723.221
8.36757	743.694	722.81
8.37951	743.277	722.399
8.39144	742.86	721.988
8.40338	742.443	721.578
8.41532	742.026	721.167
8.42725	741.609	720.757
8.43919	741.192	720.347
8.45113	740.776	719.937
8.46306	740.359	719.527
8.475	739.942	719.117
8.48694	739.526	718.707
8.49887	739.109	718.298
8.51081	738.693	717.889
8.52275	738.277	717.48
8.53468	737.86	717.071
8.54662	737.444	716.662
8.55856	737.028	716.253
8.57049	736.612	715.845
8.58243	736.197	715.437
8.59437	735.781	715.029
8.6063	735.365	714.621
8.61824	734.95	714.213
8.63018	734.534	713.806
8.64211	734.119	713.398
8.65405	733.704	712.991
8.66599	733.289	712.584
8.67792	732.874	712.177
8.68986	732.459	711.77
8.7018	732.044	711.364
8.71373	731.63	710.957
8.72567	731.215	710.551
8.73761	730.801	710.145
8.74954	730.386	709.739
8.76148	729.972	709.333
8.77342	729.558	708.928
8.78535	729.144	708.522
8.79729	728.731	708.117
8.80923	728.317	707.712
8.82116	727.903	707.307
8.8331	727.49	706.903
8.84504	727.077	706.498
8.85697	726.664	706.094
8.86891	726.251	705.69
8.88085	725.838	705.286
8.89278	725.425	704.882
8.90472	725.013	704.478
8.91666	724.601	704.075
8.92859	724.188	703.671
8.94053	723.776	703.268
8.95247	723.364	702.865
8.9644	722.953	702.462
8.97634	722.541	702.06
8.98828	722.13	701.657
9.00021	721.718	701.255
9.01215	721.307	700.853
9.02409	720.896	700.451
9.03602	720.485	700.049
9.04796	720.075	699.648
9.0599	719.664	699.246
9.07183	719.254	698.845
9.08377	718.843	698.444
9.0957	718.433	698.043
9.10764	718.023	697.642
9.11958	717.614	697.241
9.13151	717.204	696.841
9.14345	716.795	696.441
9.15539	716.386	696.04
9.16732	715.977	695.64
9.17926	715.568	695.241
9.1912	715.159	694.841
9.20313	714.75	694.442
9.21507	714.342	694.042
9.22701	713.934	693.643
9.23894	713.526	693.244
9.25088	713.118	692.845
9.26282	712.71	692.447
9.27475	712.303	692.048
9.28669	711.895	691.65
9.29863	711.488	691.251
9.31056	711.081	690.853
9.3225	710.674	690.455
9.33444	710.267	690.058
9.34637	709.861	689.66
9.35831	709.455	689.263
9.37025	709.048	688.865
9.38218	708.642	688.468
9.39412	708.237	688.071
9.40606	707.831	687.674
9.41799	707.425	687.278
9.42993	707.02	686.881
9.44187	706.615	686.485
9.4538	706.21	686.088
9.46574	705.805	685.692
9.47768	705.401	685.296
9.48961	704.996	684.901
9.50155	704.592	684.505
9.51349	704.188	684.109
9.52542	703.784	683.714
9.53736	703.38	683.319
9.5493	702.977	682.924
9.56123	702.573	682.529
9.57317	702.17	682.134
9.58511	701.767	681.739
9.59704	701.364	681.345
9.60898	700.961	680.95
9.62092	700.559	680.556
9.63285	700.156	680.162
9.64479	699.754	679.768
9.65673	699.352	679.374
9.66866	698.95	678.98
9.6806	698.549	678.586
9.69254	698.147	678.193
9.70447	697.746	677.799
9.71641	697.345	677.406
9.72835	696.944	677.013
9.74028	696.543	676.62
9.75222	696.142	676.227
9.76416	695.742	675.834
9.77609	695.341	675.442
9.78803	694.941	675.049
9.79997	694.541	674.657
9.8119	694.141	674.264
9.82384	693.742	673.872
9.83578	693.342	673.48
9.84771	692.943	673.088
9.85965	692.544	672.696
9.87159	692.145	672.305
9.88352	691.746	671.913
9.89546	691.347	671.521
9.9074	690.948	671.13
9.91933	690.55	670.739
9.93127	690.152	670.348
9.94321	689.754	669.957
9.95514	689.356	669.566
9.96708	688.958	669.175
9.97901	688.561	668.784
9.99095	688.163	668.393
10.0029	687.766	668.003
10.0148	687.369	667.612
10.0268	686.972	667.222
10.0387	686.575	666.832
10.0506	686.178	666.441
10.0626	685.782	666.051
10.0745	685.385	665.661
10.0864	684.989	665.271
10.0984	684.593	664.882
10.1103	684.197	664.492
10.1223	683.801	664.102
10.1342	683.406	663.713
10.1461	683.01	663.323
10.1581	682.615	662.934
10.17	682.219	662.545
10.1819	681.824	662.155
10.1939	681.429	661.766
10.2058	681.035	661.377
10.2177	680.64	660.988
10.2297	680.245	660.599
10.2416	679.851	660.211
10.2536	679.457	659.822
10.2655	679.063	659.433
10.2774	678.669	659.045
10.2894	678.275	658.656
10.3013	677.881	658.268
10.3132	677.488	657.88
10.3252	677.094	657.491
10.3371	676.701	657.103
10.3491	676.308	656.715
10.361	675.914	656.327
10.3729	675.521	655.939
10.3849	675.129	655.551
10.3968	674.736	655.163
10.4087	674.343	654.775
10.4207	673.951	654.388
10.4326	673.559	654
10.4445	673.166	653.612
10.4565	672.774	653.225
10.4684	672.382	652.837
10.4804	671.99	652.45
10.4923	671.599	652.062
10.5042	671.207	651.675
10.5162	670.815	651.288
10.5281	670.424	650.901
10.54	670.033	650.513
10.552	669.641	650.126
10.5639	669.25	649.739
10.5758	668.859	649.352
10.5878	668.468	648.965
10.5997	668.078	648.578
10.6117	667.687	648.191
10.6236	667.296	647.805
10.6355	666.906	647.418
10.6475	666.515	647.031
10.6594	666.125	646.644
10.6713	665.735	646.258
10.6833	665.345	645.871
10.6952	664.955	645.485
10.7071	664.565	645.098
10.7191	664.175	644.712
10.731	663.786	644.325
10.743	663.396	643.939
10.7549	663.006	643.552
10.7668	662.617	643.166
10.7788	662.228	642.78
10.7907	661.838	642.393
10.8026	661.449	642.007
10.8146	661.06	641.621
10.8265	660.671	641.235
10.8385	660.282	640.849
10.8504	659.893	640.463
10.8623	659.504	640.076
10.8743	659.116	639.69
10.8862	658.727	639.304
10.8981	658.339	638.918
10.9101	657.95	638.532
10.922	657.562	638.146
10.9339	657.174	637.76
10.9459	656.785	637.375
10.9578	656.397	636.989
10.9698	656.009	636.603
10.9817	655.621	636.217
10.9936	655.233	635.831
11.0056	654.845	635.445
11.0175	654.457	635.059
11.0294	654.07	634.674
11.0414	653.682	634.288
11.0533	653.294	633.902
11.0652	652.907	633.516
11.0772	652.519	633.131
11.0891	652.132	632.745
11.1011	651.744	632.359
11.113	651.357	631.974
11.1249	650.97	631.588
11.1369	650.583	631.202
11.1488	650.195	630.817
11.1607	649.808	630.431
11.1727	649.421	630.045
11.1846	649.034	629.66
11.1966	648.647	629.274
11.2085	648.26	628.889
11.2204	647.874	628.503
11.2324	647.487	628.117
11.2443	647.1	627.732
11.2562	646.713	627.346
11.2682	646.327	626.961
11.2801	645.94	626.575
11.292	645.553	626.189
11.304	645.167	625.804
11.3159	644.78	625.418
11.3279	644.394	625.033
11.3398	644.007	624.647
11.3517	643.621	624.262
11.3637	643.235	623.876
11.3756	642.848	623.49
11.3875	642.462	623.105
11.3995	642.076	622.719
11.4114	641.69	622.334
11.4233	641.304	621.948
11.4353	640.917	621.562
11.4472	640.531	621.177
11.4592	640.145	620.791
11.4711	639.759	620.406
11.483	639.373	620.02
11.495	638.987	619.634
11.5069	638.601	619.249
11.5188	638.215	618.863
11.5308	637.829	618.478
11.5427	637.444	618.092
11.5546	637.058	617.706
11.5666	636.672	617.321
11.5785	636.286	616.935
11.5905	635.9	616.549
11.6024	635.514	616.163
11.6143	635.129	615.778
11.6263	634.743	615.392
11.6382	634.357	615.006
11.6501	633.972	614.621
11.6621	633.586	614.235
11.674	633.2	613.849
11.686	632.815	613.463
11.6979	632.429	613.077
11.7098	632.043	612.692
11.7218	631.658	612.306
11.7337	631.272	611.92
11.7456	630.886	611.534
11.7576	630.501	611.148
11.7695	630.115	610.762
11.7814	629.73	610.376
11.7934	629.344	609.99
11.8053	628.959	609.604
11.8173	628.573	609.219
11.8292	628.188	608.833
11.8411	627.802	608.447
11.8531	627.417	608.061
11.865	627.031	607.674
11.8769	626.646	607.288
11.8889	626.26	606.902
11.9008	625.875	606.516
11.9127	625.489	606.13
11.9247	625.104	605.744
11.9366	624.718	605.358
11.9486	624.333	604.972
11.9605	623.947	604.586
11.9724	623.562	604.199
11.9844	623.176	603.813
11.9963	622.791	603.427
12.0082	622.405	603.041
12.0202	622.02	602.654
12.0321	621.634	602.268
12.0441	621.249	601.882
12.056	620.863	601.495
12.0679	620.477	601.109
12.0799	620.092	600.722
12.0918	619.706	600.336
12.1037	619.321	599.949
12.1157	618.935	599.563
12.1276	618.55	599.177
12.1395	618.164	598.79
12.1515	617.779	598.403
12.1634	617.393	598.017
12.1754	617.007	597.63
12.1873	616.622	597.244
12.1992	616.236	596.857
12.2112	615.851	596.47
12.2231	615.465	596.084
12.235	615.079	595.697
12.247	614.694	595.31
12.2589	614.308	594.923
12.2708	613.922	594.536
12.2828	613.537	594.15
12.2947	613.151	593.763
12.3067	612.765	593.376
12.3186	612.379	592.989
12.3305	611.994	592.602
12.3425	611.608	592.215
12.3544	611.222	591.828
12.3663	610.836	591.441
12.3783	610.451	591.054
12.3902	610.065	590.667
12.4021	609.679	590.28
12.4141	609.293	589.893
12.426	608.907	589.506
12.438	608.521	589.118
12.4499	608.135	588.731
12.4618	607.749	588.344
12.4738	607.363	587.957
12.4857	606.977	587.57
12.4976	606.591	587.182
12.5096	606.205	586.795
12.5215	605.819	586.408
12.5335	605.433	586.02
12.5454	605.047	585.633
12.5573	604.661	585.245
12.5693	604.275	584.858
12.5812	603.889	584.47
12.5931	603.503	584.083
12.6051	603.116	583.695
12.617	602.73	583.308
12.6289	602.344	582.92
12.6409	601.958	582.532
12.6528	601.571	582.145
12.6648	601.185	581.757
12.6767	600.799	581.369
12.6886	600.413	580.982
12.7006	600.026	580.594
12.7125	599.64	580.206
12.7244	599.253	579.818
12.7364	598.867	579.43
12.7483	598.48	579.042
12.7602	598.094	578.655
12.7722	597.707	578.267
12.7841	597.321	577.879
12.7961	596.934	577.491
12.808	596.548	577.103
12.8199	596.161	576.715
12.8319	595.774	576.326
12.8438	595.388	575.938
12.8557	595.001	575.55
12.8677	594.614	575.162
12.8796	594.228	574.774
12.8916	593.841	574.386
12.9035	593.454	573.998
12.9154	593.067	573.609
12.9274	592.68	573.221
12.9393	592.294	572.833
12.9512	591.907	572.444
12.9632	591.52	572.056
12.9751	591.133	571.668
12.987	590.746	571.279
12.999	590.359	570.891
13.0109	589.972	570.502
13.0229	589.585	570.114
13.0348	589.198	569.725
13.0467	588.81	569.337
13.0587	588.423	568.948
13.0706	588.036	568.56
13.0825	587.649	568.171
13.0945	587.262	567.782
13.1064	586.874	567.394
13.1183	586.487	567.005
13.1303	586.1	566.616
13.1422	585.712	566.227
13.1542	585.325	565.839
13.1661	584.938	565.45
13.178	584.55	565.061
13.19	584.163	564.672
13.2019	583.775	564.283
13.2138	583.388	563.894
13.2258	583	563.506
13.2377	582.613	563.117
13.2496	582.225	562.728
13.2616	581.838	562.339
13.2735	581.45	561.95
13.2855	581.062	561.561
13.2974	580.675	561.172
13.3093	580.287	560.783
13.3213	579.899	560.393
13.3332	579.511	560.004
13.3451	579.124	559.615
13.3571	578.736	559.226
13.369	578.348	558.837
13.381	577.96	558.448
13.3929	577.572	558.058
13.4048	577.184	557.669
13.4168	576.796	557.28
13.4287	576.408	556.891
13.4406	576.02	556.501
13.4526	575.632	556.112
13.4645	575.244	555.723
13.4764	574.856	555.333
13.4884	574.468	554.944
13.5003	574.08	554.554
13.5123	573.691	554.165
13.5242	573.303	553.776
13.5361	572.915	553.386
13.5481	572.527	552.997
13.56	572.138	552.607
13.5719	571.75	552.218
13.5839	571.362	551.828
13.5958	570.973	551.439
13.6077	570.585	551.049
13.6197	570.197	550.659
13.6316	569.808	550.27
13.6436	569.42	549.88
13.6555	569.031	549.491
13.6674	568.643	549.101
13.6794	568.254	548.711
13.6913	567.865	548.321
13.7032	567.477	547.932
13.7152	567.088	547.542
13.7271	566.7	547.152
13.7391	566.311	546.763
13.751	565.922	546.373
13.7629	565.533	545.983
13.7749	565.145	545.593
13.7868	564.756	545.203
13.7987	564.367	544.814
13.8107	563.978	544.424
13.8226	563.59	544.034
13.8345	563.201	543.644
13.8465	562.812	543.254
13.8584	562.423	542.864
13.8704	562.034	542.474
13.8823	561.645	542.084
13.8942	561.256	541.695
13.9062	560.867	541.305
13.9181	560.478	540.915
13.93	560.089	540.525
13.942	559.7	540.135
13.9539	559.311	539.745
13.9658	558.922	539.355
13.9778	558.533	538.965
13.9897	558.143	538.575
14.0017	557.754	538.185
14.0136	557.365	537.795
14.0255	556.976	537.405
14.0375	556.587	537.015
14.0494	556.197	536.625
14.0613	555.808	536.235
14.0733	555.419	535.845
14.0852	555.03	535.455
14.0971	554.64	535.064
14.1091	554.251	534.674
14.121	553.861	534.284
14.133	553.472	533.894
14.1449	553.083	533.504
14.1568	552.693	533.114
14.1688	552.304	532.724
14.1807	551.914	532.334
14.1926	551.525	531.944
14.2046	551.135	531.554
14.2165	550.746	531.164
14.2285	550.356	530.773
14.2404	549.967	530.383
14.2523	549.577	529.993
14.2643	549.188	529.603
14.2762	548.798	529.213
14.2881	548.408	528.823
14.3001	548.019	528.433
14.312	547.629	528.043
14.3239	547.24	527.653
14.3359	546.85	527.262
14.3478	546.46	526.872
14.3598	546.071	526.482
14.3717	545.681	526.092
14.3836	545.291	525.702
14.3956	544.901	525.312
14.4075	544.512	524.922
14.4194	544.122	524.532
14.4314	543.732	524.142
14.4433	543.342	523.752
14.4552	542.953	523.361
14.4672	542.563	522.971
14.4791	542.173	522.581
14.4911	541.783	522.191
14.503	541.393	521.801
14.5149	541.003	521.411
14.5269	540.614	521.021
14.5388	540.224	520.631
14.5507	539.834	520.241
14.5627	539.444	519.851
14.5746	539.054	519.461
14.5866	538.664	519.071
14.5985	538.274	518.681
14.6104	537.884	518.291
14.6224	537.494	517.901
14.6343	537.104	517.511
14.6462	536.715	517.121
14.6582	536.325	516.732
14.6701	535.935	516.342
14.682	535.545	515.952
14.694	535.155	515.562
14.7059	534.765	515.172
14.7179	534.375	514.782
14.7298	533.985	514.392
14.7417	533.595	514.003
14.7537	533.205	513.613
14.7656	532.815	513.223
14.7775	532.425	512.833
14.7895	532.035	512.444
14.8014	531.645	512.054
14.8133	531.255	511.664
14.8253	530.865	511.275
14.8372	530.475	510.885
14.8492	530.085	510.495
14.8611	529.695	510.106
14.873	529.305	509.716
14.885	528.915	509.327
14.8969	528.525	508.937
14.9088	528.135	508.548
14.9208	527.745	508.158
14.9327	527.355	507.769
14.9446	526.965	507.379
14.9566	526.575	506.99
14.9685	526.185	506.601
14.9805	525.795	506.211
14.9924	525.405	505.822
15.0043	525.015	505.433
15.0163	524.625	505.043
15.0282	524.235	504.654
15.0401	523.845	504.265
15.0521	523.455	503.876
15.064	523.065	503.487
15.076	522.675	503.098
15.0879	522.286	502.709
15.0998	521.896	502.32
15.1118	521.506	501.931
15.1237	521.116	501.542
15.1356	520.726	501.153
15.1476	520.336	500.764
15.1595	519.946	500.375
15.1714	519.556	499.986
15.1834	519.167	499.598
15.1953	518.777	499.209
15.2073	518.387	498.82
15.2192	517.997	498.432
15.2311	517.607	498.043
15.2431	517.218	497.654
15.255	516.828	497.266
15.2669	516.438	496.878
15.2789	516.048	496.489
15.2908	515.659	496.101
15.3027	515.269	495.712
15.3147	514.879	495.324
15.3266	514.49	494.936
15.3386	514.1	494.548
15.3505	513.71	494.16
15.3624	513.321	493.772
15.3744	512.931	493.384
15.3863	512.542	492.996
15.3982	512.152	492.608
15.4102	511.763	492.22
15.4221	511.373	491.832
15.4341	510.984	491.444
15.446	510.594	491.057
15.4579	510.205	490.669
15.4699	509.815	490.282
15.4818	509.426	489.894
15.4937	509.037	489.507
15.5057	508.647	489.119
15.5176	508.258	488.732
15.5295	507.869	488.345
15.5415	507.48	487.957
15.5534	507.09	487.57
15.5654	506.701	487.183
15.5773	506.312	486.796
15.5892	505.923	486.409
15.6012	505.534	486.022
15.6131	505.145	485.636
15.625	504.756	485.249
15.637	504.367	484.862
15.6489	503.978	484.476
15.6608	503.589	484.089
15.6728	503.2	483.703
15.6847	502.811	483.316
15.6967	502.422	482.93
15.7086	502.034	482.544
15.7205	501.645	482.158
15.7325	501.256	481.772
15.7444	500.867	481.386
15.7563	500.479	481
15.7683	500.09	480.614
15.7802	499.702	480.228
15.7921	499.313	479.842
15.8041	498.925	479.457
15.816	498.536	479.071
15.828	498.148	478.686
15.8399	497.76	478.301
15.8518	497.371	477.915
15.8638	496.983	477.53
15.8757	496.595	477.145
15.8876	496.207	476.76
15.8996	495.819	476.375
15.9115	495.431	475.99
15.9235	495.043	475.606
15.9354	494.655	475.221
15.9473	494.267	474.837
15.9593	493.879	474.452
15.9712	493.491	474.068
15.9831	493.103	473.684
15.9951	492.716	473.3
16.007	492.328	472.916
16.0189	491.941	472.532
16.0309	491.553	472.148
16.0428	491.166	471.764
16.0548	490.778	471.38
16.0667	490.391	470.997
16.0786	490.004	470.614
16.0906	489.616	470.23
16.1025	489.229	469.847
16.1144	488.842	469.464
16.1264	488.455	469.081
16.1383	488.068	468.698
16.1502	487.681	468.315
16.1622	487.294	467.933
16.1741	486.908	467.55
16.1861	486.521	467.168
16.198	486.134	466.786
16.2099	485.748	466.403
16.2219	485.361	466.021
16.2338	484.975	465.64
16.2457	484.588	465.258
16.2577	484.202	464.876
16.2696	483.816	464.495
16.2816	483.43	464.113
16.2935	483.044	463.732
16.3054	482.658	463.351
16.3174	482.272	462.97
16.3293	481.886	462.589
16.3412	481.5	462.208
16.3532	481.115	461.827
16.3651	480.729	461.447
16.377	480.344	461.066
16.389	479.958	460.686
16.4009	479.573	460.306
16.4129	479.188	459.926
16.4248	478.802	459.546
16.4367	478.417	459.167
16.4487	478.032	458.787
16.4606	477.647	458.408
16.4725	477.263	458.028
16.4845	476.878	457.649
16.4964	476.493	457.27
16.5083	476.109	456.892
16.5203	475.724	456.513
16.5322	475.34	456.134
16.5442	474.956	455.756
16.5561	474.572	455.378
16.568	474.187	455
16.58	473.804	454.622
16.5919	473.42	454.244
16.6038	473.036	453.867
16.6158	472.652	453.489
16.6277	472.269	453.112
16.6396	471.885	452.735
16.6516	471.502	452.358
16.6635	471.119	451.981
16.6755	470.736	451.605
16.6874	470.353	451.228
16.6993	469.97	450.852
16.7113	469.587	450.476
16.7232	469.204	450.1
16.7351	468.822	449.724
16.7471	468.439	449.349
16.759	468.057	448.974
16.771	467.674	448.598
16.7829	467.292	448.223
16.7948	466.91	447.849
16.8068	466.529	447.474
16.8187	466.147	447.099
16.8306	465.765	446.725
16.8426	465.384	446.351
16.8545	465.002	445.977
16.8664	464.621	445.603
16.8784	464.24	445.23
16.8903	463.859	444.857
16.9023	463.478	444.483
16.9142	463.097	444.111
16.9261	462.717	443.738
16.9381	462.336	443.365
16.95	461.956	442.993
16.9619	461.575	442.621
16.9739	461.195	442.249
16.9858	460.815	441.877
16.9977	460.436	441.506
17.0097	460.056	441.134
17.0216	459.676	440.763
17.0336	459.297	440.392
17.0455	458.918	440.022
17.0574	458.539	439.651
17.0694	458.16	439.281
17.0813	457.781	438.911
17.0932	457.402	438.541
17.1052	457.024	438.171
17.1171	456.645	437.802
17.1291	456.267	437.433
17.141	455.889	437.064
17.1529	455.511	436.695
17.1649	455.134	436.327
17.1768	454.756	435.958
17.1887	454.379	435.59
17.2007	454.001	435.222
17.2126	453.624	434.855
17.2245	453.247	434.487
17.2365	452.87	434.12
17.2484	452.494	433.753
17.2604	452.117	433.387
17.2723	451.741	433.02
17.2842	451.365	432.654
17.2962	450.989	432.288
17.3081	450.613	431.923
17.32	450.238	431.557
17.332	449.862	431.192
17.3439	449.487	430.827
17.3558	449.112	430.463
17.3678	448.737	430.098
17.3797	448.362	429.734
17.3917	447.988	429.37
17.4036	447.613	429.006
17.4155	447.239	428.643
17.4275	446.865	428.28
17.4394	446.491	427.917
17.4513	446.118	427.554
17.4633	445.744	427.192
17.4752	445.371	426.83
17.4871	444.998	426.468
17.4991	444.625	426.107
17.511	444.253	425.745
17.523	443.88	425.384
17.5349	443.508	425.024
17.5468	443.136	424.663
17.5588	442.764	424.303
17.5707	442.393	423.943
17.5826	442.021	423.584
17.5946	441.65	423.224
17.6065	441.279	422.865
17.6185	440.908	422.507
17.6304	440.537	422.148
17.6423	440.167	421.79
17.6543	439.797	421.432
17.6662	439.427	421.075
17.6781	439.057	420.717
17.6901	438.688	420.36
17.702	438.318	420.004
17.7139	437.949	419.647
17.7259	437.58	419.291
17.7378	437.212	418.935
17.7498	436.843	418.58
17.7617	436.475	418.225
17.7736	436.107	417.87
17.7856	435.739	417.515
17.7975	435.372	417.161
17.8094	435.004	416.807
17.8214	434.637	416.453
17.8333	434.271	416.1
17.8452	433.904	415.747
17.8572	433.538	415.395
17.8691	433.171	415.042
17.8811	432.806	414.69
17.893	432.44	414.338
17.9049	432.075	413.987
17.9169	431.71	413.636
17.9288	431.345	413.285
17.9407	430.98	412.935
17.9527	430.616	412.585
17.9646	430.251	412.235
17.9766	429.888	411.886
17.9885	429.524	411.537
18.0004	429.161	411.188
18.0124	428.798	410.84
18.0243	428.435	410.492
18.0362	428.072	410.144
18.0482	427.71	409.797
18.0601	427.348	409.45
18.072	426.986	409.103
18.084	426.624	408.757
18.0959	426.263	408.411
18.1079	425.902	408.065
18.1198	425.541	407.72
18.1317	425.181	407.375
18.1437	424.821	407.031
18.1556	424.461	406.687
18.1675	424.101	406.343
18.1795	423.742	406
18.1914	423.383	405.656
18.2033	423.024	405.314
18.2153	422.666	404.972
18.2272	422.308	404.63
18.2392	421.95	404.288
18.2511	421.592	403.947
18.263	421.235	403.606
18.275	420.878	403.266
18.2869	420.521	402.926
18.2988	420.165	402.586
18.3108	419.809	402.247
18.3227	419.453	401.908
18.3346	419.097	401.569
18.3466	418.742	401.231
18.3585	418.387	400.893
18.3705	418.032	400.556
18.3824	417.678	400.219
18.3943	417.324	399.883
18.4063	416.97	399.546
18.4182	416.617	399.211
18.4301	416.264	398.875
18.4421	415.911	398.54
18.454	415.559	398.206
18.466	415.207	397.872
18.4779	414.855	397.538
18.4898	414.504	397.205
18.5018	414.152	396.872
18.5137	413.802	396.539
18.5256	413.451	396.207
18.5376	413.101	395.876
18.5495	412.751	395.544
18.5614	412.402	395.213
18.5734	412.053	394.883
18.5853	411.704	394.553
18.5973	411.355	394.223
18.6092	411.007	393.894
18.6211	410.66	393.566
18.6331	410.312	393.237
18.645	409.965	392.909
18.6569	409.618	392.582
18.6689	409.272	392.255
18.6808	408.926	391.928
18.6927	408.58	391.602
18.7047	408.235	391.277
18.7166	407.89	390.951
18.7286	407.545	390.627
18.7405	407.201	390.302
18.7524	406.857	389.978
18.7644	406.513	389.655
18.7763	406.17	389.332
18.7882	405.827	389.009
18.8002	405.485	388.687
18.8121	405.143	388.365
18.8241	404.801	388.044
18.836	404.46	387.723
18.8479	404.119	387.403
18.8599	403.778	387.083
18.8718	403.438	386.764
18.8837	403.098	386.445
18.8957	402.759	386.127
18.9076	402.42	385.809
18.9195	402.081	385.491
18.9315	401.743	385.174
18.9434	401.405	384.857
18.9554	401.067	384.541
18.9673	400.73	384.226
18.9792	400.393	383.91
18.9912	400.057	383.596
19.0031	399.721	383.282
19.015	399.385	382.968
19.027	399.05	382.655
19.0389	398.715	382.342
19.0508	398.381	382.03
19.0628	398.047	381.718
19.0747	397.714	381.406
19.0867	397.38	381.096
19.0986	397.048	380.785
19.1105	396.715	380.475
19.1225	396.383	380.166
19.1344	396.052	379.857
19.1463	395.721	379.549
19.1583	395.39	379.241
19.1702	395.06	378.934
19.1821	394.73	378.627
19.1941	394.401	378.32
19.206	394.072	378.014
19.218	393.743	377.709
19.2299	393.415	377.404
19.2418	393.087	377.1
19.2538	392.76	376.796
19.2657	392.433	376.493
19.2776	392.107	376.19
19.2896	391.781	375.888
19.3015	391.455	375.586
19.3135	391.13	375.285
19.3254	390.805	374.984
19.3373	390.481	374.684
19.3493	390.157	374.384
19.3612	389.834	374.085
19.3731	389.511	373.786
19.3851	389.189	373.488
19.397	388.867	373.19
19.4089	388.545	372.893
19.4209	388.224	372.597
19.4328	387.903	372.301
19.4448	387.583	372.005
19.4567	387.263	371.71
19.4686	386.944	371.416
19.4806	386.625	371.122
19.4925	386.307	370.829
19.5044	385.989	370.536
19.5164	385.672	370.243
19.5283	385.355	369.952
19.5402	385.038	369.661
19.5522	384.722	369.37
19.5641	384.407	369.08
19.5761	384.092	368.79
19.588	383.777	368.501
19.5999	383.463	368.213
19.6119	383.149	367.925
19.6238	382.836	367.637
19.6357	382.523	367.351
19.6477	382.211	367.064
19.6596	381.899	366.779
19.6716	381.588	366.494
19.6835	381.277	366.209
19.6954	380.967	365.925
19.7074	380.657	365.641
19.7193	380.348	365.359
19.7312	380.039	365.076
19.7432	379.731	364.794
19.7551	379.423	364.513
19.767	379.116	364.232
19.779	378.809	363.952
19.7909	378.503	363.673
19.8029	378.197	363.394
19.8148	377.891	363.116
19.8267	377.587	362.838
19.8387	377.282	362.56
19.8506	376.979	362.284
19.8625	376.675	362.008
19.8745	376.372	361.732
19.8864	376.07	361.457
19.8983	375.768	361.183
19.9103	375.467	360.909
19.9222	375.166	360.636
19.9342	374.866	360.363
19.9461	374.567	360.091
19.958	374.267	359.82
19.97	373.969	359.549
19.9819	373.671	359.279
19.9938	373.373	359.009
20.0058	373.076	358.74
20.0177	372.779	358.471
20.0296	372.483	358.203
20.0416	372.188	357.936
20.0535	371.893	357.669
20.0655	371.598	357.403
20.0774	371.305	357.138
20.0893	371.011	356.873
20.1013	370.718	356.608
20.1132	370.426	356.344
20.1251	370.134	356.081
20.1371	369.843	355.819
20.149	369.552	355.557
20.161	369.262	355.295
20.1729	368.973	355.034
20.1848	368.684	354.774
20.1968	368.395	354.515
20.2087	368.107	354.256
20.2206	367.82	353.997
20.2326	367.533	353.74
20.2445	367.247	353.482
20.2564	366.961	353.226
20.2684	366.676	352.97
20.2803	366.391	352.715
20.2923	366.107	352.46
20.3042	365.823	352.206
20.3161	365.54	351.952
20.3281	365.258	351.699
20.34	364.976	351.447
20.3519	364.695	351.195
20.3639	364.414	350.944
20.3758	364.134	350.694
20.3877	363.854	350.444
20.3997	363.575	350.195
20.4116	363.297	349.946
20.4236	363.019	349.698
20.4355	362.742	349.451
20.4474	362.465	349.204
20.4594	362.189	348.958
20.4713	361.913	348.712
20.4832	361.638	348.467
20.4952	361.363	348.223
20.5071	361.09	347.98
20.5191	360.816	347.736
20.531	360.544	347.494
20.5429	360.271	347.252
20.5549	360	347.011
20.5668	359.729	346.771
20.5787	359.458	346.531
20.5907	359.189	346.291
20.6026	358.919	346.053
20.6145	358.651	345.815
20.6265	358.383	345.577
20.6384	358.115	345.341
20.6504	357.848	345.104
20.6623	357.582	344.869
20.6742	357.316	344.634
20.6862	357.051	344.4
20.6981	356.787	344.166
20.71	356.523	343.933
20.722	356.259	343.701
20.7339	355.997	343.469
20.7458	355.734	343.238
20.7578	355.473	343.008
20.7697	355.212	342.778
20.7817	354.952	342.549
20.7936	354.692	342.32
20.8055	354.433	342.092
20.8175	354.174	341.865
20.8294	353.916	341.638
20.8413	353.659	341.412
20.8533	353.402	341.187
20.8652	353.146	340.962
20.8771	352.89	340.738
20.8891	352.636	340.514
20.901	352.381	340.292
20.913	352.128	340.069
20.9249	351.874	339.848
20.9368	351.622	339.627
20.9488	351.37	339.407
20.9607	351.119	339.187
20.9726	350.868	338.968
20.9846	350.618	338.75
20.9965	350.369	338.532
21.0085	350.12	338.315
21.0204	349.872	338.098
21.0323	349.624	337.883
21.0443	349.377	337.667
21.0562	349.131	337.453
21.0681	348.885	337.239
21.0801	348.64	337.026
21.092	348.395	336.813
21.1039	348.152	336.601
21.1159	347.908	336.39
21.1278	347.666	336.179
21.1398	347.424	335.969
21.1517	347.182	335.76
21.1636	346.941	335.551
21.1756	346.701	335.343
21.1875	346.462	335.135
21.1994	346.223	334.929
21.2114	345.985	334.722
21.2233	345.747	334.517
21.2352	345.51	334.312
21.2472	345.274	334.108
21.2591	345.038	333.904
21.2711	344.803	333.701
21.283	344.568	333.499
21.2949	344.334	333.297
21.3069	344.101	333.096
21.3188	343.868	332.896
21.3307	343.636	332.696
21.3427	343.405	332.497
21.3546	343.174	332.298
21.3666	342.944	332.101
21.3785	342.715	331.903
21.3904	342.486	331.707
21.4024	342.258	331.511
21.4143	342.03	331.316
21.4262	341.803	331.121
21.4382	341.577	330.927
21.4501	341.351	330.734
21.462	341.126	330.541
21.474	340.902	330.349
21.4859	340.678	330.157
21.4979	340.455	329.967
21.5098	340.232	329.776
21.5217	340.011	329.587
21.5337	339.789	329.398
21.5456	339.569	329.21
21.5575	339.349	329.022
21.5695	339.129	328.835
21.5814	338.911	328.649
21.5933	338.693	328.463
21.6053	338.475	328.278
21.6172	338.259	328.094
21.6292	338.042	327.91
21.6411	337.827	327.727
21.653	337.612	327.544
21.665	337.398	327.363
21.6769	337.184	327.181
21.6888	336.971	327.001
21.7008	336.759	326.821
21.7127	336.547	326.641
21.7246	336.336	326.463
21.7366	336.126	326.285
21.7485	335.916	326.107
21.7605	335.707	325.931
21.7724	335.499	325.754
21.7843	335.291	325.579
21.7963	335.084	325.404
21.8082	334.877	325.23
21.8201	334.671	325.056
21.8321	334.466	324.883
21.844	334.261	324.711
21.856	334.057	324.539
21.8679	333.854	324.368
21.8798	333.651	324.197
21.8918	333.449	324.028
21.9037	333.248	323.858
21.9156	333.047	323.69
21.9276	332.847	323.522
21.9395	332.648	323.354
21.9514	332.449	323.188
21.9634	332.251	323.022
21.9753	332.053	322.856
21.9873	331.856	322.691
21.9992	331.66	322.527
22.0111	331.464	322.364
22.0231	331.269	322.201
22.035	331.075	322.038
22.0469	330.881	321.876
22.0589	330.688	321.715
22.0708	330.495	321.555
22.0827	330.304	321.395
22.0947	330.112	321.236
22.1066	329.922	321.077
22.1186	329.732	320.919
22.1305	329.543	320.762
22.1424	329.354	320.605
22.1544	329.166	320.449
22.1663	328.979	320.293
22.1782	328.792	320.138
22.1902	328.606	319.984
22.2021	328.42	319.83
22.2141	328.236	319.677
22.226	328.051	319.524
22.2379	327.868	319.373
22.2499	327.685	319.221
22.2618	327.503	319.071
22.2737	327.321	318.92
22.2857	327.14	318.771
22.2976	326.96	318.622
22.3095	326.78	318.474
22.3215	326.601	318.326
22.3334	326.422	318.179
22.3454	326.245	318.033
22.3573	326.067	317.887
22.3692	325.891	317.742
22.3812	325.715	317.597
22.3931	325.54	317.453
22.405	325.365	317.309
22.417	325.191	317.167
22.4289	325.018	317.024
22.4408	324.845	316.883
22.4528	324.673	316.741
22.4647	324.501	316.601
22.4767	324.33	316.461
22.4886	324.16	316.322
22.5005	323.99	316.183
22.5125	323.821	316.045
22.5244	323.653	315.907
22.5363	323.485	315.77
22.5483	323.318	315.634
22.5602	323.151	315.498
22.5721	322.985	315.363
22.5841	322.82	315.229
22.596	322.655	315.094
22.608	322.491	314.961
22.6199	322.328	314.828
22.6318	322.165	314.696
22.6438	322.003	314.564
22.6557	321.842	314.433
22.6676	321.681	314.302
22.6796	321.52	314.172
22.6915	321.361	314.043
22.7035	321.201	313.914
22.7154	321.043	313.786
22.7273	320.885	313.658
22.7393	320.728	313.531
22.7512	320.571	313.405
22.7631	320.415	313.279
22.7751	320.26	313.153
22.787	320.105	313.028
22.7989	319.951	312.904
22.8109	319.797	312.78
22.8228	319.644	312.657
22.8348	319.492	312.534
22.8467	319.34	312.412
22.8586	319.189	312.291
22.8706	319.039	312.17
22.8825	318.889	312.05
22.8944	318.739	311.93
22.9064	318.591	311.811
22.9183	318.442	311.692
22.9302	318.295	311.574
22.9422	318.148	311.456
22.9541	318.002	311.339
22.9661	317.856	311.222
22.978	317.711	311.106
22.9899	317.566	310.991
23.0019	317.422	310.876
23.0138	317.279	310.762
23.0257	317.136	310.648
23.0377	316.994	310.535
23.0496	316.853	310.422
23.0616	316.712	310.31
23.0735	316.571	310.198
23.0854	316.432	310.087
23.0974	316.293	309.976
23.1093	316.154	309.866
23.1212	316.016	309.757
23.1332	315.879	309.648
23.1451	315.742	309.539
23.157	315.605	309.431
23.169	315.47	309.324
23.1809	315.335	309.217
23.1929	315.2	309.111
23.2048	315.066	309.005
23.2167	314.933	308.9
23.2287	314.8	308.795
23.2406	314.668	308.691
23.2525	314.536	308.587
23.2645	314.405	308.484
23.2764	314.275	308.381
23.2883	314.145	308.279
23.3003	314.016	308.177
23.3122	313.887	308.076
23.3242	313.759	307.975
23.3361	313.631	307.875
23.348	313.504	307.775
23.36	313.378	307.676
23.3719	313.252	307.577
23.3838	313.127	307.479
23.3958	313.002	307.382
23.4077	312.878	307.284
23.4196	312.754	307.188
23.4316	312.631	307.092
23.4435	312.509	306.996
23.4555	312.387	306.901
23.4674	312.265	306.806
23.4793	312.144	306.712
23.4913	312.024	306.618
23.5032	311.904	306.525
23.5151	311.785	306.432
23.5271	311.667	306.34
23.539	311.548	306.248
23.551	311.431	306.157
23.5629	311.314	306.066
23.5748	311.198	305.976
23.5868	311.082	305.886
23.5987	310.966	305.796
23.6106	310.852	305.708
23.6226	310.737	305.619
23.6345	310.624	305.531
23.6464	310.51	305.444
23.6584	310.398	305.357
23.6703	310.286	305.27
23.6823	310.174	305.184
23.6942	310.063	305.099
23.7061	309.953	305.013
23.7181	309.843	304.929
23.73	309.733	304.845
23.7419	309.624	304.761
23.7539	309.516	304.678
23.7658	309.408	304.595
23.7777	309.301	304.513
23.7897	309.194	304.432
23.8016	309.088	304.352
23.8136	308.982	304.273
23.8255	308.877	304.198
23.8374	308.772	304.127
23.8494	308.669	304.065
23.8613	308.567	304.018
23.8732	308.518	304
