0	873	873
0.0119366	873	873
0.0238732	873	873
0.0358099	873	873
0.0477465	873	873
0.0596831	873	873
0.0716197	873	873
0.0835563	873	873
0.095493	873	873
0.10743	873	873
0.119366	873	873
0.131303	873	873
0.143239	873	873
0.155176	873	873
0.167113	873	873
0.179049	873	873
0.190986	873	873
0.202923	873	873
0.214859	873	873
0.226796	873	873
0.238732	873	873
0.250669	873	873
0.262606	873	873
0.274542	873	873
0.286479	873	873
0.298416	873	873
0.310352	873	873
0.322289	873	873
0.334225	873	873
0.346162	873	873
0.358099	873	873
0.370035	873	873
0.381972	873	873
0.393908	873	873
0.405845	873	873
0.417782	873	873
0.429718	873	873
0.441655	873	873
0.453592	873	873
0.465528	873	873
0.477465	873	873
0.489401	873	873
0.501338	873	873
0.513275	873	873
0.525211	873	873
0.537148	873	873
0.549085	873	873
0.561021	873	873
0.572958	873	873
0.584894	873	873
0.596831	873	873
0.608768	873	873
0.620704	873	873
0.632641	873	873
0.644578	873	873
0.656514	873	873
0.668451	873	873
0.680387	873	873
0.692324	873	873
0.704261	873	873
0.716197	873	873
0.728134	873	873
0.74007	873	873
0.752007	873	873
0.763944	873	873
0.77588	873	873
0.787817	873	873
0.799754	873	873
0.81169	873	873
0.823627	873	873
0.835563	872.999	872.999
0.8475	872.999	872.999
0.859437	872.999	872.999
0.871373	872.999	872.999
0.88331	872.999	872.999
0.895247	872.999	872.999
0.907183	872.999	872.999
0.91912	872.999	872.999
0.931056	872.999	872.999
0.942993	872.999	872.999
0.95493	872.999	872.999
0.966866	872.999	872.999
0.978803	872.999	872.999
0.99074	872.999	872.999
1.00268	872.999	872.999
1.01461	872.999	872.999
1.02655	872.999	872.999
1.03849	872.999	872.999
1.05042	872.999	872.999
1.06236	872.999	872.999
1.0743	872.999	872.999
1.08623	872.999	872.999
1.09817	872.999	872.999
1.11011	872.999	872.999
1.12204	872.999	872.999
1.13398	872.999	872.999
1.14592	872.999	872.999
1.15785	872.998	872.998
1.16979	872.998	872.998
1.18173	872.998	872.998
1.19366	872.998	872.998
1.2056	872.998	872.998
1.21754	872.998	872.998
1.22947	872.998	872.998
1.24141	872.998	872.998
1.25335	872.998	872.998
1.26528	872.998	872.998
1.27722	872.998	872.998
1.28916	872.998	872.998
1.30109	872.998	872.998
1.31303	872.998	872.998
1.32496	872.997	872.997
1.3369	872.997	872.997
1.34884	872.997	872.997
1.36077	872.997	872.997
1.37271	872.997	872.997
1.38465	872.997	872.997
1.39658	872.997	872.997
1.40852	872.997	872.997
1.42046	872.997	872.997
1.43239	872.996	872.996
1.44433	872.996	872.996
1.45627	872.996	872.996
1.4682	872.996	872.996
1.48014	872.996	872.996
1.49208	872.996	872.996
1.50401	872.996	872.996
1.51595	872.996	872.996
1.52789	872.995	872.995
1.53982	872.995	872.995
1.55176	872.995	872.995
1.5637	872.995	872.995
1.57563	872.995	872.995
1.58757	872.995	872.995
1.59951	872.994	872.994
1.61144	872.994	872.994
1.62338	872.994	872.994
1.63532	872.994	872.994
1.64725	872.994	872.994
1.65919	872.993	872.993
1.67113	872.993	872.993
1.68306	872.993	872.993
1.695	872.993	872.993
1.70694	872.993	872.993
1.71887	872.992	872.992
1.73081	872.992	872.992
1.74275	872.992	872.992
1.75468	872.992	872.992
1.76662	872.991	872.991
1.77856	872.991	872.991
1.79049	872.991	872.991
1.80243	872.991	872.991
1.81437	872.99	872.99
1.8263	872.99	872.99
1.83824	872.99	872.99
1.85018	872.989	872.989
1.86211	872.989	872.989
1.87405	872.989	872.989
1.88599	872.988	872.988
1.89792	872.988	872.988
1.90986	872.988	872.988
1.9218	872.987	872.987
1.93373	872.987	872.987
1.94567	872.987	872.987
1.95761	872.986	872.986
1.96954	872.986	872.986
1.98148	872.986	872.986
1.99342	872.985	872.985
2.00535	872.985	872.985
2.01729	872.984	872.984
2.02923	872.984	872.984
2.04116	872.983	872.983
2.0531	872.983	872.983
2.06504	872.983	872.983
2.07697	872.982	872.982
2.08891	872.982	872.982
2.10085	872.981	872.981
2.11278	872.981	872.981
2.12472	872.98	872.98
2.13666	872.979	872.979
2.14859	872.979	872.979
2.16053	872.978	872.978
2.17246	872.978	872.978
2.1844	872.977	872.977
2.19634	872.977	872.977
2.20827	872.976	872.976
2.22021	872.975	872.975
2.23215	872.975	872.975
2.24408	872.974	872.974
2.25602	872.973	872.973
2.26796	872.973	872.973
2.27989	872.972	872.972
2.29183	872.971	872.971
2.30377	872.971	872.971
2.3157	872.97	872.97
2.32764	872.969	872.969
2.33958	872.968	872.968
2.35151	872.967	872.967
2.36345	872.967	872.967
2.37539	872.966	872.966
2.38732	872.965	872.965
2.39926	872.964	872.964
2.4112	872.963	872.963
2.42313	872.962	872.962
2.43507	872.961	872.961
2.44701	872.96	872.96
2.45894	872.959	872.959
2.47088	872.958	872.958
2.48282	872.957	872.957
2.49475	872.956	872.956
2.50669	872.955	872.955
2.51863	872.954	872.954
2.53056	872.953	872.953
2.5425	872.952	872.952
2.55444	872.951	872.951
2.56637	872.95	872.95
2.57831	872.949	872.949
2.59025	872.947	872.947
2.60218	872.946	872.946
2.61412	872.945	872.945
2.62606	872.944	872.944
2.63799	872.942	872.942
2.64993	872.941	872.941
2.66187	872.94	872.94
2.6738	872.938	872.938
2.68574	872.937	872.937
2.69768	872.935	872.935
2.70961	872.934	872.934
2.72155	872.932	872.932
2.73349	872.931	872.931
2.74542	872.929	872.929
2.75736	872.928	872.928
2.7693	872.926	872.926
2.78123	872.924	872.924
2.79317	872.923	872.923
2.80511	872.921	872.921
2.81704	872.919	872.919
2.82898	872.917	872.917
2.84092	872.916	872.916
2.85285	872.914	872.914
2.86479	872.912	872.912
2.87673	872.91	872.91
2.88866	872.908	872.908
2.9006	872.906	872.906
2.91254	872.904	872.904
2.92447	872.902	872.902
2.93641	872.9	872.9
2.94835	872.897	872.898
2.96028	872.895	872.895
2.97222	872.893	872.893
2.98416	872.891	872.891
2.99609	872.888	872.889
3.00803	872.886	872.886
3.01997	872.884	872.884
3.0319	872.881	872.881
3.04384	872.879	872.879
3.05577	872.876	872.876
3.06771	872.874	872.874
3.07965	872.871	872.871
3.09158	872.868	872.868
3.10352	872.866	872.866
3.11546	872.863	872.863
3.12739	872.86	872.86
3.13933	872.857	872.857
3.15127	872.854	872.854
3.1632	872.851	872.851
3.17514	872.848	872.848
3.18708	872.845	872.845
3.19901	872.842	872.842
3.21095	872.839	872.839
3.22289	872.836	872.836
3.23482	872.833	872.833
3.24676	872.829	872.829
3.2587	872.826	872.826
3.27063	872.822	872.822
3.28257	872.819	872.819
3.29451	872.815	872.815
3.30644	872.812	872.812
3.31838	872.808	872.808
3.33032	872.804	872.804
3.34225	872.801	872.801
3.35419	872.797	872.797
3.36613	872.793	872.793
3.37806	872.789	872.789
3.39	872.785	872.785
3.40194	872.781	872.781
3.41387	872.776	872.776
3.42581	872.772	872.772
3.43775	872.768	872.768
3.44968	872.763	872.763
3.46162	872.759	872.759
3.47356	872.754	872.754
3.48549	872.75	872.75
3.49743	872.745	872.745
3.50937	872.74	872.74
3.5213	872.735	872.735
3.53324	872.731	872.731
3.54518	872.726	872.726
3.55711	872.72	872.72
3.56905	872.715	872.715
3.58099	872.71	872.71
3.59292	872.705	872.705
3.60486	872.699	872.699
3.6168	872.694	872.694
3.62873	872.688	872.688
3.64067	872.683	872.683
3.65261	872.677	872.677
3.66454	872.671	872.671
3.67648	872.665	872.665
3.68842	872.659	872.659
3.70035	872.653	872.653
3.71229	872.647	872.647
3.72423	872.641	872.641
3.73616	872.634	872.634
3.7481	872.628	872.628
3.76004	872.621	872.621
3.77197	872.615	872.615
3.78391	872.608	872.608
3.79585	872.601	872.601
3.80778	872.594	872.594
3.81972	872.587	872.587
3.83166	872.58	872.58
3.84359	872.572	872.573
3.85553	872.565	872.565
3.86747	872.558	872.558
3.8794	872.55	872.55
3.89134	872.542	872.542
3.90327	872.535	872.535
3.91521	872.527	872.527
3.92715	872.519	872.519
3.93908	872.51	872.51
3.95102	872.502	872.502
3.96296	872.494	872.494
3.97489	872.485	872.485
3.98683	872.477	872.477
3.99877	872.468	872.468
4.0107	872.459	872.459
4.02264	872.45	872.45
4.03458	872.441	872.441
4.04651	872.432	872.432
4.05845	872.422	872.422
4.07039	872.413	872.413
4.08232	872.403	872.403
4.09426	872.393	872.393
4.1062	872.383	872.383
4.11813	872.373	872.373
4.13007	872.363	872.363
4.14201	872.353	872.353
4.15394	872.342	872.342
4.16588	872.332	872.332
4.17782	872.321	872.321
4.18975	872.31	872.31
4.20169	872.299	872.299
4.21363	872.288	872.288
4.22556	872.277	872.277
4.2375	872.265	872.265
4.24944	872.254	872.254
4.26137	872.242	872.242
4.27331	872.23	872.23
4.28525	872.218	872.218
4.29718	872.205	872.206
4.30912	872.193	872.193
4.32106	872.18	872.181
4.33299	872.168	872.168
4.34493	872.155	872.155
4.35687	872.142	872.142
4.3688	872.129	872.129
4.38074	872.115	872.115
4.39268	872.102	872.102
4.40461	872.088	872.088
4.41655	872.074	872.074
4.42849	872.06	872.06
4.44042	872.045	872.046
4.45236	872.031	872.031
4.4643	872.016	872.016
4.47623	872.002	872.002
4.48817	871.987	871.987
4.50011	871.971	871.971
4.51204	871.956	871.956
4.52398	871.94	871.94
4.53592	871.925	871.925
4.54785	871.909	871.909
4.55979	871.892	871.893
4.57173	871.876	871.876
4.58366	871.86	871.86
4.5956	871.843	871.843
4.60754	871.826	871.826
4.61947	871.809	871.809
4.63141	871.791	871.791
4.64335	871.774	871.774
4.65528	871.756	871.756
4.66722	871.738	871.738
4.67916	871.72	871.72
4.69109	871.701	871.701
4.70303	871.683	871.683
4.71497	871.664	871.664
4.7269	871.645	871.645
4.73884	871.625	871.625
4.75078	871.606	871.606
4.76271	871.586	871.586
4.77465	871.566	871.566
4.78658	871.546	871.546
4.79852	871.525	871.525
4.81046	871.505	871.505
4.82239	871.484	871.484
4.83433	871.462	871.462
4.84627	871.441	871.441
4.8582	871.419	871.419
4.87014	871.397	871.397
4.88208	871.375	871.375
4.89401	871.353	871.353
4.90595	871.33	871.33
4.91789	871.307	871.307
4.92982	871.284	871.284
4.94176	871.26	871.26
4.9537	871.237	871.237
4.96563	871.213	871.213
4.97757	871.188	871.189
4.98951	871.164	871.164
5.00144	871.139	871.139
5.01338	871.114	871.114
5.02532	871.089	871.089
5.03725	871.063	871.063
5.04919	871.037	871.037
5.06113	871.011	871.011
5.07306	870.985	870.985
5.085	870.958	870.958
5.09694	870.931	870.931
5.10887	870.903	870.904
5.12081	870.876	870.876
5.13275	870.848	870.848
5.14468	870.82	870.82
5.15662	870.791	870.791
5.16856	870.762	870.763
5.18049	870.733	870.733
5.19243	870.704	870.704
5.20437	870.674	870.674
5.2163	870.644	870.644
5.22824	870.614	870.614
5.24018	870.583	870.583
5.25211	870.552	870.552
5.26405	870.521	870.521
5.27599	870.489	870.489
5.28792	870.457	870.457
5.29986	870.425	870.425
5.3118	870.392	870.392
5.32373	870.359	870.359
5.33567	870.326	870.326
5.34761	870.292	870.292
5.35954	870.258	870.259
5.37148	870.224	870.224
5.38342	870.189	870.19
5.39535	870.154	870.155
5.40729	870.119	870.119
5.41923	870.083	870.083
5.43116	870.047	870.047
5.4431	870.011	870.011
5.45504	869.974	869.974
5.46697	869.937	869.937
5.47891	869.899	869.9
5.49085	869.862	869.862
5.50278	869.823	869.823
5.51472	869.785	869.785
5.52666	869.746	869.746
5.53859	869.706	869.706
5.55053	869.667	869.667
5.56247	869.626	869.627
5.5744	869.586	869.586
5.58634	869.545	869.545
5.59828	869.504	869.504
5.61021	869.462	869.462
5.62215	869.42	869.42
5.63408	869.378	869.378
5.64602	869.335	869.335
5.65796	869.291	869.292
5.66989	869.248	869.248
5.68183	869.204	869.204
5.69377	869.159	869.159
5.7057	869.114	869.114
5.71764	869.069	869.069
5.72958	869.023	869.023
5.74151	868.977	868.977
5.75345	868.93	868.93
5.76539	868.883	868.883
5.77732	868.836	868.836
5.78926	868.788	868.788
5.8012	868.74	868.74
5.81313	868.691	868.691
5.82507	868.642	868.642
5.83701	868.592	868.592
5.84894	868.542	868.542
5.86088	868.491	868.492
5.87282	868.44	868.441
5.88475	868.389	868.389
5.89669	868.337	868.337
5.90863	868.285	868.285
5.92056	868.232	868.232
5.9325	868.179	868.179
5.94444	868.125	868.125
5.95637	868.071	868.071
5.96831	868.016	868.016
5.98025	867.961	867.961
5.99218	867.905	867.905
6.00412	867.849	867.849
6.01606	867.793	867.793
6.02799	867.736	867.736
6.03993	867.678	867.678
6.05187	867.62	867.62
6.0638	867.561	867.562
6.07574	867.502	867.503
6.08768	867.443	867.443
6.09961	867.383	867.383
6.11155	867.322	867.322
6.12349	867.261	867.261
6.13542	867.2	867.2
6.14736	867.138	867.138
6.1593	867.075	867.075
6.17123	867.012	867.012
6.18317	866.948	866.948
6.19511	866.884	866.884
6.20704	866.819	866.82
6.21898	866.754	866.754
6.23092	866.689	866.689
6.24285	866.622	866.622
6.25479	866.556	866.556
6.26673	866.488	866.488
6.27866	866.42	866.421
6.2906	866.352	866.352
6.30254	866.283	866.283
6.31447	866.213	866.214
6.32641	866.143	866.144
6.33835	866.073	866.073
6.35028	866.002	866.002
6.36222	865.93	865.93
6.37416	865.858	865.858
6.38609	865.785	865.785
6.39803	865.711	865.712
6.40997	865.637	865.638
6.4219	865.563	865.563
6.43384	865.488	865.488
6.44578	865.412	865.412
6.45771	865.336	865.336
6.46965	865.259	865.259
6.48159	865.181	865.181
6.49352	865.103	865.103
6.50546	865.025	865.025
6.51739	864.945	864.946
6.52933	864.866	864.866
6.54127	864.785	864.785
6.5532	864.704	864.704
6.56514	864.622	864.623
6.57708	864.54	864.54
6.58901	864.457	864.458
6.60095	864.374	864.374
6.61289	864.29	864.29
6.62482	864.205	864.205
6.63676	864.12	864.12
6.6487	864.034	864.034
6.66063	863.947	863.948
6.67257	863.86	863.86
6.68451	863.772	863.773
6.69644	863.684	863.684
6.70838	863.595	863.595
6.72032	863.505	863.505
6.73225	863.415	863.415
6.74419	863.324	863.324
6.75613	863.232	863.232
6.76806	863.14	863.14
6.78	863.047	863.047
6.79194	862.953	862.953
6.80387	862.859	862.859
6.81581	862.764	862.764
6.82775	862.669	862.669
6.83968	862.572	862.573
6.85162	862.475	862.476
6.86356	862.378	862.378
6.87549	862.28	862.28
6.88743	862.181	862.181
6.89937	862.081	862.081
6.9113	861.981	861.981
6.92324	861.88	861.88
6.93518	861.778	861.779
6.94711	861.676	861.676
6.95905	861.573	861.573
6.97099	861.47	861.47
6.98292	861.365	861.366
6.99486	861.26	861.26
7.0068	861.155	861.155
7.01873	861.048	861.048
7.03067	860.941	860.941
7.04261	860.833	860.833
7.05454	860.725	860.725
7.06648	860.615	860.616
7.07842	860.505	860.506
7.09035	860.395	860.395
7.10229	860.283	860.284
7.11423	860.171	860.172
7.12616	860.059	860.059
7.1381	859.945	859.945
7.15004	859.831	859.831
7.16197	859.716	859.716
7.17391	859.6	859.601
7.18585	859.484	859.484
7.19778	859.367	859.367
7.20972	859.249	859.249
7.22166	859.13	859.131
7.23359	859.011	859.011
7.24553	858.891	858.891
7.25747	858.77	858.77
7.2694	858.648	858.649
7.28134	858.526	858.526
7.29328	858.403	858.403
7.30521	858.279	858.28
7.31715	858.155	858.155
7.32909	858.03	858.03
7.34102	857.904	857.904
7.35296	857.777	857.777
7.36489	857.649	857.649
7.37683	857.521	857.521
7.38877	857.392	857.392
7.4007	857.262	857.262
7.41264	857.131	857.132
7.42458	857	857
7.43651	856.868	856.868
7.44845	856.735	856.735
7.46039	856.601	856.602
7.47232	856.467	856.467
7.48426	856.332	856.332
7.4962	856.196	856.196
7.50813	856.059	856.059
7.52007	855.921	855.922
7.53201	855.783	855.783
7.54394	855.644	855.644
7.55588	855.504	855.504
7.56782	855.363	855.364
7.57975	855.222	855.222
7.59169	855.08	855.08
7.60363	854.936	854.937
7.61556	854.793	854.793
7.6275	854.648	854.648
7.63944	854.503	854.503
7.65137	854.356	854.357
7.66331	854.209	854.21
7.67525	854.061	854.062
7.68718	853.913	853.913
7.69912	853.763	853.764
7.71106	853.613	853.613
7.72299	853.462	853.462
7.73493	853.31	853.31
7.74687	853.157	853.158
7.7588	853.004	853.004
7.77074	852.85	852.85
7.78268	852.695	852.695
7.79461	852.539	852.539
7.80655	852.382	852.382
7.81849	852.224	852.225
7.83042	852.066	852.066
7.84236	851.907	851.907
7.8543	851.747	851.747
7.86623	851.586	851.586
7.87817	851.424	851.424
7.89011	851.262	851.262
7.90204	851.098	851.099
7.91398	850.934	850.935
7.92592	850.769	850.77
7.93785	850.603	850.604
7.94979	850.437	850.437
7.96173	850.269	850.27
7.97366	850.101	850.101
7.9856	849.932	849.932
7.99754	849.762	849.762
8.00947	849.591	849.592
8.02141	849.42	849.42
8.03335	849.247	849.248
8.04528	849.074	849.074
8.05722	848.9	848.9
8.06916	848.725	848.725
8.08109	848.549	848.549
8.09303	848.372	848.373
8.10497	848.195	848.195
8.1169	848.017	848.017
8.12884	847.837	847.838
8.14078	847.657	847.658
8.15271	847.476	847.477
8.16465	847.295	847.295
8.17659	847.112	847.113
8.18852	846.929	846.929
8.20046	846.745	846.745
8.2124	846.559	846.56
8.22433	846.374	846.374
8.23627	846.187	846.187
8.2482	845.999	845.999
8.26014	845.811	845.811
8.27208	845.621	845.622
8.28401	845.431	845.431
8.29595	845.24	845.24
8.30789	845.048	845.049
8.31982	844.855	844.856
8.33176	844.662	844.662
8.3437	844.467	844.468
8.35563	844.272	844.272
8.36757	844.076	844.076
8.37951	843.879	843.879
8.39144	843.681	843.681
8.40338	843.482	843.483
8.41532	843.283	843.283
8.42725	843.083	843.083
8.43919	842.881	842.882
8.45113	842.679	842.679
8.46306	842.476	842.476
8.475	842.272	842.273
8.48694	842.068	842.068
8.49887	841.862	841.862
8.51081	841.656	841.656
8.52275	841.449	841.449
8.53468	841.24	841.241
8.54662	841.031	841.032
8.55856	840.822	840.822
8.57049	840.611	840.611
8.58243	840.399	840.4
8.59437	840.187	840.187
8.6063	839.974	839.974
8.61824	839.76	839.76
8.63018	839.545	839.545
8.64211	839.329	839.329
8.65405	839.112	839.113
8.66599	838.895	838.895
8.67792	838.677	838.677
8.68986	838.457	838.458
8.7018	838.237	838.238
8.71373	838.017	838.017
8.72567	837.795	837.795
8.73761	837.572	837.572
8.74954	837.349	837.349
8.76148	837.124	837.125
8.77342	836.899	836.9
8.78535	836.673	836.674
8.79729	836.446	836.447
8.80923	836.219	836.219
8.82116	835.99	835.991
8.8331	835.761	835.761
8.84504	835.531	835.531
8.85697	835.3	835.3
8.86891	835.068	835.068
8.88085	834.835	834.835
8.89278	834.601	834.602
8.90472	834.367	834.367
8.91666	834.132	834.132
8.92859	833.895	833.896
8.94053	833.658	833.659
8.95247	833.421	833.421
8.9644	833.182	833.182
8.97634	832.942	832.943
8.98828	832.702	832.702
9.00021	832.461	832.461
9.01215	832.219	832.219
9.02409	831.976	831.976
9.03602	831.732	831.733
9.04796	831.488	831.488
9.0599	831.243	831.243
9.07183	830.996	830.997
9.08377	830.749	830.75
9.0957	830.502	830.502
9.10764	830.253	830.253
9.11958	830.004	830.004
9.13151	829.753	829.753
9.14345	829.502	829.502
9.15539	829.25	829.25
9.16732	828.997	828.998
9.17926	828.744	828.744
9.1912	828.489	828.49
9.20313	828.234	828.234
9.21507	827.978	827.978
9.22701	827.721	827.721
9.23894	827.464	827.464
9.25088	827.205	827.205
9.26282	826.946	826.946
9.27475	826.686	826.686
9.28669	826.425	826.425
9.29863	826.163	826.163
9.31056	825.9	825.901
9.3225	825.637	825.637
9.33444	825.373	825.373
9.34637	825.108	825.108
9.35831	824.842	824.843
9.37025	824.576	824.576
9.38218	824.308	824.309
9.39412	824.04	824.04
9.40606	823.771	823.772
9.41799	823.502	823.502
9.42993	823.231	823.231
9.44187	822.96	822.96
9.4538	822.688	822.688
9.46574	822.415	822.415
9.47768	822.141	822.141
9.48961	821.867	821.867
9.50155	821.591	821.592
9.51349	821.315	821.316
9.52542	821.039	821.039
9.53736	820.761	820.761
9.5493	820.483	820.483
9.56123	820.204	820.204
9.57317	819.924	819.924
9.58511	819.643	819.643
9.59704	819.362	819.362
9.60898	819.079	819.08
9.62092	818.796	818.797
9.63285	818.513	818.513
9.64479	818.228	818.229
9.65673	817.943	817.943
9.66866	817.657	817.657
9.6806	817.37	817.371
9.69254	817.083	817.083
9.70447	816.795	816.795
9.71641	816.506	816.506
9.72835	816.216	816.216
9.74028	815.925	815.926
9.75222	815.634	815.635
9.76416	815.342	815.343
9.77609	815.05	815.05
9.78803	814.756	814.756
9.79997	814.462	814.462
9.8119	814.167	814.167
9.82384	813.872	813.872
9.83578	813.575	813.575
9.84771	813.278	813.278
9.85965	812.98	812.981
9.87159	812.682	812.682
9.88352	812.383	812.383
9.89546	812.083	812.083
9.9074	811.782	811.782
9.91933	811.481	811.481
9.93127	811.179	811.179
9.94321	810.876	810.876
9.95514	810.572	810.573
9.96708	810.268	810.268
9.97901	809.963	809.964
9.99095	809.658	809.658
10.0029	809.352	809.352
10.0148	809.045	809.045
10.0268	808.737	808.737
10.0387	808.429	808.429
10.0506	808.12	808.12
10.0626	807.81	807.81
10.0745	807.499	807.5
10.0864	807.188	807.189
10.0984	806.877	806.877
10.1103	806.564	806.564
10.1223	806.251	806.251
10.1342	805.937	805.938
10.1461	805.623	805.623
10.1581	805.308	805.308
10.17	804.992	804.992
10.1819	804.676	804.676
10.1939	804.359	804.359
10.2058	804.041	804.041
10.2177	803.723	803.723
10.2297	803.404	803.404
10.2416	803.084	803.084
10.2536	802.764	802.764
10.2655	802.443	802.443
10.2774	802.121	802.122
10.2894	801.799	801.799
10.3013	801.476	801.477
10.3132	801.153	801.153
10.3252	800.829	800.829
10.3371	800.504	800.504
10.3491	800.179	800.179
10.361	799.853	799.853
10.3729	799.526	799.527
10.3849	799.199	799.2
10.3968	798.872	798.872
10.4087	798.543	798.543
10.4207	798.214	798.214
10.4326	797.885	797.885
10.4445	797.555	797.555
10.4565	797.224	797.224
10.4684	796.892	796.893
10.4804	796.56	796.561
10.4923	796.228	796.228
10.5042	795.895	795.895
10.5162	795.561	795.561
10.5281	795.227	795.227
10.54	794.892	794.892
10.552	794.557	794.557
10.5639	794.221	794.221
10.5758	793.884	793.884
10.5878	793.547	793.547
10.5997	793.209	793.209
10.6117	792.871	792.871
10.6236	792.532	792.532
10.6355	792.193	792.193
10.6475	791.853	791.853
10.6594	791.512	791.513
10.6713	791.171	791.172
10.6833	790.83	790.83
10.6952	790.488	790.488
10.7071	790.145	790.145
10.7191	789.802	789.802
10.731	789.458	789.458
10.743	789.114	789.114
10.7549	788.769	788.77
10.7668	788.424	788.424
10.7788	788.078	788.078
10.7907	787.732	787.732
10.8026	787.385	787.385
10.8146	787.038	787.038
10.8265	786.69	786.69
10.8385	786.342	786.342
10.8504	785.993	785.993
10.8623	785.644	785.644
10.8743	785.294	785.294
10.8862	784.944	784.944
10.8981	784.593	784.593
10.9101	784.241	784.242
10.922	783.89	783.89
10.9339	783.537	783.538
10.9459	783.185	783.185
10.9578	782.832	782.832
10.9698	782.478	782.478
10.9817	782.124	782.124
10.9936	781.769	781.769
11.0056	781.414	781.414
11.0175	781.059	781.059
11.0294	780.703	780.703
11.0414	780.346	780.346
11.0533	779.989	779.989
11.0652	779.632	779.632
11.0772	779.274	779.274
11.0891	778.916	778.916
11.1011	778.557	778.557
11.113	778.198	778.198
11.1249	777.839	777.839
11.1369	777.479	777.479
11.1488	777.118	777.118
11.1607	776.757	776.758
11.1727	776.396	776.396
11.1846	776.035	776.035
11.1966	775.673	775.673
11.2085	775.31	775.31
11.2204	774.947	774.947
11.2324	774.584	774.584
11.2443	774.22	774.22
11.2562	773.856	773.856
11.2682	773.492	773.492
11.2801	773.127	773.127
11.292	772.761	772.761
11.304	772.396	772.396
11.3159	772.03	772.03
11.3279	771.663	771.663
11.3398	771.296	771.296
11.3517	770.929	770.929
11.3637	770.562	770.562
11.3756	770.194	770.194
11.3875	769.825	769.825
11.3995	769.457	769.457
11.4114	769.088	769.088
11.4233	768.718	768.718
11.4353	768.348	768.348
11.4472	767.978	767.978
11.4592	767.608	767.608
11.4711	767.237	767.237
11.483	766.866	766.866
11.495	766.494	766.494
11.5069	766.122	766.122
11.5188	765.75	765.75
11.5308	765.378	765.378
11.5427	765.005	765.005
11.5546	764.632	764.632
11.5666	764.258	764.258
11.5785	763.884	763.884
11.5905	763.51	763.51
11.6024	763.136	763.136
11.6143	762.761	762.761
11.6263	762.386	762.386
11.6382	762.01	762.01
11.6501	761.634	761.635
11.6621	761.258	761.258
11.674	760.882	760.882
11.686	760.505	760.506
11.6979	760.129	760.129
11.7098	759.751	759.751
11.7218	759.374	759.374
11.7337	758.996	758.996
11.7456	758.618	758.618
11.7576	758.239	758.24
11.7695	757.861	757.861
11.7814	757.482	757.482
11.7934	757.103	757.103
11.8053	756.723	756.723
11.8173	756.343	756.344
11.8292	755.963	755.964
11.8411	755.583	755.583
11.8531	755.203	755.203
11.865	754.822	754.822
11.8769	754.441	754.441
11.8889	754.059	754.06
11.9008	753.678	753.678
11.9127	753.296	753.296
11.9247	752.914	752.914
11.9366	752.532	752.532
11.9486	752.149	752.149
11.9605	751.766	751.766
11.9724	751.383	751.383
11.9844	751	751
11.9963	750.617	750.617
12.0082	750.233	750.233
12.0202	749.849	749.849
12.0321	749.465	749.465
12.0441	749.08	749.081
12.056	748.696	748.696
12.0679	748.311	748.311
12.0799	747.926	747.926
12.0918	747.541	747.541
12.1037	747.155	747.155
12.1157	746.77	746.77
12.1276	746.384	746.384
12.1395	745.998	745.998
12.1515	745.612	745.612
12.1634	745.225	745.225
12.1754	744.838	744.838
12.1873	744.452	744.452
12.1992	744.065	744.065
12.2112	743.677	743.677
12.2231	743.29	743.29
12.235	742.902	742.902
12.247	742.515	742.515
12.2589	742.127	742.127
12.2708	741.739	741.739
12.2828	741.35	741.35
12.2947	740.962	740.962
12.3067	740.573	740.573
12.3186	740.184	740.184
12.3305	739.795	739.795
12.3425	739.406	739.406
12.3544	739.017	739.017
12.3663	738.627	738.628
12.3783	738.238	738.238
12.3902	737.848	737.848
12.4021	737.458	737.458
12.4141	737.068	737.068
12.426	736.678	736.678
12.438	736.288	736.288
12.4499	735.897	735.897
12.4618	735.506	735.506
12.4738	735.116	735.116
12.4857	734.725	734.725
12.4976	734.334	734.334
12.5096	733.943	733.943
12.5215	733.551	733.551
12.5335	733.16	733.16
12.5454	732.768	732.768
12.5573	732.377	732.377
12.5693	731.985	731.985
12.5812	731.593	731.593
12.5931	731.201	731.201
12.6051	730.809	730.809
12.617	730.416	730.416
12.6289	730.024	730.024
12.6409	729.631	729.631
12.6528	729.239	729.239
12.6648	728.846	728.846
12.6767	728.453	728.453
12.6886	728.06	728.06
12.7006	727.667	727.667
12.7125	727.274	727.274
12.7244	726.881	726.881
12.7364	726.487	726.487
12.7483	726.094	726.094
12.7602	725.7	725.7
12.7722	725.307	725.307
12.7841	724.913	724.913
12.7961	724.519	724.519
12.808	724.125	724.125
12.8199	723.731	723.731
12.8319	723.337	723.337
12.8438	722.943	722.943
12.8557	722.549	722.549
12.8677	722.155	722.155
12.8796	721.76	721.76
12.8916	721.366	721.366
12.9035	720.971	720.971
12.9154	720.577	720.577
12.9274	720.182	720.182
12.9393	719.788	719.788
12.9512	719.393	719.393
12.9632	718.998	718.998
12.9751	718.603	718.603
12.987	718.208	718.208
12.999	717.813	717.813
13.0109	717.418	717.418
13.0229	717.023	717.023
13.0348	716.627	716.627
13.0467	716.232	716.232
13.0587	715.837	715.837
13.0706	715.442	715.441
13.0825	715.046	715.046
13.0945	714.651	714.651
13.1064	714.255	714.255
13.1183	713.86	713.86
13.1303	713.464	713.464
13.1422	713.068	713.068
13.1542	712.673	712.673
13.1661	712.277	712.277
13.178	711.881	711.881
13.19	711.485	711.485
13.2019	711.089	711.089
13.2138	710.694	710.694
13.2258	710.298	710.298
13.2377	709.902	709.902
13.2496	709.506	709.506
13.2616	709.11	709.11
13.2735	708.714	708.714
13.2855	708.318	708.318
13.2974	707.921	707.921
13.3093	707.525	707.525
13.3213	707.129	707.129
13.3332	706.733	706.733
13.3451	706.337	706.337
13.3571	705.941	705.941
13.369	705.544	705.544
13.381	705.148	705.148
13.3929	704.752	704.752
13.4048	704.356	704.356
13.4168	703.959	703.959
13.4287	703.563	703.563
13.4406	703.167	703.167
13.4526	702.77	702.77
13.4645	702.374	702.374
13.4764	701.978	701.978
13.4884	701.581	701.581
13.5003	701.185	701.185
13.5123	700.788	700.788
13.5242	700.392	700.392
13.5361	699.996	699.996
13.5481	699.599	699.599
13.56	699.203	699.203
13.5719	698.806	698.806
13.5839	698.41	698.41
13.5958	698.014	698.014
13.6077	697.617	697.617
13.6197	697.221	697.221
13.6316	696.824	696.824
13.6436	696.428	696.428
13.6555	696.032	696.032
13.6674	695.635	695.635
13.6794	695.239	695.239
13.6913	694.842	694.842
13.7032	694.446	694.446
13.7152	694.05	694.05
13.7271	693.653	693.653
13.7391	693.257	693.257
13.751	692.861	692.861
13.7629	692.464	692.464
13.7749	692.068	692.068
13.7868	691.672	691.672
13.7987	691.275	691.275
13.8107	690.879	690.879
13.8226	690.483	690.483
13.8345	690.087	690.087
13.8465	689.69	689.69
13.8584	689.294	689.294
13.8704	688.898	688.898
13.8823	688.502	688.502
13.8942	688.106	688.106
13.9062	687.709	687.709
13.9181	687.313	687.313
13.93	686.917	686.917
13.942	686.521	686.521
13.9539	686.125	686.125
13.9658	685.729	685.729
13.9778	685.333	685.333
13.9897	684.937	684.937
14.0017	684.541	684.541
14.0136	684.145	684.145
14.0255	683.749	683.749
14.0375	683.353	683.353
14.0494	682.957	682.957
14.0613	682.562	682.562
14.0733	682.166	682.166
14.0852	681.77	681.77
14.0971	681.374	681.374
14.1091	680.978	680.978
14.121	680.583	680.583
14.133	680.187	680.187
14.1449	679.791	679.791
14.1568	679.396	679.396
14.1688	679	679
14.1807	678.605	678.605
14.1926	678.209	678.209
14.2046	677.814	677.813
14.2165	677.418	677.418
14.2285	677.023	677.023
14.2404	676.627	676.627
14.2523	676.232	676.232
14.2643	675.837	675.836
14.2762	675.441	675.441
14.2881	675.046	675.046
14.3001	674.651	674.651
14.312	674.255	674.255
14.3239	673.86	673.86
14.3359	673.465	673.465
14.3478	673.07	673.07
14.3598	672.675	672.675
14.3717	672.28	672.28
14.3836	671.885	671.885
14.3956	671.49	671.49
14.4075	671.095	671.095
14.4194	670.7	670.7
14.4314	670.305	670.305
14.4433	669.911	669.91
14.4552	669.516	669.516
14.4672	669.121	669.121
14.4791	668.726	668.726
14.4911	668.332	668.332
14.503	667.937	667.937
14.5149	667.542	667.542
14.5269	667.148	667.148
14.5388	666.753	666.753
14.5507	666.359	666.359
14.5627	665.964	665.964
14.5746	665.57	665.57
14.5866	665.176	665.176
14.5985	664.781	664.781
14.6104	664.387	664.387
14.6224	663.993	663.993
14.6343	663.599	663.599
14.6462	663.205	663.204
14.6582	662.81	662.81
14.6701	662.416	662.416
14.682	662.022	662.022
14.694	661.628	661.628
14.7059	661.234	661.234
14.7179	660.84	660.84
14.7298	660.446	660.446
14.7417	660.053	660.053
14.7537	659.659	659.659
14.7656	659.265	659.265
14.7775	658.871	658.871
14.7895	658.478	658.478
14.8014	658.084	658.084
14.8133	657.69	657.69
14.8253	657.297	657.297
14.8372	656.903	656.903
14.8492	656.51	656.51
14.8611	656.116	656.116
14.873	655.723	655.723
14.885	655.33	655.33
14.8969	654.936	654.936
14.9088	654.543	654.543
14.9208	654.15	654.15
14.9327	653.757	653.757
14.9446	653.364	653.363
14.9566	652.97	652.97
14.9685	652.577	652.577
14.9805	652.184	652.184
14.9924	651.791	651.791
15.0043	651.398	651.398
15.0163	651.005	651.005
15.0282	650.613	650.613
15.0401	650.22	650.22
15.0521	649.827	649.827
15.064	649.434	649.434
15.076	649.041	649.041
15.0879	648.649	648.649
15.0998	648.256	648.256
15.1118	647.864	647.864
15.1237	647.471	647.471
15.1356	647.078	647.078
15.1476	646.686	646.686
15.1595	646.294	646.294
15.1714	645.901	645.901
15.1834	645.509	645.509
15.1953	645.116	645.116
15.2073	644.724	644.724
15.2192	644.332	644.332
15.2311	643.94	643.94
15.2431	643.548	643.547
15.255	643.155	643.155
15.2669	642.763	642.763
15.2789	642.371	642.371
15.2908	641.979	641.979
15.3027	641.587	641.587
15.3147	641.195	641.195
15.3266	640.803	640.803
15.3386	640.412	640.411
15.3505	640.02	640.02
15.3624	639.628	639.628
15.3744	639.236	639.236
15.3863	638.844	638.844
15.3982	638.453	638.453
15.4102	638.061	638.061
15.4221	637.669	637.669
15.4341	637.278	637.278
15.446	636.886	636.886
15.4579	636.495	636.495
15.4699	636.103	636.103
15.4818	635.712	635.712
15.4937	635.32	635.32
15.5057	634.929	634.929
15.5176	634.538	634.538
15.5295	634.146	634.146
15.5415	633.755	633.755
15.5534	633.364	633.364
15.5654	632.973	632.973
15.5773	632.582	632.581
15.5892	632.19	632.19
15.6012	631.799	631.799
15.6131	631.408	631.408
15.625	631.017	631.017
15.637	630.626	630.626
15.6489	630.235	630.235
15.6608	629.844	629.844
15.6728	629.453	629.453
15.6847	629.062	629.062
15.6967	628.672	628.672
15.7086	628.281	628.281
15.7205	627.89	627.89
15.7325	627.499	627.499
15.7444	627.109	627.108
15.7563	626.718	626.718
15.7683	626.327	626.327
15.7802	625.937	625.936
15.7921	625.546	625.546
15.8041	625.155	625.155
15.816	624.765	624.765
15.828	624.374	624.374
15.8399	623.984	623.984
15.8518	623.593	623.593
15.8638	623.203	623.203
15.8757	622.813	622.812
15.8876	622.422	622.422
15.8996	622.032	622.032
15.9115	621.641	621.641
15.9235	621.251	621.251
15.9354	620.861	620.861
15.9473	620.471	620.471
15.9593	620.08	620.08
15.9712	619.69	619.69
15.9831	619.3	619.3
15.9951	618.91	618.91
16.007	618.52	618.52
16.0189	618.13	618.13
16.0309	617.74	617.74
16.0428	617.35	617.35
16.0548	616.96	616.96
16.0667	616.57	616.57
16.0786	616.18	616.18
16.0906	615.79	615.79
16.1025	615.4	615.4
16.1144	615.01	615.01
16.1264	614.62	614.62
16.1383	614.23	614.23
16.1502	613.841	613.84
16.1622	613.451	613.451
16.1741	613.061	613.061
16.1861	612.671	612.671
16.198	612.281	612.281
16.2099	611.892	611.892
16.2219	611.502	611.502
16.2338	611.112	611.112
16.2457	610.723	610.723
16.2577	610.333	610.333
16.2696	609.944	609.944
16.2816	609.554	609.554
16.2935	609.164	609.164
16.3054	608.775	608.775
16.3174	608.385	608.385
16.3293	607.996	607.996
16.3412	607.606	607.606
16.3532	607.217	607.217
16.3651	606.828	606.828
16.377	606.438	606.438
16.389	606.049	606.049
16.4009	605.659	605.659
16.4129	605.27	605.27
16.4248	604.881	604.881
16.4367	604.491	604.491
16.4487	604.102	604.102
16.4606	603.713	603.713
16.4725	603.324	603.324
16.4845	602.934	602.934
16.4964	602.545	602.545
16.5083	602.156	602.156
16.5203	601.767	601.767
16.5322	601.378	601.378
16.5442	600.988	600.988
16.5561	600.599	600.599
16.568	600.21	600.21
16.58	599.821	599.821
16.5919	599.432	599.432
16.6038	599.043	599.043
16.6158	598.654	598.654
16.6277	598.265	598.265
16.6396	597.876	597.876
16.6516	597.487	597.487
16.6635	597.098	597.098
16.6755	596.709	596.709
16.6874	596.32	596.32
16.6993	595.931	595.931
16.7113	595.542	595.542
16.7232	595.153	595.153
16.7351	594.764	594.764
16.7471	594.375	594.375
16.759	593.986	593.986
16.771	593.598	593.597
16.7829	593.209	593.209
16.7948	592.82	592.82
16.8068	592.431	592.431
16.8187	592.042	592.042
16.8306	591.653	591.653
16.8426	591.265	591.265
16.8545	590.876	590.876
16.8664	590.487	590.487
16.8784	590.098	590.098
16.8903	589.71	589.71
16.9023	589.321	589.321
16.9142	588.932	588.932
16.9261	588.544	588.544
16.9381	588.155	588.155
16.95	587.766	587.766
16.9619	587.378	587.378
16.9739	586.989	586.989
16.9858	586.6	586.6
16.9977	586.212	586.212
17.0097	585.823	585.823
17.0216	585.435	585.435
17.0336	585.046	585.046
17.0455	584.658	584.657
17.0574	584.269	584.269
17.0694	583.88	583.88
17.0813	583.492	583.492
17.0932	583.103	583.103
17.1052	582.715	582.715
17.1171	582.326	582.326
17.1291	581.938	581.938
17.141	581.549	581.549
17.1529	581.161	581.161
17.1649	580.773	580.773
17.1768	580.384	580.384
17.1887	579.996	579.996
17.2007	579.607	579.607
17.2126	579.219	579.219
17.2245	578.831	578.831
17.2365	578.442	578.442
17.2484	578.054	578.054
17.2604	577.666	577.666
17.2723	577.277	577.277
17.2842	576.889	576.889
17.2962	576.501	576.501
17.3081	576.112	576.112
17.32	575.724	575.724
17.332	575.336	575.336
17.3439	574.947	574.947
17.3558	574.559	574.559
17.3678	574.171	574.171
17.3797	573.783	573.783
17.3917	573.395	573.395
17.4036	573.006	573.006
17.4155	572.618	572.618
17.4275	572.23	572.23
17.4394	571.842	571.842
17.4513	571.454	571.454
17.4633	571.066	571.065
17.4752	570.677	570.677
17.4871	570.289	570.289
17.4991	569.901	569.901
17.511	569.513	569.513
17.523	569.125	569.125
17.5349	568.737	568.737
17.5468	568.349	568.349
17.5588	567.961	567.961
17.5707	567.573	567.573
17.5826	567.185	567.185
17.5946	566.797	566.797
17.6065	566.409	566.409
17.6185	566.021	566.021
17.6304	565.633	565.633
17.6423	565.245	565.245
17.6543	564.857	564.857
17.6662	564.469	564.469
17.6781	564.081	564.081
17.6901	563.693	563.693
17.702	563.305	563.305
17.7139	562.917	562.917
17.7259	562.53	562.53
17.7378	562.142	562.142
17.7498	561.754	561.754
17.7617	561.366	561.366
17.7736	560.978	560.978
17.7856	560.591	560.59
17.7975	560.203	560.203
17.8094	559.815	559.815
17.8214	559.427	559.427
17.8333	559.04	559.039
17.8452	558.652	558.652
17.8572	558.264	558.264
17.8691	557.876	557.876
17.8811	557.489	557.489
17.893	557.101	557.101
17.9049	556.713	556.713
17.9169	556.326	556.326
17.9288	555.938	555.938
17.9407	555.551	555.551
17.9527	555.163	555.163
17.9646	554.776	554.776
17.9766	554.388	554.388
17.9885	554.001	554
18.0004	553.613	553.613
18.0124	553.226	553.226
18.0243	552.838	552.838
18.0362	552.451	552.451
18.0482	552.063	552.063
18.0601	551.676	551.676
18.072	551.288	551.288
18.084	550.901	550.901
18.0959	550.514	550.514
18.1079	550.126	550.126
18.1198	549.739	549.739
18.1317	549.352	549.352
18.1437	548.965	548.965
18.1556	548.577	548.577
18.1675	548.19	548.19
18.1795	547.803	547.803
18.1914	547.416	547.416
18.2033	547.029	547.028
18.2153	546.641	546.641
18.2272	546.254	546.254
18.2392	545.867	545.867
18.2511	545.48	545.48
18.263	545.093	545.093
18.275	544.706	544.706
18.2869	544.319	544.319
18.2988	543.932	543.932
18.3108	543.545	543.545
18.3227	543.158	543.158
18.3346	542.771	542.771
18.3466	542.384	542.384
18.3585	541.998	541.998
18.3705	541.611	541.611
18.3824	541.224	541.224
18.3943	540.837	540.837
18.4063	540.45	540.45
18.4182	540.064	540.064
18.4301	539.677	539.677
18.4421	539.29	539.29
18.454	538.904	538.904
18.466	538.517	538.517
18.4779	538.131	538.131
18.4898	537.744	537.744
18.5018	537.358	537.358
18.5137	536.971	536.971
18.5256	536.585	536.585
18.5376	536.198	536.198
18.5495	535.812	535.812
18.5614	535.426	535.425
18.5734	535.039	535.039
18.5853	534.653	534.653
18.5973	534.267	534.267
18.6092	533.88	533.88
18.6211	533.494	533.494
18.6331	533.108	533.108
18.645	532.722	532.722
18.6569	532.336	532.336
18.6689	531.95	531.95
18.6808	531.564	531.564
18.6927	531.178	531.178
18.7047	530.792	530.792
18.7166	530.406	530.406
18.7286	530.02	530.02
18.7405	529.634	529.634
18.7524	529.249	529.248
18.7644	528.863	528.863
18.7763	528.477	528.477
18.7882	528.091	528.091
18.8002	527.706	527.706
18.8121	527.32	527.32
18.8241	526.935	526.935
18.836	526.549	526.549
18.8479	526.164	526.164
18.8599	525.778	525.778
18.8718	525.393	525.393
18.8837	525.008	525.007
18.8957	524.622	524.622
18.9076	524.237	524.237
18.9195	523.852	523.852
18.9315	523.467	523.467
18.9434	523.082	523.082
18.9554	522.697	522.696
18.9673	522.311	522.311
18.9792	521.927	521.926
18.9912	521.542	521.542
19.0031	521.157	521.157
19.015	520.772	520.772
19.027	520.387	520.387
19.0389	520.002	520.002
19.0508	519.618	519.618
19.0628	519.233	519.233
19.0747	518.849	518.849
19.0867	518.464	518.464
19.0986	518.08	518.08
19.1105	517.695	517.695
19.1225	517.311	517.311
19.1344	516.927	516.927
19.1463	516.542	516.542
19.1583	516.158	516.158
19.1702	515.774	515.774
19.1821	515.39	515.39
19.1941	515.006	515.006
19.206	514.622	514.622
19.218	514.238	514.238
19.2299	513.854	513.854
19.2418	513.471	513.471
19.2538	513.087	513.087
19.2657	512.703	512.703
19.2776	512.32	512.32
19.2896	511.936	511.936
19.3015	511.553	511.553
19.3135	511.169	511.169
19.3254	510.786	510.786
19.3373	510.403	510.403
19.3493	510.02	510.02
19.3612	509.637	509.636
19.3731	509.253	509.253
19.3851	508.87	508.87
19.397	508.488	508.487
19.4089	508.105	508.105
19.4209	507.722	507.722
19.4328	507.339	507.339
19.4448	506.957	506.957
19.4567	506.574	506.574
19.4686	506.192	506.191
19.4806	505.809	505.809
19.4925	505.427	505.427
19.5044	505.045	505.044
19.5164	504.662	504.662
19.5283	504.28	504.28
19.5402	503.898	503.898
19.5522	503.516	503.516
19.5641	503.134	503.134
19.5761	502.753	502.752
19.588	502.371	502.371
19.5999	501.989	501.989
19.6119	501.608	501.608
19.6238	501.226	501.226
19.6357	500.845	500.845
19.6477	500.463	500.463
19.6596	500.082	500.082
19.6716	499.701	499.701
19.6835	499.32	499.32
19.6954	498.939	498.939
19.7074	498.558	498.558
19.7193	498.177	498.177
19.7312	497.797	497.797
19.7432	497.416	497.416
19.7551	497.036	497.036
19.767	496.655	496.655
19.779	496.275	496.275
19.7909	495.895	495.895
19.8029	495.514	495.514
19.8148	495.134	495.134
19.8267	494.754	494.754
19.8387	494.375	494.375
19.8506	493.995	493.995
19.8625	493.615	493.615
19.8745	493.236	493.236
19.8864	492.856	492.856
19.8983	492.477	492.477
19.9103	492.098	492.097
19.9222	491.718	491.718
19.9342	491.339	491.339
19.9461	490.96	490.96
19.958	490.581	490.581
19.97	490.203	490.203
19.9819	489.824	489.824
19.9938	489.446	489.445
20.0058	489.067	489.067
20.0177	488.689	488.689
20.0296	488.311	488.311
20.0416	487.933	487.932
20.0535	487.555	487.554
20.0655	487.177	487.177
20.0774	486.799	486.799
20.0893	486.421	486.421
20.1013	486.044	486.044
20.1132	485.666	485.666
20.1251	485.289	485.289
20.1371	484.912	484.912
20.149	484.535	484.535
20.161	484.158	484.158
20.1729	483.781	483.781
20.1848	483.404	483.404
20.1968	483.028	483.028
20.2087	482.651	482.651
20.2206	482.275	482.275
20.2326	481.899	481.899
20.2445	481.523	481.523
20.2564	481.147	481.147
20.2684	480.771	480.771
20.2803	480.395	480.395
20.2923	480.02	480.02
20.3042	479.644	479.644
20.3161	479.269	479.269
20.3281	478.894	478.894
20.34	478.519	478.519
20.3519	478.144	478.144
20.3639	477.769	477.769
20.3758	477.394	477.394
20.3877	477.02	477.02
20.3997	476.646	476.645
20.4116	476.271	476.271
20.4236	475.897	475.897
20.4355	475.523	475.523
20.4474	475.15	475.149
20.4594	474.776	474.776
20.4713	474.402	474.402
20.4832	474.029	474.029
20.4952	473.656	473.656
20.5071	473.283	473.283
20.5191	472.91	472.91
20.531	472.537	472.537
20.5429	472.164	472.164
20.5549	471.792	471.792
20.5668	471.42	471.42
20.5787	471.047	471.047
20.5907	470.675	470.675
20.6026	470.304	470.304
20.6145	469.932	469.932
20.6265	469.56	469.56
20.6384	469.189	469.189
20.6504	468.818	468.818
20.6623	468.447	468.447
20.6742	468.076	468.076
20.6862	467.705	467.705
20.6981	467.334	467.334
20.71	466.964	466.964
20.722	466.594	466.594
20.7339	466.224	466.224
20.7458	465.854	465.854
20.7578	465.484	465.484
20.7697	465.115	465.114
20.7817	464.745	464.745
20.7936	464.376	464.376
20.8055	464.007	464.007
20.8175	463.638	463.638
20.8294	463.269	463.269
20.8413	462.901	462.901
20.8533	462.532	462.532
20.8652	462.164	462.164
20.8771	461.796	461.796
20.8891	461.428	461.428
20.901	461.061	461.061
20.913	460.693	460.693
20.9249	460.326	460.326
20.9368	459.959	459.959
20.9488	459.592	459.592
20.9607	459.225	459.225
20.9726	458.859	458.859
20.9846	458.493	458.492
20.9965	458.126	458.126
21.0085	457.761	457.76
21.0204	457.395	457.395
21.0323	457.029	457.029
21.0443	456.664	456.664
21.0562	456.299	456.299
21.0681	455.934	455.934
21.0801	455.569	455.569
21.092	455.204	455.204
21.1039	454.84	454.84
21.1159	454.476	454.476
21.1278	454.112	454.112
21.1398	453.748	453.748
21.1517	453.385	453.384
21.1636	453.021	453.021
21.1756	452.658	452.658
21.1875	452.295	452.295
21.1994	451.932	451.932
21.2114	451.57	451.57
21.2233	451.208	451.208
21.2352	450.846	450.845
21.2472	450.484	450.484
21.2591	450.122	450.122
21.2711	449.761	449.761
21.283	449.399	449.399
21.2949	449.038	449.038
21.3069	448.678	448.678
21.3188	448.317	448.317
21.3307	447.957	447.957
21.3427	447.597	447.597
21.3546	447.237	447.237
21.3666	446.877	446.877
21.3785	446.518	446.518
21.3904	446.159	446.158
21.4024	445.8	445.799
21.4143	445.441	445.441
21.4262	445.082	445.082
21.4382	444.724	444.724
21.4501	444.366	444.366
21.462	444.008	444.008
21.474	443.651	443.651
21.4859	443.293	443.293
21.4979	442.936	442.936
21.5098	442.579	442.579
21.5217	442.223	442.223
21.5337	441.867	441.866
21.5456	441.51	441.51
21.5575	441.155	441.154
21.5695	440.799	440.799
21.5814	440.444	440.443
21.5933	440.088	440.088
21.6053	439.734	439.733
21.6172	439.379	439.379
21.6292	439.025	439.024
21.6411	438.671	438.67
21.653	438.317	438.317
21.665	437.963	437.963
21.6769	437.61	437.61
21.6888	437.257	437.257
21.7008	436.904	436.904
21.7127	436.551	436.551
21.7246	436.199	436.199
21.7366	435.847	435.847
21.7485	435.495	435.495
21.7605	435.144	435.144
21.7724	434.792	434.792
21.7843	434.442	434.441
21.7963	434.091	434.091
21.8082	433.74	433.74
21.8201	433.39	433.39
21.8321	433.04	433.04
21.844	432.691	432.691
21.856	432.342	432.341
21.8679	431.992	431.992
21.8798	431.644	431.644
21.8918	431.295	431.295
21.9037	430.947	430.947
21.9156	430.599	430.599
21.9276	430.251	430.251
21.9395	429.904	429.904
21.9514	429.557	429.557
21.9634	429.21	429.21
21.9753	428.864	428.864
21.9873	428.518	428.518
21.9992	428.172	428.172
22.0111	427.826	427.826
22.0231	427.481	427.481
22.035	427.136	427.136
22.0469	426.791	426.791
22.0589	426.447	426.447
22.0708	426.103	426.102
22.0827	425.759	425.759
22.0947	425.415	425.415
22.1066	425.072	425.072
22.1186	424.729	424.729
22.1305	424.386	424.386
22.1424	424.044	424.044
22.1544	423.702	423.702
22.1663	423.36	423.36
22.1782	423.019	423.019
22.1902	422.678	422.678
22.2021	422.337	422.337
22.2141	421.997	421.997
22.226	421.657	421.657
22.2379	421.317	421.317
22.2499	420.977	420.977
22.2618	420.638	420.638
22.2737	420.299	420.299
22.2857	419.961	419.961
22.2976	419.623	419.623
22.3095	419.285	419.285
22.3215	418.947	418.947
22.3334	418.61	418.61
22.3454	418.273	418.273
22.3573	417.937	417.936
22.3692	417.6	417.6
22.3812	417.264	417.264
22.3931	416.929	416.929
22.405	416.594	416.594
22.417	416.259	416.259
22.4289	415.924	415.924
22.4408	415.59	415.59
22.4528	415.256	415.256
22.4647	414.923	414.922
22.4767	414.589	414.589
22.4886	414.257	414.256
22.5005	413.924	413.924
22.5125	413.592	413.592
22.5244	413.26	413.26
22.5363	412.929	412.928
22.5483	412.597	412.597
22.5602	412.267	412.266
22.5721	411.936	411.936
22.5841	411.606	411.606
22.596	411.276	411.276
22.608	410.947	410.947
22.6199	410.618	410.618
22.6318	410.289	410.289
22.6438	409.961	409.961
22.6557	409.633	409.633
22.6676	409.306	409.305
22.6796	408.978	408.978
22.6915	408.652	408.651
22.7035	408.325	408.325
22.7154	407.999	407.999
22.7273	407.673	407.673
22.7393	407.348	407.348
22.7512	407.023	407.023
22.7631	406.698	406.698
22.7751	406.374	406.374
22.787	406.05	406.05
22.7989	405.727	405.726
22.8109	405.404	405.403
22.8228	405.081	405.081
22.8348	404.758	404.758
22.8467	404.436	404.436
22.8586	404.115	404.115
22.8706	403.794	403.793
22.8825	403.473	403.473
22.8944	403.152	403.152
22.9064	402.832	402.832
22.9183	402.513	402.512
22.9302	402.193	402.193
22.9422	401.874	401.874
22.9541	401.556	401.556
22.9661	401.238	401.237
22.978	400.92	400.92
22.9899	400.603	400.602
23.0019	400.286	400.285
23.0138	399.969	399.969
23.0257	399.653	399.653
23.0377	399.337	399.337
23.0496	399.022	399.022
23.0616	398.707	398.707
23.0735	398.392	398.392
23.0854	398.078	398.078
23.0974	397.765	397.764
23.1093	397.451	397.451
23.1212	397.138	397.138
23.1332	396.826	396.826
23.1451	396.514	396.513
23.157	396.202	396.202
23.169	395.891	395.89
23.1809	395.58	395.58
23.1929	395.269	395.269
23.2048	394.959	394.959
23.2167	394.65	394.65
23.2287	394.341	394.34
23.2406	394.032	394.032
23.2525	393.723	393.723
23.2645	393.415	393.415
23.2764	393.108	393.108
23.2883	392.801	392.801
23.3003	392.494	392.494
23.3122	392.188	392.188
23.3242	391.882	391.882
23.3361	391.577	391.577
23.348	391.272	391.272
23.36	390.967	390.967
23.3719	390.663	390.663
23.3838	390.359	390.359
23.3958	390.056	390.056
23.4077	389.753	389.753
23.4196	389.451	389.451
23.4316	389.149	389.149
23.4435	388.848	388.847
23.4555	388.547	388.546
23.4674	388.246	388.246
23.4793	387.946	387.946
23.4913	387.646	387.646
23.5032	387.347	387.347
23.5151	387.048	387.048
23.5271	386.75	386.749
23.539	386.452	386.451
23.551	386.154	386.154
23.5629	385.857	385.857
23.5748	385.561	385.56
23.5868	385.265	385.264
23.5987	384.969	384.969
23.6106	384.674	384.674
23.6226	384.38	384.38
23.6345	384.086	384.086
23.6464	383.794	383.793
23.6584	383.502	383.502
23.6703	383.212	383.212
23.6823	382.924	382.923
23.6942	382.639	382.638
23.7061	382.357	382.355
23.7181	382.079	382.077
23.73	381.807	381.804
23.7419	381.543	381.539
23.7539	381.288	381.283
23.7658	381.044	381.039
23.7777	380.815	380.808
23.7897	380.603	380.595
23.8016	380.41	380.402
23.8136	380.241	380.231
23.8255	380.098	380.087
23.8374	379.984	379.972
23.8494	379.9	379.888
23.8613	379.849	379.836
23.8732	379.832	379.819
