0	873	873
0.0119366	873	873
0.0238732	873	873
0.0358099	873	873
0.0477465	873	873
0.0596831	873	873
0.0716197	873	873
0.0835563	873	873
0.095493	873	873
0.10743	873	873
0.119366	873	873
0.131303	873	873
0.143239	873	873
0.155176	873	873
0.167113	873	873
0.179049	873	873
0.190986	873	873
0.202923	873	873
0.214859	873	873
0.226796	873	873
0.238732	873	873
0.250669	873	873
0.262606	873	873
0.274542	873	873
0.286479	873	873
0.298416	873	873
0.310352	873	873
0.322289	873	873
0.334225	873	873
0.346162	873	873
0.358099	873	873
0.370035	873	873
0.381972	873	872.999
0.393908	873	872.999
0.405845	873	872.999
0.417782	873	872.999
0.429718	873	872.999
0.441655	873	872.999
0.453592	873	872.999
0.465528	873	872.999
0.477465	873	872.999
0.489401	873	872.999
0.501338	873	872.999
0.513275	873	872.999
0.525211	873	872.999
0.537148	873	872.999
0.549085	873	872.999
0.561021	873	872.999
0.572958	873	872.999
0.584894	873	872.999
0.596831	873	872.999
0.608768	873	872.999
0.620704	873	872.998
0.632641	873	872.998
0.644578	873	872.998
0.656514	873	872.998
0.668451	873	872.998
0.680387	873	872.998
0.692324	873	872.998
0.704261	873	872.998
0.716197	873	872.998
0.728134	873	872.998
0.74007	873	872.998
0.752007	872.999	872.997
0.763944	872.999	872.997
0.77588	872.999	872.997
0.787817	872.999	872.997
0.799754	872.999	872.997
0.81169	872.999	872.997
0.823627	872.999	872.997
0.835563	872.999	872.997
0.8475	872.999	872.996
0.859437	872.999	872.996
0.871373	872.999	872.996
0.88331	872.999	872.996
0.895247	872.999	872.996
0.907183	872.999	872.996
0.91912	872.999	872.996
0.931056	872.999	872.995
0.942993	872.999	872.995
0.95493	872.999	872.995
0.966866	872.999	872.995
0.978803	872.999	872.995
0.99074	872.999	872.994
1.00268	872.999	872.994
1.01461	872.999	872.994
1.02655	872.998	872.994
1.03849	872.998	872.993
1.05042	872.998	872.993
1.06236	872.998	872.993
1.0743	872.998	872.993
1.08623	872.998	872.992
1.09817	872.998	872.992
1.11011	872.998	872.992
1.12204	872.998	872.991
1.13398	872.998	872.991
1.14592	872.998	872.991
1.15785	872.998	872.991
1.16979	872.998	872.99
1.18173	872.997	872.99
1.19366	872.997	872.989
1.2056	872.997	872.989
1.21754	872.997	872.989
1.22947	872.997	872.988
1.24141	872.997	872.988
1.25335	872.997	872.988
1.26528	872.997	872.987
1.27722	872.996	872.987
1.28916	872.996	872.986
1.30109	872.996	872.986
1.31303	872.996	872.985
1.32496	872.996	872.985
1.3369	872.996	872.984
1.34884	872.996	872.984
1.36077	872.995	872.983
1.37271	872.995	872.983
1.38465	872.995	872.982
1.39658	872.995	872.982
1.40852	872.995	872.981
1.42046	872.994	872.98
1.43239	872.994	872.98
1.44433	872.994	872.979
1.45627	872.994	872.978
1.4682	872.994	872.978
1.48014	872.993	872.977
1.49208	872.993	872.976
1.50401	872.993	872.976
1.51595	872.993	872.975
1.52789	872.992	872.974
1.53982	872.992	872.973
1.55176	872.992	872.973
1.5637	872.992	872.972
1.57563	872.991	872.971
1.58757	872.991	872.97
1.59951	872.991	872.969
1.61144	872.99	872.968
1.62338	872.99	872.967
1.63532	872.99	872.966
1.64725	872.99	872.965
1.65919	872.989	872.964
1.67113	872.989	872.963
1.68306	872.988	872.962
1.695	872.988	872.961
1.70694	872.988	872.96
1.71887	872.987	872.959
1.73081	872.987	872.958
1.74275	872.986	872.957
1.75468	872.986	872.955
1.76662	872.986	872.954
1.77856	872.985	872.953
1.79049	872.985	872.952
1.80243	872.984	872.95
1.81437	872.984	872.949
1.8263	872.983	872.948
1.83824	872.983	872.946
1.85018	872.982	872.945
1.86211	872.982	872.943
1.87405	872.981	872.942
1.88599	872.981	872.94
1.89792	872.98	872.939
1.90986	872.979	872.937
1.9218	872.979	872.935
1.93373	872.978	872.934
1.94567	872.977	872.932
1.95761	872.977	872.93
1.96954	872.976	872.928
1.98148	872.975	872.927
1.99342	872.975	872.925
2.00535	872.974	872.923
2.01729	872.973	872.921
2.02923	872.973	872.919
2.04116	872.972	872.917
2.0531	872.971	872.915
2.06504	872.97	872.913
2.07697	872.969	872.91
2.08891	872.968	872.908
2.10085	872.968	872.906
2.11278	872.967	872.904
2.12472	872.966	872.901
2.13666	872.965	872.899
2.14859	872.964	872.896
2.16053	872.963	872.894
2.17246	872.962	872.891
2.1844	872.961	872.889
2.19634	872.96	872.886
2.20827	872.959	872.883
2.22021	872.958	872.881
2.23215	872.956	872.878
2.24408	872.955	872.875
2.25602	872.954	872.872
2.26796	872.953	872.869
2.27989	872.952	872.866
2.29183	872.95	872.863
2.30377	872.949	872.86
2.3157	872.948	872.856
2.32764	872.946	872.853
2.33958	872.945	872.85
2.35151	872.944	872.846
2.36345	872.942	872.843
2.37539	872.941	872.839
2.38732	872.939	872.836
2.39926	872.938	872.832
2.4112	872.936	872.828
2.42313	872.934	872.824
2.43507	872.933	872.82
2.44701	872.931	872.816
2.45894	872.929	872.812
2.47088	872.928	872.808
2.48282	872.926	872.804
2.49475	872.924	872.8
2.50669	872.922	872.795
2.51863	872.92	872.791
2.53056	872.918	872.786
2.5425	872.917	872.782
2.55444	872.914	872.777
2.56637	872.912	872.772
2.57831	872.91	872.767
2.59025	872.908	872.763
2.60218	872.906	872.758
2.61412	872.904	872.752
2.62606	872.902	872.747
2.63799	872.899	872.742
2.64993	872.897	872.737
2.66187	872.894	872.731
2.6738	872.892	872.725
2.68574	872.89	872.72
2.69768	872.887	872.714
2.70961	872.884	872.708
2.72155	872.882	872.702
2.73349	872.879	872.696
2.74542	872.876	872.69
2.75736	872.873	872.684
2.7693	872.871	872.677
2.78123	872.868	872.671
2.79317	872.865	872.664
2.80511	872.862	872.658
2.81704	872.859	872.651
2.82898	872.855	872.644
2.84092	872.852	872.637
2.85285	872.849	872.63
2.86479	872.846	872.622
2.87673	872.842	872.615
2.88866	872.839	872.607
2.9006	872.835	872.6
2.91254	872.832	872.592
2.92447	872.828	872.584
2.93641	872.824	872.576
2.94835	872.821	872.568
2.96028	872.817	872.56
2.97222	872.813	872.551
2.98416	872.809	872.543
2.99609	872.805	872.534
3.00803	872.801	872.525
3.01997	872.797	872.516
3.0319	872.792	872.507
3.04384	872.788	872.498
3.05577	872.783	872.489
3.06771	872.779	872.479
3.07965	872.774	872.469
3.09158	872.77	872.46
3.10352	872.765	872.45
3.11546	872.76	872.44
3.12739	872.755	872.429
3.13933	872.75	872.419
3.15127	872.745	872.408
3.1632	872.74	872.398
3.17514	872.735	872.387
3.18708	872.729	872.376
3.19901	872.724	872.364
3.21095	872.718	872.353
3.22289	872.713	872.341
3.23482	872.707	872.33
3.24676	872.701	872.318
3.2587	872.695	872.306
3.27063	872.689	872.293
3.28257	872.683	872.281
3.29451	872.677	872.268
3.30644	872.671	872.256
3.31838	872.664	872.243
3.33032	872.658	872.229
3.34225	872.651	872.216
3.35419	872.644	872.203
3.36613	872.638	872.189
3.37806	872.631	872.175
3.39	872.624	872.161
3.40194	872.616	872.147
3.41387	872.609	872.132
3.42581	872.602	872.117
3.43775	872.594	872.102
3.44968	872.587	872.087
3.46162	872.579	872.072
3.47356	872.571	872.056
3.48549	872.563	872.041
3.49743	872.555	872.025
3.50937	872.547	872.008
3.5213	872.538	871.992
3.53324	872.53	871.975
3.54518	872.521	871.958
3.55711	872.512	871.941
3.56905	872.503	871.924
3.58099	872.494	871.907
3.59292	872.485	871.889
3.60486	872.476	871.871
3.6168	872.466	871.852
3.62873	872.457	871.834
3.64067	872.447	871.815
3.65261	872.437	871.796
3.66454	872.427	871.777
3.67648	872.417	871.758
3.68842	872.406	871.738
3.70035	872.396	871.718
3.71229	872.385	871.698
3.72423	872.374	871.677
3.73616	872.364	871.656
3.7481	872.352	871.635
3.76004	872.341	871.614
3.77197	872.33	871.592
3.78391	872.318	871.571
3.79585	872.306	871.548
3.80778	872.294	871.526
3.81972	872.282	871.503
3.83166	872.27	871.48
3.84359	872.257	871.457
3.85553	872.245	871.434
3.86747	872.232	871.41
3.8794	872.219	871.386
3.89134	872.206	871.361
3.90327	872.192	871.337
3.91521	872.179	871.312
3.92715	872.165	871.286
3.93908	872.151	871.261
3.95102	872.137	871.235
3.96296	872.123	871.208
3.97489	872.108	871.182
3.98683	872.093	871.155
3.99877	872.079	871.128
4.0107	872.063	871.1
4.02264	872.048	871.073
4.03458	872.033	871.044
4.04651	872.017	871.016
4.05845	872.001	870.987
4.07039	871.985	870.958
4.08232	871.968	870.928
4.09426	871.952	870.899
4.1062	871.935	870.868
4.11813	871.918	870.838
4.13007	871.901	870.807
4.14201	871.883	870.776
4.15394	871.865	870.744
4.16588	871.848	870.712
4.17782	871.829	870.68
4.18975	871.811	870.647
4.20169	871.792	870.614
4.21363	871.773	870.581
4.22556	871.754	870.547
4.2375	871.735	870.513
4.24944	871.715	870.478
4.26137	871.695	870.443
4.27331	871.675	870.408
4.28525	871.655	870.372
4.29718	871.634	870.336
4.30912	871.613	870.3
4.32106	871.592	870.263
4.33299	871.571	870.226
4.34493	871.549	870.188
4.35687	871.527	870.15
4.3688	871.505	870.112
4.38074	871.483	870.073
4.39268	871.46	870.033
4.40461	871.437	869.994
4.41655	871.413	869.953
4.42849	871.39	869.913
4.44042	871.366	869.872
4.45236	871.342	869.83
4.4643	871.317	869.789
4.47623	871.293	869.746
4.48817	871.267	869.704
4.50011	871.242	869.66
4.51204	871.216	869.617
4.52398	871.19	869.573
4.53592	871.164	869.528
4.54785	871.138	869.483
4.55979	871.111	869.438
4.57173	871.084	869.392
4.58366	871.056	869.346
4.5956	871.028	869.299
4.60754	871	869.251
4.61947	870.972	869.204
4.63141	870.943	869.155
4.64335	870.914	869.107
4.65528	870.884	869.057
4.66722	870.854	869.008
4.67916	870.824	868.958
4.69109	870.794	868.907
4.70303	870.763	868.856
4.71497	870.732	868.804
4.7269	870.7	868.752
4.73884	870.668	868.699
4.75078	870.636	868.646
4.76271	870.603	868.592
4.77465	870.571	868.538
4.78658	870.537	868.484
4.79852	870.504	868.428
4.81046	870.469	868.373
4.82239	870.435	868.316
4.83433	870.4	868.259
4.84627	870.365	868.202
4.8582	870.33	868.144
4.87014	870.294	868.086
4.88208	870.257	868.027
4.89401	870.221	867.967
4.90595	870.183	867.907
4.91789	870.146	867.847
4.92982	870.108	867.785
4.94176	870.07	867.724
4.9537	870.031	867.661
4.96563	869.992	867.599
4.97757	869.952	867.535
4.98951	869.912	867.471
5.00144	869.872	867.407
5.01338	869.831	867.341
5.02532	869.79	867.276
5.03725	869.749	867.209
5.04919	869.707	867.142
5.06113	869.664	867.075
5.07306	869.621	867.007
5.085	869.578	866.938
5.09694	869.534	866.869
5.10887	869.49	866.799
5.12081	869.445	866.729
5.13275	869.4	866.658
5.14468	869.354	866.586
5.15662	869.308	866.513
5.16856	869.262	866.441
5.18049	869.215	866.367
5.19243	869.168	866.293
5.20437	869.12	866.218
5.2163	869.071	866.143
5.22824	869.023	866.066
5.24018	868.973	865.99
5.25211	868.924	865.912
5.26405	868.873	865.834
5.27599	868.823	865.756
5.28792	868.771	865.676
5.29986	868.72	865.596
5.3118	868.667	865.516
5.32373	868.615	865.435
5.33567	868.561	865.353
5.34761	868.508	865.27
5.35954	868.453	865.187
5.37148	868.399	865.103
5.38342	868.344	865.018
5.39535	868.288	864.933
5.40729	868.231	864.847
5.41923	868.175	864.76
5.43116	868.117	864.673
5.4431	868.059	864.585
5.45504	868.001	864.496
5.46697	867.942	864.407
5.47891	867.883	864.317
5.49085	867.823	864.226
5.50278	867.762	864.134
5.51472	867.701	864.042
5.52666	867.639	863.949
5.53859	867.577	863.856
5.55053	867.514	863.761
5.56247	867.451	863.666
5.5744	867.387	863.57
5.58634	867.323	863.474
5.59828	867.258	863.377
5.61021	867.192	863.279
5.62215	867.126	863.18
5.63408	867.059	863.081
5.64602	866.992	862.98
5.65796	866.924	862.879
5.66989	866.855	862.778
5.68183	866.786	862.675
5.69377	866.717	862.572
5.7057	866.646	862.468
5.71764	866.576	862.364
5.72958	866.504	862.258
5.74151	866.432	862.152
5.75345	866.359	862.045
5.76539	866.286	861.937
5.77732	866.212	861.829
5.78926	866.137	861.719
5.8012	866.062	861.609
5.81313	865.986	861.499
5.82507	865.91	861.387
5.83701	865.833	861.275
5.84894	865.755	861.162
5.86088	865.677	861.048
5.87282	865.598	860.933
5.88475	865.518	860.817
5.89669	865.438	860.701
5.90863	865.357	860.584
5.92056	865.276	860.466
5.9325	865.193	860.347
5.94444	865.11	860.228
5.95637	865.027	860.107
5.96831	864.943	859.986
5.98025	864.858	859.864
5.99218	864.772	859.741
6.00412	864.686	859.618
6.01606	864.599	859.493
6.02799	864.512	859.368
6.03993	864.423	859.242
6.05187	864.334	859.115
6.0638	864.245	858.988
6.07574	864.154	858.859
6.08768	864.063	858.73
6.09961	863.972	858.6
6.11155	863.879	858.468
6.12349	863.786	858.337
6.13542	863.692	858.204
6.14736	863.598	858.07
6.1593	863.502	857.936
6.17123	863.407	857.801
6.18317	863.31	857.665
6.19511	863.212	857.528
6.20704	863.114	857.39
6.21898	863.015	857.251
6.23092	862.916	857.112
6.24285	862.816	856.971
6.25479	862.715	856.83
6.26673	862.613	856.688
6.27866	862.51	856.545
6.2906	862.407	856.401
6.30254	862.303	856.256
6.31447	862.198	856.111
6.32641	862.093	855.964
6.33835	861.986	855.817
6.35028	861.879	855.669
6.36222	861.772	855.52
6.37416	861.663	855.37
6.38609	861.554	855.219
6.39803	861.444	855.067
6.40997	861.333	854.915
6.4219	861.221	854.761
6.43384	861.109	854.607
6.44578	860.996	854.451
6.45771	860.882	854.295
6.46965	860.767	854.138
6.48159	860.652	853.98
6.49352	860.535	853.821
6.50546	860.418	853.662
6.51739	860.3	853.501
6.52933	860.182	853.339
6.54127	860.062	853.177
6.5532	859.942	853.014
6.56514	859.821	852.849
6.57708	859.699	852.684
6.58901	859.576	852.518
6.60095	859.453	852.351
6.61289	859.329	852.183
6.62482	859.204	852.015
6.63676	859.078	851.845
6.6487	858.951	851.674
6.66063	858.823	851.503
6.67257	858.695	851.33
6.68451	858.566	851.157
6.69644	858.436	850.983
6.70838	858.305	850.807
6.72032	858.173	850.631
6.73225	858.041	850.454
6.74419	857.907	850.276
6.75613	857.773	850.097
6.76806	857.638	849.918
6.78	857.502	849.737
6.79194	857.365	849.555
6.80387	857.228	849.373
6.81581	857.089	849.189
6.82775	856.95	849.005
6.83968	856.81	848.819
6.85162	856.669	848.633
6.86356	856.527	848.446
6.87549	856.385	848.258
6.88743	856.241	848.069
6.89937	856.097	847.879
6.9113	855.951	847.688
6.92324	855.805	847.496
6.93518	855.658	847.303
6.94711	855.51	847.109
6.95905	855.362	846.915
6.97099	855.212	846.719
6.98292	855.062	846.522
6.99486	854.91	846.325
7.0068	854.758	846.127
7.01873	854.605	845.927
7.03067	854.451	845.727
7.04261	854.296	845.526
7.05454	854.14	845.324
7.06648	853.984	845.12
7.07842	853.826	844.916
7.09035	853.668	844.711
7.10229	853.508	844.506
7.11423	853.348	844.299
7.12616	853.187	844.091
7.1381	853.025	843.882
7.15004	852.862	843.673
7.16197	852.698	843.462
7.17391	852.534	843.25
7.18585	852.368	843.038
7.19778	852.202	842.825
7.20972	852.034	842.61
7.22166	851.866	842.395
7.23359	851.697	842.179
7.24553	851.527	841.962
7.25747	851.356	841.744
7.2694	851.184	841.525
7.28134	851.011	841.305
7.29328	850.837	841.084
7.30521	850.663	840.862
7.31715	850.487	840.639
7.32909	850.311	840.416
7.34102	850.133	840.191
7.35296	849.955	839.965
7.36489	849.776	839.739
7.37683	849.596	839.511
7.38877	849.415	839.283
7.4007	849.233	839.054
7.41264	849.05	838.824
7.42458	848.866	838.592
7.43651	848.682	838.36
7.44845	848.496	838.127
7.46039	848.309	837.893
7.47232	848.122	837.659
7.48426	847.934	837.423
7.4962	847.744	837.186
7.50813	847.554	836.949
7.52007	847.363	836.71
7.53201	847.171	836.471
7.54394	846.978	836.23
7.55588	846.784	835.989
7.56782	846.589	835.747
7.57975	846.393	835.503
7.59169	846.196	835.259
7.60363	845.999	835.014
7.61556	845.8	834.769
7.6275	845.601	834.522
7.63944	845.4	834.274
7.65137	845.199	834.025
7.66331	844.996	833.776
7.67525	844.793	833.525
7.68718	844.589	833.274
7.69912	844.384	833.022
7.71106	844.178	832.769
7.72299	843.971	832.514
7.73493	843.763	832.259
7.74687	843.554	832.004
7.7588	843.344	831.747
7.77074	843.134	831.489
7.78268	842.922	831.231
7.79461	842.71	830.971
7.80655	842.496	830.711
7.81849	842.282	830.449
7.83042	842.066	830.187
7.84236	841.85	829.924
7.8543	841.633	829.66
7.86623	841.415	829.396
7.87817	841.196	829.13
7.89011	840.976	828.863
7.90204	840.755	828.596
7.91398	840.533	828.327
7.92592	840.31	828.058
7.93785	840.086	827.788
7.94979	839.862	827.517
7.96173	839.636	827.245
7.97366	839.41	826.973
7.9856	839.182	826.699
7.99754	838.954	826.425
8.00947	838.725	826.149
8.02141	838.494	825.873
8.03335	838.263	825.596
8.04528	838.031	825.318
8.05722	837.798	825.039
8.06916	837.564	824.76
8.08109	837.33	824.479
8.09303	837.094	824.198
8.10497	836.857	823.916
8.1169	836.62	823.633
8.12884	836.381	823.349
8.14078	836.142	823.064
8.15271	835.901	822.779
8.16465	835.66	822.492
8.17659	835.418	822.205
8.18852	835.175	821.917
8.20046	834.931	821.628
8.2124	834.686	821.339
8.22433	834.44	821.048
8.23627	834.194	820.757
8.2482	833.946	820.465
8.26014	833.697	820.172
8.27208	833.448	819.878
8.28401	833.198	819.583
8.29595	832.946	819.288
8.30789	832.694	818.992
8.31982	832.441	818.695
8.33176	832.187	818.397
8.3437	831.933	818.098
8.35563	831.677	817.799
8.36757	831.42	817.498
8.37951	831.163	817.197
8.39144	830.904	816.896
8.40338	830.645	816.593
8.41532	830.385	816.29
8.42725	830.124	815.985
8.43919	829.862	815.68
8.45113	829.599	815.375
8.46306	829.335	815.068
8.475	829.07	814.761
8.48694	828.805	814.453
8.49887	828.538	814.144
8.51081	828.271	813.835
8.52275	828.003	813.524
8.53468	827.734	813.213
8.54662	827.464	812.901
8.55856	827.193	812.589
8.57049	826.922	812.275
8.58243	826.649	811.961
8.59437	826.376	811.646
8.6063	826.102	811.331
8.61824	825.827	811.015
8.63018	825.551	810.698
8.64211	825.274	810.38
8.65405	824.996	810.061
8.66599	824.718	809.742
8.67792	824.438	809.422
8.68986	824.158	809.101
8.7018	823.877	808.78
8.71373	823.595	808.458
8.72567	823.312	808.135
8.73761	823.029	807.812
8.74954	822.744	807.487
8.76148	822.459	807.163
8.77342	822.173	806.837
8.78535	821.886	806.511
8.79729	821.598	806.184
8.80923	821.31	805.856
8.82116	821.02	805.528
8.8331	820.73	805.199
8.84504	820.439	804.869
8.85697	820.147	804.538
8.86891	819.854	804.207
8.88085	819.561	803.876
8.89278	819.266	803.543
8.90472	818.971	803.21
8.91666	818.675	802.876
8.92859	818.379	802.542
8.94053	818.081	802.207
8.95247	817.783	801.871
8.9644	817.484	801.535
8.97634	817.184	801.198
8.98828	816.883	800.86
9.00021	816.581	800.522
9.01215	816.279	800.183
9.02409	815.976	799.844
9.03602	815.672	799.504
9.04796	815.368	799.163
9.0599	815.062	798.822
9.07183	814.756	798.48
9.08377	814.449	798.137
9.0957	814.141	797.794
9.10764	813.833	797.45
9.11958	813.523	797.106
9.13151	813.213	796.761
9.14345	812.903	796.415
9.15539	812.591	796.069
9.16732	812.279	795.722
9.17926	811.966	795.375
9.1912	811.652	795.027
9.20313	811.338	794.678
9.21507	811.022	794.329
9.22701	810.706	793.979
9.23894	810.39	793.629
9.25088	810.072	793.278
9.26282	809.754	792.927
9.27475	809.435	792.575
9.28669	809.115	792.223
9.29863	808.795	791.87
9.31056	808.474	791.516
9.3225	808.152	791.162
9.33444	807.83	790.807
9.34637	807.507	790.452
9.35831	807.183	790.097
9.37025	806.858	789.74
9.38218	806.533	789.384
9.39412	806.207	789.026
9.40606	805.88	788.668
9.41799	805.553	788.31
9.42993	805.225	787.951
9.44187	804.896	787.592
9.4538	804.567	787.232
9.46574	804.237	786.872
9.47768	803.906	786.511
9.48961	803.574	786.15
9.50155	803.242	785.788
9.51349	802.91	785.426
9.52542	802.576	785.063
9.53736	802.242	784.7
9.5493	801.907	784.336
9.56123	801.572	783.972
9.57317	801.236	783.607
9.58511	800.899	783.242
9.59704	800.562	782.876
9.60898	800.224	782.51
9.62092	799.886	782.144
9.63285	799.546	781.777
9.64479	799.207	781.409
9.65673	798.866	781.041
9.66866	798.525	780.673
9.6806	798.183	780.304
9.69254	797.841	779.935
9.70447	797.498	779.566
9.71641	797.155	779.196
9.72835	796.811	778.825
9.74028	796.466	778.454
9.75222	796.121	778.083
9.76416	795.775	777.711
9.77609	795.428	777.339
9.78803	795.081	776.967
9.79997	794.734	776.594
9.8119	794.385	776.221
9.82384	794.037	775.847
9.83578	793.687	775.473
9.84771	793.337	775.098
9.85965	792.987	774.724
9.87159	792.636	774.348
9.88352	792.284	773.973
9.89546	791.932	773.597
9.9074	791.579	773.22
9.91933	791.226	772.844
9.93127	790.872	772.467
9.94321	790.518	772.089
9.95514	790.163	771.711
9.96708	789.807	771.333
9.97901	789.451	770.955
9.99095	789.095	770.576
10.0029	788.738	770.197
10.0148	788.38	769.817
10.0268	788.022	769.437
10.0387	787.664	769.057
10.0506	787.305	768.676
10.0626	786.945	768.296
10.0745	786.585	767.914
10.0864	786.224	767.533
10.0984	785.863	767.151
10.1103	785.502	766.769
10.1223	785.14	766.386
10.1342	784.777	766.004
10.1461	784.414	765.621
10.1581	784.051	765.237
10.17	783.687	764.853
10.1819	783.322	764.47
10.1939	782.957	764.085
10.2058	782.592	763.701
10.2177	782.226	763.316
10.2297	781.86	762.931
10.2416	781.493	762.545
10.2536	781.126	762.16
10.2655	780.758	761.774
10.2774	780.39	761.388
10.2894	780.022	761.001
10.3013	779.653	760.614
10.3132	779.284	760.227
10.3252	778.914	759.84
10.3371	778.544	759.453
10.3491	778.173	759.065
10.361	777.802	758.677
10.3729	777.43	758.289
10.3849	777.058	757.9
10.3968	776.686	757.512
10.4087	776.313	757.123
10.4207	775.94	756.733
10.4326	775.567	756.344
10.4445	775.193	755.954
10.4565	774.819	755.564
10.4684	774.444	755.174
10.4804	774.069	754.784
10.4923	773.693	754.394
10.5042	773.318	754.003
10.5162	772.941	753.612
10.5281	772.565	753.221
10.54	772.188	752.829
10.552	771.811	752.438
10.5639	771.433	752.046
10.5758	771.055	751.654
10.5878	770.677	751.262
10.5997	770.298	750.87
10.6117	769.919	750.477
10.6236	769.54	750.084
10.6355	769.16	749.692
10.6475	768.78	749.299
10.6594	768.399	748.905
10.6713	768.019	748.512
10.6833	767.638	748.118
10.6952	767.256	747.725
10.7071	766.874	747.331
10.7191	766.492	746.937
10.731	766.11	746.542
10.743	765.727	746.148
10.7549	765.344	745.753
10.7668	764.961	745.359
10.7788	764.578	744.964
10.7907	764.194	744.569
10.8026	763.81	744.174
10.8146	763.425	743.779
10.8265	763.04	743.383
10.8385	762.655	742.988
10.8504	762.27	742.592
10.8623	761.885	742.196
10.8743	761.499	741.8
10.8862	761.113	741.404
10.8981	760.726	741.008
10.9101	760.34	740.612
10.922	759.953	740.215
10.9339	759.566	739.819
10.9459	759.178	739.422
10.9578	758.79	739.025
10.9698	758.402	738.628
10.9817	758.014	738.231
10.9936	757.626	737.834
11.0056	757.237	737.437
11.0175	756.848	737.04
11.0294	756.459	736.642
11.0414	756.07	736.245
11.0533	755.68	735.847
11.0652	755.29	735.45
11.0772	754.9	735.052
11.0891	754.51	734.654
11.1011	754.12	734.256
11.113	753.729	733.858
11.1249	753.338	733.46
11.1369	752.947	733.062
11.1488	752.556	732.664
11.1607	752.164	732.265
11.1727	751.772	731.867
11.1846	751.38	731.468
11.1966	750.988	731.07
11.2085	750.596	730.671
11.2204	750.203	730.272
11.2324	749.811	729.874
11.2443	749.418	729.475
11.2562	749.025	729.076
11.2682	748.632	728.677
11.2801	748.238	728.278
11.292	747.845	727.879
11.304	747.451	727.48
11.3159	747.057	727.081
11.3279	746.663	726.682
11.3398	746.269	726.283
11.3517	745.874	725.883
11.3637	745.48	725.484
11.3756	745.085	725.085
11.3875	744.69	724.685
11.3995	744.295	724.286
11.4114	743.9	723.886
11.4233	743.505	723.487
11.4353	743.109	723.087
11.4472	742.714	722.688
11.4592	742.318	722.288
11.4711	741.922	721.888
11.483	741.526	721.489
11.495	741.13	721.089
11.5069	740.734	720.689
11.5188	740.337	720.29
11.5308	739.941	719.89
11.5427	739.544	719.49
11.5546	739.148	719.09
11.5666	738.751	718.691
11.5785	738.354	718.291
11.5905	737.957	717.891
11.6024	737.56	717.491
11.6143	737.162	717.091
11.6263	736.765	716.692
11.6382	736.368	716.292
11.6501	735.97	715.892
11.6621	735.572	715.492
11.674	735.175	715.092
11.686	734.777	714.692
11.6979	734.379	714.292
11.7098	733.981	713.893
11.7218	733.583	713.493
11.7337	733.184	713.093
11.7456	732.786	712.693
11.7576	732.388	712.293
11.7695	731.989	711.893
11.7814	731.591	711.494
11.7934	731.192	711.094
11.8053	730.794	710.694
11.8173	730.395	710.294
11.8292	729.996	709.894
11.8411	729.597	709.495
11.8531	729.198	709.095
11.865	728.799	708.695
11.8769	728.4	708.295
11.8889	728.001	707.896
11.9008	727.602	707.496
11.9127	727.203	707.096
11.9247	726.804	706.697
11.9366	726.404	706.297
11.9486	726.005	705.898
11.9605	725.606	705.498
11.9724	725.206	705.099
11.9844	724.807	704.699
11.9963	724.407	704.3
12.0082	724.008	703.9
12.0202	723.608	703.501
12.0321	723.208	703.101
12.0441	722.809	702.702
12.056	722.409	702.303
12.0679	722.009	701.903
12.0799	721.61	701.504
12.0918	721.21	701.105
12.1037	720.81	700.706
12.1157	720.41	700.307
12.1276	720.01	699.907
12.1395	719.61	699.508
12.1515	719.211	699.109
12.1634	718.811	698.71
12.1754	718.411	698.311
12.1873	718.011	697.912
12.1992	717.611	697.514
12.2112	717.211	697.115
12.2231	716.811	696.716
12.235	716.411	696.317
12.247	716.011	695.918
12.2589	715.611	695.52
12.2708	715.211	695.121
12.2828	714.811	694.723
12.2947	714.411	694.324
12.3067	714.011	693.926
12.3186	713.611	693.527
12.3305	713.211	693.129
12.3425	712.811	692.731
12.3544	712.411	692.332
12.3663	712.011	691.934
12.3783	711.611	691.536
12.3902	711.211	691.138
12.4021	710.811	690.74
12.4141	710.411	690.342
12.426	710.011	689.944
12.438	709.611	689.546
12.4499	709.211	689.148
12.4618	708.811	688.75
12.4738	708.411	688.352
12.4857	708.011	687.955
12.4976	707.612	687.557
12.5096	707.212	687.159
12.5215	706.812	686.762
12.5335	706.412	686.364
12.5454	706.012	685.967
12.5573	705.613	685.57
12.5693	705.213	685.172
12.5812	704.813	684.775
12.5931	704.413	684.378
12.6051	704.014	683.981
12.617	703.614	683.584
12.6289	703.215	683.187
12.6409	702.815	682.79
12.6528	702.416	682.393
12.6648	702.016	681.996
12.6767	701.617	681.599
12.6886	701.217	681.202
12.7006	700.818	680.806
12.7125	700.418	680.409
12.7244	700.019	680.012
12.7364	699.62	679.616
12.7483	699.221	679.219
12.7602	698.821	678.823
12.7722	698.422	678.427
12.7841	698.023	678.031
12.7961	697.624	677.634
12.808	697.225	677.238
12.8199	696.826	676.842
12.8319	696.427	676.446
12.8438	696.028	676.05
12.8557	695.629	675.654
12.8677	695.23	675.258
12.8796	694.832	674.863
12.8916	694.433	674.467
12.9035	694.034	674.071
12.9154	693.636	673.676
12.9274	693.237	673.28
12.9393	692.838	672.885
12.9512	692.44	672.489
12.9632	692.041	672.094
12.9751	691.643	671.699
12.987	691.245	671.304
12.999	690.846	670.908
13.0109	690.448	670.513
13.0229	690.05	670.118
13.0348	689.652	669.723
13.0467	689.254	669.328
13.0587	688.856	668.933
13.0706	688.458	668.539
13.0825	688.06	668.144
13.0945	687.662	667.749
13.1064	687.264	667.355
13.1183	686.866	666.96
13.1303	686.469	666.566
13.1422	686.071	666.171
13.1542	685.673	665.777
13.1661	685.276	665.383
13.178	684.878	664.988
13.19	684.481	664.594
13.2019	684.084	664.2
13.2138	683.686	663.806
13.2258	683.289	663.412
13.2377	682.892	663.018
13.2496	682.495	662.624
13.2616	682.098	662.23
13.2735	681.701	661.836
13.2855	681.304	661.443
13.2974	680.907	661.049
13.3093	680.51	660.656
13.3213	680.113	660.262
13.3332	679.716	659.868
13.3451	679.32	659.475
13.3571	678.923	659.082
13.369	678.527	658.688
13.381	678.13	658.295
13.3929	677.734	657.902
13.4048	677.337	657.509
13.4168	676.941	657.116
13.4287	676.545	656.723
13.4406	676.149	656.33
13.4526	675.753	655.937
13.4645	675.357	655.544
13.4764	674.961	655.151
13.4884	674.565	654.758
13.5003	674.169	654.366
13.5123	673.773	653.973
13.5242	673.377	653.58
13.5361	672.982	653.188
13.5481	672.586	652.795
13.56	672.191	652.403
13.5719	671.795	652.011
13.5839	671.4	651.618
13.5958	671.004	651.226
13.6077	670.609	650.834
13.6197	670.214	650.442
13.6316	669.819	650.05
13.6436	669.424	649.658
13.6555	669.028	649.265
13.6674	668.633	648.874
13.6794	668.239	648.482
13.6913	667.844	648.09
13.7032	667.449	647.698
13.7152	667.054	647.306
13.7271	666.659	646.914
13.7391	666.265	646.523
13.751	665.87	646.131
13.7629	665.476	645.74
13.7749	665.081	645.348
13.7868	664.687	644.957
13.7987	664.293	644.565
13.8107	663.898	644.174
13.8226	663.504	643.782
13.8345	663.11	643.391
13.8465	662.716	643
13.8584	662.322	642.609
13.8704	661.928	642.218
13.8823	661.534	641.826
13.8942	661.14	641.435
13.9062	660.747	641.044
13.9181	660.353	640.653
13.93	659.959	640.262
13.942	659.566	639.872
13.9539	659.172	639.481
13.9658	658.779	639.09
13.9778	658.385	638.699
13.9897	657.992	638.308
14.0017	657.599	637.918
14.0136	657.205	637.527
14.0255	656.812	637.136
14.0375	656.419	636.746
14.0494	656.026	636.355
14.0613	655.633	635.965
14.0733	655.24	635.574
14.0852	654.847	635.184
14.0971	654.454	634.794
14.1091	654.061	634.403
14.121	653.669	634.013
14.133	653.276	633.623
14.1449	652.883	633.232
14.1568	652.491	632.842
14.1688	652.098	632.452
14.1807	651.706	632.062
14.1926	651.313	631.672
14.2046	650.921	631.282
14.2165	650.529	630.892
14.2285	650.136	630.502
14.2404	649.744	630.112
14.2523	649.352	629.722
14.2643	648.96	629.332
14.2762	648.568	628.942
14.2881	648.176	628.552
14.3001	647.784	628.163
14.312	647.392	627.773
14.3239	647	627.383
14.3359	646.609	626.993
14.3478	646.217	626.604
14.3598	645.825	626.214
14.3717	645.433	625.825
14.3836	645.042	625.435
14.3956	644.65	625.045
14.4075	644.259	624.656
14.4194	643.867	624.266
14.4314	643.476	623.877
14.4433	643.085	623.487
14.4552	642.693	623.098
14.4672	642.302	622.709
14.4791	641.911	622.319
14.4911	641.52	621.93
14.503	641.128	621.541
14.5149	640.737	621.151
14.5269	640.346	620.762
14.5388	639.955	620.373
14.5507	639.564	619.984
14.5627	639.173	619.594
14.5746	638.783	619.205
14.5866	638.392	618.816
14.5985	638.001	618.427
14.6104	637.61	618.038
14.6224	637.22	617.649
14.6343	636.829	617.26
14.6462	636.438	616.871
14.6582	636.048	616.482
14.6701	635.657	616.093
14.682	635.267	615.704
14.694	634.876	615.315
14.7059	634.486	614.926
14.7179	634.095	614.537
14.7298	633.705	614.148
14.7417	633.315	613.759
14.7537	632.924	613.37
14.7656	632.534	612.982
14.7775	632.144	612.593
14.7895	631.754	612.204
14.8014	631.364	611.815
14.8133	630.974	611.426
14.8253	630.584	611.038
14.8372	630.194	610.649
14.8492	629.804	610.26
14.8611	629.414	609.871
14.873	629.024	609.483
14.885	628.634	609.094
14.8969	628.244	608.705
14.9088	627.854	608.317
14.9208	627.464	607.928
14.9327	627.075	607.539
14.9446	626.685	607.151
14.9566	626.295	606.762
14.9685	625.906	606.374
14.9805	625.516	605.985
14.9924	625.126	605.596
15.0043	624.737	605.208
15.0163	624.347	604.819
15.0282	623.958	604.431
15.0401	623.568	604.042
15.0521	623.179	603.654
15.064	622.789	603.265
15.076	622.4	602.877
15.0879	622.011	602.488
15.0998	621.621	602.1
15.1118	621.232	601.711
15.1237	620.843	601.323
15.1356	620.453	600.935
15.1476	620.064	600.546
15.1595	619.675	600.158
15.1714	619.286	599.769
15.1834	618.896	599.381
15.1953	618.507	598.992
15.2073	618.118	598.604
15.2192	617.729	598.216
15.2311	617.34	597.827
15.2431	616.951	597.439
15.255	616.562	597.051
15.2669	616.173	596.662
15.2789	615.784	596.274
15.2908	615.395	595.886
15.3027	615.006	595.497
15.3147	614.617	595.109
15.3266	614.228	594.721
15.3386	613.839	594.332
15.3505	613.45	593.944
15.3624	613.062	593.556
15.3744	612.673	593.167
15.3863	612.284	592.779
15.3982	611.895	592.391
15.4102	611.506	592.002
15.4221	611.118	591.614
15.4341	610.729	591.226
15.446	610.34	590.838
15.4579	609.951	590.449
15.4699	609.563	590.061
15.4818	609.174	589.673
15.4937	608.785	589.285
15.5057	608.397	588.896
15.5176	608.008	588.508
15.5295	607.619	588.12
15.5415	607.231	587.732
15.5534	606.842	587.343
15.5654	606.454	586.955
15.5773	606.065	586.567
15.5892	605.676	586.179
15.6012	605.288	585.79
15.6131	604.899	585.402
15.625	604.511	585.014
15.637	604.122	584.626
15.6489	603.734	584.237
15.6608	603.345	583.849
15.6728	602.957	583.461
15.6847	602.568	583.073
15.6967	602.18	582.685
15.7086	601.792	582.296
15.7205	601.403	581.908
15.7325	601.015	581.52
15.7444	600.626	581.132
15.7563	600.238	580.743
15.7683	599.85	580.355
15.7802	599.461	579.967
15.7921	599.073	579.579
15.8041	598.684	579.191
15.816	598.296	578.802
15.828	597.908	578.414
15.8399	597.519	578.026
15.8518	597.131	577.638
15.8638	596.743	577.249
15.8757	596.354	576.861
15.8876	595.966	576.473
15.8996	595.578	576.085
15.9115	595.19	575.697
15.9235	594.801	575.308
15.9354	594.413	574.92
15.9473	594.025	574.532
15.9593	593.636	574.144
15.9712	593.248	573.756
15.9831	592.86	573.367
15.9951	592.472	572.979
16.007	592.083	572.591
16.0189	591.695	572.203
16.0309	591.307	571.815
16.0428	590.919	571.426
16.0548	590.531	571.038
16.0667	590.142	570.65
16.0786	589.754	570.262
16.0906	589.366	569.873
16.1025	588.978	569.485
16.1144	588.589	569.097
16.1264	588.201	568.709
16.1383	587.813	568.321
16.1502	587.425	567.932
16.1622	587.037	567.544
16.1741	586.648	567.156
16.1861	586.26	566.768
16.198	585.872	566.38
16.2099	585.484	565.991
16.2219	585.096	565.603
16.2338	584.708	565.215
16.2457	584.319	564.827
16.2577	583.931	564.439
16.2696	583.543	564.051
16.2816	583.155	563.662
16.2935	582.767	563.274
16.3054	582.379	562.886
16.3174	581.99	562.498
16.3293	581.602	562.11
16.3412	581.214	561.721
16.3532	580.826	561.333
16.3651	580.438	560.945
16.377	580.05	560.557
16.389	579.662	560.169
16.4009	579.273	559.781
16.4129	578.885	559.392
16.4248	578.497	559.004
16.4367	578.109	558.616
16.4487	577.721	558.228
16.4606	577.333	557.84
16.4725	576.945	557.452
16.4845	576.556	557.063
16.4964	576.168	556.675
16.5083	575.78	556.287
16.5203	575.392	555.899
16.5322	575.004	555.511
16.5442	574.616	555.123
16.5561	574.228	554.735
16.568	573.839	554.347
16.58	573.451	553.959
16.5919	573.063	553.57
16.6038	572.675	553.182
16.6158	572.287	552.794
16.6277	571.899	552.406
16.6396	571.511	552.018
16.6516	571.123	551.63
16.6635	570.734	551.242
16.6755	570.346	550.854
16.6874	569.958	550.466
16.6993	569.57	550.078
16.7113	569.182	549.69
16.7232	568.794	549.302
16.7351	568.406	548.914
16.7471	568.018	548.526
16.759	567.63	548.138
16.771	567.241	547.75
16.7829	566.853	547.362
16.7948	566.465	546.974
16.8068	566.077	546.586
16.8187	565.689	546.198
16.8306	565.301	545.81
16.8426	564.913	545.422
16.8545	564.525	545.034
16.8664	564.137	544.646
16.8784	563.748	544.258
16.8903	563.36	543.87
16.9023	562.972	543.483
16.9142	562.584	543.095
16.9261	562.196	542.707
16.9381	561.808	542.319
16.95	561.42	541.931
16.9619	561.032	541.543
16.9739	560.644	541.156
16.9858	560.256	540.768
16.9977	559.868	540.38
17.0097	559.48	539.992
17.0216	559.092	539.605
17.0336	558.704	539.217
17.0455	558.316	538.829
17.0574	557.927	538.441
17.0694	557.539	538.054
17.0813	557.151	537.666
17.0932	556.763	537.279
17.1052	556.375	536.891
17.1171	555.987	536.503
17.1291	555.599	536.116
17.141	555.211	535.728
17.1529	554.823	535.341
17.1649	554.435	534.953
17.1768	554.047	534.566
17.1887	553.659	534.178
17.2007	553.271	533.791
17.2126	552.883	533.403
17.2245	552.495	533.016
17.2365	552.107	532.628
17.2484	551.719	532.241
17.2604	551.332	531.854
17.2723	550.944	531.466
17.2842	550.556	531.079
17.2962	550.168	530.692
17.3081	549.78	530.305
17.32	549.392	529.917
17.332	549.004	529.53
17.3439	548.616	529.143
17.3558	548.228	528.756
17.3678	547.84	528.369
17.3797	547.453	527.982
17.3917	547.065	527.595
17.4036	546.677	527.207
17.4155	546.289	526.82
17.4275	545.901	526.433
17.4394	545.513	526.047
17.4513	545.126	525.66
17.4633	544.738	525.273
17.4752	544.35	524.886
17.4871	543.962	524.499
17.4991	543.575	524.112
17.511	543.187	523.726
17.523	542.799	523.339
17.5349	542.411	522.952
17.5468	542.024	522.565
17.5588	541.636	522.179
17.5707	541.248	521.792
17.5826	540.861	521.406
17.5946	540.473	521.019
17.6065	540.085	520.633
17.6185	539.698	520.246
17.6304	539.31	519.86
17.6423	538.923	519.473
17.6543	538.535	519.087
17.6662	538.148	518.701
17.6781	537.76	518.315
17.6901	537.373	517.928
17.702	536.985	517.542
17.7139	536.598	517.156
17.7259	536.21	516.77
17.7378	535.823	516.384
17.7498	535.435	515.998
17.7617	535.048	515.612
17.7736	534.661	515.226
17.7856	534.273	514.84
17.7975	533.886	514.454
17.8094	533.499	514.069
17.8214	533.111	513.683
17.8333	532.724	513.297
17.8452	532.337	512.912
17.8572	531.95	512.526
17.8691	531.563	512.141
17.8811	531.175	511.755
17.893	530.788	511.37
17.9049	530.401	510.984
17.9169	530.014	510.599
17.9288	529.627	510.214
17.9407	529.24	509.829
17.9527	528.853	509.443
17.9646	528.466	509.058
17.9766	528.079	508.673
17.9885	527.692	508.288
18.0004	527.305	507.903
18.0124	526.919	507.518
18.0243	526.532	507.134
18.0362	526.145	506.749
18.0482	525.758	506.364
18.0601	525.371	505.98
18.072	524.985	505.595
18.084	524.598	505.21
18.0959	524.211	504.826
18.1079	523.825	504.442
18.1198	523.438	504.057
18.1317	523.052	503.673
18.1437	522.665	503.289
18.1556	522.279	502.905
18.1675	521.892	502.521
18.1795	521.506	502.137
18.1914	521.12	501.753
18.2033	520.733	501.369
18.2153	520.347	500.985
18.2272	519.961	500.601
18.2392	519.575	500.218
18.2511	519.188	499.834
18.263	518.802	499.451
18.275	518.416	499.067
18.2869	518.03	498.684
18.2988	517.644	498.301
18.3108	517.258	497.917
18.3227	516.872	497.534
18.3346	516.486	497.151
18.3466	516.101	496.768
18.3585	515.715	496.385
18.3705	515.329	496.003
18.3824	514.943	495.62
18.3943	514.558	495.237
18.4063	514.172	494.855
18.4182	513.787	494.472
18.4301	513.401	494.09
18.4421	513.016	493.708
18.454	512.63	493.325
18.466	512.245	492.943
18.4779	511.86	492.561
18.4898	511.474	492.179
18.5018	511.089	491.797
18.5137	510.704	491.416
18.5256	510.319	491.034
18.5376	509.934	490.652
18.5495	509.549	490.271
18.5614	509.164	489.889
18.5734	508.779	489.508
18.5853	508.394	489.127
18.5973	508.01	488.746
18.6092	507.625	488.365
18.6211	507.24	487.984
18.6331	506.856	487.603
18.645	506.471	487.222
18.6569	506.087	486.841
18.6689	505.702	486.461
18.6808	505.318	486.08
18.6927	504.934	485.7
18.7047	504.55	485.32
18.7166	504.165	484.94
18.7286	503.781	484.56
18.7405	503.397	484.18
18.7524	503.013	483.8
18.7644	502.63	483.42
18.7763	502.246	483.041
18.7882	501.862	482.661
18.8002	501.478	482.282
18.8121	501.095	481.903
18.8241	500.711	481.524
18.836	500.328	481.145
18.8479	499.944	480.766
18.8599	499.561	480.387
18.8718	499.178	480.008
18.8837	498.795	479.63
18.8957	498.412	479.251
18.9076	498.029	478.873
18.9195	497.646	478.495
18.9315	497.263	478.117
18.9434	496.88	477.739
18.9554	496.497	477.361
18.9673	496.115	476.983
18.9792	495.732	476.606
18.9912	495.35	476.228
19.0031	494.968	475.851
19.015	494.585	475.474
19.027	494.203	475.097
19.0389	493.821	474.72
19.0508	493.439	474.343
19.0628	493.057	473.966
19.0747	492.675	473.59
19.0867	492.293	473.213
19.0986	491.912	472.837
19.1105	491.53	472.461
19.1225	491.149	472.085
19.1344	490.767	471.709
19.1463	490.386	471.333
19.1583	490.005	470.958
19.1702	489.624	470.582
19.1821	489.243	470.207
19.1941	488.862	469.832
19.206	488.481	469.457
19.218	488.1	469.082
19.2299	487.719	468.707
19.2418	487.339	468.333
19.2538	486.959	467.958
19.2657	486.578	467.584
19.2776	486.198	467.21
19.2896	485.818	466.836
19.3015	485.438	466.462
19.3135	485.058	466.089
19.3254	484.678	465.715
19.3373	484.298	465.342
19.3493	483.919	464.969
19.3612	483.539	464.596
19.3731	483.16	464.223
19.3851	482.781	463.85
19.397	482.402	463.478
19.4089	482.023	463.105
19.4209	481.644	462.733
19.4328	481.265	462.361
19.4448	480.886	461.989
19.4567	480.508	461.618
19.4686	480.129	461.246
19.4806	479.751	460.875
19.4925	479.373	460.504
19.5044	478.994	460.133
19.5164	478.616	459.762
19.5283	478.239	459.391
19.5402	477.861	459.021
19.5522	477.483	458.65
19.5641	477.106	458.28
19.5761	476.728	457.91
19.588	476.351	457.541
19.5999	475.974	457.171
19.6119	475.597	456.802
19.6238	475.22	456.433
19.6357	474.844	456.064
19.6477	474.467	455.695
19.6596	474.091	455.326
19.6716	473.714	454.958
19.6835	473.338	454.589
19.6954	472.962	454.221
19.7074	472.586	453.854
19.7193	472.21	453.486
19.7312	471.835	453.118
19.7432	471.459	452.751
19.7551	471.084	452.384
19.767	470.709	452.017
19.779	470.334	451.65
19.7909	469.959	451.284
19.8029	469.584	450.918
19.8148	469.209	450.552
19.8267	468.835	450.186
19.8387	468.461	449.82
19.8506	468.086	449.455
19.8625	467.712	449.089
19.8745	467.338	448.724
19.8864	466.965	448.36
19.8983	466.591	447.995
19.9103	466.218	447.631
19.9222	465.845	447.266
19.9342	465.471	446.903
19.9461	465.098	446.539
19.958	464.726	446.175
19.97	464.353	445.812
19.9819	463.981	445.449
19.9938	463.608	445.086
20.0058	463.236	444.723
20.0177	462.864	444.361
20.0296	462.493	443.999
20.0416	462.121	443.637
20.0535	461.749	443.275
20.0655	461.378	442.914
20.0774	461.007	442.552
20.0893	460.636	442.191
20.1013	460.265	441.831
20.1132	459.895	441.47
20.1251	459.524	441.11
20.1371	459.154	440.75
20.149	458.784	440.39
20.161	458.414	440.03
20.1729	458.044	439.671
20.1848	457.675	439.312
20.1968	457.306	438.953
20.2087	456.936	438.594
20.2206	456.567	438.236
20.2326	456.199	437.878
20.2445	455.83	437.52
20.2564	455.462	437.162
20.2684	455.093	436.805
20.2803	454.725	436.448
20.2923	454.358	436.091
20.3042	453.99	435.734
20.3161	453.623	435.378
20.3281	453.255	435.022
20.34	452.888	434.666
20.3519	452.521	434.311
20.3639	452.155	433.955
20.3758	451.788	433.6
20.3877	451.422	433.246
20.3997	451.056	432.891
20.4116	450.69	432.537
20.4236	450.324	432.183
20.4355	449.959	431.829
20.4474	449.594	431.476
20.4594	449.229	431.123
20.4713	448.864	430.77
20.4832	448.499	430.417
20.4952	448.135	430.065
20.5071	447.771	429.713
20.5191	447.407	429.361
20.531	447.043	429.01
20.5429	446.68	428.658
20.5549	446.316	428.308
20.5668	445.953	427.957
20.5787	445.59	427.607
20.5907	445.228	427.257
20.6026	444.865	426.907
20.6145	444.503	426.557
20.6265	444.141	426.208
20.6384	443.78	425.859
20.6504	443.418	425.511
20.6623	443.057	425.163
20.6742	442.696	424.815
20.6862	442.335	424.467
20.6981	441.974	424.12
20.71	441.614	423.772
20.722	441.254	423.426
20.7339	440.894	423.079
20.7458	440.534	422.733
20.7578	440.175	422.387
20.7697	439.816	422.042
20.7817	439.457	421.696
20.7936	439.098	421.352
20.8055	438.74	421.007
20.8175	438.382	420.663
20.8294	438.024	420.319
20.8413	437.666	419.975
20.8533	437.309	419.632
20.8652	436.952	419.289
20.8771	436.595	418.946
20.8891	436.238	418.604
20.901	435.882	418.262
20.913	435.526	417.92
20.9249	435.17	417.578
20.9368	434.814	417.237
20.9488	434.459	416.897
20.9607	434.104	416.556
20.9726	433.749	416.216
20.9846	433.394	415.876
20.9965	433.04	415.537
21.0085	432.686	415.198
21.0204	432.332	414.859
21.0323	431.979	414.521
21.0443	431.626	414.183
21.0562	431.273	413.845
21.0681	430.92	413.508
21.0801	430.568	413.171
21.092	430.215	412.834
21.1039	429.864	412.498
21.1159	429.512	412.162
21.1278	429.161	411.826
21.1398	428.81	411.491
21.1517	428.459	411.156
21.1636	428.109	410.821
21.1756	427.759	410.487
21.1875	427.409	410.153
21.1994	427.059	409.82
21.2114	426.71	409.487
21.2233	426.361	409.154
21.2352	426.012	408.821
21.2472	425.664	408.489
21.2591	425.316	408.158
21.2711	424.968	407.826
21.283	424.62	407.495
21.2949	424.273	407.165
21.3069	423.926	406.835
21.3188	423.58	406.505
21.3307	423.234	406.175
21.3427	422.888	405.846
21.3546	422.542	405.518
21.3666	422.197	405.189
21.3785	421.851	404.861
21.3904	421.507	404.534
21.4024	421.162	404.206
21.4143	420.818	403.88
21.4262	420.474	403.553
21.4382	420.131	403.227
21.4501	419.788	402.901
21.462	419.445	402.576
21.474	419.102	402.251
21.4859	418.76	401.927
21.4979	418.418	401.603
21.5098	418.077	401.279
21.5217	417.736	400.956
21.5337	417.395	400.633
21.5456	417.054	400.31
21.5575	416.714	399.988
21.5695	416.374	399.666
21.5814	416.034	399.345
21.5933	415.695	399.024
21.6053	415.356	398.704
21.6172	415.018	398.383
21.6292	414.679	398.064
21.6411	414.341	397.744
21.653	414.004	397.426
21.665	413.667	397.107
21.6769	413.33	396.789
21.6888	412.993	396.471
21.7008	412.657	396.154
21.7127	412.321	395.837
21.7246	411.986	395.521
21.7366	411.651	395.205
21.7485	411.316	394.889
21.7605	410.981	394.574
21.7724	410.647	394.259
21.7843	410.314	393.945
21.7963	409.98	393.631
21.8082	409.647	393.318
21.8201	409.315	393.005
21.8321	408.982	392.692
21.844	408.651	392.38
21.856	408.319	392.068
21.8679	407.988	391.757
21.8798	407.657	391.446
21.8918	407.326	391.135
21.9037	406.996	390.825
21.9156	406.667	390.516
21.9276	406.337	390.207
21.9395	406.008	389.898
21.9514	405.68	389.59
21.9634	405.352	389.282
21.9753	405.024	388.974
21.9873	404.696	388.667
21.9992	404.369	388.361
22.0111	404.042	388.055
22.0231	403.716	387.749
22.035	403.39	387.444
22.0469	403.065	387.139
22.0589	402.739	386.835
22.0708	402.415	386.531
22.0827	402.09	386.228
22.0947	401.766	385.925
22.1066	401.443	385.623
22.1186	401.119	385.321
22.1305	400.797	385.019
22.1424	400.474	384.718
22.1544	400.152	384.417
22.1663	399.831	384.117
22.1782	399.509	383.818
22.1902	399.189	383.518
22.2021	398.868	383.22
22.2141	398.548	382.921
22.226	398.228	382.624
22.2379	397.909	382.326
22.2499	397.59	382.029
22.2618	397.272	381.733
22.2737	396.954	381.437
22.2857	396.636	381.141
22.2976	396.319	380.846
22.3095	396.002	380.552
22.3215	395.686	380.258
22.3334	395.37	379.964
22.3454	395.055	379.671
22.3573	394.74	379.379
22.3692	394.425	379.086
22.3812	394.111	378.795
22.3931	393.797	378.504
22.405	393.483	378.213
22.417	393.171	377.923
22.4289	392.858	377.633
22.4408	392.546	377.344
22.4528	392.234	377.055
22.4647	391.923	376.767
22.4767	391.612	376.479
22.4886	391.302	376.192
22.5005	390.992	375.905
22.5125	390.682	375.619
22.5244	390.373	375.333
22.5363	390.064	375.048
22.5483	389.756	374.763
22.5602	389.448	374.479
22.5721	389.141	374.195
22.5841	388.834	373.911
22.596	388.528	373.629
22.608	388.222	373.346
22.6199	387.916	373.065
22.6318	387.611	372.783
22.6438	387.306	372.502
22.6557	387.002	372.222
22.6676	386.698	371.942
22.6796	386.395	371.663
22.6915	386.092	371.384
22.7035	385.79	371.106
22.7154	385.488	370.828
22.7273	385.186	370.551
22.7393	384.885	370.274
22.7512	384.585	369.998
22.7631	384.284	369.722
22.7751	383.985	369.447
22.787	383.686	369.173
22.7989	383.387	368.898
22.8109	383.089	368.625
22.8228	382.791	368.352
22.8348	382.493	368.079
22.8467	382.197	367.807
22.8586	381.9	367.535
22.8706	381.604	367.264
22.8825	381.309	366.994
22.8944	381.014	366.724
22.9064	380.719	366.454
22.9183	380.425	366.185
22.9302	380.132	365.917
22.9422	379.838	365.649
22.9541	379.546	365.382
22.9661	379.254	365.115
22.978	378.962	364.849
22.9899	378.671	364.583
23.0019	378.38	364.318
23.0138	378.09	364.053
23.0257	377.8	363.789
23.0377	377.511	363.525
23.0496	377.222	363.262
23.0616	376.934	362.999
23.0735	376.646	362.737
23.0854	376.359	362.476
23.0974	376.072	362.215
23.1093	375.786	361.954
23.1212	375.5	361.694
23.1332	375.215	361.435
23.1451	374.93	361.176
23.157	374.645	360.918
23.169	374.362	360.66
23.1809	374.078	360.403
23.1929	373.795	360.146
23.2048	373.513	359.89
23.2167	373.231	359.635
23.2287	372.95	359.38
23.2406	372.669	359.125
23.2525	372.389	358.871
23.2645	372.109	358.618
23.2764	371.829	358.365
23.2883	371.551	358.113
23.3003	371.272	357.861
23.3122	370.994	357.61
23.3242	370.717	357.359
23.3361	370.44	357.109
23.348	370.164	356.859
23.36	369.888	356.61
23.3719	369.613	356.362
23.3838	369.338	356.114
23.3958	369.064	355.867
23.4077	368.79	355.62
23.4196	368.517	355.374
23.4316	368.244	355.128
23.4435	367.972	354.883
23.4555	367.701	354.638
23.4674	367.429	354.394
23.4793	367.159	354.151
23.4913	366.889	353.908
23.5032	366.619	353.666
23.5151	366.35	353.424
23.5271	366.082	353.183
23.539	365.814	352.942
23.551	365.546	352.702
23.5629	365.279	352.462
23.5748	365.013	352.223
23.5868	364.747	351.985
23.5987	364.482	351.747
23.6106	364.217	351.51
23.6226	363.953	351.273
23.6345	363.689	351.037
23.6464	363.425	350.801
23.6584	363.163	350.566
23.6703	362.901	350.332
23.6823	362.639	350.098
23.6942	362.378	349.865
23.7061	362.117	349.632
23.7181	361.857	349.4
23.73	361.598	349.168
23.7419	361.339	348.938
23.7539	361.08	348.708
23.7658	360.823	348.479
23.7777	360.565	348.251
23.7897	360.309	348.025
23.8016	360.052	347.802
23.8136	359.797	347.585
23.8255	359.542	347.375
23.8374	359.288	347.18
23.8494	359.036	347.01
23.8613	358.789	346.884
23.8732	358.669	346.835
