0	873	784.92
0.0119366	800.755	784.859
0.0238732	784.781	784.778
0.0358099	784.737	784.727
0.0477465	784.674	784.656
0.0596831	784.591	784.566
0.0716197	784.489	784.457
0.0835563	784.369	784.33
0.095493	784.232	784.186
0.10743	784.078	784.026
0.119366	783.908	783.851
0.131303	783.725	783.662
0.143239	783.528	783.459
0.155176	783.318	783.245
0.167113	783.097	783.02
0.179049	782.866	782.785
0.190986	782.626	782.542
0.202923	782.378	782.29
0.214859	782.122	782.031
0.226796	781.86	781.767
0.238732	781.592	781.497
0.250669	781.319	781.222
0.262606	781.042	780.943
0.274542	780.761	780.661
0.286479	780.477	780.375
0.298416	780.19	780.087
0.310352	779.901	779.797
0.322289	779.609	779.505
0.334225	779.316	779.211
0.346162	779.021	778.916
0.358099	778.726	778.619
0.370035	778.428	778.322
0.381972	778.13	778.023
0.393908	777.831	777.724
0.405845	777.532	777.424
0.417782	777.231	777.123
0.429718	776.93	776.822
0.441655	776.629	776.52
0.453592	776.326	776.217
0.465528	776.024	775.914
0.477465	775.72	775.611
0.489401	775.417	775.307
0.501338	775.112	775.003
0.513275	774.808	774.698
0.525211	774.503	774.393
0.537148	774.197	774.087
0.549085	773.891	773.781
0.561021	773.585	773.474
0.572958	773.278	773.167
0.584894	772.97	772.86
0.596831	772.663	772.552
0.608768	772.354	772.243
0.620704	772.046	771.935
0.632641	771.737	771.626
0.644578	771.427	771.316
0.656514	771.118	771.006
0.668451	770.807	770.696
0.680387	770.497	770.385
0.692324	770.186	770.073
0.704261	769.874	769.762
0.716197	769.562	769.45
0.728134	769.25	769.137
0.74007	768.937	768.824
0.752007	768.624	768.511
0.763944	768.31	768.197
0.77588	767.996	767.883
0.787817	767.682	767.569
0.799754	767.367	767.254
0.81169	767.052	766.938
0.823627	766.736	766.623
0.835563	766.42	766.307
0.8475	766.104	765.99
0.859437	765.787	765.673
0.871373	765.47	765.356
0.88331	765.152	765.038
0.895247	764.834	764.72
0.907183	764.516	764.401
0.91912	764.197	764.082
0.931056	763.878	763.763
0.942993	763.558	763.443
0.95493	763.239	763.123
0.966866	762.918	762.803
0.978803	762.597	762.482
0.99074	762.276	762.161
1.00268	761.955	761.839
1.01461	761.633	761.517
1.02655	761.311	761.195
1.03849	760.988	760.872
1.05042	760.665	760.549
1.06236	760.342	760.225
1.0743	760.018	759.901
1.08623	759.694	759.577
1.09817	759.369	759.252
1.11011	759.044	758.927
1.12204	758.719	758.602
1.13398	758.393	758.276
1.14592	758.067	757.95
1.15785	757.741	757.623
1.16979	757.414	757.296
1.18173	757.087	756.969
1.19366	756.759	756.641
1.2056	756.432	756.313
1.21754	756.103	755.985
1.22947	755.775	755.656
1.24141	755.446	755.327
1.25335	755.117	754.998
1.26528	754.787	754.668
1.27722	754.457	754.338
1.28916	754.126	754.007
1.30109	753.796	753.677
1.31303	753.465	753.345
1.32496	753.133	753.014
1.3369	752.801	752.682
1.34884	752.469	752.35
1.36077	752.137	752.017
1.37271	751.804	751.684
1.38465	751.471	751.351
1.39658	751.137	751.017
1.40852	750.803	750.683
1.42046	750.469	750.349
1.43239	750.135	750.014
1.44433	749.8	749.679
1.45627	749.465	749.344
1.4682	749.129	749.008
1.48014	748.793	748.672
1.49208	748.457	748.336
1.50401	748.12	747.999
1.51595	747.783	747.662
1.52789	747.446	747.325
1.53982	747.109	746.987
1.55176	746.771	746.649
1.5637	746.433	746.311
1.57563	746.094	745.972
1.58757	745.755	745.633
1.59951	745.416	745.294
1.61144	745.076	744.954
1.62338	744.737	744.614
1.63532	744.396	744.274
1.64725	744.056	743.933
1.65919	743.715	743.592
1.67113	743.374	743.251
1.68306	743.033	742.91
1.695	742.691	742.568
1.70694	742.349	742.226
1.71887	742.007	741.883
1.73081	741.664	741.54
1.74275	741.321	741.197
1.75468	740.978	740.854
1.76662	740.634	740.51
1.77856	740.29	740.166
1.79049	739.946	739.822
1.80243	739.602	739.477
1.81437	739.257	739.133
1.8263	738.912	738.787
1.83824	738.566	738.442
1.85018	738.221	738.096
1.86211	737.875	737.75
1.87405	737.528	737.404
1.88599	737.182	737.057
1.89792	736.835	736.71
1.90986	736.488	736.363
1.9218	736.141	736.015
1.93373	735.793	735.667
1.94567	735.445	735.319
1.95761	735.096	734.971
1.96954	734.748	734.622
1.98148	734.399	734.273
1.99342	734.05	733.924
2.00535	733.701	733.575
2.01729	733.351	733.225
2.02923	733.001	732.875
2.04116	732.651	732.524
2.0531	732.3	732.174
2.06504	731.949	731.823
2.07697	731.598	731.472
2.08891	731.247	731.12
2.10085	730.895	730.769
2.11278	730.543	730.417
2.12472	730.191	730.064
2.13666	729.839	729.712
2.14859	729.486	729.359
2.16053	729.133	729.006
2.17246	728.78	728.653
2.1844	728.427	728.299
2.19634	728.073	727.945
2.20827	727.719	727.591
2.22021	727.365	727.237
2.23215	727.01	726.882
2.24408	726.655	726.527
2.25602	726.3	726.172
2.26796	725.945	725.817
2.27989	725.59	725.461
2.29183	725.234	725.106
2.30377	724.878	724.749
2.3157	724.522	724.393
2.32764	724.165	724.037
2.33958	723.808	723.68
2.35151	723.451	723.323
2.36345	723.094	722.965
2.37539	722.737	722.608
2.38732	722.379	722.25
2.39926	722.021	721.892
2.4112	721.663	721.534
2.42313	721.304	721.175
2.43507	720.946	720.816
2.44701	720.587	720.457
2.45894	720.228	720.098
2.47088	719.868	719.739
2.48282	719.509	719.379
2.49475	719.149	719.019
2.50669	718.789	718.659
2.51863	718.428	718.299
2.53056	718.068	717.938
2.5425	717.707	717.577
2.55444	717.346	717.216
2.56637	716.985	716.855
2.57831	716.624	716.493
2.59025	716.262	716.132
2.60218	715.9	715.77
2.61412	715.538	715.408
2.62606	715.176	715.045
2.63799	714.813	714.683
2.64993	714.451	714.32
2.66187	714.088	713.957
2.6738	713.725	713.594
2.68574	713.361	713.23
2.69768	712.998	712.867
2.70961	712.634	712.503
2.72155	712.27	712.139
2.73349	711.906	711.774
2.74542	711.541	711.41
2.75736	711.177	711.045
2.7693	710.812	710.681
2.78123	710.447	710.315
2.79317	710.082	709.95
2.80511	709.716	709.585
2.81704	709.351	709.219
2.82898	708.985	708.853
2.84092	708.619	708.487
2.85285	708.253	708.121
2.86479	707.887	707.755
2.87673	707.52	707.388
2.88866	707.153	707.021
2.9006	706.786	706.654
2.91254	706.419	706.287
2.92447	706.052	705.92
2.93641	705.684	705.552
2.94835	705.317	705.184
2.96028	704.949	704.816
2.97222	704.581	704.448
2.98416	704.213	704.08
2.99609	703.844	703.711
3.00803	703.476	703.343
3.01997	703.107	702.974
3.0319	702.738	702.605
3.04384	702.369	702.236
3.05577	701.999	701.866
3.06771	701.63	701.497
3.07965	701.26	701.127
3.09158	700.89	700.757
3.10352	700.52	700.387
3.11546	700.15	700.017
3.12739	699.78	699.646
3.13933	699.409	699.276
3.15127	699.039	698.905
3.1632	698.668	698.534
3.17514	698.297	698.163
3.18708	697.926	697.792
3.19901	697.554	697.421
3.21095	697.183	697.049
3.22289	696.811	696.677
3.23482	696.44	696.306
3.24676	696.068	695.933
3.2587	695.695	695.561
3.27063	695.323	695.189
3.28257	694.951	694.816
3.29451	694.578	694.444
3.30644	694.205	694.071
3.31838	693.833	693.698
3.33032	693.459	693.325
3.34225	693.086	692.952
3.35419	692.713	692.578
3.36613	692.339	692.205
3.37806	691.966	691.831
3.39	691.592	691.457
3.40194	691.218	691.083
3.41387	690.844	690.709
3.42581	690.47	690.335
3.43775	690.095	689.961
3.44968	689.721	689.586
3.46162	689.346	689.211
3.47356	688.972	688.836
3.48549	688.597	688.461
3.49743	688.222	688.086
3.50937	687.846	687.711
3.5213	687.471	687.336
3.53324	687.096	686.96
3.54518	686.72	686.585
3.55711	686.344	686.209
3.56905	685.968	685.833
3.58099	685.592	685.457
3.59292	685.216	685.081
3.60486	684.84	684.704
3.6168	684.464	684.328
3.62873	684.087	683.952
3.64067	683.711	683.575
3.65261	683.334	683.198
3.66454	682.957	682.821
3.67648	682.58	682.444
3.68842	682.203	682.067
3.70035	681.826	681.69
3.71229	681.448	681.312
3.72423	681.071	680.935
3.73616	680.693	680.557
3.7481	680.316	680.179
3.76004	679.938	679.802
3.77197	679.56	679.424
3.78391	679.182	679.045
3.79585	678.804	678.667
3.80778	678.425	678.289
3.81972	678.047	677.91
3.83166	677.668	677.532
3.84359	677.29	677.153
3.85553	676.911	676.774
3.86747	676.532	676.396
3.8794	676.153	676.017
3.89134	675.774	675.638
3.90327	675.395	675.258
3.91521	675.016	674.879
3.92715	674.636	674.5
3.93908	674.257	674.12
3.95102	673.877	673.741
3.96296	673.498	673.361
3.97489	673.118	672.981
3.98683	672.738	672.601
3.99877	672.358	672.221
4.0107	671.978	671.841
4.02264	671.598	671.461
4.03458	671.218	671.081
4.04651	670.837	670.7
4.05845	670.457	670.32
4.07039	670.076	669.939
4.08232	669.696	669.558
4.09426	669.315	669.178
4.1062	668.934	668.797
4.11813	668.553	668.416
4.13007	668.172	668.035
4.14201	667.791	667.654
4.15394	667.41	667.273
4.16588	667.029	666.891
4.17782	666.647	666.51
4.18975	666.266	666.128
4.20169	665.884	665.747
4.21363	665.503	665.365
4.22556	665.121	664.983
4.2375	664.739	664.602
4.24944	664.357	664.22
4.26137	663.975	663.838
4.27331	663.593	663.456
4.28525	663.211	663.074
4.29718	662.829	662.691
4.30912	662.447	662.309
4.32106	662.065	661.927
4.33299	661.682	661.544
4.34493	661.3	661.162
4.35687	660.917	660.779
4.3688	660.535	660.397
4.38074	660.152	660.014
4.39268	659.769	659.631
4.40461	659.386	659.248
4.41655	659.003	658.865
4.42849	658.62	658.482
4.44042	658.237	658.099
4.45236	657.854	657.716
4.4643	657.471	657.333
4.47623	657.088	656.949
4.48817	656.704	656.566
4.50011	656.321	656.183
4.51204	655.937	655.799
4.52398	655.554	655.415
4.53592	655.17	655.032
4.54785	654.786	654.648
4.55979	654.403	654.264
4.57173	654.019	653.88
4.58366	653.635	653.497
4.5956	653.251	653.113
4.60754	652.867	652.729
4.61947	652.483	652.345
4.63141	652.099	651.96
4.64335	651.715	651.576
4.65528	651.331	651.192
4.66722	650.946	650.808
4.67916	650.562	650.423
4.69109	650.177	650.039
4.70303	649.793	649.654
4.71497	649.409	649.27
4.7269	649.024	648.885
4.73884	648.639	648.501
4.75078	648.255	648.116
4.76271	647.87	647.731
4.77465	647.485	647.346
4.78658	647.1	646.962
4.79852	646.715	646.577
4.81046	646.33	646.192
4.82239	645.945	645.807
4.83433	645.56	645.422
4.84627	645.175	645.036
4.8582	644.79	644.651
4.87014	644.405	644.266
4.88208	644.02	643.881
4.89401	643.635	643.496
4.90595	643.249	643.11
4.91789	642.864	642.725
4.92982	642.478	642.339
4.94176	642.093	641.954
4.9537	641.707	641.568
4.96563	641.322	641.183
4.97757	640.936	640.797
4.98951	640.551	640.412
5.00144	640.165	640.026
5.01338	639.779	639.64
5.02532	639.393	639.254
5.03725	639.008	638.869
5.04919	638.622	638.483
5.06113	638.236	638.097
5.07306	637.85	637.711
5.085	637.464	637.325
5.09694	637.078	636.939
5.10887	636.692	636.553
5.12081	636.306	636.167
5.13275	635.92	635.781
5.14468	635.534	635.394
5.15662	635.147	635.008
5.16856	634.761	634.622
5.18049	634.375	634.236
5.19243	633.989	633.849
5.20437	633.602	633.463
5.2163	633.216	633.077
5.22824	632.83	632.69
5.24018	632.443	632.304
5.25211	632.057	631.917
5.26405	631.67	631.531
5.27599	631.284	631.144
5.28792	630.897	630.758
5.29986	630.511	630.371
5.3118	630.124	629.985
5.32373	629.737	629.598
5.33567	629.351	629.211
5.34761	628.964	628.824
5.35954	628.577	628.438
5.37148	628.19	628.051
5.38342	627.804	627.664
5.39535	627.417	627.277
5.40729	627.03	626.89
5.41923	626.643	626.504
5.43116	626.256	626.117
5.4431	625.869	625.73
5.45504	625.482	625.343
5.46697	625.095	624.956
5.47891	624.708	624.569
5.49085	624.321	624.182
5.50278	623.934	623.795
5.51472	623.547	623.408
5.52666	623.16	623.02
5.53859	622.773	622.633
5.55053	622.386	622.246
5.56247	621.999	621.859
5.5744	621.611	621.472
5.58634	621.224	621.085
5.59828	620.837	620.697
5.61021	620.45	620.31
5.62215	620.062	619.923
5.63408	619.675	619.535
5.64602	619.288	619.148
5.65796	618.9	618.761
5.66989	618.513	618.373
5.68183	618.126	617.986
5.69377	617.738	617.599
5.7057	617.351	617.211
5.71764	616.963	616.824
5.72958	616.576	616.436
5.74151	616.188	616.049
5.75345	615.801	615.661
5.76539	615.413	615.274
5.77732	615.026	614.886
5.78926	614.638	614.499
5.8012	614.251	614.111
5.81313	613.863	613.723
5.82507	613.476	613.336
5.83701	613.088	612.948
5.84894	612.7	612.561
5.86088	612.313	612.173
5.87282	611.925	611.785
5.88475	611.537	611.397
5.89669	611.15	611.01
5.90863	610.762	610.622
5.92056	610.374	610.234
5.9325	609.986	609.847
5.94444	609.599	609.459
5.95637	609.211	609.071
5.96831	608.823	608.683
5.98025	608.435	608.295
5.99218	608.047	607.908
6.00412	607.66	607.52
6.01606	607.272	607.132
6.02799	606.884	606.744
6.03993	606.496	606.356
6.05187	606.108	605.968
6.0638	605.72	605.58
6.07574	605.332	605.192
6.08768	604.944	604.805
6.09961	604.557	604.417
6.11155	604.169	604.029
6.12349	603.781	603.641
6.13542	603.393	603.253
6.14736	603.005	602.865
6.1593	602.617	602.477
6.17123	602.229	602.089
6.18317	601.841	601.701
6.19511	601.453	601.313
6.20704	601.065	600.925
6.21898	600.677	600.537
6.23092	600.288	600.149
6.24285	599.9	599.76
6.25479	599.512	599.372
6.26673	599.124	598.984
6.27866	598.736	598.596
6.2906	598.348	598.208
6.30254	597.96	597.82
6.31447	597.572	597.432
6.32641	597.184	597.044
6.33835	596.795	596.656
6.35028	596.407	596.267
6.36222	596.019	595.879
6.37416	595.631	595.491
6.38609	595.243	595.103
6.39803	594.855	594.715
6.40997	594.466	594.326
6.4219	594.078	593.938
6.43384	593.69	593.55
6.44578	593.302	593.162
6.45771	592.913	592.773
6.46965	592.525	592.385
6.48159	592.137	591.997
6.49352	591.749	591.609
6.50546	591.36	591.22
6.51739	590.972	590.832
6.52933	590.584	590.444
6.54127	590.195	590.055
6.5532	589.807	589.667
6.56514	589.419	589.279
6.57708	589.03	588.89
6.58901	588.642	588.502
6.60095	588.254	588.114
6.61289	587.865	587.725
6.62482	587.477	587.337
6.63676	587.089	586.949
6.6487	586.7	586.56
6.66063	586.312	586.172
6.67257	585.923	585.783
6.68451	585.535	585.395
6.69644	585.146	585.006
6.70838	584.758	584.618
6.72032	584.37	584.23
6.73225	583.981	583.841
6.74419	583.593	583.453
6.75613	583.204	583.064
6.76806	582.816	582.676
6.78	582.427	582.287
6.79194	582.039	581.899
6.80387	581.65	581.51
6.81581	581.262	581.122
6.82775	580.873	580.733
6.83968	580.485	580.344
6.85162	580.096	579.956
6.86356	579.707	579.567
6.87549	579.319	579.179
6.88743	578.93	578.79
6.89937	578.542	578.402
6.9113	578.153	578.013
6.92324	577.764	577.624
6.93518	577.376	577.236
6.94711	576.987	576.847
6.95905	576.599	576.458
6.97099	576.21	576.07
6.98292	575.821	575.681
6.99486	575.433	575.292
7.0068	575.044	574.904
7.01873	574.655	574.515
7.03067	574.266	574.126
7.04261	573.878	573.738
7.05454	573.489	573.349
7.06648	573.1	572.96
7.07842	572.712	572.571
7.09035	572.323	572.183
7.10229	571.934	571.794
7.11423	571.545	571.405
7.12616	571.156	571.016
7.1381	570.768	570.627
7.15004	570.379	570.239
7.16197	569.99	569.85
7.17391	569.601	569.461
7.18585	569.212	569.072
7.19778	568.823	568.683
7.20972	568.434	568.294
7.22166	568.046	567.905
7.23359	567.657	567.516
7.24553	567.268	567.127
7.25747	566.879	566.739
7.2694	566.49	566.35
7.28134	566.101	565.961
7.29328	565.712	565.572
7.30521	565.323	565.183
7.31715	564.934	564.794
7.32909	564.545	564.405
7.34102	564.156	564.016
7.35296	563.767	563.627
7.36489	563.378	563.237
7.37683	562.989	562.848
7.38877	562.6	562.459
7.4007	562.21	562.07
7.41264	561.821	561.681
7.42458	561.432	561.292
7.43651	561.043	560.903
7.44845	560.654	560.514
7.46039	560.265	560.124
7.47232	559.875	559.735
7.48426	559.486	559.346
7.4962	559.097	558.957
7.50813	558.708	558.567
7.52007	558.319	558.178
7.53201	557.929	557.789
7.54394	557.54	557.4
7.55588	557.151	557.01
7.56782	556.761	556.621
7.57975	556.372	556.232
7.59169	555.983	555.842
7.60363	555.593	555.453
7.61556	555.204	555.063
7.6275	554.814	554.674
7.63944	554.425	554.284
7.65137	554.035	553.895
7.66331	553.646	553.506
7.67525	553.256	553.116
7.68718	552.867	552.726
7.69912	552.477	552.337
7.71106	552.088	551.947
7.72299	551.698	551.558
7.73493	551.309	551.168
7.74687	550.919	550.779
7.7588	550.529	550.389
7.77074	550.14	549.999
7.78268	549.75	549.61
7.79461	549.36	549.22
7.80655	548.971	548.83
7.81849	548.581	548.44
7.83042	548.191	548.051
7.84236	547.801	547.661
7.8543	547.411	547.271
7.86623	547.022	546.881
7.87817	546.632	546.491
7.89011	546.242	546.101
7.90204	545.852	545.711
7.91398	545.462	545.321
7.92592	545.072	544.931
7.93785	544.682	544.541
7.94979	544.292	544.151
7.96173	543.902	543.761
7.97366	543.512	543.371
7.9856	543.122	542.981
7.99754	542.732	542.591
8.00947	542.342	542.201
8.02141	541.952	541.811
8.03335	541.561	541.421
8.04528	541.171	541.03
8.05722	540.781	540.64
8.06916	540.391	540.25
8.08109	540	539.86
8.09303	539.61	539.469
8.10497	539.22	539.079
8.1169	538.829	538.689
8.12884	538.439	538.298
8.14078	538.049	537.908
8.15271	537.658	537.517
8.16465	537.268	537.127
8.17659	536.877	536.736
8.18852	536.487	536.346
8.20046	536.096	535.955
8.2124	535.706	535.565
8.22433	535.315	535.174
8.23627	534.924	534.783
8.2482	534.534	534.393
8.26014	534.143	534.002
8.27208	533.752	533.611
8.28401	533.361	533.22
8.29595	532.971	532.83
8.30789	532.58	532.439
8.31982	532.189	532.048
8.33176	531.798	531.657
8.3437	531.407	531.266
8.35563	531.016	530.875
8.36757	530.625	530.484
8.37951	530.234	530.093
8.39144	529.843	529.702
8.40338	529.452	529.311
8.41532	529.061	528.92
8.42725	528.67	528.529
8.43919	528.279	528.138
8.45113	527.887	527.746
8.46306	527.496	527.355
8.475	527.105	526.964
8.48694	526.714	526.573
8.49887	526.322	526.181
8.51081	525.931	525.79
8.52275	525.54	525.398
8.53468	525.148	525.007
8.54662	524.757	524.615
8.55856	524.365	524.224
8.57049	523.974	523.832
8.58243	523.582	523.441
8.59437	523.19	523.049
8.6063	522.799	522.658
8.61824	522.407	522.266
8.63018	522.015	521.874
8.64211	521.624	521.482
8.65405	521.232	521.091
8.66599	520.84	520.699
8.67792	520.448	520.307
8.68986	520.056	519.915
8.7018	519.664	519.523
8.71373	519.272	519.131
8.72567	518.88	518.739
8.73761	518.488	518.347
8.74954	518.096	517.955
8.76148	517.704	517.563
8.77342	517.312	517.171
8.78535	516.92	516.779
8.79729	516.528	516.386
8.80923	516.135	515.994
8.82116	515.743	515.602
8.8331	515.351	515.209
8.84504	514.959	514.817
8.85697	514.566	514.425
8.86891	514.174	514.032
8.88085	513.781	513.64
8.89278	513.389	513.247
8.90472	512.996	512.855
8.91666	512.604	512.462
8.92859	512.211	512.069
8.94053	511.818	511.677
8.95247	511.426	511.284
8.9644	511.033	510.891
8.97634	510.64	510.499
8.98828	510.247	510.106
9.00021	509.854	509.713
9.01215	509.462	509.32
9.02409	509.069	508.927
9.03602	508.676	508.534
9.04796	508.283	508.141
9.0599	507.89	507.748
9.07183	507.497	507.355
9.08377	507.104	506.962
9.0957	506.71	506.569
9.10764	506.317	506.175
9.11958	505.924	505.782
9.13151	505.531	505.389
9.14345	505.137	504.996
9.15539	504.744	504.602
9.16732	504.351	504.209
9.17926	503.957	503.816
9.1912	503.564	503.422
9.20313	503.17	503.029
9.21507	502.777	502.635
9.22701	502.383	502.241
9.23894	501.99	501.848
9.25088	501.596	501.454
9.26282	501.203	501.061
9.27475	500.809	500.667
9.28669	500.415	500.273
9.29863	500.021	499.879
9.31056	499.627	499.486
9.3225	499.234	499.092
9.33444	498.84	498.698
9.34637	498.446	498.304
9.35831	498.052	497.91
9.37025	497.658	497.516
9.38218	497.264	497.122
9.39412	496.87	496.728
9.40606	496.476	496.334
9.41799	496.082	495.94
9.42993	495.687	495.545
9.44187	495.293	495.151
9.4538	494.899	494.757
9.46574	494.505	494.363
9.47768	494.11	493.968
9.48961	493.716	493.574
9.50155	493.322	493.18
9.51349	492.927	492.785
9.52542	492.533	492.391
9.53736	492.138	491.996
9.5493	491.744	491.602
9.56123	491.349	491.207
9.57317	490.955	490.813
9.58511	490.56	490.418
9.59704	490.166	490.023
9.60898	489.771	489.629
9.62092	489.376	489.234
9.63285	488.982	488.839
9.64479	488.587	488.445
9.65673	488.192	488.05
9.66866	487.797	487.655
9.6806	487.403	487.26
9.69254	487.008	486.865
9.70447	486.613	486.47
9.71641	486.218	486.075
9.72835	485.823	485.681
9.74028	485.428	485.286
9.75222	485.033	484.891
9.76416	484.638	484.495
9.77609	484.243	484.1
9.78803	483.848	483.705
9.79997	483.453	483.31
9.8119	483.058	482.915
9.82384	482.662	482.52
9.83578	482.267	482.125
9.84771	481.872	481.73
9.85965	481.477	481.334
9.87159	481.082	480.939
9.88352	480.686	480.544
9.89546	480.291	480.149
9.9074	479.896	479.753
9.91933	479.501	479.358
9.93127	479.105	478.963
9.94321	478.71	478.567
9.95514	478.314	478.172
9.96708	477.919	477.776
9.97901	477.524	477.381
9.99095	477.128	476.986
10.0029	476.733	476.59
10.0148	476.337	476.195
10.0268	475.942	475.799
10.0387	475.546	475.404
10.0506	475.151	475.008
10.0626	474.755	474.613
10.0745	474.36	474.217
10.0864	473.964	473.822
10.0984	473.569	473.426
10.1103	473.173	473.031
10.1223	472.778	472.635
10.1342	472.382	472.239
10.1461	471.987	471.844
10.1581	471.591	471.448
10.17	471.195	471.053
10.1819	470.8	470.657
10.1939	470.404	470.262
10.2058	470.009	469.866
10.2177	469.613	469.47
10.2297	469.217	469.075
10.2416	468.822	468.679
10.2536	468.426	468.283
10.2655	468.031	467.888
10.2774	467.635	467.492
10.2894	467.239	467.097
10.3013	466.844	466.701
10.3132	466.448	466.305
10.3252	466.053	465.91
10.3371	465.657	465.514
10.3491	465.261	465.119
10.361	464.866	464.723
10.3729	464.47	464.328
10.3849	464.075	463.932
10.3968	463.679	463.537
10.4087	463.284	463.141
10.4207	462.888	462.745
10.4326	462.493	462.35
10.4445	462.097	461.954
10.4565	461.702	461.559
10.4684	461.306	461.164
10.4804	460.911	460.768
10.4923	460.515	460.373
10.5042	460.12	459.977
10.5162	459.724	459.582
10.5281	459.329	459.187
10.54	458.934	458.791
10.552	458.538	458.396
10.5639	458.143	458.001
10.5758	457.748	457.605
10.5878	457.353	457.21
10.5997	456.957	456.815
10.6117	456.562	456.42
10.6236	456.167	456.025
10.6355	455.772	455.63
10.6475	455.377	455.235
10.6594	454.982	454.839
10.6713	454.587	454.444
10.6833	454.192	454.05
10.6952	453.797	453.655
10.7071	453.402	453.26
10.7191	453.007	452.865
10.731	452.612	452.47
10.743	452.218	452.075
10.7549	451.823	451.681
10.7668	451.428	451.286
10.7788	451.034	450.891
10.7907	450.639	450.497
10.8026	450.245	450.102
10.8146	449.85	449.708
10.8265	449.456	449.313
10.8385	449.061	448.919
10.8504	448.667	448.525
10.8623	448.273	448.131
10.8743	447.879	447.736
10.8862	447.484	447.342
10.8981	447.09	446.948
10.9101	446.696	446.554
10.922	446.302	446.16
10.9339	445.909	445.767
10.9459	445.515	445.373
10.9578	445.121	444.979
10.9698	444.727	444.585
10.9817	444.334	444.192
10.9936	443.94	443.798
11.0056	443.547	443.405
11.0175	443.153	443.012
11.0294	442.76	442.618
11.0414	442.367	442.225
11.0533	441.974	441.832
11.0652	441.581	441.439
11.0772	441.188	441.046
11.0891	440.795	440.653
11.1011	440.402	440.261
11.113	440.01	439.868
11.1249	439.617	439.475
11.1369	439.225	439.083
11.1488	438.832	438.691
11.1607	438.44	438.298
11.1727	438.048	437.906
11.1846	437.656	437.514
11.1966	437.264	437.122
11.2085	436.872	436.73
11.2204	436.48	436.339
11.2324	436.088	435.947
11.2443	435.697	435.555
11.2562	435.305	435.164
11.2682	434.914	434.773
11.2801	434.523	434.382
11.292	434.132	433.991
11.304	433.741	433.6
11.3159	433.35	433.209
11.3279	432.959	432.818
11.3398	432.568	432.428
11.3517	432.178	432.037
11.3637	431.788	431.647
11.3756	431.397	431.257
11.3875	431.007	430.867
11.3995	430.617	430.477
11.4114	430.228	430.087
11.4233	429.838	429.697
11.4353	429.448	429.308
11.4472	429.059	428.919
11.4592	428.67	428.529
11.4711	428.281	428.14
11.483	427.892	427.752
11.495	427.503	427.363
11.5069	427.114	426.974
11.5188	426.726	426.586
11.5308	426.338	426.198
11.5427	425.95	425.81
11.5546	425.562	425.422
11.5666	425.174	425.034
11.5785	424.786	424.646
11.5905	424.399	424.259
11.6024	424.011	423.872
11.6143	423.624	423.485
11.6263	423.237	423.098
11.6382	422.85	422.711
11.6501	422.464	422.324
11.6621	422.077	421.938
11.674	421.691	421.552
11.686	421.305	421.166
11.6979	420.919	420.78
11.7098	420.534	420.395
11.7218	420.148	420.009
11.7337	419.763	419.624
11.7456	419.378	419.239
11.7576	418.993	418.854
11.7695	418.608	418.47
11.7814	418.224	418.085
11.7934	417.84	417.701
11.8053	417.456	417.317
11.8173	417.072	416.934
11.8292	416.688	416.55
11.8411	416.305	416.167
11.8531	415.922	415.784
11.865	415.539	415.401
11.8769	415.156	415.018
11.8889	414.774	414.636
11.9008	414.392	414.254
11.9127	414.01	413.872
11.9247	413.628	413.49
11.9366	413.246	413.109
11.9486	412.865	412.727
11.9605	412.484	412.346
11.9724	412.103	411.966
11.9844	411.723	411.585
11.9963	411.342	411.205
12.0082	410.962	410.825
12.0202	410.582	410.445
12.0321	410.203	410.066
12.0441	409.824	409.687
12.056	409.445	409.308
12.0679	409.066	408.929
12.0799	408.687	408.551
12.0918	408.309	408.173
12.1037	407.931	407.795
12.1157	407.554	407.417
12.1276	407.176	407.04
12.1395	406.799	406.663
12.1515	406.422	406.286
12.1634	406.046	405.91
12.1754	405.67	405.534
12.1873	405.294	405.158
12.1992	404.918	404.783
12.2112	404.543	404.407
12.2231	404.168	404.032
12.235	403.793	403.658
12.247	403.419	403.284
12.2589	403.045	402.91
12.2708	402.671	402.536
12.2828	402.297	402.163
12.2947	401.924	401.789
12.3067	401.551	401.417
12.3186	401.179	401.044
12.3305	400.807	400.672
12.3425	400.435	400.301
12.3544	400.063	399.929
12.3663	399.692	399.558
12.3783	399.321	399.187
12.3902	398.951	398.817
12.4021	398.58	398.447
12.4141	398.211	398.077
12.426	397.841	397.708
12.438	397.472	397.339
12.4499	397.103	396.97
12.4618	396.735	396.602
12.4738	396.367	396.234
12.4857	395.999	395.866
12.4976	395.632	395.499
12.5096	395.265	395.132
12.5215	394.898	394.766
12.5335	394.532	394.4
12.5454	394.166	394.034
12.5573	393.801	393.669
12.5693	393.436	393.304
12.5812	393.071	392.939
12.5931	392.707	392.575
12.6051	392.343	392.212
12.617	391.979	391.848
12.6289	391.616	391.485
12.6409	391.254	391.123
12.6528	390.891	390.76
12.6648	390.529	390.399
12.6767	390.168	390.037
12.6886	389.807	389.676
12.7006	389.446	389.316
12.7125	389.086	388.956
12.7244	388.726	388.596
12.7364	388.367	388.237
12.7483	388.008	387.878
12.7602	387.649	387.52
12.7722	387.291	387.162
12.7841	386.933	386.804
12.7961	386.576	386.447
12.808	386.219	386.09
12.8199	385.863	385.734
12.8319	385.507	385.379
12.8438	385.152	385.023
12.8557	384.797	384.668
12.8677	384.442	384.314
12.8796	384.088	383.96
12.8916	383.734	383.607
12.9035	383.381	383.254
12.9154	383.028	382.901
12.9274	382.676	382.549
12.9393	382.324	382.197
12.9512	381.973	381.846
12.9632	381.622	381.496
12.9751	381.272	381.146
12.987	380.922	380.796
12.999	380.573	380.447
13.0109	380.224	380.098
13.0229	379.876	379.75
13.0348	379.528	379.402
13.0467	379.18	379.055
13.0587	378.833	378.708
13.0706	378.487	378.362
13.0825	378.141	378.016
13.0945	377.796	377.671
13.1064	377.451	377.327
13.1183	377.107	376.982
13.1303	376.763	376.639
13.1422	376.42	376.296
13.1542	376.077	375.953
13.1661	375.735	375.611
13.178	375.393	375.27
13.19	375.052	374.929
13.2019	374.711	374.588
13.2138	374.371	374.248
13.2258	374.032	373.909
13.2377	373.693	373.57
13.2496	373.354	373.232
13.2616	373.016	372.894
13.2735	372.679	372.557
13.2855	372.342	372.221
13.2974	372.006	371.885
13.3093	371.67	371.549
13.3213	371.335	371.214
13.3332	371.001	370.88
13.3451	370.667	370.546
13.3571	370.333	370.213
13.369	370.001	369.88
13.381	369.668	369.548
13.3929	369.337	369.217
13.4048	369.006	368.886
13.4168	368.675	368.556
13.4287	368.345	368.226
13.4406	368.016	367.897
13.4526	367.687	367.569
13.4645	367.359	367.241
13.4764	367.032	366.914
13.4884	366.705	366.587
13.5003	366.379	366.261
13.5123	366.053	365.935
13.5242	365.728	365.611
13.5361	365.403	365.286
13.5481	365.08	364.963
13.56	364.756	364.64
13.5719	364.434	364.317
13.5839	364.112	363.996
13.5958	363.791	363.675
13.6077	363.47	363.354
13.6197	363.15	363.034
13.6316	362.83	362.715
13.6436	362.512	362.396
13.6555	362.193	362.079
13.6674	361.876	361.761
13.6794	361.559	361.445
13.6913	361.243	361.129
13.7032	360.927	360.813
13.7152	360.612	360.499
13.7271	360.298	360.185
13.7391	359.985	359.871
13.751	359.672	359.559
13.7629	359.359	359.247
13.7749	359.048	358.935
13.7868	358.737	358.625
13.7987	358.427	358.315
13.8107	358.117	358.005
13.8226	357.808	357.697
13.8345	357.5	357.389
13.8465	357.192	357.081
13.8584	356.886	356.775
13.8704	356.579	356.469
13.8823	356.274	356.164
13.8942	355.969	355.859
13.9062	355.665	355.555
13.9181	355.362	355.252
13.93	355.059	354.95
13.942	354.757	354.648
13.9539	354.456	354.347
13.9658	354.155	354.046
13.9778	353.855	353.747
13.9897	353.556	353.448
14.0017	353.258	353.15
14.0136	352.96	352.852
14.0255	352.663	352.555
14.0375	352.366	352.259
14.0494	352.071	351.964
14.0613	351.776	351.669
14.0733	351.482	351.376
14.0852	351.188	351.082
14.0971	350.896	350.79
14.1091	350.604	350.498
14.121	350.313	350.207
14.133	350.022	349.917
14.1449	349.732	349.628
14.1568	349.443	349.339
14.1688	349.155	349.051
14.1807	348.868	348.764
14.1926	348.581	348.477
14.2046	348.295	348.191
14.2165	348.009	347.906
14.2285	347.725	347.622
14.2404	347.441	347.339
14.2523	347.158	347.056
14.2643	346.876	346.774
14.2762	346.594	346.493
14.2881	346.314	346.212
14.3001	346.034	345.933
14.312	345.755	345.654
14.3239	345.476	345.375
14.3359	345.198	345.098
14.3478	344.922	344.821
14.3598	344.645	344.546
14.3717	344.37	344.271
14.3836	344.095	343.996
14.3956	343.822	343.723
14.4075	343.549	343.45
14.4194	343.276	343.178
14.4314	343.005	342.907
14.4433	342.734	342.636
14.4552	342.464	342.367
14.4672	342.195	342.098
14.4791	341.927	341.83
14.4911	341.659	341.563
14.503	341.393	341.296
14.5149	341.127	341.031
14.5269	340.862	340.766
14.5388	340.597	340.502
14.5507	340.334	340.239
14.5627	340.071	339.976
14.5746	339.809	339.715
14.5866	339.548	339.454
14.5985	339.288	339.194
14.6104	339.028	338.934
14.6224	338.769	338.676
14.6343	338.512	338.418
14.6462	338.254	338.162
14.6582	337.998	337.906
14.6701	337.743	337.65
14.682	337.488	337.396
14.694	337.234	337.142
14.7059	336.981	336.89
14.7179	336.729	336.638
14.7298	336.478	336.387
14.7417	336.227	336.136
14.7537	335.977	335.887
14.7656	335.728	335.638
14.7775	335.48	335.391
14.7895	335.233	335.144
14.8014	334.986	334.897
14.8133	334.741	334.652
14.8253	334.496	334.408
14.8372	334.252	334.164
14.8492	334.009	333.921
14.8611	333.767	333.679
14.873	333.525	333.438
14.885	333.284	333.197
14.8969	333.045	332.958
14.9088	332.806	332.719
14.9208	332.567	332.481
14.9327	332.33	332.244
14.9446	332.094	332.008
14.9566	331.858	331.773
14.9685	331.623	331.538
14.9805	331.389	331.305
14.9924	331.156	331.072
15.0043	330.924	330.84
15.0163	330.692	330.609
15.0282	330.462	330.378
15.0401	330.232	330.149
15.0521	330.003	329.92
15.064	329.775	329.693
15.076	329.548	329.466
15.0879	329.321	329.24
15.0998	329.096	329.014
15.1118	328.871	328.79
15.1237	328.647	328.566
15.1356	328.424	328.344
15.1476	328.202	328.122
15.1595	327.981	327.901
15.1714	327.76	327.681
15.1834	327.541	327.461
15.1953	327.322	327.243
15.2073	327.104	327.025
15.2192	326.887	326.809
15.2311	326.671	326.593
15.2431	326.455	326.378
15.255	326.241	326.163
15.2669	326.027	325.95
15.2789	325.814	325.737
15.2908	325.602	325.526
15.3027	325.391	325.315
15.3147	325.181	325.105
15.3266	324.972	324.896
15.3386	324.763	324.688
15.3505	324.555	324.48
15.3624	324.348	324.274
15.3744	324.142	324.068
15.3863	323.937	323.863
15.3982	323.733	323.659
15.4102	323.529	323.456
15.4221	323.327	323.254
15.4341	323.125	323.052
15.446	322.924	322.851
15.4579	322.724	322.652
15.4699	322.525	322.453
15.4818	322.326	322.255
15.4937	322.129	322.058
15.5057	321.932	321.861
15.5176	321.737	321.666
15.5295	321.542	321.471
15.5415	321.347	321.277
15.5534	321.154	321.084
15.5654	320.962	320.892
15.5773	320.77	320.701
15.5892	320.579	320.51
15.6012	320.39	320.321
15.6131	320.201	320.132
15.625	320.012	319.944
15.637	319.825	319.757
15.6489	319.638	319.571
15.6608	319.453	319.386
15.6728	319.268	319.201
15.6847	319.084	319.018
15.6967	318.901	318.835
15.7086	318.719	318.653
15.7205	318.537	318.472
15.7325	318.357	318.291
15.7444	318.177	318.112
15.7563	317.998	317.933
15.7683	317.82	317.755
15.7802	317.643	317.579
15.7921	317.466	317.402
15.8041	317.291	317.227
15.816	317.116	317.053
15.828	316.942	316.879
15.8399	316.769	316.706
15.8518	316.597	316.535
15.8638	316.425	316.363
15.8757	316.255	316.193
15.8876	316.085	316.024
15.8996	315.916	315.855
15.9115	315.748	315.687
15.9235	315.581	315.52
15.9354	315.415	315.354
15.9473	315.249	315.189
15.9593	315.084	315.025
15.9712	314.92	314.861
15.9831	314.757	314.698
15.9951	314.595	314.536
16.007	314.433	314.375
16.0189	314.273	314.215
16.0309	314.113	314.055
16.0428	313.954	313.896
16.0548	313.796	313.738
16.0667	313.638	313.581
16.0786	313.482	313.425
16.0906	313.326	313.27
16.1025	313.171	313.115
16.1144	313.017	312.961
16.1264	312.864	312.808
16.1383	312.711	312.656
16.1502	312.559	312.505
16.1622	312.409	312.354
16.1741	312.258	312.204
16.1861	312.109	312.055
16.198	311.961	311.907
16.2099	311.813	311.759
16.2219	311.666	311.613
16.2338	311.52	311.467
16.2457	311.375	311.322
16.2577	311.23	311.178
16.2696	311.086	311.034
16.2816	310.943	310.892
16.2935	310.801	310.75
16.3054	310.66	310.609
16.3174	310.519	310.468
16.3293	310.38	310.329
16.3412	310.241	310.19
16.3532	310.102	310.052
16.3651	309.965	309.915
16.377	309.828	309.779
16.389	309.692	309.643
16.4009	309.557	309.508
16.4129	309.423	309.374
16.4248	309.289	309.241
16.4367	309.157	309.108
16.4487	309.024	308.977
16.4606	308.893	308.846
16.4725	308.763	308.715
16.4845	308.633	308.586
16.4964	308.504	308.457
16.5083	308.376	308.329
16.5203	308.248	308.202
16.5322	308.122	308.076
16.5442	307.996	307.95
16.5561	307.87	307.825
16.568	307.746	307.701
16.58	307.622	307.577
16.5919	307.499	307.455
16.6038	307.377	307.333
16.6158	307.256	307.212
16.6277	307.135	307.091
16.6396	307.015	306.971
16.6516	306.896	306.852
16.6635	306.777	306.734
16.6755	306.659	306.616
16.6874	306.542	306.5
16.6993	306.426	306.384
16.7113	306.31	306.268
16.7232	306.195	306.154
16.7351	306.081	306.04
16.7471	305.968	305.926
16.759	305.855	305.814
16.771	305.743	305.702
16.7829	305.631	305.591
16.7948	305.521	305.481
16.8068	305.411	305.371
16.8187	305.302	305.262
16.8306	305.193	305.154
16.8426	305.085	305.046
16.8545	304.978	304.939
16.8664	304.872	304.833
16.8784	304.766	304.728
16.8903	304.661	304.623
16.9023	304.557	304.519
16.9142	304.453	304.416
16.9261	304.35	304.313
16.9381	304.248	304.211
16.95	304.146	304.11
16.9619	304.045	304.009
16.9739	303.945	303.909
16.9858	303.846	303.81
16.9977	303.747	303.711
17.0097	303.649	303.613
17.0216	303.551	303.516
17.0336	303.454	303.419
17.0455	303.358	303.323
17.0574	303.262	303.228
17.0694	303.167	303.133
17.0813	303.073	303.039
17.0932	302.98	302.946
17.1052	302.887	302.853
17.1171	302.794	302.761
17.1291	302.703	302.669
17.141	302.612	302.579
17.1529	302.521	302.488
17.1649	302.431	302.399
17.1768	302.342	302.31
17.1887	302.254	302.222
17.2007	302.166	302.134
17.2126	302.079	302.047
17.2245	301.992	301.961
17.2365	301.906	301.875
17.2484	301.821	301.79
17.2604	301.736	301.705
17.2723	301.652	301.622
17.2842	301.569	301.538
17.2962	301.486	301.456
17.3081	301.403	301.374
17.32	301.322	301.292
17.332	301.241	301.211
17.3439	301.16	301.131
17.3558	301.08	301.051
17.3678	301.001	300.972
17.3797	300.922	300.894
17.3917	300.844	300.816
17.4036	300.767	300.739
17.4155	300.69	300.662
17.4275	300.613	300.586
17.4394	300.538	300.51
17.4513	300.462	300.435
17.4633	300.388	300.361
17.4752	300.314	300.287
17.4871	300.24	300.214
17.4991	300.167	300.141
17.511	300.095	300.069
17.523	300.023	299.997
17.5349	299.952	299.926
17.5468	299.881	299.856
17.5588	299.811	299.786
17.5707	299.742	299.716
17.5826	299.673	299.647
17.5946	299.604	299.579
17.6065	299.536	299.511
17.6185	299.469	299.444
17.6304	299.402	299.378
17.6423	299.336	299.311
17.6543	299.27	299.246
17.6662	299.204	299.181
17.6781	299.14	299.116
17.6901	299.075	299.052
17.702	299.012	298.989
17.7139	298.949	298.926
17.7259	298.886	298.863
17.7378	298.824	298.801
17.7498	298.762	298.74
17.7617	298.701	298.679
17.7736	298.64	298.618
17.7856	298.58	298.558
17.7975	298.521	298.499
17.8094	298.462	298.44
17.8214	298.403	298.382
17.8333	298.345	298.324
17.8452	298.287	298.266
17.8572	298.23	298.209
17.8691	298.173	298.153
17.8811	298.117	298.097
17.893	298.061	298.041
17.9049	298.006	297.986
17.9169	297.951	297.931
17.9288	297.897	297.877
17.9407	297.843	297.824
17.9527	297.79	297.771
17.9646	297.737	297.718
17.9766	297.685	297.666
17.9885	297.633	297.614
18.0004	297.581	297.562
18.0124	297.53	297.511
18.0243	297.479	297.461
18.0362	297.429	297.411
18.0482	297.379	297.361
18.0601	297.33	297.312
18.072	297.281	297.264
18.084	297.233	297.215
18.0959	297.185	297.167
18.1079	297.137	297.12
18.1198	297.09	297.073
18.1317	297.043	297.027
18.1437	296.997	296.98
18.1556	296.951	296.935
18.1675	296.906	296.889
18.1795	296.861	296.845
18.1914	296.816	296.8
18.2033	296.772	296.756
18.2153	296.728	296.712
18.2272	296.685	296.669
18.2392	296.642	296.626
18.2511	296.599	296.584
18.263	296.557	296.542
18.275	296.515	296.5
18.2869	296.474	296.459
18.2988	296.433	296.418
18.3108	296.392	296.378
18.3227	296.352	296.337
18.3346	296.312	296.298
18.3466	296.273	296.258
18.3585	296.234	296.219
18.3705	296.195	296.181
18.3824	296.157	296.143
18.3943	296.119	296.105
18.4063	296.081	296.067
18.4182	296.044	296.03
18.4301	296.007	295.994
18.4421	295.97	295.957
18.454	295.934	295.921
18.466	295.898	295.885
18.4779	295.863	295.85
18.4898	295.828	295.815
18.5018	295.793	295.78
18.5137	295.759	295.746
18.5256	295.725	295.712
18.5376	295.691	295.679
18.5495	295.657	295.645
18.5614	295.624	295.612
18.5734	295.592	295.58
18.5853	295.559	295.547
18.5973	295.527	295.516
18.6092	295.495	295.484
18.6211	295.464	295.453
18.6331	295.433	295.422
18.645	295.402	295.391
18.6569	295.372	295.361
18.6689	295.342	295.331
18.6808	295.312	295.301
18.6927	295.282	295.271
18.7047	295.253	295.242
18.7166	295.224	295.213
18.7286	295.195	295.185
18.7405	295.167	295.157
18.7524	295.139	295.129
18.7644	295.111	295.101
18.7763	295.084	295.074
18.7882	295.057	295.047
18.8002	295.03	295.02
18.8121	295.003	294.994
18.8241	294.977	294.968
18.836	294.951	294.942
18.8479	294.925	294.916
18.8599	294.9	294.891
18.8718	294.875	294.866
18.8837	294.85	294.841
18.8957	294.825	294.816
18.9076	294.801	294.792
18.9195	294.777	294.768
18.9315	294.753	294.744
18.9434	294.729	294.721
18.9554	294.706	294.698
18.9673	294.683	294.675
18.9792	294.66	294.652
18.9912	294.638	294.63
19.0031	294.615	294.607
19.015	294.593	294.585
19.027	294.572	294.564
19.0389	294.55	294.542
19.0508	294.529	294.521
19.0628	294.508	294.5
19.0747	294.487	294.479
19.0867	294.466	294.459
19.0986	294.446	294.439
19.1105	294.426	294.419
19.1225	294.406	294.399
19.1344	294.386	294.379
19.1463	294.367	294.36
19.1583	294.348	294.341
19.1702	294.329	294.322
19.1821	294.31	294.303
19.1941	294.291	294.285
19.206	294.273	294.266
19.218	294.255	294.248
19.2299	294.237	294.231
19.2418	294.219	294.213
19.2538	294.202	294.196
19.2657	294.185	294.178
19.2776	294.168	294.161
19.2896	294.151	294.145
19.3015	294.134	294.128
19.3135	294.118	294.112
19.3254	294.101	294.096
19.3373	294.085	294.08
19.3493	294.07	294.064
19.3612	294.054	294.048
19.3731	294.038	294.033
19.3851	294.023	294.018
19.397	294.008	294.003
19.4089	293.993	293.988
19.4209	293.978	293.973
19.4328	293.964	293.959
19.4448	293.949	293.944
19.4567	293.935	293.93
19.4686	293.921	293.916
19.4806	293.907	293.902
19.4925	293.894	293.889
19.5044	293.88	293.875
19.5164	293.867	293.862
19.5283	293.854	293.849
19.5402	293.841	293.836
19.5522	293.828	293.823
19.5641	293.815	293.811
19.5761	293.803	293.798
19.588	293.791	293.786
19.5999	293.778	293.774
19.6119	293.766	293.762
19.6238	293.754	293.75
19.6357	293.743	293.739
19.6477	293.731	293.727
19.6596	293.72	293.716
19.6716	293.709	293.704
19.6835	293.697	293.693
19.6954	293.686	293.683
19.7074	293.676	293.672
19.7193	293.665	293.661
19.7312	293.654	293.651
19.7432	293.644	293.64
19.7551	293.634	293.63
19.767	293.624	293.62
19.779	293.614	293.61
19.7909	293.604	293.6
19.8029	293.594	293.591
19.8148	293.585	293.581
19.8267	293.575	293.572
19.8387	293.566	293.562
19.8506	293.557	293.553
19.8625	293.548	293.544
19.8745	293.539	293.535
19.8864	293.53	293.527
19.8983	293.521	293.518
19.9103	293.513	293.509
19.9222	293.504	293.501
19.9342	293.496	293.493
19.9461	293.488	293.485
19.958	293.479	293.476
19.97	293.471	293.468
19.9819	293.464	293.461
19.9938	293.456	293.453
20.0058	293.448	293.445
20.0177	293.441	293.438
20.0296	293.433	293.43
20.0416	293.426	293.423
20.0535	293.419	293.416
20.0655	293.411	293.409
20.0774	293.404	293.402
20.0893	293.397	293.395
20.1013	293.391	293.388
20.1132	293.384	293.381
20.1251	293.377	293.375
20.1371	293.371	293.368
20.149	293.364	293.362
20.161	293.358	293.356
20.1729	293.352	293.349
20.1848	293.346	293.343
20.1968	293.34	293.337
20.2087	293.334	293.331
20.2206	293.328	293.326
20.2326	293.322	293.32
20.2445	293.316	293.314
20.2564	293.311	293.309
20.2684	293.305	293.303
20.2803	293.3	293.298
20.2923	293.294	293.292
20.3042	293.289	293.287
20.3161	293.284	293.282
20.3281	293.279	293.277
20.34	293.274	293.272
20.3519	293.269	293.267
20.3639	293.264	293.262
20.3758	293.259	293.257
20.3877	293.254	293.252
20.3997	293.249	293.248
20.4116	293.245	293.243
20.4236	293.24	293.239
20.4355	293.236	293.234
20.4474	293.232	293.23
20.4594	293.227	293.226
20.4713	293.223	293.221
20.4832	293.219	293.217
20.4952	293.215	293.213
20.5071	293.211	293.209
20.5191	293.207	293.205
20.531	293.203	293.201
20.5429	293.199	293.198
20.5549	293.195	293.194
20.5668	293.191	293.19
20.5787	293.188	293.186
20.5907	293.184	293.183
20.6026	293.181	293.179
20.6145	293.177	293.176
20.6265	293.174	293.172
20.6384	293.17	293.169
20.6504	293.167	293.166
20.6623	293.164	293.163
20.6742	293.161	293.159
20.6862	293.157	293.156
20.6981	293.154	293.153
20.71	293.151	293.15
20.722	293.148	293.147
20.7339	293.145	293.144
20.7458	293.142	293.141
20.7578	293.14	293.139
20.7697	293.137	293.136
20.7817	293.134	293.133
20.7936	293.131	293.13
20.8055	293.129	293.128
20.8175	293.126	293.125
20.8294	293.124	293.123
20.8413	293.121	293.12
20.8533	293.119	293.118
20.8652	293.116	293.115
20.8771	293.114	293.113
20.8891	293.111	293.111
20.901	293.109	293.108
20.913	293.107	293.106
20.9249	293.105	293.104
20.9368	293.102	293.102
20.9488	293.1	293.099
20.9607	293.098	293.097
20.9726	293.096	293.095
20.9846	293.094	293.093
20.9965	293.092	293.091
21.0085	293.09	293.089
21.0204	293.088	293.087
21.0323	293.086	293.086
21.0443	293.084	293.084
21.0562	293.083	293.082
21.0681	293.081	293.08
21.0801	293.079	293.078
21.092	293.077	293.077
21.1039	293.076	293.075
21.1159	293.074	293.073
21.1278	293.072	293.072
21.1398	293.071	293.07
21.1517	293.069	293.069
21.1636	293.068	293.067
21.1756	293.066	293.066
21.1875	293.065	293.064
21.1994	293.063	293.063
21.2114	293.062	293.061
21.2233	293.061	293.06
21.2352	293.059	293.059
21.2472	293.058	293.057
21.2591	293.057	293.056
21.2711	293.055	293.055
21.283	293.054	293.054
21.2949	293.053	293.052
21.3069	293.052	293.051
21.3188	293.05	293.05
21.3307	293.049	293.049
21.3427	293.048	293.048
21.3546	293.047	293.047
21.3666	293.046	293.045
21.3785	293.045	293.044
21.3904	293.044	293.043
21.4024	293.043	293.042
21.4143	293.042	293.041
21.4262	293.041	293.04
21.4382	293.04	293.039
21.4501	293.039	293.038
21.462	293.038	293.038
21.474	293.037	293.037
21.4859	293.036	293.036
21.4979	293.035	293.035
21.5098	293.034	293.034
21.5217	293.033	293.033
21.5337	293.033	293.032
21.5456	293.032	293.032
21.5575	293.031	293.031
21.5695	293.03	293.03
21.5814	293.03	293.029
21.5933	293.029	293.029
21.6053	293.028	293.028
21.6172	293.027	293.027
21.6292	293.027	293.026
21.6411	293.026	293.026
21.653	293.025	293.025
21.665	293.025	293.025
21.6769	293.024	293.024
21.6888	293.024	293.023
21.7008	293.023	293.023
21.7127	293.022	293.022
21.7246	293.022	293.022
21.7366	293.021	293.021
21.7485	293.021	293.02
21.7605	293.02	293.02
21.7724	293.02	293.019
21.7843	293.019	293.019
21.7963	293.019	293.018
21.8082	293.018	293.018
21.8201	293.018	293.017
21.8321	293.017	293.017
21.844	293.017	293.016
21.856	293.016	293.016
21.8679	293.016	293.016
21.8798	293.015	293.015
21.8918	293.015	293.015
21.9037	293.015	293.014
21.9156	293.014	293.014
21.9276	293.014	293.014
21.9395	293.013	293.013
21.9514	293.013	293.013
21.9634	293.013	293.012
21.9753	293.012	293.012
21.9873	293.012	293.012
21.9992	293.012	293.011
22.0111	293.011	293.011
22.0231	293.011	293.011
22.035	293.011	293.011
22.0469	293.01	293.01
22.0589	293.01	293.01
22.0708	293.01	293.01
22.0827	293.009	293.009
22.0947	293.009	293.009
22.1066	293.009	293.009
22.1186	293.009	293.009
22.1305	293.008	293.008
22.1424	293.008	293.008
22.1544	293.008	293.008
22.1663	293.008	293.008
22.1782	293.007	293.007
22.1902	293.007	293.007
22.2021	293.007	293.007
22.2141	293.007	293.007
22.226	293.007	293.007
22.2379	293.006	293.006
22.2499	293.006	293.006
22.2618	293.006	293.006
22.2737	293.006	293.006
22.2857	293.006	293.006
22.2976	293.005	293.005
22.3095	293.005	293.005
22.3215	293.005	293.005
22.3334	293.005	293.005
22.3454	293.005	293.005
22.3573	293.005	293.005
22.3692	293.005	293.004
22.3812	293.004	293.004
22.3931	293.004	293.004
22.405	293.004	293.004
22.417	293.004	293.004
22.4289	293.004	293.004
22.4408	293.004	293.004
22.4528	293.004	293.004
22.4647	293.003	293.003
22.4767	293.003	293.003
22.4886	293.003	293.003
22.5005	293.003	293.003
22.5125	293.003	293.003
22.5244	293.003	293.003
22.5363	293.003	293.003
22.5483	293.003	293.003
22.5602	293.003	293.003
22.5721	293.003	293.003
22.5841	293.002	293.002
22.596	293.002	293.002
22.608	293.002	293.002
22.6199	293.002	293.002
22.6318	293.002	293.002
22.6438	293.002	293.002
22.6557	293.002	293.002
22.6676	293.002	293.002
22.6796	293.002	293.002
22.6915	293.002	293.002
22.7035	293.002	293.002
22.7154	293.002	293.002
22.7273	293.002	293.002
22.7393	293.002	293.002
22.7512	293.001	293.001
22.7631	293.001	293.001
22.7751	293.001	293.001
22.787	293.001	293.001
22.7989	293.001	293.001
22.8109	293.001	293.001
22.8228	293.001	293.001
22.8348	293.001	293.001
22.8467	293.001	293.001
22.8586	293.001	293.001
22.8706	293.001	293.001
22.8825	293.001	293.001
22.8944	293.001	293.001
22.9064	293.001	293.001
22.9183	293.001	293.001
22.9302	293.001	293.001
22.9422	293.001	293.001
22.9541	293.001	293.001
22.9661	293.001	293.001
22.978	293.001	293.001
22.9899	293.001	293.001
23.0019	293.001	293.001
23.0138	293.001	293.001
23.0257	293.001	293.001
23.0377	293.001	293.001
23.0496	293.001	293.001
23.0616	293.001	293
23.0735	293	293
23.0854	293	293
23.0974	293	293
23.1093	293	293
23.1212	293	293
23.1332	293	293
23.1451	293	293
23.157	293	293
23.169	293	293
23.1809	293	293
23.1929	293	293
23.2048	293	293
23.2167	293	293
23.2287	293	293
23.2406	293	293
23.2525	293	293
23.2645	293	293
23.2764	293	293
23.2883	293	293
23.3003	293	293
23.3122	293	293
23.3242	293	293
23.3361	293	293
23.348	293	293
23.36	293	293
23.3719	293	293
23.3838	293	293
23.3958	293	293
23.4077	293	293
23.4196	293	293
23.4316	293	293
23.4435	293	293
23.4555	293	293
23.4674	293	293
23.4793	293	293
23.4913	293	293
23.5032	293	293
23.5151	293	293
23.5271	293	293
23.539	293	293
23.551	293	293
23.5629	293	293
23.5748	293	293
23.5868	293	293
23.5987	293	293
23.6106	293	293
23.6226	293	293
23.6345	293	293
23.6464	293	293
23.6584	293	293
23.6703	293	293
23.6823	293	293
23.6942	293	293
23.7061	293	293
23.7181	293	293
23.73	293	293
23.7419	293	293
23.7539	293	293
23.7658	293	293
23.7777	293	293
23.7897	293	293
23.8016	293	293
23.8136	293	293
23.8255	293	293
23.8374	293	293
23.8494	293	293
23.8613	293	293
23.8732	293	293
