0	873	872.937
0.0119366	872.999	872.937
0.0238732	872.998	872.935
0.0358099	872.997	872.933
0.0477465	872.997	872.93
0.0596831	872.996	872.926
0.0716197	872.995	872.922
0.0835563	872.994	872.917
0.095493	872.993	872.912
0.10743	872.992	872.906
0.119366	872.991	872.901
0.131303	872.99	872.894
0.143239	872.989	872.888
0.155176	872.987	872.881
0.167113	872.986	872.874
0.179049	872.985	872.867
0.190986	872.983	872.859
0.202923	872.982	872.851
0.214859	872.98	872.843
0.226796	872.978	872.835
0.238732	872.976	872.826
0.250669	872.974	872.817
0.262606	872.972	872.808
0.274542	872.97	872.798
0.286479	872.968	872.788
0.298416	872.966	872.778
0.310352	872.963	872.767
0.322289	872.961	872.757
0.334225	872.958	872.745
0.346162	872.955	872.734
0.358099	872.952	872.722
0.370035	872.949	872.71
0.381972	872.946	872.697
0.393908	872.943	872.684
0.405845	872.939	872.671
0.417782	872.936	872.657
0.429718	872.932	872.643
0.441655	872.928	872.629
0.453592	872.924	872.614
0.465528	872.92	872.599
0.477465	872.916	872.583
0.489401	872.911	872.567
0.501338	872.906	872.551
0.513275	872.902	872.534
0.525211	872.897	872.517
0.537148	872.892	872.499
0.549085	872.886	872.481
0.561021	872.881	872.462
0.572958	872.875	872.443
0.584894	872.869	872.424
0.596831	872.863	872.404
0.608768	872.857	872.383
0.620704	872.85	872.362
0.632641	872.844	872.341
0.644578	872.837	872.319
0.656514	872.83	872.296
0.668451	872.822	872.273
0.680387	872.815	872.25
0.692324	872.807	872.226
0.704261	872.799	872.201
0.716197	872.791	872.176
0.728134	872.782	872.15
0.74007	872.773	872.124
0.752007	872.764	872.097
0.763944	872.755	872.07
0.77588	872.745	872.042
0.787817	872.736	872.013
0.799754	872.725	871.984
0.81169	872.715	871.954
0.823627	872.704	871.924
0.835563	872.693	871.893
0.8475	872.682	871.861
0.859437	872.671	871.829
0.871373	872.659	871.796
0.88331	872.647	871.762
0.895247	872.634	871.728
0.907183	872.621	871.693
0.91912	872.608	871.658
0.931056	872.595	871.621
0.942993	872.581	871.584
0.95493	872.567	871.547
0.966866	872.552	871.508
0.978803	872.537	871.469
0.99074	872.522	871.429
1.00268	872.506	871.389
1.01461	872.49	871.348
1.02655	872.474	871.306
1.03849	872.457	871.263
1.05042	872.44	871.219
1.06236	872.422	871.175
1.0743	872.404	871.13
1.08623	872.386	871.084
1.09817	872.367	871.037
1.11011	872.348	870.99
1.12204	872.328	870.941
1.13398	872.308	870.892
1.14592	872.288	870.842
1.15785	872.267	870.791
1.16979	872.245	870.74
1.18173	872.223	870.687
1.19366	872.201	870.634
1.2056	872.178	870.58
1.21754	872.155	870.525
1.22947	872.131	870.468
1.24141	872.106	870.412
1.25335	872.082	870.354
1.26528	872.056	870.295
1.27722	872.03	870.235
1.28916	872.004	870.175
1.30109	871.977	870.113
1.31303	871.949	870.051
1.32496	871.921	869.987
1.3369	871.893	869.923
1.34884	871.864	869.858
1.36077	871.834	869.791
1.37271	871.804	869.724
1.38465	871.773	869.656
1.39658	871.741	869.586
1.40852	871.709	869.516
1.42046	871.677	869.445
1.43239	871.643	869.372
1.44433	871.609	869.299
1.45627	871.575	869.225
1.4682	871.54	869.149
1.48014	871.504	869.073
1.49208	871.467	868.995
1.50401	871.43	868.916
1.51595	871.393	868.837
1.52789	871.354	868.756
1.53982	871.315	868.674
1.55176	871.275	868.591
1.5637	871.235	868.507
1.57563	871.193	868.421
1.58757	871.152	868.335
1.59951	871.109	868.247
1.61144	871.066	868.159
1.62338	871.021	868.069
1.63532	870.977	867.978
1.64725	870.931	867.886
1.65919	870.885	867.792
1.67113	870.838	867.698
1.68306	870.79	867.602
1.695	870.741	867.505
1.70694	870.692	867.407
1.71887	870.641	867.308
1.73081	870.59	867.207
1.74275	870.539	867.105
1.75468	870.486	867.002
1.76662	870.432	866.898
1.77856	870.378	866.793
1.79049	870.323	866.686
1.80243	870.267	866.578
1.81437	870.21	866.469
1.8263	870.152	866.358
1.83824	870.094	866.247
1.85018	870.034	866.133
1.86211	869.974	866.019
1.87405	869.913	865.903
1.88599	869.85	865.786
1.89792	869.787	865.668
1.90986	869.723	865.549
1.9218	869.658	865.428
1.93373	869.593	865.305
1.94567	869.526	865.182
1.95761	869.458	865.057
1.96954	869.389	864.931
1.98148	869.32	864.803
1.99342	869.249	864.674
2.00535	869.177	864.544
2.01729	869.105	864.412
2.02923	869.031	864.279
2.04116	868.956	864.144
2.0531	868.881	864.008
2.06504	868.804	863.871
2.07697	868.726	863.732
2.08891	868.648	863.592
2.10085	868.568	863.451
2.11278	868.487	863.308
2.12472	868.405	863.164
2.13666	868.322	863.018
2.14859	868.238	862.871
2.16053	868.153	862.722
2.17246	868.067	862.572
2.1844	867.98	862.421
2.19634	867.892	862.268
2.20827	867.802	862.113
2.22021	867.711	861.957
2.23215	867.62	861.8
2.24408	867.527	861.641
2.25602	867.433	861.481
2.26796	867.338	861.319
2.27989	867.241	861.156
2.29183	867.144	860.991
2.30377	867.045	860.825
2.3157	866.946	860.657
2.32764	866.845	860.488
2.33958	866.743	860.317
2.35151	866.639	860.145
2.36345	866.535	859.972
2.37539	866.429	859.796
2.38732	866.322	859.62
2.39926	866.214	859.441
2.4112	866.104	859.262
2.42313	865.994	859.08
2.43507	865.882	858.898
2.44701	865.769	858.713
2.45894	865.654	858.528
2.47088	865.539	858.34
2.48282	865.422	858.151
2.49475	865.303	857.961
2.50669	865.184	857.769
2.51863	865.063	857.575
2.53056	864.941	857.38
2.5425	864.818	857.184
2.55444	864.693	856.985
2.56637	864.567	856.786
2.57831	864.44	856.584
2.59025	864.311	856.382
2.60218	864.181	856.177
2.61412	864.05	855.971
2.62606	863.918	855.764
2.63799	863.784	855.555
2.64993	863.648	855.344
2.66187	863.512	855.132
2.6738	863.374	854.918
2.68574	863.234	854.703
2.69768	863.093	854.486
2.70961	862.951	854.268
2.72155	862.808	854.048
2.73349	862.663	853.826
2.74542	862.517	853.603
2.75736	862.369	853.378
2.7693	862.22	853.152
2.78123	862.069	852.924
2.79317	861.917	852.695
2.80511	861.764	852.464
2.81704	861.609	852.231
2.82898	861.453	851.997
2.84092	861.296	851.762
2.85285	861.137	851.525
2.86479	860.976	851.286
2.87673	860.814	851.045
2.88866	860.651	850.804
2.9006	860.486	850.56
2.91254	860.32	850.315
2.92447	860.152	850.069
2.93641	859.983	849.82
2.94835	859.812	849.571
2.96028	859.64	849.32
2.97222	859.466	849.067
2.98416	859.291	848.812
2.99609	859.115	848.557
3.00803	858.937	848.299
3.01997	858.757	848.04
3.0319	858.576	847.78
3.04384	858.394	847.518
3.05577	858.21	847.254
3.06771	858.024	846.989
3.07965	857.837	846.722
3.09158	857.649	846.454
3.10352	857.459	846.184
3.11546	857.267	845.913
3.12739	857.074	845.64
3.13933	856.88	845.366
3.15127	856.684	845.09
3.1632	856.486	844.813
3.17514	856.287	844.534
3.18708	856.087	844.254
3.19901	855.884	843.972
3.21095	855.681	843.689
3.22289	855.476	843.404
3.23482	855.269	843.117
3.24676	855.061	842.83
3.2587	854.851	842.54
3.27063	854.64	842.25
3.28257	854.427	841.957
3.29451	854.212	841.664
3.30644	853.996	841.368
3.31838	853.779	841.072
3.33032	853.56	840.774
3.34225	853.34	840.474
3.35419	853.118	840.173
3.36613	852.894	839.871
3.37806	852.669	839.567
3.39	852.442	839.261
3.40194	852.214	838.955
3.41387	851.984	838.646
3.42581	851.753	838.337
3.43775	851.52	838.026
3.44968	851.286	837.713
3.46162	851.05	837.399
3.47356	850.812	837.084
3.48549	850.573	836.768
3.49743	850.333	836.45
3.50937	850.091	836.13
3.5213	849.847	835.809
3.53324	849.602	835.487
3.54518	849.356	835.164
3.55711	849.107	834.839
3.56905	848.858	834.513
3.58099	848.606	834.185
3.59292	848.354	833.856
3.60486	848.099	833.526
3.6168	847.844	833.194
3.62873	847.586	832.862
3.64067	847.327	832.527
3.65261	847.067	832.192
3.66454	846.805	831.855
3.67648	846.542	831.517
3.68842	846.277	831.178
3.70035	846.01	830.837
3.71229	845.742	830.495
3.72423	845.473	830.152
3.73616	845.202	829.807
3.7481	844.929	829.462
3.76004	844.655	829.115
3.77197	844.38	828.767
3.78391	844.103	828.417
3.79585	843.824	828.067
3.80778	843.544	827.715
3.81972	843.263	827.362
3.83166	842.98	827.008
3.84359	842.696	826.652
3.85553	842.41	826.295
3.86747	842.122	825.938
3.8794	841.834	825.579
3.89134	841.543	825.219
3.90327	841.252	824.857
3.91521	840.958	824.495
3.92715	840.664	824.131
3.93908	840.368	823.767
3.95102	840.07	823.401
3.96296	839.771	823.034
3.97489	839.471	822.666
3.98683	839.169	822.297
3.99877	838.866	821.927
4.0107	838.561	821.556
4.02264	838.255	821.183
4.03458	837.947	820.81
4.04651	837.638	820.436
4.05845	837.328	820.06
4.07039	837.016	819.684
4.08232	836.703	819.306
4.09426	836.389	818.927
4.1062	836.073	818.548
4.11813	835.756	818.167
4.13007	835.437	817.786
4.14201	835.117	817.403
4.15394	834.796	817.02
4.16588	834.473	816.635
4.17782	834.149	816.25
4.18975	833.823	815.864
4.20169	833.497	815.476
4.21363	833.169	815.088
4.22556	832.839	814.699
4.2375	832.508	814.309
4.24944	832.176	813.918
4.26137	831.843	813.526
4.27331	831.508	813.133
4.28525	831.173	812.74
4.29718	830.835	812.345
4.30912	830.497	811.95
4.32106	830.157	811.554
4.33299	829.816	811.157
4.34493	829.474	810.759
4.35687	829.13	810.36
4.3688	828.785	809.961
4.38074	828.439	809.56
4.39268	828.092	809.159
4.40461	827.744	808.757
4.41655	827.394	808.355
4.42849	827.043	807.951
4.44042	826.691	807.547
4.45236	826.338	807.142
4.4643	825.983	806.737
4.47623	825.627	806.33
4.48817	825.271	805.923
4.50011	824.913	805.515
4.51204	824.553	805.107
4.52398	824.193	804.698
4.53592	823.832	804.288
4.54785	823.469	803.877
4.55979	823.105	803.466
4.57173	822.74	803.054
4.58366	822.374	802.642
4.5956	822.007	802.229
4.60754	821.639	801.815
4.61947	821.27	801.401
4.63141	820.9	800.986
4.64335	820.528	800.57
4.65528	820.156	800.154
4.66722	819.782	799.737
4.67916	819.408	799.32
4.69109	819.032	798.902
4.70303	818.655	798.484
4.71497	818.278	798.065
4.7269	817.899	797.646
4.73884	817.519	797.226
4.75078	817.139	796.805
4.76271	816.757	796.384
4.77465	816.374	795.962
4.78658	815.991	795.54
4.79852	815.606	795.118
4.81046	815.221	794.695
4.82239	814.834	794.272
4.83433	814.447	793.848
4.84627	814.059	793.423
4.8582	813.669	792.999
4.87014	813.279	792.574
4.88208	812.888	792.148
4.89401	812.496	791.722
4.90595	812.103	791.296
4.91789	811.71	790.869
4.92982	811.315	790.442
4.94176	810.92	790.014
4.9537	810.523	789.586
4.96563	810.126	789.158
4.97757	809.728	788.729
4.98951	809.33	788.3
5.00144	808.93	787.871
5.01338	808.53	787.442
5.02532	808.129	787.012
5.03725	807.727	786.582
5.04919	807.324	786.151
5.06113	806.921	785.72
5.07306	806.516	785.289
5.085	806.111	784.858
5.09694	805.706	784.426
5.10887	805.299	783.994
5.12081	804.892	783.562
5.13275	804.484	783.13
5.14468	804.076	782.697
5.15662	803.666	782.264
5.16856	803.256	781.831
5.18049	802.846	781.398
5.19243	802.435	780.965
5.20437	802.023	780.531
5.2163	801.61	780.097
5.22824	801.197	779.663
5.24018	800.783	779.229
5.25211	800.369	778.795
5.26405	799.954	778.36
5.27599	799.538	777.926
5.28792	799.122	777.491
5.29986	798.705	777.056
5.3118	798.287	776.621
5.32373	797.869	776.186
5.33567	797.451	775.751
5.34761	797.032	775.315
5.35954	796.612	774.88
5.37148	796.192	774.444
5.38342	795.771	774.009
5.39535	795.35	773.573
5.40729	794.929	773.137
5.41923	794.506	772.701
5.43116	794.084	772.266
5.4431	793.661	771.83
5.45504	793.237	771.394
5.46697	792.813	770.958
5.47891	792.389	770.522
5.49085	791.964	770.086
5.50278	791.538	769.649
5.51472	791.113	769.213
5.52666	790.686	768.777
5.53859	790.26	768.341
5.55053	789.833	767.905
5.56247	789.405	767.469
5.5744	788.978	767.033
5.58634	788.55	766.597
5.59828	788.121	766.161
5.61021	787.692	765.725
5.62215	787.263	765.289
5.63408	786.834	764.853
5.64602	786.404	764.417
5.65796	785.974	763.982
5.66989	785.543	763.546
5.68183	785.112	763.11
5.69377	784.681	762.675
5.7057	784.25	762.239
5.71764	783.818	761.804
5.72958	783.386	761.369
5.74151	782.954	760.934
5.75345	782.522	760.499
5.76539	782.089	760.064
5.77732	781.656	759.629
5.78926	781.223	759.194
5.8012	780.79	758.759
5.81313	780.356	758.325
5.82507	779.923	757.891
5.83701	779.489	757.456
5.84894	779.054	757.022
5.86088	778.62	756.588
5.87282	778.186	756.155
5.88475	777.751	755.721
5.89669	777.316	755.287
5.90863	776.881	754.854
5.92056	776.446	754.421
5.9325	776.011	753.988
5.94444	775.575	753.555
5.95637	775.14	753.123
5.96831	774.704	752.69
5.98025	774.269	752.258
5.99218	773.833	751.826
6.00412	773.397	751.394
6.01606	772.961	750.962
6.02799	772.525	750.531
6.03993	772.088	750.1
6.05187	771.652	749.669
6.0638	771.216	749.238
6.07574	770.78	748.807
6.08768	770.343	748.377
6.09961	769.907	747.946
6.11155	769.47	747.517
6.12349	769.034	747.087
6.13542	768.597	746.657
6.14736	768.161	746.228
6.1593	767.724	745.799
6.17123	767.288	745.37
6.18317	766.851	744.942
6.19511	766.415	744.513
6.20704	765.978	744.085
6.21898	765.542	743.657
6.23092	765.105	743.23
6.24285	764.669	742.802
6.25479	764.232	742.375
6.26673	763.796	741.949
6.27866	763.36	741.522
6.2906	762.923	741.096
6.30254	762.487	740.67
6.31447	762.051	740.244
6.32641	761.615	739.818
6.33835	761.179	739.393
6.35028	760.743	738.968
6.36222	760.308	738.544
6.37416	759.872	738.119
6.38609	759.436	737.695
6.39803	759.001	737.271
6.40997	758.566	736.848
6.4219	758.13	736.424
6.43384	757.695	736.002
6.44578	757.26	735.579
6.45771	756.825	735.156
6.46965	756.391	734.734
6.48159	755.956	734.312
6.49352	755.522	733.891
6.50546	755.087	733.47
6.51739	754.653	733.049
6.52933	754.219	732.628
6.54127	753.785	732.208
6.5532	753.352	731.788
6.56514	752.918	731.368
6.57708	752.485	730.948
6.58901	752.052	730.529
6.60095	751.619	730.11
6.61289	751.186	729.692
6.62482	750.753	729.273
6.63676	750.321	728.855
6.6487	749.889	728.438
6.66063	749.457	728.02
6.67257	749.025	727.603
6.68451	748.593	727.186
6.69644	748.162	726.77
6.70838	747.731	726.354
6.72032	747.3	725.938
6.73225	746.869	725.522
6.74419	746.439	725.107
6.75613	746.008	724.692
6.76806	745.578	724.277
6.78	745.148	723.863
6.79194	744.719	723.449
6.80387	744.29	723.035
6.81581	743.861	722.622
6.82775	743.432	722.208
6.83968	743.003	721.796
6.85162	742.575	721.383
6.86356	742.147	720.971
6.87549	741.719	720.559
6.88743	741.291	720.147
6.89937	740.864	719.736
6.9113	740.437	719.325
6.92324	740.01	718.914
6.93518	739.584	718.504
6.94711	739.157	718.093
6.95905	738.731	717.684
6.97099	738.306	717.274
6.98292	737.88	716.865
6.99486	737.455	716.456
7.0068	737.03	716.047
7.01873	736.605	715.639
7.03067	736.181	715.231
7.04261	735.757	714.823
7.05454	735.333	714.415
7.06648	734.91	714.008
7.07842	734.487	713.601
7.09035	734.064	713.195
7.10229	733.641	712.788
7.11423	733.219	712.382
7.12616	732.797	711.976
7.1381	732.375	711.571
7.15004	731.954	711.166
7.16197	731.533	710.761
7.17391	731.112	710.356
7.18585	730.691	709.952
7.19778	730.271	709.548
7.20972	729.851	709.144
7.22166	729.432	708.74
7.23359	729.012	708.337
7.24553	728.593	707.934
7.25747	728.174	707.531
7.2694	727.756	707.129
7.28134	727.338	706.727
7.29328	726.92	706.325
7.30521	726.503	705.923
7.31715	726.086	705.522
7.32909	725.669	705.121
7.34102	725.252	704.72
7.35296	724.836	704.319
7.36489	724.42	703.919
7.37683	724.004	703.519
7.38877	723.589	703.119
7.4007	723.174	702.719
7.41264	722.759	702.32
7.42458	722.345	701.921
7.43651	721.931	701.522
7.44845	721.517	701.124
7.46039	721.103	700.725
7.47232	720.69	700.327
7.48426	720.277	699.929
7.4962	719.865	699.532
7.50813	719.452	699.134
7.52007	719.04	698.737
7.53201	718.629	698.34
7.54394	718.217	697.944
7.55588	717.806	697.547
7.56782	717.396	697.151
7.57975	716.985	696.755
7.59169	716.575	696.359
7.60363	716.165	695.964
7.61556	715.756	695.568
7.6275	715.347	695.173
7.63944	714.938	694.778
7.65137	714.529	694.383
7.66331	714.121	693.989
7.67525	713.713	693.595
7.68718	713.305	693.201
7.69912	712.897	692.807
7.71106	712.49	692.413
7.72299	712.083	692.02
7.73493	711.677	691.626
7.74687	711.271	691.233
7.7588	710.865	690.841
7.77074	710.459	690.448
7.78268	710.054	690.055
7.79461	709.649	689.663
7.80655	709.244	689.271
7.81849	708.839	688.879
7.83042	708.435	688.488
7.84236	708.031	688.096
7.8543	707.627	687.705
7.86623	707.224	687.313
7.87817	706.821	686.922
7.89011	706.418	686.532
7.90204	706.015	686.141
7.91398	705.613	685.75
7.92592	705.211	685.36
7.93785	704.809	684.97
7.94979	704.408	684.58
7.96173	704.007	684.19
7.97366	703.606	683.801
7.9856	703.205	683.411
7.99754	702.805	683.022
8.00947	702.404	682.632
8.02141	702.004	682.243
8.03335	701.605	681.855
8.04528	701.205	681.466
8.05722	700.806	681.077
8.06916	700.407	680.689
8.08109	700.009	680.3
8.09303	699.61	679.912
8.10497	699.212	679.524
8.1169	698.814	679.136
8.12884	698.417	678.748
8.14078	698.019	678.361
8.15271	697.622	677.973
8.16465	697.225	677.586
8.17659	696.829	677.199
8.18852	696.432	676.811
8.20046	696.036	676.424
8.2124	695.64	676.038
8.22433	695.244	675.651
8.23627	694.849	675.264
8.2482	694.453	674.878
8.26014	694.058	674.491
8.27208	693.663	674.105
8.28401	693.269	673.719
8.29595	692.874	673.332
8.30789	692.48	672.946
8.31982	692.086	672.561
8.33176	691.692	672.175
8.3437	691.299	671.789
8.35563	690.906	671.403
8.36757	690.512	671.018
8.37951	690.119	670.632
8.39144	689.727	670.247
8.40338	689.334	669.862
8.41532	688.942	669.477
8.42725	688.55	669.092
8.43919	688.158	668.707
8.45113	687.766	668.322
8.46306	687.374	667.937
8.475	686.983	667.552
8.48694	686.592	667.167
8.49887	686.201	666.783
8.51081	685.81	666.398
8.52275	685.419	666.014
8.53468	685.029	665.63
8.54662	684.638	665.245
8.55856	684.248	664.861
8.57049	683.858	664.477
8.58243	683.468	664.093
8.59437	683.079	663.709
8.6063	682.689	663.325
8.61824	682.3	662.941
8.63018	681.911	662.557
8.64211	681.522	662.173
8.65405	681.133	661.789
8.66599	680.744	661.405
8.67792	680.355	661.022
8.68986	679.967	660.638
8.7018	679.579	660.255
8.71373	679.191	659.871
8.72567	678.803	659.488
8.73761	678.415	659.104
8.74954	678.027	658.721
8.76148	677.64	658.337
8.77342	677.252	657.954
8.78535	676.865	657.571
8.79729	676.478	657.188
8.80923	676.091	656.804
8.82116	675.704	656.421
8.8331	675.317	656.038
8.84504	674.93	655.655
8.85697	674.544	655.272
8.86891	674.157	654.889
8.88085	673.771	654.506
8.89278	673.385	654.123
8.90472	672.999	653.74
8.91666	672.613	653.357
8.92859	672.227	652.974
8.94053	671.841	652.591
8.95247	671.455	652.208
8.9644	671.07	651.825
8.97634	670.684	651.442
8.98828	670.299	651.059
9.00021	669.914	650.677
9.01215	669.529	650.294
9.02409	669.144	649.911
9.03602	668.759	649.528
9.04796	668.374	649.145
9.0599	667.989	648.763
9.07183	667.604	648.38
9.08377	667.219	647.997
9.0957	666.835	647.614
9.10764	666.45	647.232
9.11958	666.066	646.849
9.13151	665.682	646.466
9.14345	665.297	646.083
9.15539	664.913	645.701
9.16732	664.529	645.318
9.17926	664.145	644.935
9.1912	663.761	644.552
9.20313	663.377	644.17
9.21507	662.993	643.787
9.22701	662.61	643.404
9.23894	662.226	643.021
9.25088	661.842	642.639
9.26282	661.459	642.256
9.27475	661.075	641.873
9.28669	660.692	641.49
9.29863	660.308	641.107
9.31056	659.925	640.725
9.3225	659.541	640.342
9.33444	659.158	639.959
9.34637	658.775	639.576
9.35831	658.392	639.193
9.37025	658.008	638.81
9.38218	657.625	638.427
9.39412	657.242	638.045
9.40606	656.859	637.662
9.41799	656.476	637.279
9.42993	656.093	636.896
9.44187	655.71	636.513
9.4538	655.327	636.13
9.46574	654.945	635.747
9.47768	654.562	635.364
9.48961	654.179	634.981
9.50155	653.796	634.598
9.51349	653.413	634.214
9.52542	653.031	633.831
9.53736	652.648	633.448
9.5493	652.265	633.065
9.56123	651.882	632.682
9.57317	651.5	632.299
9.58511	651.117	631.915
9.59704	650.735	631.532
9.60898	650.352	631.149
9.62092	649.969	630.765
9.63285	649.587	630.382
9.64479	649.204	629.999
9.65673	648.822	629.615
9.66866	648.439	629.232
9.6806	648.057	628.848
9.69254	647.674	628.465
9.70447	647.292	628.081
9.71641	646.909	627.698
9.72835	646.526	627.314
9.74028	646.144	626.93
9.75222	645.761	626.547
9.76416	645.379	626.163
9.77609	644.996	625.779
9.78803	644.614	625.396
9.79997	644.231	625.012
9.8119	643.849	624.628
9.82384	643.466	624.244
9.83578	643.084	623.86
9.84771	642.701	623.476
9.85965	642.319	623.092
9.87159	641.936	622.708
9.88352	641.554	622.324
9.89546	641.171	621.94
9.9074	640.788	621.556
9.91933	640.406	621.172
9.93127	640.023	620.788
9.94321	639.641	620.404
9.95514	639.258	620.019
9.96708	638.875	619.635
9.97901	638.493	619.251
9.99095	638.11	618.866
10.0029	637.727	618.482
10.0148	637.345	618.098
10.0268	636.962	617.713
10.0387	636.579	617.329
10.0506	636.196	616.944
10.0626	635.813	616.559
10.0745	635.431	616.175
10.0864	635.048	615.79
10.0984	634.665	615.405
10.1103	634.282	615.021
10.1223	633.899	614.636
10.1342	633.516	614.251
10.1461	633.133	613.866
10.1581	632.75	613.481
10.17	632.367	613.096
10.1819	631.984	612.711
10.1939	631.601	612.326
10.2058	631.218	611.941
10.2177	630.835	611.556
10.2297	630.452	611.171
10.2416	630.069	610.786
10.2536	629.685	610.401
10.2655	629.302	610.016
10.2774	628.919	609.63
10.2894	628.536	609.245
10.3013	628.152	608.86
10.3132	627.769	608.474
10.3252	627.385	608.089
10.3371	627.002	607.703
10.3491	626.619	607.318
10.361	626.235	606.932
10.3729	625.852	606.547
10.3849	625.468	606.161
10.3968	625.084	605.775
10.4087	624.701	605.389
10.4207	624.317	605.004
10.4326	623.934	604.618
10.4445	623.55	604.232
10.4565	623.166	603.846
10.4684	622.782	603.46
10.4804	622.398	603.074
10.4923	622.015	602.688
10.5042	621.631	602.302
10.5162	621.247	601.916
10.5281	620.863	601.53
10.54	620.479	601.144
10.552	620.095	600.758
10.5639	619.711	600.371
10.5758	619.326	599.985
10.5878	618.942	599.599
10.5997	618.558	599.212
10.6117	618.174	598.826
10.6236	617.79	598.44
10.6355	617.405	598.053
10.6475	617.021	597.667
10.6594	616.636	597.28
10.6713	616.252	596.893
10.6833	615.868	596.507
10.6952	615.483	596.12
10.7071	615.098	595.733
10.7191	614.714	595.347
10.731	614.329	594.96
10.743	613.945	594.573
10.7549	613.56	594.186
10.7668	613.175	593.799
10.7788	612.79	593.412
10.7907	612.405	593.025
10.8026	612.02	592.638
10.8146	611.636	592.251
10.8265	611.251	591.864
10.8385	610.865	591.477
10.8504	610.48	591.09
10.8623	610.095	590.703
10.8743	609.71	590.315
10.8862	609.325	589.928
10.8981	608.94	589.541
10.9101	608.554	589.154
10.922	608.169	588.766
10.9339	607.784	588.379
10.9459	607.398	587.991
10.9578	607.013	587.604
10.9698	606.627	587.216
10.9817	606.242	586.829
10.9936	605.856	586.441
11.0056	605.471	586.053
11.0175	605.085	585.666
11.0294	604.699	585.278
11.0414	604.313	584.89
11.0533	603.928	584.503
11.0652	603.542	584.115
11.0772	603.156	583.727
11.0891	602.77	583.339
11.1011	602.384	582.951
11.113	601.998	582.563
11.1249	601.612	582.175
11.1369	601.226	581.787
11.1488	600.839	581.399
11.1607	600.453	581.011
11.1727	600.067	580.623
11.1846	599.681	580.235
11.1966	599.294	579.847
11.2085	598.908	579.458
11.2204	598.522	579.07
11.2324	598.135	578.682
11.2443	597.749	578.294
11.2562	597.362	577.905
11.2682	596.976	577.517
11.2801	596.589	577.128
11.292	596.202	576.74
11.304	595.816	576.351
11.3159	595.429	575.963
11.3279	595.042	575.574
11.3398	594.655	575.186
11.3517	594.268	574.797
11.3637	593.882	574.409
11.3756	593.495	574.02
11.3875	593.108	573.631
11.3995	592.721	573.243
11.4114	592.334	572.854
11.4233	591.947	572.465
11.4353	591.559	572.076
11.4472	591.172	571.687
11.4592	590.785	571.298
11.4711	590.398	570.91
11.483	590.011	570.521
11.495	589.623	570.132
11.5069	589.236	569.743
11.5188	588.849	569.354
11.5308	588.461	568.965
11.5427	588.074	568.576
11.5546	587.686	568.186
11.5666	587.299	567.797
11.5785	586.911	567.408
11.5905	586.524	567.019
11.6024	586.136	566.63
11.6143	585.748	566.24
11.6263	585.36	565.851
11.6382	584.973	565.462
11.6501	584.585	565.072
11.6621	584.197	564.683
11.674	583.809	564.294
11.686	583.421	563.904
11.6979	583.034	563.515
11.7098	582.646	563.125
11.7218	582.258	562.736
11.7337	581.87	562.346
11.7456	581.482	561.957
11.7576	581.093	561.567
11.7695	580.705	561.178
11.7814	580.317	560.788
11.7934	579.929	560.398
11.8053	579.541	560.009
11.8173	579.153	559.619
11.8292	578.764	559.229
11.8411	578.376	558.839
11.8531	577.988	558.45
11.865	577.599	558.06
11.8769	577.211	557.67
11.8889	576.822	557.28
11.9008	576.434	556.89
11.9127	576.045	556.5
11.9247	575.657	556.11
11.9366	575.268	555.72
11.9486	574.88	555.33
11.9605	574.491	554.94
11.9724	574.102	554.55
11.9844	573.714	554.16
11.9963	573.325	553.77
12.0082	572.936	553.38
12.0202	572.548	552.99
12.0321	572.159	552.6
12.0441	571.77	552.21
12.056	571.381	551.819
12.0679	570.992	551.429
12.0799	570.603	551.039
12.0918	570.214	550.649
12.1037	569.825	550.258
12.1157	569.436	549.868
12.1276	569.047	549.478
12.1395	568.658	549.087
12.1515	568.269	548.697
12.1634	567.88	548.307
12.1754	567.491	547.916
12.1873	567.102	547.526
12.1992	566.712	547.135
12.2112	566.323	546.745
12.2231	565.934	546.354
12.235	565.545	545.964
12.247	565.155	545.573
12.2589	564.766	545.183
12.2708	564.377	544.792
12.2828	563.987	544.401
12.2947	563.598	544.011
12.3067	563.208	543.62
12.3186	562.819	543.229
12.3305	562.429	542.839
12.3425	562.04	542.448
12.3544	561.65	542.057
12.3663	561.261	541.667
12.3783	560.871	541.276
12.3902	560.481	540.885
12.4021	560.092	540.494
12.4141	559.702	540.103
12.426	559.312	539.713
12.438	558.923	539.322
12.4499	558.533	538.931
12.4618	558.143	538.54
12.4738	557.753	538.149
12.4857	557.363	537.758
12.4976	556.974	537.367
12.5096	556.584	536.976
12.5215	556.194	536.585
12.5335	555.804	536.194
12.5454	555.414	535.803
12.5573	555.024	535.412
12.5693	554.634	535.021
12.5812	554.244	534.63
12.5931	553.854	534.239
12.6051	553.464	533.848
12.617	553.074	533.457
12.6289	552.684	533.066
12.6409	552.293	532.675
12.6528	551.903	532.284
12.6648	551.513	531.892
12.6767	551.123	531.501
12.6886	550.733	531.11
12.7006	550.342	530.719
12.7125	549.952	530.328
12.7244	549.562	529.937
12.7364	549.172	529.545
12.7483	548.781	529.154
12.7602	548.391	528.763
12.7722	548	528.372
12.7841	547.61	527.98
12.7961	547.22	527.589
12.808	546.829	527.198
12.8199	546.439	526.807
12.8319	546.048	526.415
12.8438	545.658	526.024
12.8557	545.267	525.633
12.8677	544.877	525.241
12.8796	544.486	524.85
12.8916	544.096	524.459
12.9035	543.705	524.067
12.9154	543.314	523.676
12.9274	542.924	523.285
12.9393	542.533	522.893
12.9512	542.142	522.502
12.9632	541.752	522.11
12.9751	541.361	521.719
12.987	540.97	521.328
12.999	540.58	520.936
13.0109	540.189	520.545
13.0229	539.798	520.154
13.0348	539.407	519.762
13.0467	539.017	519.371
13.0587	538.626	518.979
13.0706	538.235	518.588
13.0825	537.844	518.197
13.0945	537.453	517.805
13.1064	537.062	517.414
13.1183	536.671	517.022
13.1303	536.281	516.631
13.1422	535.89	516.239
13.1542	535.499	515.848
13.1661	535.108	515.457
13.178	534.717	515.065
13.19	534.326	514.674
13.2019	533.935	514.282
13.2138	533.544	513.891
13.2258	533.153	513.5
13.2377	532.762	513.108
13.2496	532.371	512.717
13.2616	531.98	512.325
13.2735	531.589	511.934
13.2855	531.198	511.543
13.2974	530.806	511.151
13.3093	530.415	510.76
13.3213	530.024	510.368
13.3332	529.633	509.977
13.3451	529.242	509.586
13.3571	528.851	509.194
13.369	528.46	508.803
13.381	528.069	508.412
13.3929	527.677	508.02
13.4048	527.286	507.629
13.4168	526.895	507.238
13.4287	526.504	506.846
13.4406	526.113	506.455
13.4526	525.722	506.064
13.4645	525.33	505.673
13.4764	524.939	505.281
13.4884	524.548	504.89
13.5003	524.157	504.499
13.5123	523.765	504.108
13.5242	523.374	503.717
13.5361	522.983	503.325
13.5481	522.592	502.934
13.56	522.2	502.543
13.5719	521.809	502.152
13.5839	521.418	501.761
13.5958	521.027	501.37
13.6077	520.635	500.979
13.6197	520.244	500.588
13.6316	519.853	500.197
13.6436	519.462	499.806
13.6555	519.07	499.415
13.6674	518.679	499.024
13.6794	518.288	498.633
13.6913	517.896	498.242
13.7032	517.505	497.851
13.7152	517.114	497.46
13.7271	516.723	497.069
13.7391	516.331	496.679
13.751	515.94	496.288
13.7629	515.549	495.897
13.7749	515.158	495.506
13.7868	514.766	495.116
13.7987	514.375	494.725
13.8107	513.984	494.334
13.8226	513.593	493.944
13.8345	513.201	493.553
13.8465	512.81	493.162
13.8584	512.419	492.772
13.8704	512.028	492.381
13.8823	511.636	491.991
13.8942	511.245	491.601
13.9062	510.854	491.21
13.9181	510.463	490.82
13.93	510.071	490.43
13.942	509.68	490.039
13.9539	509.289	489.649
13.9658	508.898	489.259
13.9778	508.507	488.869
13.9897	508.116	488.479
14.0017	507.725	488.089
14.0136	507.333	487.698
14.0255	506.942	487.309
14.0375	506.551	486.919
14.0494	506.16	486.529
14.0613	505.769	486.139
14.0733	505.378	485.749
14.0852	504.987	485.359
14.0971	504.596	484.97
14.1091	504.205	484.58
14.121	503.814	484.19
14.133	503.423	483.801
14.1449	503.032	483.411
14.1568	502.641	483.022
14.1688	502.25	482.632
14.1807	501.859	482.243
14.1926	501.468	481.854
14.2046	501.077	481.464
14.2165	500.687	481.075
14.2285	500.296	480.686
14.2404	499.905	480.297
14.2523	499.514	479.908
14.2643	499.123	479.519
14.2762	498.733	479.13
14.2881	498.342	478.741
14.3001	497.951	478.353
14.312	497.561	477.964
14.3239	497.17	477.575
14.3359	496.779	477.187
14.3478	496.389	476.798
14.3598	495.998	476.41
14.3717	495.608	476.021
14.3836	495.217	475.633
14.3956	494.827	475.245
14.4075	494.436	474.857
14.4194	494.046	474.469
14.4314	493.656	474.081
14.4433	493.265	473.693
14.4552	492.875	473.305
14.4672	492.485	472.917
14.4791	492.095	472.529
14.4911	491.704	472.142
14.503	491.314	471.754
14.5149	490.924	471.367
14.5269	490.534	470.979
14.5388	490.144	470.592
14.5507	489.754	470.205
14.5627	489.364	469.818
14.5746	488.974	469.431
14.5866	488.584	469.044
14.5985	488.194	468.657
14.6104	487.805	468.27
14.6224	487.415	467.883
14.6343	487.025	467.497
14.6462	486.636	467.11
14.6582	486.246	466.724
14.6701	485.856	466.337
14.682	485.467	465.951
14.694	485.077	465.565
14.7059	484.688	465.179
14.7179	484.299	464.793
14.7298	483.909	464.407
14.7417	483.52	464.022
14.7537	483.131	463.636
14.7656	482.742	463.251
14.7775	482.353	462.865
14.7895	481.964	462.48
14.8014	481.575	462.095
14.8133	481.186	461.71
14.8253	480.797	461.325
14.8372	480.408	460.94
14.8492	480.019	460.555
14.8611	479.631	460.17
14.873	479.242	459.786
14.885	478.853	459.401
14.8969	478.465	459.017
14.9088	478.077	458.633
14.9208	477.688	458.249
14.9327	477.3	457.865
14.9446	476.912	457.481
14.9566	476.524	457.098
14.9685	476.135	456.714
14.9805	475.747	456.331
14.9924	475.359	455.947
15.0043	474.972	455.564
15.0163	474.584	455.181
15.0282	474.196	454.798
15.0401	473.808	454.415
15.0521	473.421	454.033
15.064	473.033	453.65
15.076	472.646	453.268
15.0879	472.259	452.886
15.0998	471.871	452.504
15.1118	471.484	452.122
15.1237	471.097	451.74
15.1356	470.71	451.358
15.1476	470.323	450.977
15.1595	469.936	450.595
15.1714	469.55	450.214
15.1834	469.163	449.833
15.1953	468.776	449.452
15.2073	468.39	449.072
15.2192	468.004	448.691
15.2311	467.617	448.311
15.2431	467.231	447.93
15.255	466.845	447.55
15.2669	466.459	447.17
15.2789	466.073	446.79
15.2908	465.687	446.411
15.3027	465.302	446.031
15.3147	464.916	445.652
15.3266	464.53	445.273
15.3386	464.145	444.894
15.3505	463.76	444.515
15.3624	463.375	444.137
15.3744	462.989	443.758
15.3863	462.604	443.38
15.3982	462.22	443.002
15.4102	461.835	442.624
15.4221	461.45	442.246
15.4341	461.066	441.869
15.446	460.681	441.491
15.4579	460.297	441.114
15.4699	459.913	440.737
15.4818	459.529	440.36
15.4937	459.145	439.984
15.5057	458.761	439.607
15.5176	458.377	439.231
15.5295	457.994	438.855
15.5415	457.61	438.479
15.5534	457.227	438.103
15.5654	456.844	437.728
15.5773	456.46	437.353
15.5892	456.077	436.978
15.6012	455.695	436.603
15.6131	455.312	436.228
15.625	454.929	435.854
15.637	454.547	435.48
15.6489	454.165	435.105
15.6608	453.783	434.732
15.6728	453.401	434.358
15.6847	453.019	433.985
15.6967	452.637	433.612
15.7086	452.255	433.239
15.7205	451.874	432.866
15.7325	451.493	432.493
15.7444	451.111	432.121
15.7563	450.73	431.749
15.7683	450.35	431.377
15.7802	449.969	431.006
15.7921	449.588	430.634
15.8041	449.208	430.263
15.816	448.828	429.892
15.828	448.448	429.522
15.8399	448.068	429.151
15.8518	447.688	428.781
15.8638	447.308	428.411
15.8757	446.929	428.042
15.8876	446.55	427.672
15.8996	446.17	427.303
15.9115	445.791	426.934
15.9235	445.413	426.565
15.9354	445.034	426.197
15.9473	444.656	425.829
15.9593	444.277	425.461
15.9712	443.899	425.093
15.9831	443.521	424.726
15.9951	443.144	424.358
16.007	442.766	423.992
16.0189	442.389	423.625
16.0309	442.011	423.258
16.0428	441.634	422.892
16.0548	441.258	422.527
16.0667	440.881	422.161
16.0786	440.504	421.796
16.0906	440.128	421.431
16.1025	439.752	421.066
16.1144	439.376	420.701
16.1264	439.001	420.337
16.1383	438.625	419.973
16.1502	438.25	419.61
16.1622	437.875	419.246
16.1741	437.5	418.883
16.1861	437.125	418.521
16.198	436.751	418.158
16.2099	436.376	417.796
16.2219	436.002	417.434
16.2338	435.628	417.073
16.2457	435.255	416.711
16.2577	434.881	416.35
16.2696	434.508	415.99
16.2816	434.135	415.629
16.2935	433.762	415.269
16.3054	433.39	414.909
16.3174	433.017	414.55
16.3293	432.645	414.191
16.3412	432.273	413.832
16.3532	431.901	413.473
16.3651	431.53	413.115
16.377	431.159	412.757
16.389	430.788	412.4
16.4009	430.417	412.043
16.4129	430.046	411.686
16.4248	429.676	411.329
16.4367	429.306	410.973
16.4487	428.936	410.617
16.4606	428.567	410.261
16.4725	428.197	409.906
16.4845	427.828	409.551
16.4964	427.459	409.197
16.5083	427.091	408.842
16.5203	426.722	408.488
16.5322	426.354	408.135
16.5442	425.986	407.782
16.5561	425.619	407.429
16.568	425.252	407.076
16.58	424.884	406.724
16.5919	424.518	406.372
16.6038	424.151	406.021
16.6158	423.785	405.67
16.6277	423.419	405.319
16.6396	423.053	404.969
16.6516	422.687	404.619
16.6635	422.322	404.269
16.6755	421.957	403.92
16.6874	421.593	403.571
16.6993	421.228	403.222
16.7113	420.864	402.874
16.7232	420.5	402.526
16.7351	420.137	402.179
16.7471	419.773	401.832
16.759	419.41	401.485
16.771	419.048	401.139
16.7829	418.685	400.793
16.7948	418.323	400.447
16.8068	417.961	400.102
16.8187	417.6	399.758
16.8306	417.238	399.413
16.8426	416.877	399.069
16.8545	416.517	398.726
16.8664	416.156	398.383
16.8784	415.796	398.04
16.8903	415.437	397.697
16.9023	415.077	397.355
16.9142	414.718	397.014
16.9261	414.359	396.673
16.9381	414.001	396.332
16.95	413.642	395.992
16.9619	413.285	395.652
16.9739	412.927	395.312
16.9858	412.57	394.973
16.9977	412.213	394.635
17.0097	411.856	394.296
17.0216	411.5	393.958
17.0336	411.144	393.621
17.0455	410.788	393.284
17.0574	410.433	392.948
17.0694	410.078	392.611
17.0813	409.723	392.276
17.0932	409.369	391.94
17.1052	409.015	391.606
17.1171	408.662	391.271
17.1291	408.308	390.937
17.141	407.955	390.604
17.1529	407.603	390.271
17.1649	407.251	389.938
17.1768	406.899	389.606
17.1887	406.547	389.274
17.2007	406.196	388.943
17.2126	405.845	388.612
17.2245	405.495	388.282
17.2365	405.145	387.952
17.2484	404.795	387.622
17.2604	404.446	387.293
17.2723	404.097	386.965
17.2842	403.748	386.637
17.2962	403.4	386.309
17.3081	403.052	385.982
17.32	402.704	385.655
17.332	402.357	385.329
17.3439	402.01	385.003
17.3558	401.664	384.678
17.3678	401.318	384.353
17.3797	400.972	384.029
17.3917	400.627	383.705
17.4036	400.282	383.382
17.4155	399.938	383.059
17.4275	399.593	382.737
17.4394	399.25	382.415
17.4513	398.906	382.093
17.4633	398.563	381.772
17.4752	398.221	381.452
17.4871	397.879	381.132
17.4991	397.537	380.813
17.511	397.196	380.494
17.523	396.855	380.175
17.5349	396.514	379.857
17.5468	396.174	379.54
17.5588	395.835	379.223
17.5707	395.495	378.907
17.5826	395.156	378.591
17.5946	394.818	378.275
17.6065	394.48	377.96
17.6185	394.142	377.646
17.6304	393.805	377.332
17.6423	393.468	377.019
17.6543	393.132	376.706
17.6662	392.796	376.394
17.6781	392.461	376.082
17.6901	392.126	375.771
17.702	391.791	375.46
17.7139	391.457	375.15
17.7259	391.123	374.84
17.7378	390.79	374.531
17.7498	390.457	374.222
17.7617	390.124	373.914
17.7736	389.792	373.607
17.7856	389.461	373.3
17.7975	389.13	372.993
17.8094	388.799	372.687
17.8214	388.469	372.382
17.8333	388.139	372.077
17.8452	387.81	371.773
17.8572	387.481	371.469
17.8691	387.153	371.166
17.8811	386.825	370.863
17.893	386.497	370.561
17.9049	386.17	370.259
17.9169	385.844	369.958
17.9288	385.518	369.658
17.9407	385.192	369.358
17.9527	384.867	369.059
17.9646	384.543	368.76
17.9766	384.218	368.462
17.9885	383.895	368.164
18.0004	383.571	367.867
18.0124	383.249	367.571
18.0243	382.926	367.275
18.0362	382.605	366.979
18.0482	382.283	366.685
18.0601	381.963	366.39
18.072	381.642	366.097
18.084	381.323	365.804
18.0959	381.003	365.511
18.1079	380.684	365.219
18.1198	380.366	364.928
18.1317	380.048	364.637
18.1437	379.731	364.347
18.1556	379.414	364.057
18.1675	379.098	363.768
18.1795	378.782	363.48
18.1914	378.467	363.192
18.2033	378.152	362.905
18.2153	377.838	362.618
18.2272	377.524	362.332
18.2392	377.211	362.047
18.2511	376.898	361.762
18.263	376.586	361.478
18.275	376.274	361.194
18.2869	375.963	360.911
18.2988	375.652	360.628
18.3108	375.342	360.347
18.3227	375.032	360.065
18.3346	374.723	359.785
18.3466	374.415	359.505
18.3585	374.107	359.225
18.3705	373.799	358.946
18.3824	373.492	358.668
18.3943	373.186	358.391
18.4063	372.88	358.114
18.4182	372.575	357.837
18.4301	372.27	357.561
18.4421	371.965	357.286
18.454	371.662	357.012
18.466	371.359	356.738
18.4779	371.056	356.465
18.4898	370.754	356.192
18.5018	370.452	355.92
18.5137	370.151	355.648
18.5256	369.851	355.378
18.5376	369.551	355.107
18.5495	369.252	354.838
18.5614	368.953	354.569
18.5734	368.655	354.301
18.5853	368.357	354.033
18.5973	368.06	353.766
18.6092	367.764	353.5
18.6211	367.468	353.234
18.6331	367.172	352.969
18.645	366.877	352.704
18.6569	366.583	352.44
18.6689	366.289	352.177
18.6808	365.996	351.915
18.6927	365.704	351.653
18.7047	365.412	351.391
18.7166	365.121	351.131
18.7286	364.83	350.871
18.7405	364.54	350.611
18.7524	364.25	350.353
18.7644	363.961	350.095
18.7763	363.672	349.837
18.7882	363.385	349.58
18.8002	363.097	349.324
18.8121	362.811	349.069
18.8241	362.524	348.814
18.836	362.239	348.56
18.8479	361.954	348.306
18.8599	361.67	348.053
18.8718	361.386	347.801
18.8837	361.103	347.55
18.8957	360.82	347.299
18.9076	360.538	347.048
18.9195	360.257	346.799
18.9315	359.976	346.55
18.9434	359.696	346.302
18.9554	359.417	346.054
18.9673	359.138	345.807
18.9792	358.859	345.561
18.9912	358.582	345.315
19.0031	358.304	345.07
19.015	358.028	344.826
19.027	357.752	344.582
19.0389	357.477	344.339
19.0508	357.202	344.097
19.0628	356.928	343.855
19.0747	356.655	343.614
19.0867	356.382	343.374
19.0986	356.11	343.134
19.1105	355.838	342.895
19.1225	355.567	342.657
19.1344	355.297	342.419
19.1463	355.027	342.182
19.1583	354.758	341.946
19.1702	354.49	341.71
19.1821	354.222	341.475
19.1941	353.955	341.241
19.206	353.688	341.007
19.218	353.422	340.774
19.2299	353.157	340.542
19.2418	352.892	340.311
19.2538	352.628	340.08
19.2657	352.365	339.849
19.2776	352.102	339.62
19.2896	351.84	339.391
19.3015	351.579	339.163
19.3135	351.318	338.935
19.3254	351.058	338.708
19.3373	350.798	338.482
19.3493	350.539	338.257
19.3612	350.281	338.032
19.3731	350.023	337.808
19.3851	349.766	337.584
19.397	349.51	337.361
19.4089	349.254	337.139
19.4209	348.999	336.918
19.4328	348.745	336.697
19.4448	348.491	336.477
19.4567	348.238	336.258
19.4686	347.985	336.039
19.4806	347.734	335.821
19.4925	347.482	335.603
19.5044	347.232	335.387
19.5164	346.982	335.171
19.5283	346.733	334.956
19.5402	346.484	334.741
19.5522	346.236	334.527
19.5641	345.989	334.314
19.5761	345.743	334.101
19.588	345.497	333.889
19.5999	345.252	333.678
19.6119	345.007	333.468
19.6238	344.763	333.258
19.6357	344.52	333.049
19.6477	344.277	332.84
19.6596	344.035	332.632
19.6716	343.794	332.425
19.6835	343.553	332.219
19.6954	343.313	332.013
19.7074	343.074	331.808
19.7193	342.836	331.604
19.7312	342.598	331.4
19.7432	342.36	331.197
19.7551	342.124	330.995
19.767	341.888	330.793
19.779	341.653	330.592
19.7909	341.418	330.392
19.8029	341.184	330.192
19.8148	340.951	329.993
19.8267	340.718	329.795
19.8387	340.486	329.598
19.8506	340.255	329.401
19.8625	340.024	329.205
19.8745	339.795	329.009
19.8864	339.565	328.814
19.8983	339.337	328.62
19.9103	339.109	328.427
19.9222	338.882	328.234
19.9342	338.655	328.042
19.9461	338.429	327.851
19.958	338.204	327.66
19.97	337.98	327.47
19.9819	337.756	327.281
19.9938	337.533	327.092
20.0058	337.31	326.904
20.0177	337.088	326.717
20.0296	336.867	326.53
20.0416	336.647	326.344
20.0535	336.427	326.159
20.0655	336.208	325.974
20.0774	335.99	325.79
20.0893	335.772	325.607
20.1013	335.555	325.425
20.1132	335.339	325.243
20.1251	335.123	325.062
20.1371	334.908	324.881
20.149	334.694	324.701
20.161	334.48	324.522
20.1729	334.267	324.344
20.1848	334.055	324.166
20.1968	333.843	323.989
20.2087	333.632	323.812
20.2206	333.422	323.636
20.2326	333.212	323.461
20.2445	333.004	323.287
20.2564	332.795	323.113
20.2684	332.588	322.94
20.2803	332.381	322.768
20.2923	332.175	322.596
20.3042	331.97	322.425
20.3161	331.765	322.254
20.3281	331.561	322.085
20.34	331.357	321.915
20.3519	331.154	321.747
20.3639	330.952	321.579
20.3758	330.751	321.412
20.3877	330.55	321.246
20.3997	330.35	321.08
20.4116	330.151	320.915
20.4236	329.952	320.751
20.4355	329.754	320.587
20.4474	329.557	320.424
20.4594	329.361	320.261
20.4713	329.165	320.099
20.4832	328.969	319.938
20.4952	328.775	319.778
20.5071	328.581	319.618
20.5191	328.388	319.459
20.531	328.195	319.3
20.5429	328.004	319.143
20.5549	327.812	318.985
20.5668	327.622	318.829
20.5787	327.432	318.673
20.5907	327.243	318.518
20.6026	327.055	318.363
20.6145	326.867	318.209
20.6265	326.68	318.056
20.6384	326.493	317.903
20.6504	326.308	317.751
20.6623	326.123	317.6
20.6742	325.938	317.45
20.6862	325.755	317.299
20.6981	325.572	317.15
20.71	325.389	317.001
20.722	325.208	316.853
20.7339	325.027	316.706
20.7458	324.846	316.559
20.7578	324.667	316.413
20.7697	324.488	316.267
20.7817	324.309	316.122
20.7936	324.132	315.978
20.8055	323.955	315.835
20.8175	323.779	315.692
20.8294	323.603	315.549
20.8413	323.428	315.407
20.8533	323.254	315.266
20.8652	323.08	315.126
20.8771	322.907	314.986
20.8891	322.735	314.847
20.901	322.563	314.708
20.913	322.393	314.57
20.9249	322.222	314.433
20.9368	322.053	314.296
20.9488	321.884	314.16
20.9607	321.716	314.025
20.9726	321.548	313.89
20.9846	321.381	313.756
20.9965	321.215	313.622
21.0085	321.049	313.489
21.0204	320.884	313.357
21.0323	320.72	313.225
21.0443	320.556	313.094
21.0562	320.393	312.964
21.0681	320.231	312.834
21.0801	320.07	312.704
21.092	319.909	312.576
21.1039	319.748	312.448
21.1159	319.589	312.32
21.1278	319.43	312.193
21.1398	319.271	312.067
21.1517	319.114	311.941
21.1636	318.957	311.816
21.1756	318.8	311.692
21.1875	318.644	311.568
21.1994	318.489	311.445
21.2114	318.335	311.322
21.2233	318.181	311.2
21.2352	318.028	311.079
21.2472	317.876	310.958
21.2591	317.724	310.838
21.2711	317.573	310.718
21.283	317.422	310.599
21.2949	317.272	310.48
21.3069	317.123	310.362
21.3188	316.974	310.245
21.3307	316.826	310.128
21.3427	316.679	310.012
21.3546	316.532	309.896
21.3666	316.386	309.781
21.3785	316.241	309.667
21.3904	316.096	309.553
21.4024	315.952	309.44
21.4143	315.808	309.327
21.4262	315.666	309.215
21.4382	315.523	309.103
21.4501	315.382	308.992
21.462	315.241	308.882
21.474	315.1	308.772
21.4859	314.961	308.663
21.4979	314.822	308.554
21.5098	314.683	308.446
21.5217	314.545	308.338
21.5337	314.408	308.231
21.5456	314.271	308.125
21.5575	314.135	308.019
21.5695	314	307.913
21.5814	313.865	307.809
21.5933	313.731	307.704
21.6053	313.598	307.601
21.6172	313.465	307.497
21.6292	313.333	307.395
21.6411	313.201	307.293
21.653	313.07	307.191
21.665	312.94	307.09
21.6769	312.81	306.99
21.6888	312.681	306.89
21.7008	312.552	306.79
21.7127	312.424	306.692
21.7246	312.297	306.593
21.7366	312.17	306.495
21.7485	312.044	306.398
21.7605	311.918	306.301
21.7724	311.793	306.205
21.7843	311.669	306.11
21.7963	311.545	306.014
21.8082	311.422	305.92
21.8201	311.299	305.826
21.8321	311.177	305.732
21.844	311.056	305.639
21.856	310.935	305.547
21.8679	310.815	305.455
21.8798	310.695	305.363
21.8918	310.576	305.272
21.9037	310.458	305.182
21.9156	310.34	305.092
21.9276	310.223	305.002
21.9395	310.106	304.913
21.9514	309.99	304.825
21.9634	309.874	304.737
21.9753	309.759	304.649
21.9873	309.645	304.562
21.9992	309.531	304.476
22.0111	309.418	304.39
22.0231	309.305	304.305
22.035	309.193	304.22
22.0469	309.082	304.135
22.0589	308.971	304.051
22.0708	308.86	303.968
22.0827	308.751	303.885
22.0947	308.641	303.802
22.1066	308.533	303.72
22.1186	308.425	303.639
22.1305	308.317	303.557
22.1424	308.21	303.477
22.1544	308.104	303.397
22.1663	307.998	303.317
22.1782	307.892	303.238
22.1902	307.788	303.159
22.2021	307.683	303.081
22.2141	307.58	303.003
22.226	307.476	302.926
22.2379	307.374	302.849
22.2499	307.272	302.773
22.2618	307.17	302.697
22.2737	307.069	302.621
22.2857	306.969	302.546
22.2976	306.869	302.472
22.3095	306.77	302.398
22.3215	306.671	302.324
22.3334	306.573	302.251
22.3454	306.475	302.178
22.3573	306.378	302.106
22.3692	306.281	302.034
22.3812	306.185	301.963
22.3931	306.089	301.892
22.405	305.994	301.821
22.417	305.9	301.751
22.4289	305.806	301.681
22.4408	305.712	301.612
22.4528	305.619	301.543
22.4647	305.527	301.475
22.4767	305.435	301.407
22.4886	305.343	301.34
22.5005	305.252	301.273
22.5125	305.162	301.206
22.5244	305.072	301.14
22.5363	304.982	301.074
22.5483	304.893	301.009
22.5602	304.805	300.944
22.5721	304.717	300.879
22.5841	304.63	300.815
22.596	304.543	300.751
22.608	304.456	300.688
22.6199	304.37	300.625
22.6318	304.285	300.563
22.6438	304.2	300.501
22.6557	304.116	300.439
22.6676	304.032	300.378
22.6796	303.948	300.317
22.6915	303.865	300.257
22.7035	303.783	300.196
22.7154	303.701	300.137
22.7273	303.619	300.078
22.7393	303.538	300.019
22.7512	303.458	299.96
22.7631	303.377	299.902
22.7751	303.298	299.844
22.787	303.219	299.787
22.7989	303.14	299.73
22.8109	303.062	299.674
22.8228	302.984	299.617
22.8348	302.907	299.562
22.8467	302.83	299.506
22.8586	302.754	299.451
22.8706	302.678	299.396
22.8825	302.602	299.342
22.8944	302.527	299.288
22.9064	302.453	299.235
22.9183	302.379	299.181
22.9302	302.305	299.129
22.9422	302.232	299.076
22.9541	302.159	299.024
22.9661	302.087	298.972
22.978	302.015	298.921
22.9899	301.944	298.87
23.0019	301.873	298.819
23.0138	301.802	298.769
23.0257	301.732	298.719
23.0377	301.663	298.669
23.0496	301.594	298.62
23.0616	301.525	298.571
23.0735	301.457	298.522
23.0854	301.389	298.474
23.0974	301.321	298.426
23.1093	301.254	298.379
23.1212	301.188	298.331
23.1332	301.121	298.285
23.1451	301.056	298.238
23.157	300.99	298.192
23.169	300.925	298.146
23.1809	300.861	298.1
23.1929	300.797	298.055
23.2048	300.733	298.01
23.2167	300.67	297.966
23.2287	300.607	297.921
23.2406	300.545	297.877
23.2525	300.483	297.834
23.2645	300.421	297.79
23.2764	300.36	297.748
23.2883	300.299	297.705
23.3003	300.238	297.662
23.3122	300.178	297.62
23.3242	300.119	297.579
23.3361	300.059	297.537
23.348	300.001	297.496
23.36	299.942	297.455
23.3719	299.884	297.415
23.3838	299.826	297.375
23.3958	299.769	297.335
23.4077	299.712	297.295
23.4196	299.656	297.256
23.4316	299.599	297.217
23.4435	299.544	297.178
23.4555	299.488	297.14
23.4674	299.433	297.101
23.4793	299.379	297.064
23.4913	299.324	297.026
23.5032	299.27	296.989
23.5151	299.217	296.952
23.5271	299.164	296.915
23.539	299.111	296.879
23.551	299.058	296.842
23.5629	299.006	296.807
23.5748	298.955	296.771
23.5868	298.903	296.736
23.5987	298.852	296.701
23.6106	298.802	296.666
23.6226	298.751	296.631
23.6345	298.701	296.597
23.6464	298.652	296.563
23.6584	298.603	296.529
23.6703	298.554	296.496
23.6823	298.505	296.463
23.6942	298.457	296.43
23.7061	298.409	296.397
23.7181	298.361	296.365
23.73	298.314	296.332
23.7419	298.267	296.301
23.7539	298.221	296.269
23.7658	298.175	296.238
23.7777	298.129	296.207
23.7897	298.083	296.176
23.8016	298.038	296.146
23.8136	297.993	296.116
23.8255	297.949	296.087
23.8374	297.904	296.06
23.8494	297.861	296.037
23.8613	297.818	296.019
23.8732	297.797	296.012
