0	870.788	871.721
0.0119366	870.777	871.718
0.0238732	870.753	871.708
0.0358099	870.729	871.696
0.0477465	870.705	871.683
0.0596831	870.681	871.668
0.0716197	870.656	871.653
0.0835563	870.631	871.638
0.095493	870.606	871.622
0.10743	870.581	871.606
0.119366	870.555	871.59
0.131303	870.529	871.574
0.143239	870.503	871.558
0.155176	870.477	871.541
0.167113	870.451	871.525
0.179049	870.424	871.508
0.190986	870.397	871.491
0.202923	870.37	871.474
0.214859	870.343	871.456
0.226796	870.315	871.439
0.238732	870.287	871.421
0.250669	870.259	871.404
0.262606	870.231	871.386
0.274542	870.202	871.368
0.286479	870.173	871.349
0.298416	870.144	871.331
0.310352	870.115	871.312
0.322289	870.085	871.293
0.334225	870.056	871.274
0.346162	870.025	871.255
0.358099	869.995	871.236
0.370035	869.965	871.216
0.381972	869.934	871.197
0.393908	869.903	871.177
0.405845	869.871	871.157
0.417782	869.84	871.136
0.429718	869.808	871.116
0.441655	869.776	871.095
0.453592	869.743	871.074
0.465528	869.711	871.053
0.477465	869.678	871.032
0.489401	869.644	871.011
0.501338	869.611	870.989
0.513275	869.577	870.967
0.525211	869.543	870.945
0.537148	869.509	870.923
0.549085	869.474	870.901
0.561021	869.439	870.878
0.572958	869.404	870.855
0.584894	869.369	870.832
0.596831	869.333	870.809
0.608768	869.297	870.786
0.620704	869.261	870.762
0.632641	869.224	870.738
0.644578	869.187	870.714
0.656514	869.15	870.69
0.668451	869.112	870.665
0.680387	869.075	870.641
0.692324	869.037	870.616
0.704261	868.998	870.591
0.716197	868.959	870.565
0.728134	868.921	870.54
0.74007	868.881	870.514
0.752007	868.842	870.488
0.763944	868.802	870.462
0.77588	868.761	870.435
0.787817	868.721	870.408
0.799754	868.68	870.381
0.81169	868.639	870.354
0.823627	868.597	870.327
0.835563	868.556	870.299
0.8475	868.513	870.271
0.859437	868.471	870.243
0.871373	868.428	870.215
0.88331	868.385	870.186
0.895247	868.342	870.157
0.907183	868.298	870.128
0.91912	868.254	870.099
0.931056	868.209	870.069
0.942993	868.165	870.039
0.95493	868.119	870.009
0.966866	868.074	869.979
0.978803	868.028	869.948
0.99074	867.982	869.917
1.00268	867.936	869.886
1.01461	867.889	869.855
1.02655	867.842	869.823
1.03849	867.794	869.791
1.05042	867.746	869.759
1.06236	867.698	869.727
1.0743	867.649	869.694
1.08623	867.6	869.661
1.09817	867.551	869.628
1.11011	867.501	869.594
1.12204	867.451	869.56
1.13398	867.401	869.526
1.14592	867.35	869.492
1.15785	867.299	869.457
1.16979	867.248	869.422
1.18173	867.196	869.387
1.19366	867.144	869.352
1.2056	867.091	869.316
1.21754	867.038	869.28
1.22947	866.985	869.244
1.24141	866.931	869.207
1.25335	866.877	869.17
1.26528	866.822	869.133
1.27722	866.767	869.095
1.28916	866.712	869.057
1.30109	866.656	869.019
1.31303	866.6	868.981
1.32496	866.544	868.942
1.3369	866.487	868.903
1.34884	866.429	868.864
1.36077	866.372	868.824
1.37271	866.314	868.784
1.38465	866.255	868.744
1.39658	866.196	868.703
1.40852	866.137	868.663
1.42046	866.077	868.621
1.43239	866.017	868.58
1.44433	865.957	868.538
1.45627	865.896	868.496
1.4682	865.835	868.453
1.48014	865.773	868.411
1.49208	865.711	868.367
1.50401	865.648	868.324
1.51595	865.585	868.28
1.52789	865.521	868.236
1.53982	865.458	868.192
1.55176	865.393	868.147
1.5637	865.329	868.102
1.57563	865.263	868.056
1.58757	865.198	868.01
1.59951	865.132	867.964
1.61144	865.065	867.918
1.62338	864.998	867.871
1.63532	864.931	867.824
1.64725	864.863	867.776
1.65919	864.795	867.728
1.67113	864.726	867.68
1.68306	864.657	867.631
1.695	864.587	867.582
1.70694	864.517	867.533
1.71887	864.447	867.483
1.73081	864.376	867.433
1.74275	864.305	867.383
1.75468	864.233	867.332
1.76662	864.16	867.281
1.77856	864.087	867.229
1.79049	864.014	867.178
1.80243	863.94	867.125
1.81437	863.866	867.073
1.8263	863.792	867.02
1.83824	863.716	866.966
1.85018	863.641	866.913
1.86211	863.565	866.858
1.87405	863.488	866.804
1.88599	863.411	866.749
1.89792	863.334	866.694
1.90986	863.255	866.638
1.9218	863.177	866.582
1.93373	863.098	866.525
1.94567	863.018	866.468
1.95761	862.938	866.411
1.96954	862.858	866.353
1.98148	862.777	866.295
1.99342	862.696	866.237
2.00535	862.614	866.178
2.01729	862.531	866.119
2.02923	862.448	866.059
2.04116	862.365	865.999
2.0531	862.281	865.938
2.06504	862.196	865.877
2.07697	862.111	865.816
2.08891	862.026	865.754
2.10085	861.94	865.692
2.11278	861.853	865.629
2.12472	861.766	865.566
2.13666	861.679	865.503
2.14859	861.591	865.439
2.16053	861.502	865.375
2.17246	861.413	865.31
2.1844	861.323	865.245
2.19634	861.233	865.179
2.20827	861.142	865.113
2.22021	861.051	865.047
2.23215	860.959	864.98
2.24408	860.867	864.912
2.25602	860.774	864.844
2.26796	860.681	864.776
2.27989	860.587	864.707
2.29183	860.492	864.638
2.30377	860.398	864.569
2.3157	860.302	864.499
2.32764	860.206	864.428
2.33958	860.109	864.357
2.35151	860.012	864.286
2.36345	859.914	864.214
2.37539	859.816	864.141
2.38732	859.717	864.069
2.39926	859.618	863.995
2.4112	859.518	863.922
2.42313	859.417	863.847
2.43507	859.316	863.773
2.44701	859.215	863.698
2.45894	859.113	863.622
2.47088	859.01	863.546
2.48282	858.907	863.469
2.49475	858.803	863.392
2.50669	858.698	863.315
2.51863	858.593	863.236
2.53056	858.488	863.158
2.5425	858.381	863.079
2.55444	858.275	862.999
2.56637	858.167	862.919
2.57831	858.059	862.839
2.59025	857.951	862.758
2.60218	857.842	862.676
2.61412	857.732	862.595
2.62606	857.622	862.512
2.63799	857.511	862.429
2.64993	857.4	862.346
2.66187	857.288	862.262
2.6738	857.175	862.177
2.68574	857.062	862.092
2.69768	856.948	862.007
2.70961	856.834	861.921
2.72155	856.719	861.834
2.73349	856.603	861.747
2.74542	856.487	861.659
2.75736	856.37	861.571
2.7693	856.253	861.483
2.78123	856.135	861.393
2.79317	856.016	861.304
2.80511	855.897	861.214
2.81704	855.777	861.123
2.82898	855.657	861.032
2.84092	855.536	860.94
2.85285	855.414	860.848
2.86479	855.292	860.755
2.87673	855.169	860.661
2.88866	855.046	860.567
2.9006	854.922	860.473
2.91254	854.797	860.378
2.92447	854.672	860.282
2.93641	854.546	860.186
2.94835	854.419	860.09
2.96028	854.292	859.992
2.97222	854.164	859.895
2.98416	854.035	859.796
2.99609	853.906	859.698
3.00803	853.777	859.598
3.01997	853.646	859.498
3.0319	853.515	859.398
3.04384	853.384	859.297
3.05577	853.251	859.195
3.06771	853.118	859.093
3.07965	852.985	858.99
3.09158	852.851	858.887
3.10352	852.716	858.783
3.11546	852.58	858.678
3.12739	852.444	858.573
3.13933	852.307	858.467
3.15127	852.17	858.361
3.1632	852.032	858.255
3.17514	851.893	858.147
3.18708	851.754	858.039
3.19901	851.614	857.931
3.21095	851.473	857.822
3.22289	851.332	857.712
3.23482	851.19	857.602
3.24676	851.047	857.491
3.2587	850.904	857.379
3.27063	850.76	857.267
3.28257	850.616	857.155
3.29451	850.47	857.041
3.30644	850.325	856.928
3.31838	850.178	856.813
3.33032	850.031	856.698
3.34225	849.883	856.583
3.35419	849.734	856.466
3.36613	849.585	856.349
3.37806	849.435	856.232
3.39	849.285	856.114
3.40194	849.133	855.995
3.41387	848.982	855.876
3.42581	848.829	855.756
3.43775	848.676	855.636
3.44968	848.522	855.515
3.46162	848.367	855.393
3.47356	848.212	855.271
3.48549	848.056	855.148
3.49743	847.9	855.024
3.50937	847.742	854.9
3.5213	847.584	854.775
3.53324	847.426	854.65
3.54518	847.266	854.524
3.55711	847.106	854.397
3.56905	846.946	854.27
3.58099	846.784	854.142
3.59292	846.622	854.013
3.60486	846.46	853.884
3.6168	846.296	853.754
3.62873	846.132	853.624
3.64067	845.967	853.493
3.65261	845.802	853.361
3.66454	845.636	853.229
3.67648	845.469	853.096
3.68842	845.301	852.962
3.70035	845.133	852.828
3.71229	844.964	852.693
3.72423	844.795	852.558
3.73616	844.624	852.421
3.7481	844.454	852.285
3.76004	844.282	852.147
3.77197	844.11	852.009
3.78391	843.936	851.87
3.79585	843.763	851.731
3.80778	843.588	851.591
3.81972	843.413	851.45
3.83166	843.237	851.308
3.84359	843.061	851.166
3.85553	842.884	851.024
3.86747	842.706	850.88
3.8794	842.527	850.736
3.89134	842.348	850.592
3.90327	842.168	850.446
3.91521	841.987	850.3
3.92715	841.806	850.154
3.93908	841.624	850.006
3.95102	841.441	849.858
3.96296	841.257	849.71
3.97489	841.073	849.56
3.98683	840.888	849.41
3.99877	840.703	849.26
4.0107	840.516	849.108
4.02264	840.329	848.956
4.03458	840.142	848.804
4.04651	839.953	848.65
4.05845	839.764	848.496
4.07039	839.574	848.342
4.08232	839.384	848.186
4.09426	839.193	848.03
4.1062	839.001	847.873
4.11813	838.808	847.716
4.13007	838.615	847.558
4.14201	838.421	847.399
4.15394	838.226	847.24
4.16588	838.03	847.08
4.17782	837.834	846.919
4.18975	837.637	846.757
4.20169	837.44	846.595
4.21363	837.242	846.432
4.22556	837.043	846.269
4.2375	836.843	846.105
4.24944	836.642	845.94
4.26137	836.441	845.774
4.27331	836.24	845.608
4.28525	836.037	845.441
4.29718	835.834	845.273
4.30912	835.63	845.105
4.32106	835.425	844.936
4.33299	835.22	844.766
4.34493	835.014	844.596
4.35687	834.807	844.424
4.3688	834.6	844.253
4.38074	834.392	844.08
4.39268	834.183	843.907
4.40461	833.973	843.733
4.41655	833.763	843.558
4.42849	833.552	843.383
4.44042	833.34	843.207
4.45236	833.128	843.03
4.4643	832.915	842.853
4.47623	832.701	842.675
4.48817	832.486	842.496
4.50011	832.271	842.317
4.51204	832.055	842.136
4.52398	831.838	841.956
4.53592	831.621	841.774
4.54785	831.403	841.592
4.55979	831.184	841.409
4.57173	830.965	841.225
4.58366	830.745	841.041
4.5956	830.524	840.856
4.60754	830.302	840.67
4.61947	830.08	840.483
4.63141	829.857	840.296
4.64335	829.633	840.108
4.65528	829.409	839.919
4.66722	829.184	839.73
4.67916	828.958	839.54
4.69109	828.732	839.349
4.70303	828.505	839.158
4.71497	828.277	838.966
4.7269	828.048	838.773
4.73884	827.819	838.579
4.75078	827.589	838.385
4.76271	827.358	838.19
4.77465	827.127	837.994
4.78658	826.895	837.798
4.79852	826.662	837.601
4.81046	826.429	837.403
4.82239	826.194	837.205
4.83433	825.96	837.005
4.84627	825.724	836.805
4.8582	825.488	836.605
4.87014	825.251	836.403
4.88208	825.013	836.201
4.89401	824.775	835.999
4.90595	824.536	835.795
4.91789	824.296	835.591
4.92982	824.056	835.386
4.94176	823.815	835.18
4.9537	823.573	834.974
4.96563	823.331	834.767
4.97757	823.087	834.559
4.98951	822.844	834.351
5.00144	822.599	834.142
5.01338	822.354	833.932
5.02532	822.108	833.721
5.03725	821.862	833.51
5.04919	821.614	833.298
5.06113	821.366	833.085
5.07306	821.118	832.872
5.085	820.869	832.658
5.09694	820.619	832.443
5.10887	820.368	832.228
5.12081	820.117	832.011
5.13275	819.865	831.794
5.14468	819.612	831.577
5.15662	819.359	831.358
5.16856	819.105	831.139
5.18049	818.85	830.92
5.19243	818.595	830.699
5.20437	818.339	830.478
5.2163	818.082	830.256
5.22824	817.824	830.033
5.24018	817.566	829.81
5.25211	817.308	829.586
5.26405	817.048	829.361
5.27599	816.788	829.136
5.28792	816.528	828.91
5.29986	816.266	828.683
5.3118	816.004	828.456
5.32373	815.741	828.227
5.33567	815.478	827.998
5.34761	815.214	827.769
5.35954	814.949	827.539
5.37148	814.684	827.308
5.38342	814.418	827.076
5.39535	814.151	826.843
5.40729	813.884	826.61
5.41923	813.616	826.376
5.43116	813.348	826.142
5.4431	813.078	825.907
5.45504	812.809	825.671
5.46697	812.538	825.434
5.47891	812.267	825.197
5.49085	811.995	824.959
5.50278	811.722	824.72
5.51472	811.449	824.481
5.52666	811.176	824.241
5.53859	810.901	824
5.55053	810.626	823.759
5.56247	810.351	823.517
5.5744	810.074	823.274
5.58634	809.797	823.03
5.59828	809.52	822.786
5.61021	809.241	822.541
5.62215	808.963	822.295
5.63408	808.683	822.049
5.64602	808.403	821.802
5.65796	808.122	821.555
5.66989	807.841	821.306
5.68183	807.559	821.057
5.69377	807.276	820.808
5.7057	806.993	820.557
5.71764	806.709	820.306
5.72958	806.425	820.054
5.74151	806.14	819.802
5.75345	805.854	819.549
5.76539	805.568	819.295
5.77732	805.281	819.041
5.78926	804.993	818.786
5.8012	804.705	818.53
5.81313	804.416	818.273
5.82507	804.127	818.016
5.83701	803.837	817.758
5.84894	803.546	817.5
5.86088	803.255	817.241
5.87282	802.964	816.981
5.88475	802.671	816.72
5.89669	802.378	816.459
5.90863	802.085	816.197
5.92056	801.79	815.935
5.9325	801.496	815.672
5.94444	801.2	815.408
5.95637	800.904	815.143
5.96831	800.608	814.878
5.98025	800.311	814.612
5.99218	800.013	814.346
6.00412	799.715	814.079
6.01606	799.416	813.811
6.02799	799.116	813.543
6.03993	798.816	813.274
6.05187	798.516	813.004
6.0638	798.215	812.734
6.07574	797.913	812.462
6.08768	797.611	812.191
6.09961	797.308	811.918
6.11155	797.004	811.645
6.12349	796.7	811.372
6.13542	796.396	811.098
6.14736	796.09	810.823
6.1593	795.785	810.547
6.17123	795.478	810.271
6.18317	795.172	809.994
6.19511	794.864	809.717
6.20704	794.556	809.439
6.21898	794.248	809.16
6.23092	793.939	808.881
6.24285	793.629	808.601
6.25479	793.319	808.32
6.26673	793.008	808.039
6.27866	792.697	807.757
6.2906	792.385	807.474
6.30254	792.073	807.191
6.31447	791.76	806.907
6.32641	791.447	806.623
6.33835	791.133	806.338
6.35028	790.818	806.052
6.36222	790.503	805.766
6.37416	790.188	805.479
6.38609	789.872	805.192
6.39803	789.555	804.904
6.40997	789.238	804.615
6.4219	788.92	804.326
6.43384	788.602	804.036
6.44578	788.283	803.745
6.45771	787.964	803.454
6.46965	787.645	803.162
6.48159	787.324	802.87
6.49352	787.004	802.577
6.50546	786.682	802.284
6.51739	786.361	801.989
6.52933	786.038	801.695
6.54127	785.716	801.399
6.5532	785.392	801.103
6.56514	785.069	800.807
6.57708	784.744	800.51
6.58901	784.42	800.212
6.60095	784.094	799.914
6.61289	783.769	799.615
6.62482	783.442	799.316
6.63676	783.116	799.016
6.6487	782.789	798.715
6.66063	782.461	798.414
6.67257	782.133	798.112
6.68451	781.804	797.81
6.69644	781.475	797.507
6.70838	781.145	797.203
6.72032	780.815	796.899
6.73225	780.485	796.595
6.74419	780.154	796.289
6.75613	779.822	795.984
6.76806	779.49	795.677
6.78	779.158	795.37
6.79194	778.825	795.063
6.80387	778.492	794.755
6.81581	778.158	794.446
6.82775	777.824	794.137
6.83968	777.489	793.828
6.85162	777.154	793.517
6.86356	776.818	793.207
6.87549	776.482	792.895
6.88743	776.146	792.583
6.89937	775.809	792.271
6.9113	775.471	791.958
6.92324	775.133	791.645
6.93518	774.795	791.331
6.94711	774.456	791.016
6.95905	774.117	790.701
6.97099	773.778	790.385
6.98292	773.438	790.069
6.99486	773.097	789.752
7.0068	772.756	789.435
7.01873	772.415	789.117
7.03067	772.073	788.799
7.04261	771.731	788.48
7.05454	771.389	788.161
7.06648	771.046	787.841
7.07842	770.702	787.521
7.09035	770.359	787.2
7.10229	770.014	786.879
7.11423	769.67	786.557
7.12616	769.325	786.234
7.1381	768.979	785.912
7.15004	768.633	785.588
7.16197	768.287	785.264
7.17391	767.941	784.94
7.18585	767.594	784.615
7.19778	767.246	784.29
7.20972	766.898	783.964
7.22166	766.55	783.637
7.23359	766.202	783.31
7.24553	765.853	782.983
7.25747	765.503	782.655
7.2694	765.154	782.327
7.28134	764.803	781.998
7.29328	764.453	781.669
7.30521	764.102	781.339
7.31715	763.751	781.009
7.32909	763.399	780.678
7.34102	763.047	780.347
7.35296	762.695	780.015
7.36489	762.342	779.683
7.37683	761.989	779.35
7.38877	761.636	779.017
7.4007	761.282	778.684
7.41264	760.928	778.35
7.42458	760.573	778.015
7.43651	760.218	777.68
7.44845	759.863	777.345
7.46039	759.508	777.009
7.47232	759.152	776.673
7.48426	758.795	776.336
7.4962	758.439	775.999
7.50813	758.082	775.661
7.52007	757.725	775.323
7.53201	757.367	774.985
7.54394	757.009	774.646
7.55588	756.651	774.306
7.56782	756.292	773.967
7.57975	755.933	773.626
7.59169	755.574	773.286
7.60363	755.214	772.945
7.61556	754.854	772.603
7.6275	754.494	772.261
7.63944	754.134	771.919
7.65137	753.773	771.576
7.66331	753.411	771.233
7.67525	753.05	770.889
7.68718	752.688	770.545
7.69912	752.326	770.201
7.71106	751.964	769.856
7.72299	751.601	769.51
7.73493	751.238	769.165
7.74687	750.874	768.819
7.7588	750.511	768.472
7.77074	750.147	768.125
7.78268	749.783	767.778
7.79461	749.418	767.43
7.80655	749.053	767.082
7.81849	748.688	766.734
7.83042	748.323	766.385
7.84236	747.957	766.036
7.8543	747.591	765.686
7.86623	747.225	765.336
7.87817	746.858	764.985
7.89011	746.491	764.635
7.90204	746.124	764.284
7.91398	745.757	763.932
7.92592	745.389	763.58
7.93785	745.021	763.228
7.94979	744.653	762.875
7.96173	744.285	762.522
7.97366	743.916	762.169
7.9856	743.547	761.815
7.99754	743.178	761.461
8.00947	742.808	761.106
8.02141	742.438	760.752
8.03335	742.068	760.396
8.04528	741.698	760.041
8.05722	741.328	759.685
8.06916	740.957	759.329
8.08109	740.586	758.972
8.09303	740.215	758.615
8.10497	739.843	758.258
8.1169	739.471	757.9
8.12884	739.099	757.542
8.14078	738.727	757.184
8.15271	738.355	756.825
8.16465	737.982	756.466
8.17659	737.609	756.107
8.18852	737.236	755.748
8.20046	736.862	755.388
8.2124	736.489	755.027
8.22433	736.115	754.667
8.23627	735.741	754.306
8.2482	735.367	753.945
8.26014	734.992	753.583
8.27208	734.617	753.221
8.28401	734.242	752.859
8.29595	733.867	752.497
8.30789	733.492	752.134
8.31982	733.116	751.771
8.33176	732.74	751.407
8.3437	732.364	751.044
8.35563	731.988	750.68
8.36757	731.612	750.315
8.37951	731.235	749.951
8.39144	730.858	749.586
8.40338	730.481	749.221
8.41532	730.104	748.855
8.42725	729.727	748.489
8.43919	729.349	748.123
8.45113	728.971	747.757
8.46306	728.593	747.39
8.475	728.215	747.023
8.48694	727.836	746.656
8.49887	727.458	746.289
8.51081	727.079	745.921
8.52275	726.7	745.553
8.53468	726.321	745.185
8.54662	725.942	744.816
8.55856	725.562	744.447
8.57049	725.183	744.078
8.58243	724.803	743.709
8.59437	724.423	743.339
8.6063	724.042	742.969
8.61824	723.662	742.599
8.63018	723.282	742.229
8.64211	722.901	741.858
8.65405	722.52	741.487
8.66599	722.139	741.116
8.67792	721.758	740.745
8.68986	721.376	740.373
8.7018	720.995	740.001
8.71373	720.613	739.629
8.72567	720.231	739.257
8.73761	719.849	738.884
8.74954	719.467	738.511
8.76148	719.085	738.138
8.77342	718.703	737.765
8.78535	718.32	737.391
8.79729	717.937	737.018
8.80923	717.554	736.644
8.82116	717.171	736.269
8.8331	716.788	735.895
8.84504	716.405	735.52
8.85697	716.021	735.145
8.86891	715.638	734.77
8.88085	715.254	734.395
8.89278	714.87	734.019
8.90472	714.486	733.643
8.91666	714.102	733.268
8.92859	713.718	732.891
8.94053	713.333	732.515
8.95247	712.949	732.138
8.9644	712.564	731.761
8.97634	712.179	731.384
8.98828	711.795	731.007
9.00021	711.41	730.63
9.01215	711.024	730.252
9.02409	710.639	729.874
9.03602	710.254	729.496
9.04796	709.868	729.118
9.0599	709.483	728.74
9.07183	709.097	728.361
9.08377	708.711	727.982
9.0957	708.325	727.603
9.10764	707.939	727.224
9.11958	707.553	726.845
9.13151	707.167	726.465
9.14345	706.78	726.086
9.15539	706.394	725.706
9.16732	706.007	725.326
9.17926	705.62	724.946
9.1912	705.234	724.565
9.20313	704.847	724.185
9.21507	704.46	723.804
9.22701	704.072	723.423
9.23894	703.685	723.042
9.25088	703.298	722.661
9.26282	702.911	722.279
9.27475	702.523	721.898
9.28669	702.135	721.516
9.29863	701.748	721.134
9.31056	701.36	720.752
9.3225	700.972	720.37
9.33444	700.584	719.987
9.34637	700.196	719.605
9.35831	699.808	719.222
9.37025	699.42	718.839
9.38218	699.032	718.456
9.39412	698.643	718.073
9.40606	698.255	717.69
9.41799	697.866	717.307
9.42993	697.478	716.923
9.44187	697.089	716.539
9.4538	696.7	716.156
9.46574	696.311	715.772
9.47768	695.922	715.388
9.48961	695.533	715.003
9.50155	695.144	714.619
9.51349	694.755	714.234
9.52542	694.366	713.85
9.53736	693.977	713.465
9.5493	693.587	713.08
9.56123	693.198	712.695
9.57317	692.808	712.31
9.58511	692.419	711.925
9.59704	692.029	711.539
9.60898	691.64	711.154
9.62092	691.25	710.768
9.63285	690.86	710.383
9.64479	690.47	709.997
9.65673	690.08	709.611
9.66866	689.69	709.225
9.6806	689.3	708.838
9.69254	688.91	708.452
9.70447	688.52	708.066
9.71641	688.13	707.679
9.72835	687.74	707.292
9.74028	687.349	706.906
9.75222	686.959	706.519
9.76416	686.569	706.132
9.77609	686.178	705.745
9.78803	685.788	705.358
9.79997	685.397	704.97
9.8119	685.007	704.583
9.82384	684.616	704.196
9.83578	684.225	703.808
9.84771	683.835	703.42
9.85965	683.444	703.033
9.87159	683.053	702.645
9.88352	682.662	702.257
9.89546	682.271	701.869
9.9074	681.88	701.481
9.91933	681.489	701.093
9.93127	681.098	700.704
9.94321	680.707	700.316
9.95514	680.316	699.927
9.96708	679.925	699.539
9.97901	679.534	699.15
9.99095	679.143	698.762
10.0029	678.751	698.373
10.0148	678.36	697.984
10.0268	677.969	697.595
10.0387	677.577	697.206
10.0506	677.186	696.817
10.0626	676.795	696.428
10.0745	676.403	696.039
10.0864	676.012	695.649
10.0984	675.62	695.26
10.1103	675.229	694.87
10.1223	674.837	694.481
10.1342	674.446	694.091
10.1461	674.054	693.702
10.1581	673.663	693.312
10.17	673.271	692.922
10.1819	672.879	692.532
10.1939	672.488	692.142
10.2058	672.096	691.752
10.2177	671.704	691.362
10.2297	671.312	690.972
10.2416	670.921	690.582
10.2536	670.529	690.192
10.2655	670.137	689.802
10.2774	669.745	689.411
10.2894	669.353	689.021
10.3013	668.962	688.631
10.3132	668.57	688.24
10.3252	668.178	687.85
10.3371	667.786	687.459
10.3491	667.394	687.068
10.361	667.002	686.678
10.3729	666.61	686.287
10.3849	666.218	685.896
10.3968	665.826	685.505
10.4087	665.434	685.115
10.4207	665.042	684.724
10.4326	664.65	684.333
10.4445	664.258	683.942
10.4565	663.866	683.551
10.4684	663.474	683.16
10.4804	663.082	682.768
10.4923	662.69	682.377
10.5042	662.298	681.986
10.5162	661.906	681.595
10.5281	661.514	681.204
10.54	661.122	680.812
10.552	660.73	680.421
10.5639	660.338	680.029
10.5758	659.946	679.638
10.5878	659.553	679.247
10.5997	659.161	678.855
10.6117	658.769	678.464
10.6236	658.377	678.072
10.6355	657.985	677.68
10.6475	657.593	677.289
10.6594	657.201	676.897
10.6713	656.809	676.506
10.6833	656.417	676.114
10.6952	656.025	675.722
10.7071	655.632	675.33
10.7191	655.24	674.939
10.731	654.848	674.547
10.743	654.456	674.155
10.7549	654.064	673.763
10.7668	653.672	673.371
10.7788	653.28	672.979
10.7907	652.888	672.587
10.8026	652.496	672.196
10.8146	652.103	671.804
10.8265	651.711	671.412
10.8385	651.319	671.02
10.8504	650.927	670.628
10.8623	650.535	670.236
10.8743	650.143	669.844
10.8862	649.751	669.452
10.8981	649.359	669.059
10.9101	648.967	668.667
10.922	648.575	668.275
10.9339	648.183	667.883
10.9459	647.791	667.491
10.9578	647.399	667.099
10.9698	647.007	666.707
10.9817	646.615	666.315
10.9936	646.223	665.922
11.0056	645.831	665.53
11.0175	645.439	665.138
11.0294	645.047	664.746
11.0414	644.655	664.354
11.0533	644.263	663.961
11.0652	643.871	663.569
11.0772	643.479	663.177
11.0891	643.087	662.785
11.1011	642.695	662.393
11.113	642.304	662
11.1249	641.912	661.608
11.1369	641.52	661.216
11.1488	641.128	660.824
11.1607	640.736	660.431
11.1727	640.344	660.039
11.1846	639.953	659.647
11.1966	639.561	659.254
11.2085	639.169	658.862
11.2204	638.777	658.47
11.2324	638.386	658.078
11.2443	637.994	657.685
11.2562	637.602	657.293
11.2682	637.21	656.901
11.2801	636.819	656.509
11.292	636.427	656.116
11.304	636.035	655.724
11.3159	635.644	655.332
11.3279	635.252	654.939
11.3398	634.861	654.547
11.3517	634.469	654.155
11.3637	634.077	653.763
11.3756	633.686	653.37
11.3875	633.294	652.978
11.3995	632.903	652.586
11.4114	632.511	652.194
11.4233	632.12	651.801
11.4353	631.728	651.409
11.4472	631.337	651.017
11.4592	630.945	650.625
11.4711	630.554	650.233
11.483	630.163	649.84
11.495	629.771	649.448
11.5069	629.38	649.056
11.5188	628.989	648.664
11.5308	628.597	648.272
11.5427	628.206	647.88
11.5546	627.815	647.487
11.5666	627.423	647.095
11.5785	627.032	646.703
11.5905	626.641	646.311
11.6024	626.25	645.919
11.6143	625.859	645.527
11.6263	625.468	645.135
11.6382	625.076	644.743
11.6501	624.685	644.351
11.6621	624.294	643.959
11.674	623.903	643.567
11.686	623.512	643.175
11.6979	623.121	642.783
11.7098	622.73	642.391
11.7218	622.339	641.999
11.7337	621.948	641.607
11.7456	621.557	641.215
11.7576	621.166	640.823
11.7695	620.775	640.431
11.7814	620.385	640.039
11.7934	619.994	639.647
11.8053	619.603	639.255
11.8173	619.212	638.863
11.8292	618.821	638.472
11.8411	618.431	638.08
11.8531	618.04	637.688
11.865	617.649	637.296
11.8769	617.258	636.904
11.8889	616.868	636.513
11.9008	616.477	636.121
11.9127	616.087	635.729
11.9247	615.696	635.337
11.9366	615.305	634.946
11.9486	614.915	634.554
11.9605	614.524	634.162
11.9724	614.134	633.771
11.9844	613.743	633.379
11.9963	613.353	632.988
12.0082	612.963	632.596
12.0202	612.572	632.204
12.0321	612.182	631.813
12.0441	611.791	631.421
12.056	611.401	631.03
12.0679	611.011	630.638
12.0799	610.621	630.247
12.0918	610.23	629.856
12.1037	609.84	629.464
12.1157	609.45	629.073
12.1276	609.06	628.681
12.1395	608.67	628.29
12.1515	608.28	627.899
12.1634	607.889	627.507
12.1754	607.499	627.116
12.1873	607.109	626.725
12.1992	606.719	626.333
12.2112	606.329	625.942
12.2231	605.939	625.551
12.235	605.55	625.16
12.247	605.16	624.769
12.2589	604.77	624.378
12.2708	604.38	623.986
12.2828	603.99	623.595
12.2947	603.6	623.204
12.3067	603.211	622.813
12.3186	602.821	622.422
12.3305	602.431	622.031
12.3425	602.041	621.64
12.3544	601.652	621.249
12.3663	601.262	620.858
12.3783	600.873	620.467
12.3902	600.483	620.077
12.4021	600.093	619.686
12.4141	599.704	619.295
12.426	599.314	618.904
12.438	598.925	618.513
12.4499	598.536	618.123
12.4618	598.146	617.732
12.4738	597.757	617.341
12.4857	597.367	616.95
12.4976	596.978	616.56
12.5096	596.589	616.169
12.5215	596.2	615.778
12.5335	595.81	615.388
12.5454	595.421	614.997
12.5573	595.032	614.607
12.5693	594.643	614.216
12.5812	594.254	613.826
12.5931	593.865	613.435
12.6051	593.475	613.045
12.617	593.086	612.654
12.6289	592.697	612.264
12.6409	592.308	611.874
12.6528	591.92	611.483
12.6648	591.531	611.093
12.6767	591.142	610.703
12.6886	590.753	610.312
12.7006	590.364	609.922
12.7125	589.975	609.532
12.7244	589.587	609.142
12.7364	589.198	608.752
12.7483	588.809	608.362
12.7602	588.42	607.971
12.7722	588.032	607.581
12.7841	587.643	607.191
12.7961	587.255	606.801
12.808	586.866	606.411
12.8199	586.478	606.021
12.8319	586.089	605.631
12.8438	585.701	605.242
12.8557	585.312	604.852
12.8677	584.924	604.462
12.8796	584.535	604.072
12.8916	584.147	603.682
12.9035	583.759	603.292
12.9154	583.371	602.903
12.9274	582.982	602.513
12.9393	582.594	602.123
12.9512	582.206	601.734
12.9632	581.818	601.344
12.9751	581.43	600.954
12.987	581.042	600.565
12.999	580.654	600.175
13.0109	580.266	599.786
13.0229	579.878	599.396
13.0348	579.49	599.007
13.0467	579.102	598.617
13.0587	578.714	598.228
13.0706	578.326	597.839
13.0825	577.938	597.449
13.0945	577.551	597.06
13.1064	577.163	596.671
13.1183	576.775	596.281
13.1303	576.387	595.892
13.1422	576	595.503
13.1542	575.612	595.114
13.1661	575.225	594.725
13.178	574.837	594.335
13.19	574.45	593.946
13.2019	574.062	593.557
13.2138	573.675	593.168
13.2258	573.287	592.779
13.2377	572.9	592.39
13.2496	572.513	592.001
13.2616	572.125	591.612
13.2735	571.738	591.224
13.2855	571.351	590.835
13.2974	570.964	590.446
13.3093	570.577	590.057
13.3213	570.19	589.668
13.3332	569.803	589.28
13.3451	569.416	588.891
13.3571	569.029	588.502
13.369	568.642	588.114
13.381	568.255	587.725
13.3929	567.868	587.336
13.4048	567.481	586.948
13.4168	567.094	586.559
13.4287	566.708	586.171
13.4406	566.321	585.783
13.4526	565.934	585.394
13.4645	565.548	585.006
13.4764	565.161	584.617
13.4884	564.774	584.229
13.5003	564.388	583.841
13.5123	564.001	583.453
13.5242	563.615	583.064
13.5361	563.229	582.676
13.5481	562.842	582.288
13.56	562.456	581.9
13.5719	562.07	581.512
13.5839	561.683	581.124
13.5958	561.297	580.736
13.6077	560.911	580.348
13.6197	560.525	579.96
13.6316	560.139	579.572
13.6436	559.753	579.184
13.6555	559.367	578.796
13.6674	558.981	578.408
13.6794	558.595	578.02
13.6913	558.209	577.633
13.7032	557.823	577.245
13.7152	557.438	576.857
13.7271	557.052	576.47
13.7391	556.666	576.082
13.751	556.281	575.694
13.7629	555.895	575.307
13.7749	555.51	574.919
13.7868	555.124	574.532
13.7987	554.739	574.144
13.8107	554.353	573.757
13.8226	553.968	573.37
13.8345	553.583	572.982
13.8465	553.197	572.595
13.8584	552.812	572.208
13.8704	552.427	571.821
13.8823	552.042	571.433
13.8942	551.657	571.046
13.9062	551.272	570.659
13.9181	550.887	570.272
13.93	550.502	569.885
13.942	550.117	569.498
13.9539	549.732	569.111
13.9658	549.347	568.724
13.9778	548.963	568.337
13.9897	548.578	567.95
14.0017	548.193	567.564
14.0136	547.809	567.177
14.0255	547.424	566.79
14.0375	547.04	566.403
14.0494	546.655	566.017
14.0613	546.271	565.63
14.0733	545.887	565.244
14.0852	545.503	564.857
14.0971	545.118	564.47
14.1091	544.734	564.084
14.121	544.35	563.698
14.133	543.966	563.311
14.1449	543.582	562.925
14.1568	543.198	562.539
14.1688	542.814	562.152
14.1807	542.431	561.766
14.1926	542.047	561.38
14.2046	541.663	560.994
14.2165	541.279	560.608
14.2285	540.896	560.222
14.2404	540.512	559.836
14.2523	540.129	559.45
14.2643	539.745	559.064
14.2762	539.362	558.678
14.2881	538.979	558.292
14.3001	538.596	557.906
14.312	538.212	557.52
14.3239	537.829	557.135
14.3359	537.446	556.749
14.3478	537.063	556.363
14.3598	536.68	555.978
14.3717	536.297	555.592
14.3836	535.915	555.207
14.3956	535.532	554.821
14.4075	535.149	554.436
14.4194	534.766	554.051
14.4314	534.384	553.665
14.4433	534.001	553.28
14.4552	533.619	552.895
14.4672	533.237	552.51
14.4791	532.854	552.125
14.4911	532.472	551.74
14.503	532.09	551.355
14.5149	531.708	550.97
14.5269	531.326	550.585
14.5388	530.944	550.2
14.5507	530.562	549.815
14.5627	530.18	549.43
14.5746	529.798	549.046
14.5866	529.416	548.661
14.5985	529.035	548.276
14.6104	528.653	547.892
14.6224	528.271	547.507
14.6343	527.89	547.123
14.6462	527.508	546.738
14.6582	527.127	546.354
14.6701	526.746	545.97
14.682	526.365	545.585
14.694	525.983	545.201
14.7059	525.602	544.817
14.7179	525.221	544.433
14.7298	524.84	544.049
14.7417	524.459	543.665
14.7537	524.078	543.281
14.7656	523.697	542.897
14.7775	523.317	542.513
14.7895	522.936	542.129
14.8014	522.555	541.746
14.8133	522.174	541.362
14.8253	521.794	540.978
14.8372	521.413	540.595
14.8492	521.033	540.211
14.8611	520.652	539.828
14.873	520.272	539.444
14.885	519.891	539.061
14.8969	519.511	538.678
14.9088	519.131	538.294
14.9208	518.75	537.911
14.9327	518.37	537.528
14.9446	517.99	537.145
14.9566	517.61	536.762
14.9685	517.23	536.379
14.9805	516.849	535.996
14.9924	516.469	535.613
15.0043	516.089	535.23
15.0163	515.709	534.847
15.0282	515.329	534.465
15.0401	514.949	534.082
15.0521	514.569	533.699
15.064	514.189	533.317
15.076	513.809	532.934
15.0879	513.429	532.552
15.0998	513.049	532.169
15.1118	512.669	531.787
15.1237	512.289	531.405
15.1356	511.909	531.022
15.1476	511.529	530.64
15.1595	511.149	530.258
15.1714	510.769	529.876
15.1834	510.39	529.494
15.1953	510.01	529.112
15.2073	509.63	528.73
15.2192	509.25	528.348
15.2311	508.87	527.966
15.2431	508.49	527.584
15.255	508.11	527.202
15.2669	507.73	526.82
15.2789	507.35	526.439
15.2908	506.97	526.057
15.3027	506.59	525.675
15.3147	506.21	525.294
15.3266	505.83	524.912
15.3386	505.45	524.531
15.3505	505.07	524.149
15.3624	504.69	523.768
15.3744	504.31	523.387
15.3863	503.93	523.005
15.3982	503.55	522.624
15.4102	503.17	522.243
15.4221	502.79	521.862
15.4341	502.41	521.48
15.446	502.03	521.099
15.4579	501.649	520.718
15.4699	501.269	520.337
15.4818	500.889	519.956
15.4937	500.509	519.575
15.5057	500.128	519.194
15.5176	499.748	518.813
15.5295	499.368	518.432
15.5415	498.987	518.052
15.5534	498.607	517.671
15.5654	498.226	517.29
15.5773	497.846	516.909
15.5892	497.465	516.528
15.6012	497.085	516.148
15.6131	496.704	515.767
15.625	496.323	515.386
15.637	495.943	515.006
15.6489	495.562	514.625
15.6608	495.181	514.245
15.6728	494.8	513.864
15.6847	494.419	513.483
15.6967	494.038	513.103
15.7086	493.657	512.722
15.7205	493.275	512.342
15.7325	492.894	511.961
15.7444	492.513	511.581
15.7563	492.131	511.201
15.7683	491.75	510.82
15.7802	491.368	510.44
15.7921	490.987	510.059
15.8041	490.605	509.679
15.816	490.223	509.299
15.828	489.841	508.918
15.8399	489.459	508.538
15.8518	489.077	508.157
15.8638	488.695	507.777
15.8757	488.312	507.397
15.8876	487.93	507.016
15.8996	487.547	506.636
15.9115	487.165	506.256
15.9235	486.782	505.875
15.9354	486.399	505.495
15.9473	486.016	505.114
15.9593	485.633	504.734
15.9712	485.25	504.354
15.9831	484.866	503.973
15.9951	484.483	503.593
16.007	484.099	503.212
16.0189	483.715	502.832
16.0309	483.331	502.452
16.0428	482.947	502.071
16.0548	482.563	501.691
16.0667	482.179	501.31
16.0786	481.794	500.929
16.0906	481.41	500.549
16.1025	481.025	500.168
16.1144	480.64	499.788
16.1264	480.255	499.407
16.1383	479.869	499.026
16.1502	479.484	498.646
16.1622	479.098	498.265
16.1741	478.712	497.884
16.1861	478.326	497.503
16.198	477.94	497.122
16.2099	477.554	496.741
16.2219	477.167	496.36
16.2338	476.781	495.979
16.2457	476.394	495.598
16.2577	476.006	495.217
16.2696	475.619	494.836
16.2816	475.232	494.455
16.2935	474.844	494.073
16.3054	474.456	493.692
16.3174	474.068	493.311
16.3293	473.679	492.929
16.3412	473.291	492.547
16.3532	472.902	492.166
16.3651	472.513	491.784
16.377	472.124	491.402
16.389	471.734	491.02
16.4009	471.344	490.638
16.4129	470.954	490.256
16.4248	470.564	489.874
16.4367	470.174	489.492
16.4487	469.783	489.11
16.4606	469.392	488.728
16.4725	469.001	488.345
16.4845	468.609	487.962
16.4964	468.218	487.58
16.5083	467.826	487.197
16.5203	467.434	486.814
16.5322	467.041	486.431
16.5442	466.648	486.048
16.5561	466.255	485.665
16.568	465.862	485.282
16.58	465.468	484.898
16.5919	465.074	484.515
16.6038	464.68	484.131
16.6158	464.286	483.747
16.6277	463.891	483.363
16.6396	463.496	482.979
16.6516	463.101	482.595
16.6635	462.705	482.211
16.6755	462.309	481.826
16.6874	461.913	481.442
16.6993	461.516	481.057
16.7113	461.119	480.672
16.7232	460.722	480.287
16.7351	460.325	479.902
16.7471	459.927	479.516
16.759	459.529	479.131
16.771	459.13	478.745
16.7829	458.732	478.359
16.7948	458.333	477.973
16.8068	457.933	477.587
16.8187	457.533	477.201
16.8306	457.133	476.814
16.8426	456.733	476.428
16.8545	456.332	476.041
16.8664	455.931	475.654
16.8784	455.529	475.267
16.8903	455.127	474.879
16.9023	454.725	474.492
16.9142	454.323	474.104
16.9261	453.92	473.716
16.9381	453.516	473.328
16.95	453.113	472.939
16.9619	452.709	472.551
16.9739	452.304	472.162
16.9858	451.9	471.773
16.9977	451.494	471.383
17.0097	451.089	470.994
17.0216	450.683	470.604
17.0336	450.277	470.214
17.0455	449.87	469.824
17.0574	449.463	469.434
17.0694	449.056	469.043
17.0813	448.648	468.652
17.0932	448.24	468.261
17.1052	447.831	467.87
17.1171	447.422	467.478
17.1291	447.013	467.086
17.141	446.603	466.694
17.1529	446.193	466.302
17.1649	445.782	465.909
17.1768	445.371	465.517
17.1887	444.96	465.123
17.2007	444.548	464.73
17.2126	444.136	464.336
17.2245	443.723	463.942
17.2365	443.31	463.548
17.2484	442.897	463.154
17.2604	442.483	462.759
17.2723	442.069	462.364
17.2842	441.654	461.969
17.2962	441.239	461.573
17.3081	440.824	461.177
17.32	440.408	460.781
17.332	439.991	460.384
17.3439	439.575	459.988
17.3558	439.158	459.59
17.3678	438.74	459.193
17.3797	438.322	458.795
17.3917	437.904	458.397
17.4036	437.485	457.999
17.4155	437.066	457.6
17.4275	436.646	457.201
17.4394	436.226	456.802
17.4513	435.805	456.402
17.4633	435.384	456.002
17.4752	434.963	455.602
17.4871	434.541	455.201
17.4991	434.119	454.8
17.511	433.696	454.399
17.523	433.273	453.997
17.5349	432.85	453.595
17.5468	432.426	453.193
17.5588	432.001	452.79
17.5707	431.577	452.387
17.5826	431.151	451.984
17.5946	430.726	451.58
17.6065	430.3	451.176
17.6185	429.873	450.772
17.6304	429.446	450.367
17.6423	429.019	449.962
17.6543	428.591	449.556
17.6662	428.163	449.15
17.6781	427.735	448.744
17.6901	427.306	448.337
17.702	426.876	447.93
17.7139	426.447	447.523
17.7259	426.016	447.115
17.7378	425.586	446.707
17.7498	425.155	446.298
17.7617	424.723	445.889
17.7736	424.292	445.48
17.7856	423.859	445.07
17.7975	423.427	444.66
17.8094	422.994	444.25
17.8214	422.56	443.839
17.8333	422.126	443.428
17.8452	421.692	443.016
17.8572	421.257	442.604
17.8691	420.822	442.191
17.8811	420.387	441.778
17.893	419.951	441.365
17.9049	419.515	440.951
17.9169	419.079	440.537
17.9288	418.642	440.123
17.9407	418.204	439.708
17.9527	417.767	439.293
17.9646	417.329	438.877
17.9766	416.89	438.461
17.9885	416.452	438.044
18.0004	416.012	437.627
18.0124	415.573	437.21
18.0243	415.133	436.792
18.0362	414.693	436.374
18.0482	414.253	435.955
18.0601	413.812	435.536
18.072	413.37	435.117
18.084	412.929	434.697
18.0959	412.487	434.277
18.1079	412.045	433.856
18.1198	411.602	433.435
18.1317	411.16	433.014
18.1437	410.717	432.592
18.1556	410.273	432.169
18.1675	409.829	431.747
18.1795	409.385	431.324
18.1914	408.941	430.9
18.2033	408.496	430.476
18.2153	408.052	430.052
18.2272	407.606	429.627
18.2392	407.161	429.201
18.2511	406.715	428.776
18.263	406.269	428.35
18.275	405.823	427.923
18.2869	405.377	427.496
18.2988	404.93	427.069
18.3108	404.483	426.641
18.3227	404.036	426.213
18.3346	403.588	425.785
18.3466	403.141	425.356
18.3585	402.693	424.926
18.3705	402.245	424.497
18.3824	401.796	424.066
18.3943	401.348	423.636
18.4063	400.899	423.205
18.4182	400.45	422.773
18.4301	400.001	422.342
18.4421	399.552	421.91
18.454	399.103	421.477
18.466	398.653	421.044
18.4779	398.204	420.611
18.4898	397.754	420.177
18.5018	397.304	419.743
18.5137	396.854	419.308
18.5256	396.403	418.873
18.5376	395.953	418.438
18.5495	395.503	418.003
18.5614	395.052	417.567
18.5734	394.601	417.13
18.5853	394.151	416.693
18.5973	393.7	416.256
18.6092	393.249	415.819
18.6211	392.798	415.381
18.6331	392.347	414.943
18.645	391.896	414.504
18.6569	391.445	414.065
18.6689	390.994	413.626
18.6808	390.543	413.186
18.6927	390.092	412.747
18.7047	389.64	412.306
18.7166	389.189	411.866
18.7286	388.738	411.425
18.7405	388.287	410.983
18.7524	387.836	410.542
18.7644	387.385	410.1
18.7763	386.934	409.658
18.7882	386.483	409.215
18.8002	386.032	408.772
18.8121	385.581	408.329
18.8241	385.131	407.886
18.836	384.68	407.442
18.8479	384.23	406.998
18.8599	383.779	406.554
18.8718	383.329	406.109
18.8837	382.879	405.664
18.8957	382.429	405.219
18.9076	381.979	404.774
18.9195	381.529	404.328
18.9315	381.08	403.882
18.9434	380.63	403.436
18.9554	380.181	402.99
18.9673	379.732	402.543
18.9792	379.284	402.097
18.9912	378.835	401.649
19.0031	378.387	401.202
19.015	377.939	400.755
19.027	377.491	400.307
19.0389	377.043	399.859
19.0508	376.596	399.411
19.0628	376.149	398.963
19.0747	375.703	398.514
19.0867	375.256	398.066
19.0986	374.81	397.617
19.1105	374.365	397.168
19.1225	373.919	396.719
19.1344	373.474	396.27
19.1463	373.029	395.82
19.1583	372.585	395.371
19.1702	372.141	394.921
19.1821	371.698	394.472
19.1941	371.255	394.022
19.206	370.812	393.572
19.218	370.37	393.122
19.2299	369.928	392.672
19.2418	369.486	392.221
19.2538	369.046	391.771
19.2657	368.605	391.321
19.2776	368.165	390.87
19.2896	367.726	390.42
19.3015	367.287	389.969
19.3135	366.848	389.519
19.3254	366.41	389.068
19.3373	365.973	388.618
19.3493	365.536	388.167
19.3612	365.1	387.716
19.3731	364.664	387.266
19.3851	364.229	386.815
19.397	363.794	386.365
19.4089	363.361	385.914
19.4209	362.927	385.464
19.4328	362.495	385.013
19.4448	362.063	384.563
19.4567	361.631	384.113
19.4686	361.201	383.663
19.4806	360.771	383.213
19.4925	360.341	382.763
19.5044	359.913	382.313
19.5164	359.485	381.863
19.5283	359.058	381.413
19.5402	358.631	380.964
19.5522	358.205	380.515
19.5641	357.781	380.065
19.5761	357.356	379.616
19.588	356.933	379.167
19.5999	356.51	378.719
19.6119	356.089	378.27
19.6238	355.668	377.822
19.6357	355.248	377.374
19.6477	354.828	376.926
19.6596	354.41	376.479
19.6716	353.992	376.031
19.6835	353.576	375.584
19.6954	353.16	375.138
19.7074	352.745	374.691
19.7193	352.331	374.245
19.7312	351.918	373.799
19.7432	351.506	373.354
19.7551	351.095	372.908
19.767	350.685	372.463
19.779	350.275	372.019
19.7909	349.867	371.575
19.8029	349.46	371.131
19.8148	349.054	370.687
19.8267	348.648	370.244
19.8387	348.244	369.801
19.8506	347.841	369.359
19.8625	347.439	368.917
19.8745	347.038	368.476
19.8864	346.638	368.035
19.8983	346.239	367.594
19.9103	345.841	367.154
19.9222	345.444	366.715
19.9342	345.049	366.276
19.9461	344.654	365.837
19.958	344.261	365.399
19.97	343.869	364.962
19.9819	343.478	364.525
19.9938	343.088	364.088
20.0058	342.699	363.652
20.0177	342.312	363.217
20.0296	341.926	362.782
20.0416	341.541	362.348
20.0535	341.157	361.915
20.0655	340.774	361.482
20.0774	340.393	361.05
20.0893	340.013	360.618
20.1013	339.634	360.187
20.1132	339.256	359.757
20.1251	338.88	359.327
20.1371	338.505	358.898
20.149	338.131	358.47
20.161	337.759	358.042
20.1729	337.388	357.616
20.1848	337.018	357.19
20.1968	336.65	356.764
20.2087	336.283	356.34
20.2206	335.917	355.916
20.2326	335.553	355.493
20.2445	335.19	355.071
20.2564	334.829	354.65
20.2684	334.469	354.229
20.2803	334.11	353.809
20.2923	333.753	353.391
20.3042	333.397	352.973
20.3161	333.042	352.555
20.3281	332.689	352.139
20.34	332.338	351.724
20.3519	331.988	351.309
20.3639	331.639	350.896
20.3758	331.292	350.483
20.3877	330.947	350.072
20.3997	330.602	349.661
20.4116	330.26	349.251
20.4236	329.919	348.843
20.4355	329.579	348.435
20.4474	329.241	348.028
20.4594	328.904	347.622
20.4713	328.569	347.217
20.4832	328.236	346.814
20.4952	327.904	346.411
20.5071	327.574	346.01
20.5191	327.245	345.609
20.531	326.918	345.21
20.5429	326.592	344.811
20.5549	326.268	344.414
20.5668	325.946	344.018
20.5787	325.625	343.623
20.5907	325.306	343.229
20.6026	324.988	342.836
20.6145	324.672	342.445
20.6265	324.358	342.054
20.6384	324.045	341.665
20.6504	323.734	341.277
20.6623	323.425	340.89
20.6742	323.117	340.505
20.6862	322.811	340.12
20.6981	322.506	339.737
20.71	322.204	339.355
20.722	321.903	338.975
20.7339	321.603	338.595
20.7458	321.305	338.217
20.7578	321.009	337.84
20.7697	320.715	337.465
20.7817	320.422	337.091
20.7936	320.131	336.718
20.8055	319.842	336.346
20.8175	319.554	335.976
20.8294	319.269	335.607
20.8413	318.984	335.24
20.8533	318.702	334.874
20.8652	318.421	334.509
20.8771	318.142	334.146
20.8891	317.865	333.784
20.901	317.589	333.423
20.913	317.316	333.064
20.9249	317.044	332.706
20.9368	316.773	332.35
20.9488	316.505	331.995
20.9607	316.238	331.642
20.9726	315.973	331.29
20.9846	315.71	330.94
20.9965	315.448	330.591
21.0085	315.188	330.243
21.0204	314.93	329.897
21.0323	314.674	329.553
21.0443	314.419	329.21
21.0562	314.167	328.869
21.0681	313.916	328.529
21.0801	313.666	328.191
21.092	313.419	327.854
21.1039	313.173	327.519
21.1159	312.929	327.185
21.1278	312.687	326.853
21.1398	312.447	326.523
21.1517	312.208	326.194
21.1636	311.971	325.866
21.1756	311.736	325.541
21.1875	311.503	325.217
21.1994	311.271	324.894
21.2114	311.041	324.573
21.2233	310.813	324.254
21.2352	310.587	323.936
21.2472	310.362	323.621
21.2591	310.14	323.306
21.2711	309.919	322.994
21.283	309.699	322.683
21.2949	309.482	322.373
21.3069	309.266	322.066
21.3188	309.052	321.76
21.3307	308.84	321.456
21.3427	308.63	321.153
21.3546	308.421	320.852
21.3666	308.214	320.553
21.3785	308.009	320.256
21.3904	307.805	319.96
21.4024	307.604	319.666
21.4143	307.404	319.374
21.4262	307.206	319.083
21.4382	307.009	318.794
21.4501	306.814	318.507
21.462	306.621	318.222
21.474	306.43	317.938
21.4859	306.24	317.656
21.4979	306.053	317.376
21.5098	305.867	317.098
21.5217	305.682	316.821
21.5337	305.499	316.546
21.5456	305.318	316.273
21.5575	305.139	316.002
21.5695	304.961	315.733
21.5814	304.786	315.465
21.5933	304.611	315.199
21.6053	304.439	314.935
21.6172	304.268	314.672
21.6292	304.099	314.412
21.6411	303.931	314.153
21.653	303.765	313.896
21.665	303.601	313.641
21.6769	303.439	313.387
21.6888	303.278	313.136
21.7008	303.118	312.886
21.7127	302.961	312.638
21.7246	302.805	312.392
21.7366	302.65	312.147
21.7485	302.498	311.905
21.7605	302.347	311.664
21.7724	302.197	311.425
21.7843	302.049	311.188
21.7963	301.903	310.952
21.8082	301.758	310.719
21.8201	301.615	310.487
21.8321	301.473	310.257
21.844	301.333	310.029
21.856	301.195	309.802
21.8679	301.058	309.578
21.8798	300.923	309.355
21.8918	300.789	309.134
21.9037	300.657	308.915
21.9156	300.526	308.698
21.9276	300.397	308.482
21.9395	300.269	308.268
21.9514	300.143	308.056
21.9634	300.018	307.846
21.9753	299.895	307.638
21.9873	299.773	307.431
21.9992	299.653	307.227
22.0111	299.534	307.024
22.0231	299.417	306.822
22.035	299.301	306.623
22.0469	299.186	306.425
22.0589	299.073	306.23
22.0708	298.962	306.036
22.0827	298.852	305.843
22.0947	298.743	305.653
22.1066	298.635	305.464
22.1186	298.529	305.277
22.1305	298.425	305.092
22.1424	298.322	304.908
22.1544	298.22	304.727
22.1663	298.119	304.547
22.1782	298.02	304.369
22.1902	297.922	304.192
22.2021	297.826	304.017
22.2141	297.731	303.844
22.226	297.637	303.673
22.2379	297.545	303.504
22.2499	297.453	303.336
22.2618	297.363	303.17
22.2737	297.275	303.005
22.2857	297.187	302.843
22.2976	297.101	302.682
22.3095	297.016	302.522
22.3215	296.933	302.365
22.3334	296.85	302.209
22.3454	296.769	302.055
22.3573	296.689	301.902
22.3692	296.61	301.751
22.3812	296.533	301.602
22.3931	296.456	301.454
22.405	296.381	301.308
22.417	296.307	301.164
22.4289	296.234	301.021
22.4408	296.162	300.88
22.4528	296.091	300.741
22.4647	296.022	300.603
22.4767	295.953	300.467
22.4886	295.886	300.332
22.5005	295.82	300.199
22.5125	295.755	300.068
22.5244	295.691	299.938
22.5363	295.628	299.81
22.5483	295.566	299.683
22.5602	295.505	299.558
22.5721	295.445	299.435
22.5841	295.386	299.312
22.596	295.328	299.192
22.608	295.271	299.073
22.6199	295.215	298.956
22.6318	295.16	298.84
22.6438	295.106	298.725
22.6557	295.053	298.612
22.6676	295.001	298.501
22.6796	294.95	298.391
22.6915	294.9	298.282
22.7035	294.851	298.175
22.7154	294.803	298.07
22.7273	294.755	297.965
22.7393	294.709	297.863
22.7512	294.663	297.761
22.7631	294.619	297.661
22.7751	294.575	297.563
22.787	294.532	297.466
22.7989	294.489	297.37
22.8109	294.448	297.276
22.8228	294.408	297.183
22.8348	294.368	297.091
22.8467	294.329	297.001
22.8586	294.291	296.912
22.8706	294.253	296.824
22.8825	294.217	296.738
22.8944	294.181	296.653
22.9064	294.146	296.569
22.9183	294.112	296.487
22.9302	294.078	296.406
22.9422	294.045	296.326
22.9541	294.013	296.247
22.9661	293.982	296.17
22.978	293.951	296.094
22.9899	293.921	296.019
23.0019	293.892	295.946
23.0138	293.863	295.873
23.0257	293.835	295.802
23.0377	293.808	295.732
23.0496	293.781	295.663
23.0616	293.755	295.595
23.0735	293.729	295.529
23.0854	293.704	295.464
23.0974	293.68	295.399
23.1093	293.656	295.336
23.1212	293.633	295.274
23.1332	293.611	295.213
23.1451	293.589	295.154
23.157	293.567	295.095
23.169	293.546	295.037
23.1809	293.526	294.981
23.1929	293.506	294.925
23.2048	293.487	294.871
23.2167	293.468	294.817
23.2287	293.45	294.765
23.2406	293.432	294.713
23.2525	293.415	294.663
23.2645	293.398	294.614
23.2764	293.382	294.565
23.2883	293.366	294.518
23.3003	293.351	294.471
23.3122	293.336	294.426
23.3242	293.321	294.381
23.3361	293.307	294.337
23.348	293.294	294.295
23.36	293.28	294.253
23.3719	293.268	294.212
23.3838	293.255	294.172
23.3958	293.243	294.132
23.4077	293.231	294.094
23.4196	293.22	294.056
23.4316	293.209	294.02
23.4435	293.199	293.984
23.4555	293.188	293.949
23.4674	293.179	293.915
23.4793	293.169	293.881
23.4913	293.16	293.849
23.5032	293.151	293.817
23.5151	293.143	293.786
23.5271	293.134	293.755
23.539	293.126	293.726
23.551	293.119	293.697
23.5629	293.112	293.669
23.5748	293.104	293.641
23.5868	293.098	293.615
23.5987	293.091	293.589
23.6106	293.085	293.563
23.6226	293.079	293.539
23.6345	293.073	293.515
23.6464	293.068	293.491
23.6584	293.063	293.469
23.6703	293.058	293.447
23.6823	293.053	293.425
23.6942	293.048	293.405
23.7061	293.044	293.385
23.7181	293.04	293.365
23.73	293.036	293.347
23.7419	293.032	293.328
23.7539	293.029	293.311
23.7658	293.025	293.295
23.7777	293.022	293.279
23.7897	293.019	293.264
23.8016	293.016	293.25
23.8136	293.013	293.238
23.8255	293.011	293.227
23.8374	293.008	293.218
23.8494	293.006	293.211
23.8613	293.003	293.206
23.8732	293	293.204
