0	873	873
0.0119366	873	873
0.0238732	873	873
0.0358099	873	873
0.0477465	873	873
0.0596831	873	873
0.0716197	873	873
0.0835563	873	873
0.095493	873	873
0.10743	873	873
0.119366	873	873
0.131303	873	873
0.143239	873	873
0.155176	873	873
0.167113	873	873
0.179049	873	873
0.190986	873	873
0.202923	873	873
0.214859	873	873
0.226796	873	873
0.238732	873	873
0.250669	873	873
0.262606	873	873
0.274542	873	873
0.286479	873	873
0.298416	873	873
0.310352	873	873
0.322289	873	873
0.334225	873	873
0.346162	873	873
0.358099	873	873
0.370035	873	873
0.381972	873	873
0.393908	873	873
0.405845	873	873
0.417782	873	873
0.429718	873	873
0.441655	873	873
0.453592	873	873
0.465528	873	873
0.477465	873	873
0.489401	873	873
0.501338	873	873
0.513275	873	873
0.525211	873	873
0.537148	873	873
0.549085	873	873
0.561021	873	873
0.572958	873	873
0.584894	873	873
0.596831	873	873
0.608768	873	873
0.620704	873	873
0.632641	873	873
0.644578	873	873
0.656514	873	873
0.668451	873	873
0.680387	873	873
0.692324	873	873
0.704261	873	873
0.716197	873	873
0.728134	873	873
0.74007	873	873
0.752007	873	873
0.763944	873	873
0.77588	873	873
0.787817	873	873
0.799754	873	873
0.81169	873	873
0.823627	873	873
0.835563	872.999	872.999
0.8475	872.999	872.999
0.859437	872.999	872.999
0.871373	872.999	872.999
0.88331	872.999	872.999
0.895247	872.999	872.999
0.907183	872.999	872.999
0.91912	872.999	872.999
0.931056	872.999	872.999
0.942993	872.999	872.999
0.95493	872.999	872.999
0.966866	872.999	872.999
0.978803	872.999	872.999
0.99074	872.999	872.999
1.00268	872.999	872.999
1.01461	872.999	872.999
1.02655	872.999	872.999
1.03849	872.999	872.999
1.05042	872.999	872.999
1.06236	872.999	872.999
1.0743	872.999	872.999
1.08623	872.999	872.999
1.09817	872.999	872.999
1.11011	872.999	872.999
1.12204	872.999	872.999
1.13398	872.999	872.999
1.14592	872.998	872.998
1.15785	872.998	872.998
1.16979	872.998	872.998
1.18173	872.998	872.998
1.19366	872.998	872.998
1.2056	872.998	872.998
1.21754	872.998	872.998
1.22947	872.998	872.998
1.24141	872.998	872.998
1.25335	872.998	872.998
1.26528	872.998	872.998
1.27722	872.998	872.998
1.28916	872.998	872.998
1.30109	872.998	872.998
1.31303	872.997	872.997
1.32496	872.997	872.997
1.3369	872.997	872.997
1.34884	872.997	872.997
1.36077	872.997	872.997
1.37271	872.997	872.997
1.38465	872.997	872.997
1.39658	872.997	872.997
1.40852	872.997	872.997
1.42046	872.997	872.997
1.43239	872.996	872.996
1.44433	872.996	872.996
1.45627	872.996	872.996
1.4682	872.996	872.996
1.48014	872.996	872.996
1.49208	872.996	872.996
1.50401	872.996	872.996
1.51595	872.996	872.996
1.52789	872.995	872.995
1.53982	872.995	872.995
1.55176	872.995	872.995
1.5637	872.995	872.995
1.57563	872.995	872.995
1.58757	872.995	872.995
1.59951	872.994	872.994
1.61144	872.994	872.994
1.62338	872.994	872.994
1.63532	872.994	872.994
1.64725	872.994	872.994
1.65919	872.993	872.993
1.67113	872.993	872.993
1.68306	872.993	872.993
1.695	872.993	872.993
1.70694	872.993	872.993
1.71887	872.992	872.992
1.73081	872.992	872.992
1.74275	872.992	872.992
1.75468	872.992	872.992
1.76662	872.991	872.991
1.77856	872.991	872.991
1.79049	872.991	872.991
1.80243	872.991	872.991
1.81437	872.99	872.99
1.8263	872.99	872.99
1.83824	872.99	872.99
1.85018	872.989	872.989
1.86211	872.989	872.989
1.87405	872.989	872.989
1.88599	872.988	872.988
1.89792	872.988	872.988
1.90986	872.988	872.988
1.9218	872.987	872.987
1.93373	872.987	872.987
1.94567	872.987	872.987
1.95761	872.986	872.986
1.96954	872.986	872.986
1.98148	872.985	872.985
1.99342	872.985	872.985
2.00535	872.985	872.985
2.01729	872.984	872.984
2.02923	872.984	872.984
2.04116	872.983	872.983
2.0531	872.983	872.983
2.06504	872.982	872.982
2.07697	872.982	872.982
2.08891	872.981	872.981
2.10085	872.981	872.981
2.11278	872.98	872.98
2.12472	872.98	872.98
2.13666	872.979	872.979
2.14859	872.979	872.979
2.16053	872.978	872.978
2.17246	872.978	872.978
2.1844	872.977	872.977
2.19634	872.976	872.976
2.20827	872.976	872.976
2.22021	872.975	872.975
2.23215	872.975	872.975
2.24408	872.974	872.974
2.25602	872.973	872.973
2.26796	872.973	872.973
2.27989	872.972	872.972
2.29183	872.971	872.971
2.30377	872.97	872.97
2.3157	872.97	872.97
2.32764	872.969	872.969
2.33958	872.968	872.968
2.35151	872.967	872.967
2.36345	872.966	872.966
2.37539	872.966	872.966
2.38732	872.965	872.965
2.39926	872.964	872.964
2.4112	872.963	872.963
2.42313	872.962	872.962
2.43507	872.961	872.961
2.44701	872.96	872.96
2.45894	872.959	872.959
2.47088	872.958	872.958
2.48282	872.957	872.957
2.49475	872.956	872.956
2.50669	872.955	872.955
2.51863	872.954	872.954
2.53056	872.953	872.953
2.5425	872.952	872.952
2.55444	872.951	872.951
2.56637	872.949	872.95
2.57831	872.948	872.948
2.59025	872.947	872.947
2.60218	872.946	872.946
2.61412	872.945	872.945
2.62606	872.943	872.943
2.63799	872.942	872.942
2.64993	872.941	872.941
2.66187	872.939	872.939
2.6738	872.938	872.938
2.68574	872.936	872.936
2.69768	872.935	872.935
2.70961	872.933	872.934
2.72155	872.932	872.932
2.73349	872.93	872.93
2.74542	872.929	872.929
2.75736	872.927	872.927
2.7693	872.926	872.926
2.78123	872.924	872.924
2.79317	872.922	872.922
2.80511	872.921	872.921
2.81704	872.919	872.919
2.82898	872.917	872.917
2.84092	872.915	872.915
2.85285	872.913	872.913
2.86479	872.911	872.911
2.87673	872.909	872.91
2.88866	872.908	872.908
2.9006	872.906	872.906
2.91254	872.903	872.903
2.92447	872.901	872.901
2.93641	872.899	872.899
2.94835	872.897	872.897
2.96028	872.895	872.895
2.97222	872.893	872.893
2.98416	872.89	872.89
2.99609	872.888	872.888
3.00803	872.886	872.886
3.01997	872.883	872.883
3.0319	872.881	872.881
3.04384	872.878	872.878
3.05577	872.876	872.876
3.06771	872.873	872.873
3.07965	872.871	872.871
3.09158	872.868	872.868
3.10352	872.865	872.865
3.11546	872.863	872.863
3.12739	872.86	872.86
3.13933	872.857	872.857
3.15127	872.854	872.854
3.1632	872.851	872.851
3.17514	872.848	872.848
3.18708	872.845	872.845
3.19901	872.842	872.842
3.21095	872.839	872.839
3.22289	872.835	872.835
3.23482	872.832	872.832
3.24676	872.829	872.829
3.2587	872.825	872.825
3.27063	872.822	872.822
3.28257	872.818	872.818
3.29451	872.815	872.815
3.30644	872.811	872.811
3.31838	872.808	872.808
3.33032	872.804	872.804
3.34225	872.8	872.8
3.35419	872.796	872.796
3.36613	872.792	872.792
3.37806	872.788	872.788
3.39	872.784	872.784
3.40194	872.78	872.78
3.41387	872.776	872.776
3.42581	872.771	872.771
3.43775	872.767	872.767
3.44968	872.763	872.763
3.46162	872.758	872.758
3.47356	872.754	872.754
3.48549	872.749	872.749
3.49743	872.744	872.744
3.50937	872.74	872.74
3.5213	872.735	872.735
3.53324	872.73	872.73
3.54518	872.725	872.725
3.55711	872.72	872.72
3.56905	872.715	872.715
3.58099	872.709	872.709
3.59292	872.704	872.704
3.60486	872.699	872.699
3.6168	872.693	872.693
3.62873	872.688	872.688
3.64067	872.682	872.682
3.65261	872.676	872.676
3.66454	872.67	872.67
3.67648	872.664	872.664
3.68842	872.658	872.658
3.70035	872.652	872.652
3.71229	872.646	872.646
3.72423	872.64	872.64
3.73616	872.633	872.633
3.7481	872.627	872.627
3.76004	872.62	872.62
3.77197	872.614	872.614
3.78391	872.607	872.607
3.79585	872.6	872.6
3.80778	872.593	872.593
3.81972	872.586	872.586
3.83166	872.579	872.579
3.84359	872.572	872.572
3.85553	872.564	872.564
3.86747	872.557	872.557
3.8794	872.549	872.549
3.89134	872.541	872.541
3.90327	872.533	872.534
3.91521	872.526	872.526
3.92715	872.517	872.518
3.93908	872.509	872.509
3.95102	872.501	872.501
3.96296	872.493	872.493
3.97489	872.484	872.484
3.98683	872.475	872.476
3.99877	872.467	872.467
4.0107	872.458	872.458
4.02264	872.449	872.449
4.03458	872.44	872.44
4.04651	872.43	872.43
4.05845	872.421	872.421
4.07039	872.412	872.412
4.08232	872.402	872.402
4.09426	872.392	872.392
4.1062	872.382	872.382
4.11813	872.372	872.372
4.13007	872.362	872.362
4.14201	872.352	872.352
4.15394	872.341	872.341
4.16588	872.33	872.331
4.17782	872.32	872.32
4.18975	872.309	872.309
4.20169	872.298	872.298
4.21363	872.287	872.287
4.22556	872.275	872.275
4.2375	872.264	872.264
4.24944	872.252	872.252
4.26137	872.24	872.24
4.27331	872.228	872.228
4.28525	872.216	872.216
4.29718	872.204	872.204
4.30912	872.192	872.192
4.32106	872.179	872.179
4.33299	872.166	872.166
4.34493	872.153	872.153
4.35687	872.14	872.14
4.3688	872.127	872.127
4.38074	872.114	872.114
4.39268	872.1	872.1
4.40461	872.086	872.086
4.41655	872.072	872.072
4.42849	872.058	872.058
4.44042	872.044	872.044
4.45236	872.029	872.029
4.4643	872.015	872.015
4.47623	872	872
4.48817	871.985	871.985
4.50011	871.97	871.97
4.51204	871.954	871.954
4.52398	871.939	871.939
4.53592	871.923	871.923
4.54785	871.907	871.907
4.55979	871.891	871.891
4.57173	871.874	871.874
4.58366	871.858	871.858
4.5956	871.841	871.841
4.60754	871.824	871.824
4.61947	871.807	871.807
4.63141	871.789	871.79
4.64335	871.772	871.772
4.65528	871.754	871.754
4.66722	871.736	871.736
4.67916	871.718	871.718
4.69109	871.699	871.699
4.70303	871.681	871.681
4.71497	871.662	871.662
4.7269	871.643	871.643
4.73884	871.623	871.623
4.75078	871.604	871.604
4.76271	871.584	871.584
4.77465	871.564	871.564
4.78658	871.544	871.544
4.79852	871.523	871.523
4.81046	871.502	871.502
4.82239	871.481	871.481
4.83433	871.46	871.46
4.84627	871.439	871.439
4.8582	871.417	871.417
4.87014	871.395	871.395
4.88208	871.373	871.373
4.89401	871.35	871.35
4.90595	871.328	871.328
4.91789	871.305	871.305
4.92982	871.282	871.282
4.94176	871.258	871.258
4.9537	871.234	871.234
4.96563	871.21	871.21
4.97757	871.186	871.186
4.98951	871.161	871.162
5.00144	871.137	871.137
5.01338	871.112	871.112
5.02532	871.086	871.086
5.03725	871.061	871.061
5.04919	871.035	871.035
5.06113	871.008	871.009
5.07306	870.982	870.982
5.085	870.955	870.955
5.09694	870.928	870.928
5.10887	870.901	870.901
5.12081	870.873	870.873
5.13275	870.845	870.845
5.14468	870.817	870.817
5.15662	870.788	870.789
5.16856	870.76	870.76
5.18049	870.731	870.731
5.19243	870.701	870.701
5.20437	870.671	870.671
5.2163	870.641	870.641
5.22824	870.611	870.611
5.24018	870.58	870.58
5.25211	870.549	870.549
5.26405	870.518	870.518
5.27599	870.486	870.486
5.28792	870.454	870.454
5.29986	870.422	870.422
5.3118	870.389	870.389
5.32373	870.356	870.356
5.33567	870.323	870.323
5.34761	870.289	870.289
5.35954	870.255	870.255
5.37148	870.221	870.221
5.38342	870.186	870.186
5.39535	870.151	870.151
5.40729	870.116	870.116
5.41923	870.08	870.08
5.43116	870.044	870.044
5.4431	870.008	870.008
5.45504	869.971	869.971
5.46697	869.934	869.934
5.47891	869.896	869.896
5.49085	869.858	869.858
5.50278	869.82	869.82
5.51472	869.781	869.781
5.52666	869.742	869.742
5.53859	869.703	869.703
5.55053	869.663	869.663
5.56247	869.623	869.623
5.5744	869.582	869.583
5.58634	869.542	869.542
5.59828	869.5	869.5
5.61021	869.459	869.459
5.62215	869.416	869.417
5.63408	869.374	869.374
5.64602	869.331	869.331
5.65796	869.288	869.288
5.66989	869.244	869.244
5.68183	869.2	869.2
5.69377	869.155	869.156
5.7057	869.11	869.111
5.71764	869.065	869.065
5.72958	869.019	869.019
5.74151	868.973	868.973
5.75345	868.926	868.927
5.76539	868.879	868.88
5.77732	868.832	868.832
5.78926	868.784	868.784
5.8012	868.736	868.736
5.81313	868.687	868.687
5.82507	868.638	868.638
5.83701	868.588	868.588
5.84894	868.538	868.538
5.86088	868.487	868.488
5.87282	868.436	868.437
5.88475	868.385	868.385
5.89669	868.333	868.333
5.90863	868.281	868.281
5.92056	868.228	868.228
5.9325	868.175	868.175
5.94444	868.121	868.121
5.95637	868.067	868.067
5.96831	868.012	868.012
5.98025	867.957	867.957
5.99218	867.901	867.901
6.00412	867.845	867.845
6.01606	867.788	867.788
6.02799	867.731	867.731
6.03993	867.674	867.674
6.05187	867.616	867.616
6.0638	867.557	867.557
6.07574	867.498	867.498
6.08768	867.438	867.439
6.09961	867.378	867.378
6.11155	867.318	867.318
6.12349	867.257	867.257
6.13542	867.195	867.195
6.14736	867.133	867.133
6.1593	867.07	867.071
6.17123	867.007	867.007
6.18317	866.944	866.944
6.19511	866.879	866.88
6.20704	866.815	866.815
6.21898	866.75	866.75
6.23092	866.684	866.684
6.24285	866.618	866.618
6.25479	866.551	866.551
6.26673	866.483	866.484
6.27866	866.416	866.416
6.2906	866.347	866.347
6.30254	866.278	866.278
6.31447	866.209	866.209
6.32641	866.138	866.139
6.33835	866.068	866.068
6.35028	865.997	865.997
6.36222	865.925	865.925
6.37416	865.853	865.853
6.38609	865.78	865.78
6.39803	865.706	865.707
6.40997	865.632	865.633
6.4219	865.558	865.558
6.43384	865.483	865.483
6.44578	865.407	865.407
6.45771	865.33	865.331
6.46965	865.254	865.254
6.48159	865.176	865.176
6.49352	865.098	865.098
6.50546	865.019	865.02
6.51739	864.94	864.94
6.52933	864.86	864.86
6.54127	864.78	864.78
6.5532	864.699	864.699
6.56514	864.617	864.617
6.57708	864.535	864.535
6.58901	864.452	864.452
6.60095	864.368	864.369
6.61289	864.284	864.285
6.62482	864.2	864.2
6.63676	864.114	864.115
6.6487	864.028	864.029
6.66063	863.942	863.942
6.67257	863.855	863.855
6.68451	863.767	863.767
6.69644	863.678	863.679
6.70838	863.589	863.589
6.72032	863.499	863.5
6.73225	863.409	863.409
6.74419	863.318	863.318
6.75613	863.226	863.227
6.76806	863.134	863.134
6.78	863.041	863.041
6.79194	862.948	862.948
6.80387	862.853	862.854
6.81581	862.758	862.759
6.82775	862.663	862.663
6.83968	862.567	862.567
6.85162	862.47	862.47
6.86356	862.372	862.372
6.87549	862.274	862.274
6.88743	862.175	862.175
6.89937	862.075	862.076
6.9113	861.975	861.975
6.92324	861.874	861.874
6.93518	861.773	861.773
6.94711	861.67	861.671
6.95905	861.567	861.568
6.97099	861.464	861.464
6.98292	861.359	861.36
6.99486	861.254	861.254
7.0068	861.148	861.149
7.01873	861.042	861.042
7.03067	860.935	860.935
7.04261	860.827	860.827
7.05454	860.719	860.719
7.06648	860.609	860.61
7.07842	860.499	860.5
7.09035	860.389	860.389
7.10229	860.277	860.278
7.11423	860.165	860.165
7.12616	860.052	860.053
7.1381	859.939	859.939
7.15004	859.825	859.825
7.16197	859.71	859.71
7.17391	859.594	859.594
7.18585	859.478	859.478
7.19778	859.36	859.361
7.20972	859.243	859.243
7.22166	859.124	859.124
7.23359	859.005	859.005
7.24553	858.885	858.885
7.25747	858.764	858.764
7.2694	858.642	858.642
7.28134	858.52	858.52
7.29328	858.397	858.397
7.30521	858.273	858.273
7.31715	858.148	858.149
7.32909	858.023	858.023
7.34102	857.897	857.897
7.35296	857.77	857.771
7.36489	857.643	857.643
7.37683	857.514	857.515
7.38877	857.385	857.386
7.4007	857.255	857.256
7.41264	857.125	857.125
7.42458	856.993	856.994
7.43651	856.861	856.862
7.44845	856.728	856.729
7.46039	856.595	856.595
7.47232	856.46	856.461
7.48426	856.325	856.325
7.4962	856.189	856.189
7.50813	856.052	856.053
7.52007	855.915	855.915
7.53201	855.776	855.777
7.54394	855.637	855.638
7.55588	855.497	855.498
7.56782	855.357	855.357
7.57975	855.215	855.215
7.59169	855.073	855.073
7.60363	854.93	854.93
7.61556	854.786	854.786
7.6275	854.641	854.642
7.63944	854.496	854.496
7.65137	854.35	854.35
7.66331	854.202	854.203
7.67525	854.055	854.055
7.68718	853.906	853.906
7.69912	853.757	853.757
7.71106	853.606	853.607
7.72299	853.455	853.456
7.73493	853.303	853.304
7.74687	853.151	853.151
7.7588	852.997	852.997
7.77074	852.843	852.843
7.78268	852.688	852.688
7.79461	852.532	852.532
7.80655	852.375	852.375
7.81849	852.217	852.218
7.83042	852.059	852.059
7.84236	851.9	851.9
7.8543	851.74	851.74
7.86623	851.579	851.579
7.87817	851.417	851.418
7.89011	851.255	851.255
7.90204	851.092	851.092
7.91398	850.927	850.928
7.92592	850.762	850.763
7.93785	850.597	850.597
7.94979	850.43	850.43
7.96173	850.263	850.263
7.97366	850.094	850.095
7.9856	849.925	849.925
7.99754	849.755	849.756
8.00947	849.584	849.585
8.02141	849.413	849.413
8.03335	849.24	849.241
8.04528	849.067	849.067
8.05722	848.893	848.893
8.06916	848.718	848.718
8.08109	848.542	848.542
8.09303	848.365	848.366
8.10497	848.188	848.188
8.1169	848.01	848.01
8.12884	847.83	847.831
8.14078	847.65	847.651
8.15271	847.47	847.47
8.16465	847.288	847.288
8.17659	847.105	847.106
8.18852	846.922	846.922
8.20046	846.738	846.738
8.2124	846.553	846.553
8.22433	846.367	846.367
8.23627	846.18	846.18
8.2482	845.992	845.993
8.26014	845.804	845.804
8.27208	845.614	845.615
8.28401	845.424	845.425
8.29595	845.233	845.234
8.30789	845.041	845.042
8.31982	844.849	844.849
8.33176	844.655	844.655
8.3437	844.461	844.461
8.35563	844.265	844.266
8.36757	844.069	844.07
8.37951	843.872	843.873
8.39144	843.674	843.675
8.40338	843.476	843.476
8.41532	843.276	843.276
8.42725	843.076	843.076
8.43919	842.874	842.875
8.45113	842.672	842.673
8.46306	842.469	842.47
8.475	842.266	842.266
8.48694	842.061	842.061
8.49887	841.855	841.856
8.51081	841.649	841.649
8.52275	841.442	841.442
8.53468	841.234	841.234
8.54662	841.025	841.025
8.55856	840.815	840.815
8.57049	840.604	840.605
8.58243	840.393	840.393
8.59437	840.18	840.181
8.6063	839.967	839.968
8.61824	839.753	839.753
8.63018	839.538	839.539
8.64211	839.322	839.323
8.65405	839.106	839.106
8.66599	838.888	838.889
8.67792	838.67	838.67
8.68986	838.451	838.451
8.7018	838.231	838.231
8.71373	838.01	838.01
8.72567	837.788	837.789
8.73761	837.566	837.566
8.74954	837.342	837.343
8.76148	837.118	837.118
8.77342	836.893	836.893
8.78535	836.667	836.667
8.79729	836.44	836.44
8.80923	836.212	836.213
8.82116	835.984	835.984
8.8331	835.754	835.755
8.84504	835.524	835.525
8.85697	835.293	835.293
8.86891	835.061	835.062
8.88085	834.828	834.829
8.89278	834.595	834.595
8.90472	834.36	834.361
8.91666	834.125	834.125
8.92859	833.889	833.889
8.94053	833.652	833.652
8.95247	833.414	833.415
8.9644	833.176	833.176
8.97634	832.936	832.936
8.98828	832.696	832.696
9.00021	832.455	832.455
9.01215	832.213	832.213
9.02409	831.97	831.97
9.03602	831.726	831.727
9.04796	831.482	831.482
9.0599	831.236	831.237
9.07183	830.99	830.991
9.08377	830.743	830.744
9.0957	830.496	830.496
9.10764	830.247	830.247
9.11958	829.997	829.998
9.13151	829.747	829.747
9.14345	829.496	829.496
9.15539	829.244	829.244
9.16732	828.991	828.992
9.17926	828.738	828.738
9.1912	828.483	828.484
9.20313	828.228	828.228
9.21507	827.972	827.972
9.22701	827.715	827.716
9.23894	827.458	827.458
9.25088	827.199	827.199
9.26282	826.94	826.94
9.27475	826.68	826.68
9.28669	826.419	826.419
9.29863	826.157	826.158
9.31056	825.895	825.895
9.3225	825.631	825.632
9.33444	825.367	825.368
9.34637	825.102	825.103
9.35831	824.837	824.837
9.37025	824.57	824.57
9.38218	824.303	824.303
9.39412	824.035	824.035
9.40606	823.766	823.766
9.41799	823.496	823.496
9.42993	823.226	823.226
9.44187	822.954	822.955
9.4538	822.682	822.682
9.46574	822.409	822.41
9.47768	822.136	822.136
9.48961	821.861	821.862
9.50155	821.586	821.586
9.51349	821.31	821.31
9.52542	821.033	821.034
9.53736	820.756	820.756
9.5493	820.477	820.478
9.56123	820.198	820.199
9.57317	819.918	819.919
9.58511	819.638	819.638
9.59704	819.356	819.357
9.60898	819.074	819.075
9.62092	818.791	818.792
9.63285	818.508	818.508
9.64479	818.223	818.224
9.65673	817.938	817.938
9.66866	817.652	817.652
9.6806	817.365	817.366
9.69254	817.078	817.078
9.70447	816.79	816.79
9.71641	816.501	816.501
9.72835	816.211	816.211
9.74028	815.921	815.921
9.75222	815.629	815.63
9.76416	815.338	815.338
9.77609	815.045	815.045
9.78803	814.752	814.752
9.79997	814.457	814.458
9.8119	814.163	814.163
9.82384	813.867	813.867
9.83578	813.571	813.571
9.84771	813.274	813.274
9.85965	812.976	812.976
9.87159	812.677	812.678
9.88352	812.378	812.378
9.89546	812.078	812.079
9.9074	811.778	811.778
9.91933	811.476	811.477
9.93127	811.174	811.175
9.94321	810.872	810.872
9.95514	810.568	810.568
9.96708	810.264	810.264
9.97901	809.959	809.959
9.99095	809.654	809.654
10.0029	809.347	809.348
10.0148	809.04	809.041
10.0268	808.733	808.733
10.0387	808.425	808.425
10.0506	808.116	808.116
10.0626	807.806	807.806
10.0745	807.496	807.496
10.0864	807.185	807.185
10.0984	806.873	806.873
10.1103	806.56	806.561
10.1223	806.247	806.248
10.1342	805.934	805.934
10.1461	805.619	805.62
10.1581	805.304	805.305
10.17	804.989	804.989
10.1819	804.672	804.673
10.1939	804.355	804.355
10.2058	804.038	804.038
10.2177	803.719	803.72
10.2297	803.4	803.401
10.2416	803.081	803.081
10.2536	802.761	802.761
10.2655	802.44	802.44
10.2774	802.118	802.118
10.2894	801.796	801.796
10.3013	801.473	801.473
10.3132	801.15	801.15
10.3252	800.826	800.826
10.3371	800.501	800.501
10.3491	800.176	800.176
10.361	799.85	799.85
10.3729	799.523	799.524
10.3849	799.196	799.197
10.3968	798.869	798.869
10.4087	798.54	798.541
10.4207	798.211	798.212
10.4326	797.882	797.882
10.4445	797.552	797.552
10.4565	797.221	797.221
10.4684	796.89	796.89
10.4804	796.558	796.558
10.4923	796.225	796.225
10.5042	795.892	795.892
10.5162	795.558	795.559
10.5281	795.224	795.224
10.54	794.889	794.89
10.552	794.554	794.554
10.5639	794.218	794.218
10.5758	793.882	793.882
10.5878	793.544	793.545
10.5997	793.207	793.207
10.6117	792.869	792.869
10.6236	792.53	792.53
10.6355	792.191	792.191
10.6475	791.851	791.851
10.6594	791.51	791.51
10.6713	791.169	791.169
10.6833	790.828	790.828
10.6952	790.486	790.486
10.7071	790.143	790.143
10.7191	789.8	789.8
10.731	789.456	789.457
10.743	789.112	789.112
10.7549	788.768	788.768
10.7668	788.422	788.422
10.7788	788.077	788.077
10.7907	787.73	787.731
10.8026	787.384	787.384
10.8146	787.036	787.036
10.8265	786.689	786.689
10.8385	786.34	786.34
10.8504	785.991	785.992
10.8623	785.642	785.642
10.8743	785.292	785.293
10.8862	784.942	784.942
10.8981	784.591	784.592
10.9101	784.24	784.24
10.922	783.888	783.889
10.9339	783.536	783.536
10.9459	783.184	783.184
10.9578	782.83	782.831
10.9698	782.477	782.477
10.9817	782.123	782.123
10.9936	781.768	781.768
11.0056	781.413	781.413
11.0175	781.058	781.058
11.0294	780.702	780.702
11.0414	780.345	780.345
11.0533	779.988	779.989
11.0652	779.631	779.631
11.0772	779.273	779.273
11.0891	778.915	778.915
11.1011	778.557	778.557
11.113	778.197	778.198
11.1249	777.838	777.838
11.1369	777.478	777.478
11.1488	777.118	777.118
11.1607	776.757	776.757
11.1727	776.396	776.396
11.1846	776.034	776.034
11.1966	775.672	775.672
11.2085	775.31	775.31
11.2204	774.947	774.947
11.2324	774.584	774.584
11.2443	774.22	774.22
11.2562	773.856	773.856
11.2682	773.491	773.491
11.2801	773.126	773.127
11.292	772.761	772.761
11.304	772.396	772.396
11.3159	772.03	772.03
11.3279	771.663	771.663
11.3398	771.296	771.297
11.3517	770.929	770.929
11.3637	770.562	770.562
11.3756	770.194	770.194
11.3875	769.825	769.826
11.3995	769.457	769.457
11.4114	769.088	769.088
11.4233	768.718	768.719
11.4353	768.349	768.349
11.4472	767.979	767.979
11.4592	767.608	767.608
11.4711	767.237	767.237
11.483	766.866	766.866
11.495	766.495	766.495
11.5069	766.123	766.123
11.5188	765.751	765.751
11.5308	765.378	765.378
11.5427	765.005	765.006
11.5546	764.632	764.632
11.5666	764.259	764.259
11.5785	763.885	763.885
11.5905	763.511	763.511
11.6024	763.136	763.137
11.6143	762.762	762.762
11.6263	762.387	762.387
11.6382	762.011	762.011
11.6501	761.635	761.636
11.6621	761.259	761.26
11.674	760.883	760.883
11.686	760.507	760.507
11.6979	760.13	760.13
11.7098	759.752	759.753
11.7218	759.375	759.375
11.7337	758.997	758.997
11.7456	758.619	758.619
11.7576	758.241	758.241
11.7695	757.862	757.862
11.7814	757.483	757.483
11.7934	757.104	757.104
11.8053	756.725	756.725
11.8173	756.345	756.345
11.8292	755.965	755.965
11.8411	755.585	755.585
11.8531	755.204	755.204
11.865	754.823	754.824
11.8769	754.442	754.443
11.8889	754.061	754.061
11.9008	753.68	753.68
11.9127	753.298	753.298
11.9247	752.916	752.916
11.9366	752.534	752.534
11.9486	752.151	752.151
11.9605	751.768	751.768
11.9724	751.385	751.385
11.9844	751.002	751.002
11.9963	750.619	750.619
12.0082	750.235	750.235
12.0202	749.851	749.851
12.0321	749.467	749.467
12.0441	749.083	749.083
12.056	748.698	748.698
12.0679	748.313	748.313
12.0799	747.928	747.928
12.0918	747.543	747.543
12.1037	747.158	747.158
12.1157	746.772	746.772
12.1276	746.386	746.386
12.1395	746	746
12.1515	745.614	745.614
12.1634	745.228	745.228
12.1754	744.841	744.841
12.1873	744.454	744.454
12.1992	744.067	744.067
12.2112	743.68	743.68
12.2231	743.293	743.293
12.235	742.905	742.905
12.247	742.517	742.517
12.2589	742.129	742.129
12.2708	741.741	741.741
12.2828	741.353	741.353
12.2947	740.965	740.965
12.3067	740.576	740.576
12.3186	740.187	740.187
12.3305	739.798	739.798
12.3425	739.409	739.409
12.3544	739.02	739.02
12.3663	738.631	738.631
12.3783	738.241	738.241
12.3902	737.851	737.851
12.4021	737.461	737.461
12.4141	737.071	737.071
12.426	736.681	736.681
12.438	736.291	736.291
12.4499	735.9	735.9
12.4618	735.51	735.51
12.4738	735.119	735.119
12.4857	734.728	734.728
12.4976	734.337	734.337
12.5096	733.946	733.946
12.5215	733.555	733.555
12.5335	733.163	733.163
12.5454	732.772	732.772
12.5573	732.38	732.38
12.5693	731.988	731.988
12.5812	731.596	731.596
12.5931	731.204	731.204
12.6051	730.812	730.812
12.617	730.42	730.42
12.6289	730.028	730.028
12.6409	729.635	729.635
12.6528	729.242	729.243
12.6648	728.85	728.85
12.6767	728.457	728.457
12.6886	728.064	728.064
12.7006	727.671	727.671
12.7125	727.278	727.278
12.7244	726.885	726.885
12.7364	726.491	726.491
12.7483	726.098	726.098
12.7602	725.704	725.704
12.7722	725.311	725.311
12.7841	724.917	724.917
12.7961	724.523	724.523
12.808	724.13	724.13
12.8199	723.736	723.736
12.8319	723.342	723.342
12.8438	722.947	722.948
12.8557	722.553	722.553
12.8677	722.159	722.159
12.8796	721.765	721.765
12.8916	721.37	721.37
12.9035	720.976	720.976
12.9154	720.581	720.581
12.9274	720.187	720.187
12.9393	719.792	719.792
12.9512	719.397	719.397
12.9632	719.002	719.002
12.9751	718.607	718.607
12.987	718.212	718.212
12.999	717.817	717.817
13.0109	717.422	717.422
13.0229	717.027	717.027
13.0348	716.632	716.632
13.0467	716.237	716.237
13.0587	715.842	715.842
13.0706	715.446	715.446
13.0825	715.051	715.051
13.0945	714.655	714.655
13.1064	714.26	714.26
13.1183	713.864	713.864
13.1303	713.469	713.469
13.1422	713.073	713.073
13.1542	712.677	712.677
13.1661	712.282	712.282
13.178	711.886	711.886
13.19	711.49	711.49
13.2019	711.094	711.094
13.2138	710.698	710.698
13.2258	710.303	710.303
13.2377	709.907	709.907
13.2496	709.511	709.511
13.2616	709.115	709.115
13.2735	708.719	708.719
13.2855	708.323	708.323
13.2974	707.927	707.927
13.3093	707.53	707.53
13.3213	707.134	707.134
13.3332	706.738	706.738
13.3451	706.342	706.342
13.3571	705.946	705.946
13.369	705.55	705.55
13.381	705.153	705.153
13.3929	704.757	704.757
13.4048	704.361	704.361
13.4168	703.965	703.965
13.4287	703.568	703.568
13.4406	703.172	703.172
13.4526	702.776	702.776
13.4645	702.379	702.379
13.4764	701.983	701.983
13.4884	701.587	701.587
13.5003	701.19	701.19
13.5123	700.794	700.794
13.5242	700.397	700.397
13.5361	700.001	700.001
13.5481	699.605	699.605
13.56	699.208	699.208
13.5719	698.812	698.812
13.5839	698.416	698.416
13.5958	698.019	698.019
13.6077	697.623	697.623
13.6197	697.226	697.226
13.6316	696.83	696.83
13.6436	696.434	696.434
13.6555	696.037	696.037
13.6674	695.641	695.641
13.6794	695.244	695.244
13.6913	694.848	694.848
13.7032	694.452	694.452
13.7152	694.055	694.055
13.7271	693.659	693.659
13.7391	693.263	693.263
13.751	692.866	692.866
13.7629	692.47	692.47
13.7749	692.074	692.074
13.7868	691.677	691.677
13.7987	691.281	691.281
13.8107	690.885	690.885
13.8226	690.489	690.489
13.8345	690.092	690.092
13.8465	689.696	689.696
13.8584	689.3	689.3
13.8704	688.904	688.904
13.8823	688.508	688.508
13.8942	688.112	688.112
13.9062	687.715	687.715
13.9181	687.319	687.319
13.93	686.923	686.923
13.942	686.527	686.527
13.9539	686.131	686.131
13.9658	685.735	685.735
13.9778	685.339	685.339
13.9897	684.943	684.943
14.0017	684.547	684.547
14.0136	684.151	684.151
14.0255	683.755	683.755
14.0375	683.359	683.359
14.0494	682.963	682.963
14.0613	682.568	682.568
14.0733	682.172	682.172
14.0852	681.776	681.776
14.0971	681.38	681.38
14.1091	680.985	680.985
14.121	680.589	680.589
14.133	680.193	680.193
14.1449	679.798	679.798
14.1568	679.402	679.402
14.1688	679.006	679.006
14.1807	678.611	678.611
14.1926	678.215	678.215
14.2046	677.82	677.82
14.2165	677.424	677.424
14.2285	677.029	677.029
14.2404	676.633	676.633
14.2523	676.238	676.238
14.2643	675.843	675.843
14.2762	675.447	675.447
14.2881	675.052	675.052
14.3001	674.657	674.657
14.312	674.262	674.262
14.3239	673.867	673.867
14.3359	673.471	673.471
14.3478	673.076	673.076
14.3598	672.681	672.681
14.3717	672.286	672.286
14.3836	671.891	671.891
14.3956	671.496	671.496
14.4075	671.101	671.101
14.4194	670.707	670.707
14.4314	670.312	670.312
14.4433	669.917	669.917
14.4552	669.522	669.522
14.4672	669.127	669.127
14.4791	668.733	668.733
14.4911	668.338	668.338
14.503	667.943	667.943
14.5149	667.549	667.549
14.5269	667.154	667.154
14.5388	666.76	666.76
14.5507	666.365	666.365
14.5627	665.971	665.971
14.5746	665.577	665.577
14.5866	665.182	665.182
14.5985	664.788	664.788
14.6104	664.394	664.394
14.6224	663.999	663.999
14.6343	663.605	663.605
14.6462	663.211	663.211
14.6582	662.817	662.817
14.6701	662.423	662.423
14.682	662.029	662.029
14.694	661.635	661.635
14.7059	661.241	661.241
14.7179	660.847	660.847
14.7298	660.453	660.453
14.7417	660.059	660.059
14.7537	659.665	659.665
14.7656	659.272	659.272
14.7775	658.878	658.878
14.7895	658.484	658.484
14.8014	658.091	658.091
14.8133	657.697	657.697
14.8253	657.304	657.304
14.8372	656.91	656.91
14.8492	656.517	656.517
14.8611	656.123	656.123
14.873	655.73	655.73
14.885	655.336	655.336
14.8969	654.943	654.943
14.9088	654.55	654.55
14.9208	654.157	654.157
14.9327	653.763	653.763
14.9446	653.37	653.37
14.9566	652.977	652.977
14.9685	652.584	652.584
14.9805	652.191	652.191
14.9924	651.798	651.798
15.0043	651.405	651.405
15.0163	651.012	651.012
15.0282	650.619	650.619
15.0401	650.226	650.226
15.0521	649.834	649.834
15.064	649.441	649.441
15.076	649.048	649.048
15.0879	648.656	648.656
15.0998	648.263	648.263
15.1118	647.87	647.87
15.1237	647.478	647.478
15.1356	647.085	647.085
15.1476	646.693	646.693
15.1595	646.3	646.3
15.1714	645.908	645.908
15.1834	645.516	645.516
15.1953	645.123	645.123
15.2073	644.731	644.731
15.2192	644.339	644.339
15.2311	643.947	643.946
15.2431	643.554	643.554
15.255	643.162	643.162
15.2669	642.77	642.77
15.2789	642.378	642.378
15.2908	641.986	641.986
15.3027	641.594	641.594
15.3147	641.202	641.202
15.3266	640.81	640.81
15.3386	640.418	640.418
15.3505	640.026	640.026
15.3624	639.635	639.635
15.3744	639.243	639.243
15.3863	638.851	638.851
15.3982	638.46	638.46
15.4102	638.068	638.068
15.4221	637.676	637.676
15.4341	637.285	637.285
15.446	636.893	636.893
15.4579	636.502	636.502
15.4699	636.11	636.11
15.4818	635.719	635.719
15.4937	635.327	635.327
15.5057	634.936	634.936
15.5176	634.545	634.545
15.5295	634.153	634.153
15.5415	633.762	633.762
15.5534	633.371	633.371
15.5654	632.98	632.98
15.5773	632.588	632.588
15.5892	632.197	632.197
15.6012	631.806	631.806
15.6131	631.415	631.415
15.625	631.024	631.024
15.637	630.633	630.633
15.6489	630.242	630.242
15.6608	629.851	629.851
15.6728	629.46	629.46
15.6847	629.069	629.069
15.6967	628.679	628.678
15.7086	628.288	628.288
15.7205	627.897	627.897
15.7325	627.506	627.506
15.7444	627.115	627.115
15.7563	626.725	626.725
15.7683	626.334	626.334
15.7802	625.943	625.943
15.7921	625.553	625.553
15.8041	625.162	625.162
15.816	624.772	624.772
15.828	624.381	624.381
15.8399	623.991	623.991
15.8518	623.6	623.6
15.8638	623.21	623.21
15.8757	622.819	622.819
15.8876	622.429	622.429
15.8996	622.039	622.039
15.9115	621.648	621.648
15.9235	621.258	621.258
15.9354	620.868	620.868
15.9473	620.478	620.478
15.9593	620.087	620.087
15.9712	619.697	619.697
15.9831	619.307	619.307
15.9951	618.917	618.917
16.007	618.527	618.527
16.0189	618.137	618.137
16.0309	617.747	617.747
16.0428	617.357	617.357
16.0548	616.967	616.967
16.0667	616.577	616.577
16.0786	616.187	616.187
16.0906	615.797	615.797
16.1025	615.407	615.407
16.1144	615.017	615.017
16.1264	614.627	614.627
16.1383	614.237	614.237
16.1502	613.847	613.847
16.1622	613.458	613.458
16.1741	613.068	613.068
16.1861	612.678	612.678
16.198	612.288	612.288
16.2099	611.899	611.899
16.2219	611.509	611.509
16.2338	611.119	611.119
16.2457	610.73	610.73
16.2577	610.34	610.34
16.2696	609.951	609.951
16.2816	609.561	609.561
16.2935	609.171	609.171
16.3054	608.782	608.782
16.3174	608.392	608.392
16.3293	608.003	608.003
16.3412	607.613	607.613
16.3532	607.224	607.224
16.3651	606.835	606.835
16.377	606.445	606.445
16.389	606.056	606.056
16.4009	605.666	605.666
16.4129	605.277	605.277
16.4248	604.888	604.888
16.4367	604.498	604.498
16.4487	604.109	604.109
16.4606	603.72	603.72
16.4725	603.331	603.331
16.4845	602.941	602.941
16.4964	602.552	602.552
16.5083	602.163	602.163
16.5203	601.774	601.774
16.5322	601.384	601.384
16.5442	600.995	600.995
16.5561	600.606	600.606
16.568	600.217	600.217
16.58	599.828	599.828
16.5919	599.439	599.439
16.6038	599.05	599.05
16.6158	598.661	598.661
16.6277	598.272	598.272
16.6396	597.883	597.883
16.6516	597.494	597.494
16.6635	597.105	597.105
16.6755	596.716	596.716
16.6874	596.327	596.327
16.6993	595.938	595.938
16.7113	595.549	595.549
16.7232	595.16	595.16
16.7351	594.771	594.771
16.7471	594.382	594.382
16.759	593.993	593.993
16.771	593.604	593.604
16.7829	593.216	593.216
16.7948	592.827	592.827
16.8068	592.438	592.438
16.8187	592.049	592.049
16.8306	591.66	591.66
16.8426	591.272	591.272
16.8545	590.883	590.883
16.8664	590.494	590.494
16.8784	590.105	590.105
16.8903	589.717	589.717
16.9023	589.328	589.328
16.9142	588.939	588.939
16.9261	588.551	588.551
16.9381	588.162	588.162
16.95	587.773	587.773
16.9619	587.385	587.385
16.9739	586.996	586.996
16.9858	586.607	586.607
16.9977	586.219	586.219
17.0097	585.83	585.83
17.0216	585.442	585.442
17.0336	585.053	585.053
17.0455	584.664	584.664
17.0574	584.276	584.276
17.0694	583.887	583.887
17.0813	583.499	583.499
17.0932	583.11	583.11
17.1052	582.722	582.722
17.1171	582.333	582.333
17.1291	581.945	581.945
17.141	581.556	581.556
17.1529	581.168	581.168
17.1649	580.78	580.78
17.1768	580.391	580.391
17.1887	580.003	580.003
17.2007	579.614	579.614
17.2126	579.226	579.226
17.2245	578.838	578.838
17.2365	578.449	578.449
17.2484	578.061	578.061
17.2604	577.672	577.672
17.2723	577.284	577.284
17.2842	576.896	576.896
17.2962	576.507	576.507
17.3081	576.119	576.119
17.32	575.731	575.731
17.332	575.343	575.343
17.3439	574.954	574.954
17.3558	574.566	574.566
17.3678	574.178	574.178
17.3797	573.79	573.79
17.3917	573.401	573.401
17.4036	573.013	573.013
17.4155	572.625	572.625
17.4275	572.237	572.237
17.4394	571.849	571.849
17.4513	571.461	571.461
17.4633	571.072	571.072
17.4752	570.684	570.684
17.4871	570.296	570.296
17.4991	569.908	569.908
17.511	569.52	569.52
17.523	569.132	569.132
17.5349	568.744	568.744
17.5468	568.356	568.356
17.5588	567.968	567.968
17.5707	567.58	567.58
17.5826	567.192	567.192
17.5946	566.804	566.804
17.6065	566.416	566.416
17.6185	566.028	566.028
17.6304	565.64	565.64
17.6423	565.252	565.252
17.6543	564.864	564.864
17.6662	564.476	564.476
17.6781	564.088	564.088
17.6901	563.7	563.7
17.702	563.312	563.312
17.7139	562.924	562.924
17.7259	562.536	562.536
17.7378	562.149	562.149
17.7498	561.761	561.761
17.7617	561.373	561.373
17.7736	560.985	560.985
17.7856	560.597	560.597
17.7975	560.21	560.21
17.8094	559.822	559.822
17.8214	559.434	559.434
17.8333	559.046	559.046
17.8452	558.659	558.659
17.8572	558.271	558.271
17.8691	557.883	557.883
17.8811	557.496	557.496
17.893	557.108	557.108
17.9049	556.72	556.72
17.9169	556.333	556.333
17.9288	555.945	555.945
17.9407	555.558	555.558
17.9527	555.17	555.17
17.9646	554.782	554.782
17.9766	554.395	554.395
17.9885	554.007	554.007
18.0004	553.62	553.62
18.0124	553.232	553.232
18.0243	552.845	552.845
18.0362	552.458	552.458
18.0482	552.07	552.07
18.0601	551.683	551.683
18.072	551.295	551.295
18.084	550.908	550.908
18.0959	550.521	550.521
18.1079	550.133	550.133
18.1198	549.746	549.746
18.1317	549.359	549.359
18.1437	548.971	548.971
18.1556	548.584	548.584
18.1675	548.197	548.197
18.1795	547.81	547.81
18.1914	547.423	547.423
18.2033	547.035	547.035
18.2153	546.648	546.648
18.2272	546.261	546.261
18.2392	545.874	545.874
18.2511	545.487	545.487
18.263	545.1	545.1
18.275	544.713	544.713
18.2869	544.326	544.326
18.2988	543.939	543.939
18.3108	543.552	543.552
18.3227	543.165	543.165
18.3346	542.778	542.778
18.3466	542.391	542.391
18.3585	542.004	542.004
18.3705	541.618	541.618
18.3824	541.231	541.231
18.3943	540.844	540.844
18.4063	540.457	540.457
18.4182	540.071	540.071
18.4301	539.684	539.684
18.4421	539.297	539.297
18.454	538.911	538.911
18.466	538.524	538.524
18.4779	538.138	538.138
18.4898	537.751	537.751
18.5018	537.364	537.364
18.5137	536.978	536.978
18.5256	536.592	536.592
18.5376	536.205	536.205
18.5495	535.819	535.819
18.5614	535.432	535.432
18.5734	535.046	535.046
18.5853	534.66	534.66
18.5973	534.274	534.273
18.6092	533.887	533.887
18.6211	533.501	533.501
18.6331	533.115	533.115
18.645	532.729	532.729
18.6569	532.343	532.343
18.6689	531.957	531.957
18.6808	531.571	531.571
18.6927	531.185	531.185
18.7047	530.799	530.799
18.7166	530.413	530.413
18.7286	530.027	530.027
18.7405	529.641	529.641
18.7524	529.255	529.255
18.7644	528.87	528.87
18.7763	528.484	528.484
18.7882	528.098	528.098
18.8002	527.713	527.713
18.8121	527.327	527.327
18.8241	526.941	526.941
18.836	526.556	526.556
18.8479	526.171	526.171
18.8599	525.785	525.785
18.8718	525.4	525.4
18.8837	525.014	525.014
18.8957	524.629	524.629
18.9076	524.244	524.244
18.9195	523.859	523.859
18.9315	523.474	523.474
18.9434	523.088	523.088
18.9554	522.703	522.703
18.9673	522.318	522.318
18.9792	521.933	521.933
18.9912	521.548	521.548
19.0031	521.164	521.164
19.015	520.779	520.779
19.027	520.394	520.394
19.0389	520.009	520.009
19.0508	519.625	519.625
19.0628	519.24	519.24
19.0747	518.856	518.855
19.0867	518.471	518.471
19.0986	518.087	518.087
19.1105	517.702	517.702
19.1225	517.318	517.318
19.1344	516.934	516.934
19.1463	516.549	516.549
19.1583	516.165	516.165
19.1702	515.781	515.781
19.1821	515.397	515.397
19.1941	515.013	515.013
19.206	514.629	514.629
19.218	514.245	514.245
19.2299	513.861	513.861
19.2418	513.478	513.478
19.2538	513.094	513.094
19.2657	512.71	512.71
19.2776	512.327	512.327
19.2896	511.943	511.943
19.3015	511.56	511.56
19.3135	511.176	511.176
19.3254	510.793	510.793
19.3373	510.41	510.41
19.3493	510.027	510.026
19.3612	509.643	509.643
19.3731	509.26	509.26
19.3851	508.877	508.877
19.397	508.494	508.494
19.4089	508.112	508.112
19.4209	507.729	507.729
19.4328	507.346	507.346
19.4448	506.963	506.963
19.4567	506.581	506.581
19.4686	506.198	506.198
19.4806	505.816	505.816
19.4925	505.434	505.434
19.5044	505.051	505.051
19.5164	504.669	504.669
19.5283	504.287	504.287
19.5402	503.905	503.905
19.5522	503.523	503.523
19.5641	503.141	503.141
19.5761	502.759	502.759
19.588	502.378	502.378
19.5999	501.996	501.996
19.6119	501.615	501.615
19.6238	501.233	501.233
19.6357	500.852	500.852
19.6477	500.47	500.47
19.6596	500.089	500.089
19.6716	499.708	499.708
19.6835	499.327	499.327
19.6954	498.946	498.946
19.7074	498.565	498.565
19.7193	498.184	498.184
19.7312	497.804	497.804
19.7432	497.423	497.423
19.7551	497.043	497.042
19.767	496.662	496.662
19.779	496.282	496.282
19.7909	495.902	495.902
19.8029	495.521	495.521
19.8148	495.141	495.141
19.8267	494.761	494.761
19.8387	494.382	494.381
19.8506	494.002	494.002
19.8625	493.622	493.622
19.8745	493.243	493.242
19.8864	492.863	492.863
19.8983	492.484	492.484
19.9103	492.104	492.104
19.9222	491.725	491.725
19.9342	491.346	491.346
19.9461	490.967	490.967
19.958	490.588	490.588
19.97	490.21	490.21
19.9819	489.831	489.831
19.9938	489.453	489.452
20.0058	489.074	489.074
20.0177	488.696	488.696
20.0296	488.318	488.318
20.0416	487.939	487.939
20.0535	487.561	487.561
20.0655	487.184	487.184
20.0774	486.806	486.806
20.0893	486.428	486.428
20.1013	486.051	486.051
20.1132	485.673	485.673
20.1251	485.296	485.296
20.1371	484.919	484.919
20.149	484.542	484.542
20.161	484.165	484.165
20.1729	483.788	483.788
20.1848	483.411	483.411
20.1968	483.035	483.035
20.2087	482.658	482.658
20.2206	482.282	482.282
20.2326	481.906	481.906
20.2445	481.53	481.53
20.2564	481.154	481.154
20.2684	480.778	480.778
20.2803	480.402	480.402
20.2923	480.027	480.027
20.3042	479.651	479.651
20.3161	479.276	479.276
20.3281	478.901	478.901
20.34	478.526	478.526
20.3519	478.151	478.151
20.3639	477.776	477.776
20.3758	477.401	477.401
20.3877	477.027	477.027
20.3997	476.653	476.652
20.4116	476.278	476.278
20.4236	475.904	475.904
20.4355	475.53	475.53
20.4474	475.157	475.156
20.4594	474.783	474.783
20.4713	474.409	474.409
20.4832	474.036	474.036
20.4952	473.663	473.663
20.5071	473.29	473.29
20.5191	472.917	472.917
20.531	472.544	472.544
20.5429	472.171	472.171
20.5549	471.799	471.799
20.5668	471.427	471.427
20.5787	471.054	471.054
20.5907	470.682	470.682
20.6026	470.311	470.311
20.6145	469.939	469.939
20.6265	469.567	469.567
20.6384	469.196	469.196
20.6504	468.825	468.825
20.6623	468.454	468.454
20.6742	468.083	468.083
20.6862	467.712	467.712
20.6981	467.342	467.341
20.71	466.971	466.971
20.722	466.601	466.601
20.7339	466.231	466.231
20.7458	465.861	465.861
20.7578	465.491	465.491
20.7697	465.122	465.122
20.7817	464.752	464.752
20.7936	464.383	464.383
20.8055	464.014	464.014
20.8175	463.645	463.645
20.8294	463.276	463.276
20.8413	462.908	462.908
20.8533	462.539	462.539
20.8652	462.171	462.171
20.8771	461.803	461.803
20.8891	461.436	461.435
20.901	461.068	461.068
20.913	460.7	460.7
20.9249	460.333	460.333
20.9368	459.966	459.966
20.9488	459.599	459.599
20.9607	459.233	459.232
20.9726	458.866	458.866
20.9846	458.5	458.5
20.9965	458.134	458.134
21.0085	457.768	457.768
21.0204	457.402	457.402
21.0323	457.036	457.036
21.0443	456.671	456.671
21.0562	456.306	456.306
21.0681	455.941	455.941
21.0801	455.576	455.576
21.092	455.212	455.211
21.1039	454.847	454.847
21.1159	454.483	454.483
21.1278	454.119	454.119
21.1398	453.755	453.755
21.1517	453.392	453.392
21.1636	453.028	453.028
21.1756	452.665	452.665
21.1875	452.302	452.302
21.1994	451.94	451.94
21.2114	451.577	451.577
21.2233	451.215	451.215
21.2352	450.853	450.853
21.2472	450.491	450.491
21.2591	450.129	450.129
21.2711	449.768	449.768
21.283	449.407	449.407
21.2949	449.046	449.046
21.3069	448.685	448.685
21.3188	448.324	448.324
21.3307	447.964	447.964
21.3427	447.604	447.604
21.3546	447.244	447.244
21.3666	446.884	446.884
21.3785	446.525	446.525
21.3904	446.166	446.166
21.4024	445.807	445.807
21.4143	445.448	445.448
21.4262	445.09	445.089
21.4382	444.731	444.731
21.4501	444.373	444.373
21.462	444.015	444.015
21.474	443.658	443.658
21.4859	443.301	443.301
21.4979	442.944	442.943
21.5098	442.587	442.587
21.5217	442.23	442.23
21.5337	441.874	441.874
21.5456	441.518	441.518
21.5575	441.162	441.162
21.5695	440.806	440.806
21.5814	440.451	440.451
21.5933	440.096	440.096
21.6053	439.741	439.741
21.6172	439.386	439.386
21.6292	439.032	439.032
21.6411	438.678	438.678
21.653	438.324	438.324
21.665	437.97	437.97
21.6769	437.617	437.617
21.6888	437.264	437.264
21.7008	436.911	436.911
21.7127	436.559	436.558
21.7246	436.206	436.206
21.7366	435.854	435.854
21.7485	435.502	435.502
21.7605	435.151	435.151
21.7724	434.8	434.8
21.7843	434.449	434.449
21.7963	434.098	434.098
21.8082	433.748	433.748
21.8201	433.398	433.397
21.8321	433.048	433.048
21.844	432.698	432.698
21.856	432.349	432.349
21.8679	432	432
21.8798	431.651	431.651
21.8918	431.303	431.302
21.9037	430.954	430.954
21.9156	430.606	430.606
21.9276	430.259	430.259
21.9395	429.911	429.911
21.9514	429.564	429.564
21.9634	429.218	429.218
21.9753	428.871	428.871
21.9873	428.525	428.525
21.9992	428.179	428.179
22.0111	427.833	427.833
22.0231	427.488	427.488
22.035	427.143	427.143
22.0469	426.798	426.798
22.0589	426.454	426.454
22.0708	426.11	426.11
22.0827	425.766	425.766
22.0947	425.423	425.422
22.1066	425.079	425.079
22.1186	424.736	424.736
22.1305	424.394	424.394
22.1424	424.052	424.051
22.1544	423.71	423.709
22.1663	423.368	423.368
22.1782	423.026	423.026
22.1902	422.685	422.685
22.2021	422.345	422.345
22.2141	422.004	422.004
22.226	421.664	421.664
22.2379	421.324	421.324
22.2499	420.985	420.985
22.2618	420.646	420.646
22.2737	420.307	420.307
22.2857	419.968	419.968
22.2976	419.63	419.63
22.3095	419.292	419.292
22.3215	418.955	418.955
22.3334	418.617	418.617
22.3454	418.281	418.28
22.3573	417.944	417.944
22.3692	417.608	417.608
22.3812	417.272	417.272
22.3931	416.936	416.936
22.405	416.601	416.601
22.417	416.266	416.266
22.4289	415.932	415.931
22.4408	415.597	415.597
22.4528	415.264	415.263
22.4647	414.93	414.93
22.4767	414.597	414.597
22.4886	414.264	414.264
22.5005	413.931	413.931
22.5125	413.599	413.599
22.5244	413.267	413.267
22.5363	412.936	412.936
22.5483	412.605	412.605
22.5602	412.274	412.274
22.5721	411.944	411.943
22.5841	411.614	411.613
22.596	411.284	411.284
22.608	410.954	410.954
22.6199	410.625	410.625
22.6318	410.297	410.297
22.6438	409.969	409.968
22.6557	409.641	409.64
22.6676	409.313	409.313
22.6796	408.986	408.986
22.6915	408.659	408.659
22.7035	408.333	408.332
22.7154	408.006	408.006
22.7273	407.681	407.681
22.7393	407.355	407.355
22.7512	407.03	407.03
22.7631	406.706	406.706
22.7751	406.381	406.381
22.787	406.058	406.057
22.7989	405.734	405.734
22.8109	405.411	405.411
22.8228	405.088	405.088
22.8348	404.766	404.766
22.8467	404.444	404.444
22.8586	404.122	404.122
22.8706	403.801	403.801
22.8825	403.48	403.48
22.8944	403.16	403.16
22.9064	402.84	402.84
22.9183	402.52	402.52
22.9302	402.201	402.201
22.9422	401.882	401.882
22.9541	401.563	401.563
22.9661	401.245	401.245
22.978	400.927	400.927
22.9899	400.61	400.61
23.0019	400.293	400.293
23.0138	399.977	399.976
23.0257	399.66	399.66
23.0377	399.345	399.345
23.0496	399.029	399.029
23.0616	398.714	398.714
23.0735	398.4	398.4
23.0854	398.086	398.086
23.0974	397.772	397.772
23.1093	397.459	397.459
23.1212	397.146	397.146
23.1332	396.833	396.833
23.1451	396.521	396.521
23.157	396.209	396.209
23.169	395.898	395.898
23.1809	395.587	395.587
23.1929	395.277	395.277
23.2048	394.967	394.967
23.2167	394.657	394.657
23.2287	394.348	394.348
23.2406	394.039	394.039
23.2525	393.731	393.731
23.2645	393.423	393.423
23.2764	393.115	393.115
23.2883	392.808	392.808
23.3003	392.502	392.502
23.3122	392.195	392.195
23.3242	391.89	391.889
23.3361	391.584	391.584
23.348	391.279	391.279
23.36	390.975	390.975
23.3719	390.671	390.67
23.3838	390.367	390.367
23.3958	390.064	390.064
23.4077	389.761	389.761
23.4196	389.459	389.458
23.4316	389.157	389.157
23.4435	388.855	388.855
23.4555	388.554	388.554
23.4674	388.254	388.253
23.4793	387.953	387.953
23.4913	387.654	387.654
23.5032	387.354	387.354
23.5151	387.056	387.055
23.5271	386.757	386.757
23.539	386.46	386.459
23.551	386.162	386.162
23.5629	385.866	385.865
23.5748	385.569	385.569
23.5868	385.274	385.274
23.5987	384.979	384.979
23.6106	384.686	384.685
23.6226	384.393	384.393
23.6345	384.102	384.101
23.6464	383.813	383.812
23.6584	383.525	383.524
23.6703	383.241	383.24
23.6823	382.96	382.958
23.6942	382.683	382.681
23.7061	382.412	382.41
23.7181	382.147	382.144
23.73	381.891	381.887
23.7419	381.644	381.64
23.7539	381.409	381.404
23.7658	381.187	381.181
23.7777	380.98	380.974
23.7897	380.792	380.784
23.8016	380.623	380.614
23.8136	380.475	380.466
23.8255	380.352	380.342
23.8374	380.254	380.244
23.8494	380.183	380.172
23.8613	380.14	380.129
23.8732	380.126	380.115
