0	873	873
0.0119366	873	873
0.0238732	873	873
0.0358099	873	873
0.0477465	873	873
0.0596831	873	873
0.0716197	873	873
0.0835563	873	873
0.095493	873	873
0.10743	873	873
0.119366	873	873
0.131303	873	873
0.143239	873	873
0.155176	873	873
0.167113	873	873
0.179049	873	873
0.190986	873	873
0.202923	873	873
0.214859	873	873
0.226796	873	873
0.238732	873	873
0.250669	873	873
0.262606	873	873
0.274542	873	873
0.286479	873	873
0.298416	873	873
0.310352	873	873
0.322289	873	873
0.334225	873	873
0.346162	873	873
0.358099	873	873
0.370035	873	873
0.381972	873	873
0.393908	873	873
0.405845	873	873
0.417782	873	873
0.429718	873	873
0.441655	873	873
0.453592	873	873
0.465528	873	873
0.477465	873	873
0.489401	873	873
0.501338	873	873
0.513275	873	873
0.525211	873	873
0.537148	873	873
0.549085	873	873
0.561021	873	873
0.572958	873	873
0.584894	873	873
0.596831	873	873
0.608768	873	873
0.620704	873	873
0.632641	873	873
0.644578	873	873
0.656514	873	873
0.668451	873	873
0.680387	873	873
0.692324	873	873
0.704261	873	873
0.716197	873	873
0.728134	873	873
0.74007	873	873
0.752007	873	873
0.763944	873	873
0.77588	873	873
0.787817	873	873
0.799754	873	873
0.81169	873	873
0.823627	872.999	872.999
0.835563	872.999	872.999
0.8475	872.999	872.999
0.859437	872.999	872.999
0.871373	872.999	872.999
0.88331	872.999	872.999
0.895247	872.999	872.999
0.907183	872.999	872.999
0.91912	872.999	872.999
0.931056	872.999	872.999
0.942993	872.999	872.999
0.95493	872.999	872.999
0.966866	872.999	872.999
0.978803	872.999	872.999
0.99074	872.999	872.999
1.00268	872.999	872.999
1.01461	872.999	872.999
1.02655	872.999	872.999
1.03849	872.999	872.999
1.05042	872.999	872.999
1.06236	872.999	872.999
1.0743	872.999	872.999
1.08623	872.999	872.999
1.09817	872.999	872.999
1.11011	872.999	872.999
1.12204	872.999	872.999
1.13398	872.998	872.998
1.14592	872.998	872.998
1.15785	872.998	872.998
1.16979	872.998	872.998
1.18173	872.998	872.998
1.19366	872.998	872.998
1.2056	872.998	872.998
1.21754	872.998	872.998
1.22947	872.998	872.998
1.24141	872.998	872.998
1.25335	872.998	872.998
1.26528	872.998	872.998
1.27722	872.998	872.998
1.28916	872.998	872.998
1.30109	872.997	872.997
1.31303	872.997	872.997
1.32496	872.997	872.997
1.3369	872.997	872.997
1.34884	872.997	872.997
1.36077	872.997	872.997
1.37271	872.997	872.997
1.38465	872.997	872.997
1.39658	872.997	872.997
1.40852	872.997	872.997
1.42046	872.996	872.996
1.43239	872.996	872.996
1.44433	872.996	872.996
1.45627	872.996	872.996
1.4682	872.996	872.996
1.48014	872.996	872.996
1.49208	872.996	872.996
1.50401	872.995	872.995
1.51595	872.995	872.995
1.52789	872.995	872.995
1.53982	872.995	872.995
1.55176	872.995	872.995
1.5637	872.995	872.995
1.57563	872.995	872.995
1.58757	872.994	872.994
1.59951	872.994	872.994
1.61144	872.994	872.994
1.62338	872.994	872.994
1.63532	872.994	872.994
1.64725	872.993	872.993
1.65919	872.993	872.993
1.67113	872.993	872.993
1.68306	872.993	872.993
1.695	872.992	872.992
1.70694	872.992	872.992
1.71887	872.992	872.992
1.73081	872.992	872.992
1.74275	872.992	872.992
1.75468	872.991	872.991
1.76662	872.991	872.991
1.77856	872.991	872.991
1.79049	872.99	872.99
1.80243	872.99	872.99
1.81437	872.99	872.99
1.8263	872.99	872.99
1.83824	872.989	872.989
1.85018	872.989	872.989
1.86211	872.989	872.989
1.87405	872.988	872.988
1.88599	872.988	872.988
1.89792	872.988	872.988
1.90986	872.987	872.987
1.9218	872.987	872.987
1.93373	872.986	872.986
1.94567	872.986	872.986
1.95761	872.986	872.986
1.96954	872.985	872.985
1.98148	872.985	872.985
1.99342	872.984	872.984
2.00535	872.984	872.984
2.01729	872.984	872.984
2.02923	872.983	872.983
2.04116	872.983	872.983
2.0531	872.982	872.982
2.06504	872.982	872.982
2.07697	872.981	872.981
2.08891	872.981	872.981
2.10085	872.98	872.98
2.11278	872.98	872.98
2.12472	872.979	872.979
2.13666	872.979	872.979
2.14859	872.978	872.978
2.16053	872.977	872.977
2.17246	872.977	872.977
2.1844	872.976	872.976
2.19634	872.976	872.976
2.20827	872.975	872.975
2.22021	872.974	872.974
2.23215	872.974	872.974
2.24408	872.973	872.973
2.25602	872.972	872.972
2.26796	872.971	872.971
2.27989	872.971	872.971
2.29183	872.97	872.97
2.30377	872.969	872.969
2.3157	872.968	872.968
2.32764	872.968	872.968
2.33958	872.967	872.967
2.35151	872.966	872.966
2.36345	872.965	872.965
2.37539	872.964	872.964
2.38732	872.963	872.963
2.39926	872.962	872.962
2.4112	872.961	872.961
2.42313	872.961	872.961
2.43507	872.96	872.96
2.44701	872.959	872.959
2.45894	872.958	872.958
2.47088	872.957	872.957
2.48282	872.955	872.955
2.49475	872.954	872.954
2.50669	872.953	872.953
2.51863	872.952	872.952
2.53056	872.951	872.951
2.5425	872.95	872.95
2.55444	872.949	872.949
2.56637	872.947	872.947
2.57831	872.946	872.946
2.59025	872.945	872.945
2.60218	872.944	872.944
2.61412	872.942	872.942
2.62606	872.941	872.941
2.63799	872.94	872.94
2.64993	872.938	872.938
2.66187	872.937	872.937
2.6738	872.935	872.935
2.68574	872.934	872.934
2.69768	872.932	872.932
2.70961	872.931	872.931
2.72155	872.929	872.929
2.73349	872.928	872.928
2.74542	872.926	872.926
2.75736	872.924	872.924
2.7693	872.923	872.923
2.78123	872.921	872.921
2.79317	872.919	872.919
2.80511	872.917	872.917
2.81704	872.916	872.916
2.82898	872.914	872.914
2.84092	872.912	872.912
2.85285	872.91	872.91
2.86479	872.908	872.908
2.87673	872.906	872.906
2.88866	872.904	872.904
2.9006	872.902	872.902
2.91254	872.9	872.9
2.92447	872.897	872.897
2.93641	872.895	872.895
2.94835	872.893	872.893
2.96028	872.891	872.891
2.97222	872.888	872.888
2.98416	872.886	872.886
2.99609	872.884	872.884
3.00803	872.881	872.881
3.01997	872.879	872.879
3.0319	872.876	872.876
3.04384	872.874	872.874
3.05577	872.871	872.871
3.06771	872.868	872.868
3.07965	872.865	872.865
3.09158	872.863	872.863
3.10352	872.86	872.86
3.11546	872.857	872.857
3.12739	872.854	872.854
3.13933	872.851	872.851
3.15127	872.848	872.848
3.1632	872.845	872.845
3.17514	872.842	872.842
3.18708	872.839	872.839
3.19901	872.835	872.835
3.21095	872.832	872.832
3.22289	872.829	872.829
3.23482	872.825	872.825
3.24676	872.822	872.822
3.2587	872.818	872.818
3.27063	872.815	872.815
3.28257	872.811	872.811
3.29451	872.807	872.807
3.30644	872.804	872.804
3.31838	872.8	872.8
3.33032	872.796	872.796
3.34225	872.792	872.792
3.35419	872.788	872.788
3.36613	872.784	872.784
3.37806	872.78	872.78
3.39	872.775	872.775
3.40194	872.771	872.771
3.41387	872.767	872.767
3.42581	872.762	872.762
3.43775	872.758	872.758
3.44968	872.753	872.753
3.46162	872.749	872.749
3.47356	872.744	872.744
3.48549	872.739	872.739
3.49743	872.734	872.734
3.50937	872.729	872.729
3.5213	872.724	872.724
3.53324	872.719	872.719
3.54518	872.714	872.714
3.55711	872.708	872.709
3.56905	872.703	872.703
3.58099	872.698	872.698
3.59292	872.692	872.692
3.60486	872.687	872.687
3.6168	872.681	872.681
3.62873	872.675	872.675
3.64067	872.669	872.669
3.65261	872.663	872.663
3.66454	872.657	872.657
3.67648	872.651	872.651
3.68842	872.645	872.645
3.70035	872.638	872.638
3.71229	872.632	872.632
3.72423	872.625	872.625
3.73616	872.619	872.619
3.7481	872.612	872.612
3.76004	872.605	872.605
3.77197	872.598	872.598
3.78391	872.591	872.591
3.79585	872.584	872.584
3.80778	872.577	872.577
3.81972	872.569	872.569
3.83166	872.562	872.562
3.84359	872.554	872.554
3.85553	872.547	872.547
3.86747	872.539	872.539
3.8794	872.531	872.531
3.89134	872.523	872.523
3.90327	872.515	872.515
3.91521	872.507	872.507
3.92715	872.498	872.498
3.93908	872.49	872.49
3.95102	872.481	872.481
3.96296	872.472	872.472
3.97489	872.463	872.464
3.98683	872.454	872.455
3.99877	872.445	872.445
4.0107	872.436	872.436
4.02264	872.427	872.427
4.03458	872.417	872.417
4.04651	872.408	872.408
4.05845	872.398	872.398
4.07039	872.388	872.388
4.08232	872.378	872.378
4.09426	872.368	872.368
4.1062	872.357	872.358
4.11813	872.347	872.347
4.13007	872.336	872.336
4.14201	872.326	872.326
4.15394	872.315	872.315
4.16588	872.304	872.304
4.17782	872.293	872.293
4.18975	872.281	872.281
4.20169	872.27	872.27
4.21363	872.258	872.258
4.22556	872.246	872.246
4.2375	872.234	872.234
4.24944	872.222	872.222
4.26137	872.21	872.21
4.27331	872.198	872.198
4.28525	872.185	872.185
4.29718	872.172	872.172
4.30912	872.159	872.159
4.32106	872.146	872.146
4.33299	872.133	872.133
4.34493	872.12	872.12
4.35687	872.106	872.106
4.3688	872.092	872.092
4.38074	872.078	872.078
4.39268	872.064	872.064
4.40461	872.05	872.05
4.41655	872.035	872.035
4.42849	872.021	872.021
4.44042	872.006	872.006
4.45236	871.991	871.991
4.4643	871.975	871.976
4.47623	871.96	871.96
4.48817	871.944	871.944
4.50011	871.929	871.929
4.51204	871.913	871.913
4.52398	871.896	871.896
4.53592	871.88	871.88
4.54785	871.863	871.863
4.55979	871.847	871.847
4.57173	871.83	871.83
4.58366	871.812	871.812
4.5956	871.795	871.795
4.60754	871.777	871.777
4.61947	871.759	871.759
4.63141	871.741	871.741
4.64335	871.723	871.723
4.65528	871.704	871.705
4.66722	871.686	871.686
4.67916	871.667	871.667
4.69109	871.648	871.648
4.70303	871.628	871.628
4.71497	871.608	871.609
4.7269	871.589	871.589
4.73884	871.568	871.569
4.75078	871.548	871.548
4.76271	871.528	871.528
4.77465	871.507	871.507
4.78658	871.486	871.486
4.79852	871.464	871.464
4.81046	871.443	871.443
4.82239	871.421	871.421
4.83433	871.399	871.399
4.84627	871.377	871.377
4.8582	871.354	871.354
4.87014	871.331	871.331
4.88208	871.308	871.308
4.89401	871.285	871.285
4.90595	871.261	871.261
4.91789	871.237	871.238
4.92982	871.213	871.213
4.94176	871.189	871.189
4.9537	871.164	871.164
4.96563	871.139	871.139
4.97757	871.114	871.114
4.98951	871.089	871.089
5.00144	871.063	871.063
5.01338	871.037	871.037
5.02532	871.01	871.01
5.03725	870.984	870.984
5.04919	870.957	870.957
5.06113	870.93	870.93
5.07306	870.902	870.902
5.085	870.874	870.874
5.09694	870.846	870.846
5.10887	870.818	870.818
5.12081	870.789	870.789
5.13275	870.76	870.76
5.14468	870.731	870.731
5.15662	870.701	870.701
5.16856	870.671	870.671
5.18049	870.641	870.641
5.19243	870.61	870.61
5.20437	870.579	870.579
5.2163	870.548	870.548
5.22824	870.516	870.516
5.24018	870.484	870.484
5.25211	870.452	870.452
5.26405	870.42	870.42
5.27599	870.387	870.387
5.28792	870.353	870.354
5.29986	870.32	870.32
5.3118	870.286	870.286
5.32373	870.252	870.252
5.33567	870.217	870.217
5.34761	870.182	870.182
5.35954	870.147	870.147
5.37148	870.111	870.111
5.38342	870.075	870.075
5.39535	870.039	870.039
5.40729	870.002	870.002
5.41923	869.965	869.965
5.43116	869.927	869.927
5.4431	869.889	869.89
5.45504	869.851	869.851
5.46697	869.813	869.813
5.47891	869.774	869.774
5.49085	869.734	869.734
5.50278	869.694	869.695
5.51472	869.654	869.654
5.52666	869.614	869.614
5.53859	869.573	869.573
5.55053	869.531	869.532
5.56247	869.49	869.49
5.5744	869.448	869.448
5.58634	869.405	869.405
5.59828	869.362	869.362
5.61021	869.319	869.319
5.62215	869.275	869.275
5.63408	869.231	869.231
5.64602	869.186	869.186
5.65796	869.141	869.141
5.66989	869.096	869.096
5.68183	869.05	869.05
5.69377	869.004	869.004
5.7057	868.957	868.957
5.71764	868.91	868.91
5.72958	868.862	868.863
5.74151	868.814	868.815
5.75345	868.766	868.766
5.76539	868.717	868.717
5.77732	868.668	868.668
5.78926	868.618	868.618
5.8012	868.568	868.568
5.81313	868.517	868.517
5.82507	868.466	868.466
5.83701	868.414	868.415
5.84894	868.362	868.362
5.86088	868.31	868.31
5.87282	868.257	868.257
5.88475	868.203	868.203
5.89669	868.149	868.15
5.90863	868.095	868.095
5.92056	868.04	868.04
5.9325	867.985	867.985
5.94444	867.929	867.929
5.95637	867.873	867.873
5.96831	867.816	867.816
5.98025	867.758	867.759
5.99218	867.701	867.701
6.00412	867.642	867.642
6.01606	867.583	867.584
6.02799	867.524	867.524
6.03993	867.464	867.464
6.05187	867.404	867.404
6.0638	867.343	867.343
6.07574	867.282	867.282
6.08768	867.22	867.22
6.09961	867.158	867.158
6.11155	867.095	867.095
6.12349	867.031	867.031
6.13542	866.967	866.967
6.14736	866.903	866.903
6.1593	866.838	866.838
6.17123	866.772	866.772
6.18317	866.706	866.706
6.19511	866.639	866.64
6.20704	866.572	866.572
6.21898	866.504	866.505
6.23092	866.436	866.436
6.24285	866.367	866.368
6.25479	866.298	866.298
6.26673	866.228	866.228
6.27866	866.157	866.158
6.2906	866.086	866.087
6.30254	866.015	866.015
6.31447	865.942	865.943
6.32641	865.87	865.87
6.33835	865.796	865.797
6.35028	865.722	865.723
6.36222	865.648	865.648
6.37416	865.573	865.573
6.38609	865.497	865.497
6.39803	865.421	865.421
6.40997	865.344	865.344
6.4219	865.266	865.267
6.43384	865.188	865.189
6.44578	865.11	865.11
6.45771	865.03	865.031
6.46965	864.951	864.951
6.48159	864.87	864.87
6.49352	864.789	864.789
6.50546	864.707	864.708
6.51739	864.625	864.625
6.52933	864.542	864.542
6.54127	864.459	864.459
6.5532	864.374	864.375
6.56514	864.29	864.29
6.57708	864.204	864.204
6.58901	864.118	864.118
6.60095	864.031	864.032
6.61289	863.944	863.944
6.62482	863.856	863.856
6.63676	863.767	863.768
6.6487	863.678	863.678
6.66063	863.588	863.589
6.67257	863.498	863.498
6.68451	863.407	863.407
6.69644	863.315	863.315
6.70838	863.222	863.222
6.72032	863.129	863.129
6.73225	863.035	863.035
6.74419	862.941	862.941
6.75613	862.845	862.846
6.76806	862.75	862.75
6.78	862.653	862.653
6.79194	862.556	862.556
6.80387	862.458	862.458
6.81581	862.359	862.36
6.82775	862.26	862.26
6.83968	862.16	862.161
6.85162	862.06	862.06
6.86356	861.958	861.959
6.87549	861.856	861.857
6.88743	861.754	861.754
6.89937	861.65	861.651
6.9113	861.546	861.546
6.92324	861.441	861.442
6.93518	861.336	861.336
6.94711	861.23	861.23
6.95905	861.123	861.123
6.97099	861.015	861.015
6.98292	860.907	860.907
6.99486	860.798	860.798
7.0068	860.688	860.688
7.01873	860.577	860.578
7.03067	860.466	860.466
7.04261	860.354	860.355
7.05454	860.242	860.242
7.06648	860.128	860.128
7.07842	860.014	860.014
7.09035	859.899	859.899
7.10229	859.783	859.784
7.11423	859.667	859.667
7.12616	859.55	859.55
7.1381	859.432	859.432
7.15004	859.314	859.314
7.16197	859.194	859.195
7.17391	859.074	859.074
7.18585	858.953	858.954
7.19778	858.832	858.832
7.20972	858.709	858.71
7.22166	858.586	858.587
7.23359	858.462	858.463
7.24553	858.338	858.338
7.25747	858.212	858.213
7.2694	858.086	858.086
7.28134	857.959	857.959
7.29328	857.831	857.832
7.30521	857.703	857.703
7.31715	857.574	857.574
7.32909	857.444	857.444
7.34102	857.313	857.313
7.35296	857.181	857.181
7.36489	857.049	857.049
7.37683	856.916	856.916
7.38877	856.782	856.782
7.4007	856.647	856.647
7.41264	856.511	856.512
7.42458	856.375	856.375
7.43651	856.238	856.238
7.44845	856.1	856.1
7.46039	855.961	855.961
7.47232	855.822	855.822
7.48426	855.681	855.682
7.4962	855.54	855.54
7.50813	855.398	855.398
7.52007	855.255	855.256
7.53201	855.112	855.112
7.54394	854.967	854.968
7.55588	854.822	854.823
7.56782	854.676	854.677
7.57975	854.529	854.53
7.59169	854.382	854.382
7.60363	854.233	854.234
7.61556	854.084	854.084
7.6275	853.934	853.934
7.63944	853.783	853.783
7.65137	853.631	853.631
7.66331	853.479	853.479
7.67525	853.325	853.325
7.68718	853.171	853.171
7.69912	853.016	853.016
7.71106	852.86	852.86
7.72299	852.703	852.704
7.73493	852.546	852.546
7.74687	852.387	852.388
7.7588	852.228	852.228
7.77074	852.068	852.068
7.78268	851.907	851.907
7.79461	851.745	851.745
7.80655	851.582	851.583
7.81849	851.419	851.419
7.83042	851.255	851.255
7.84236	851.09	851.09
7.8543	850.923	850.924
7.86623	850.757	850.757
7.87817	850.589	850.589
7.89011	850.42	850.421
7.90204	850.251	850.251
7.91398	850.081	850.081
7.92592	849.909	849.91
7.93785	849.738	849.738
7.94979	849.565	849.565
7.96173	849.391	849.391
7.97366	849.216	849.217
7.9856	849.041	849.041
7.99754	848.865	848.865
8.00947	848.687	848.688
8.02141	848.509	848.51
8.03335	848.331	848.331
8.04528	848.151	848.151
8.05722	847.97	847.971
8.06916	847.789	847.789
8.08109	847.606	847.607
8.09303	847.423	847.423
8.10497	847.239	847.239
8.1169	847.054	847.054
8.12884	846.868	846.869
8.14078	846.682	846.682
8.15271	846.494	846.494
8.16465	846.306	846.306
8.17659	846.116	846.117
8.18852	845.926	845.926
8.20046	845.735	845.735
8.2124	845.543	845.543
8.22433	845.35	845.35
8.23627	845.156	845.157
8.2482	844.962	844.962
8.26014	844.766	844.767
8.27208	844.57	844.57
8.28401	844.373	844.373
8.29595	844.175	844.175
8.30789	843.976	843.976
8.31982	843.776	843.776
8.33176	843.575	843.576
8.3437	843.374	843.374
8.35563	843.171	843.171
8.36757	842.968	842.968
8.37951	842.763	842.764
8.39144	842.558	842.559
8.40338	842.352	842.353
8.41532	842.145	842.146
8.42725	841.938	841.938
8.43919	841.729	841.729
8.45113	841.519	841.52
8.46306	841.309	841.309
8.475	841.098	841.098
8.48694	840.885	840.886
8.49887	840.672	840.673
8.51081	840.458	840.459
8.52275	840.244	840.244
8.53468	840.028	840.028
8.54662	839.811	839.812
8.55856	839.594	839.594
8.57049	839.375	839.376
8.58243	839.156	839.156
8.59437	838.936	838.936
8.6063	838.715	838.715
8.61824	838.493	838.493
8.63018	838.27	838.271
8.64211	838.047	838.047
8.65405	837.822	837.822
8.66599	837.597	837.597
8.67792	837.37	837.371
8.68986	837.143	837.144
8.7018	836.915	836.915
8.71373	836.686	836.687
8.72567	836.456	836.457
8.73761	836.226	836.226
8.74954	835.994	835.994
8.76148	835.762	835.762
8.77342	835.528	835.529
8.78535	835.294	835.294
8.79729	835.059	835.059
8.80923	834.823	834.823
8.82116	834.586	834.587
8.8331	834.349	834.349
8.84504	834.11	834.11
8.85697	833.871	833.871
8.86891	833.63	833.631
8.88085	833.389	833.389
8.89278	833.147	833.147
8.90472	832.904	832.904
8.91666	832.66	832.661
8.92859	832.416	832.416
8.94053	832.17	832.17
8.95247	831.924	831.924
8.9644	831.676	831.677
8.97634	831.428	831.429
8.98828	831.179	831.18
9.00021	830.929	830.93
9.01215	830.679	830.679
9.02409	830.427	830.428
9.03602	830.175	830.175
9.04796	829.921	829.922
9.0599	829.667	829.668
9.07183	829.412	829.413
9.08377	829.156	829.157
9.0957	828.9	828.9
9.10764	828.642	828.643
9.11958	828.384	828.384
9.13151	828.125	828.125
9.14345	827.864	827.865
9.15539	827.603	827.604
9.16732	827.342	827.342
9.17926	827.079	827.079
9.1912	826.815	826.816
9.20313	826.551	826.551
9.21507	826.286	826.286
9.22701	826.02	826.02
9.23894	825.753	825.753
9.25088	825.485	825.486
9.26282	825.217	825.217
9.27475	824.947	824.948
9.28669	824.677	824.678
9.29863	824.406	824.407
9.31056	824.134	824.135
9.3225	823.862	823.862
9.33444	823.588	823.588
9.34637	823.314	823.314
9.35831	823.039	823.039
9.37025	822.763	822.763
9.38218	822.486	822.486
9.39412	822.208	822.209
9.40606	821.93	821.93
9.41799	821.651	821.651
9.42993	821.37	821.371
9.44187	821.09	821.09
9.4538	820.808	820.808
9.46574	820.525	820.526
9.47768	820.242	820.242
9.48961	819.958	819.958
9.50155	819.673	819.673
9.51349	819.387	819.388
9.52542	819.101	819.101
9.53736	818.813	818.814
9.5493	818.525	818.526
9.56123	818.236	818.237
9.57317	817.947	817.947
9.58511	817.656	817.657
9.59704	817.365	817.365
9.60898	817.073	817.073
9.62092	816.78	816.78
9.63285	816.486	816.487
9.64479	816.192	816.192
9.65673	815.897	815.897
9.66866	815.601	815.601
9.6806	815.304	815.304
9.69254	815.007	815.007
9.70447	814.708	814.709
9.71641	814.409	814.41
9.72835	814.11	814.11
9.74028	813.809	813.809
9.75222	813.508	813.508
9.76416	813.206	813.206
9.77609	812.903	812.903
9.78803	812.599	812.599
9.79997	812.295	812.295
9.8119	811.99	811.99
9.82384	811.684	811.684
9.83578	811.377	811.377
9.84771	811.07	811.07
9.85965	810.762	810.762
9.87159	810.453	810.453
9.88352	810.143	810.144
9.89546	809.833	809.833
9.9074	809.522	809.522
9.91933	809.21	809.211
9.93127	808.898	808.898
9.94321	808.585	808.585
9.95514	808.271	808.271
9.96708	807.956	807.957
9.97901	807.641	807.641
9.99095	807.325	807.325
10.0029	807.008	807.008
10.0148	806.691	806.691
10.0268	806.372	806.373
10.0387	806.054	806.054
10.0506	805.734	805.734
10.0626	805.414	805.414
10.0745	805.093	805.093
10.0864	804.771	804.771
10.0984	804.449	804.449
10.1103	804.126	804.126
10.1223	803.802	803.802
10.1342	803.478	803.478
10.1461	803.152	803.153
10.1581	802.827	802.827
10.17	802.5	802.501
10.1819	802.173	802.173
10.1939	801.845	801.846
10.2058	801.517	801.517
10.2177	801.188	801.188
10.2297	800.858	800.858
10.2416	800.528	800.528
10.2536	800.197	800.197
10.2655	799.865	799.865
10.2774	799.532	799.533
10.2894	799.199	799.2
10.3013	798.866	798.866
10.3132	798.531	798.532
10.3252	798.197	798.197
10.3371	797.861	797.861
10.3491	797.525	797.525
10.361	797.188	797.188
10.3729	796.85	796.851
10.3849	796.512	796.513
10.3968	796.174	796.174
10.4087	795.834	795.835
10.4207	795.494	795.495
10.4326	795.154	795.154
10.4445	794.813	794.813
10.4565	794.471	794.471
10.4684	794.128	794.129
10.4804	793.785	793.786
10.4923	793.442	793.442
10.5042	793.098	793.098
10.5162	792.753	792.753
10.5281	792.408	792.408
10.54	792.062	792.062
10.552	791.715	791.715
10.5639	791.368	791.368
10.5758	791.02	791.021
10.5878	790.672	790.672
10.5997	790.323	790.324
10.6117	789.974	789.974
10.6236	789.624	789.624
10.6355	789.273	789.274
10.6475	788.922	788.923
10.6594	788.571	788.571
10.6713	788.219	788.219
10.6833	787.866	787.866
10.6952	787.513	787.513
10.7071	787.159	787.159
10.7191	786.804	786.805
10.731	786.45	786.45
10.743	786.094	786.094
10.7549	785.738	785.738
10.7668	785.382	785.382
10.7788	785.025	785.025
10.7907	784.667	784.667
10.8026	784.309	784.309
10.8146	783.951	783.951
10.8265	783.591	783.592
10.8385	783.232	783.232
10.8504	782.872	782.872
10.8623	782.511	782.511
10.8743	782.15	782.15
10.8862	781.788	781.789
10.8981	781.426	781.427
10.9101	781.064	781.064
10.922	780.701	780.701
10.9339	780.337	780.337
10.9459	779.973	779.973
10.9578	779.609	779.609
10.9698	779.244	779.244
10.9817	778.878	778.878
10.9936	778.512	778.512
11.0056	778.146	778.146
11.0175	777.779	777.779
11.0294	777.412	777.412
11.0414	777.044	777.044
11.0533	776.676	776.676
11.0652	776.307	776.307
11.0772	775.938	775.938
11.0891	775.568	775.569
11.1011	775.198	775.199
11.113	774.828	774.828
11.1249	774.457	774.457
11.1369	774.086	774.086
11.1488	773.714	773.714
11.1607	773.342	773.342
11.1727	772.969	772.969
11.1846	772.596	772.596
11.1966	772.223	772.223
11.2085	771.849	771.849
11.2204	771.475	771.475
11.2324	771.1	771.1
11.2443	770.725	770.725
11.2562	770.349	770.35
11.2682	769.974	769.974
11.2801	769.597	769.598
11.292	769.221	769.221
11.304	768.844	768.844
11.3159	768.466	768.466
11.3279	768.088	768.089
11.3398	767.71	767.71
11.3517	767.332	767.332
11.3637	766.953	766.953
11.3756	766.573	766.574
11.3875	766.194	766.194
11.3995	765.814	765.814
11.4114	765.433	765.434
11.4233	765.053	765.053
11.4353	764.672	764.672
11.4472	764.29	764.29
11.4592	763.908	763.908
11.4711	763.526	763.526
11.483	763.144	763.144
11.495	762.761	762.761
11.5069	762.378	762.378
11.5188	761.994	761.994
11.5308	761.61	761.61
11.5427	761.226	761.226
11.5546	760.842	760.842
11.5666	760.457	760.457
11.5785	760.072	760.072
11.5905	759.686	759.686
11.6024	759.3	759.3
11.6143	758.914	758.914
11.6263	758.528	758.528
11.6382	758.141	758.141
11.6501	757.754	757.754
11.6621	757.367	757.367
11.674	756.979	756.979
11.686	756.591	756.592
11.6979	756.203	756.203
11.7098	755.815	755.815
11.7218	755.426	755.426
11.7337	755.037	755.037
11.7456	754.648	754.648
11.7576	754.258	754.258
11.7695	753.868	753.868
11.7814	753.478	753.478
11.7934	753.088	753.088
11.8053	752.697	752.697
11.8173	752.306	752.306
11.8292	751.915	751.915
11.8411	751.524	751.524
11.8531	751.132	751.132
11.865	750.74	750.74
11.8769	750.348	750.348
11.8889	749.955	749.956
11.9008	749.563	749.563
11.9127	749.17	749.17
11.9247	748.777	748.777
11.9366	748.383	748.383
11.9486	747.99	747.99
11.9605	747.596	747.596
11.9724	747.202	747.202
11.9844	746.807	746.808
11.9963	746.413	746.413
12.0082	746.018	746.018
12.0202	745.623	745.623
12.0321	745.228	745.228
12.0441	744.833	744.833
12.056	744.437	744.437
12.0679	744.041	744.041
12.0799	743.645	743.645
12.0918	743.249	743.249
12.1037	742.853	742.853
12.1157	742.456	742.456
12.1276	742.059	742.06
12.1395	741.663	741.663
12.1515	741.265	741.265
12.1634	740.868	740.868
12.1754	740.471	740.471
12.1873	740.073	740.073
12.1992	739.675	739.675
12.2112	739.277	739.277
12.2231	738.879	738.879
12.235	738.48	738.48
12.247	738.082	738.082
12.2589	737.683	737.683
12.2708	737.284	737.284
12.2828	736.885	736.885
12.2947	736.486	736.486
12.3067	736.086	736.087
12.3186	735.687	735.687
12.3305	735.287	735.287
12.3425	734.887	734.888
12.3544	734.488	734.488
12.3663	734.087	734.087
12.3783	733.687	733.687
12.3902	733.287	733.287
12.4021	732.886	732.886
12.4141	732.486	732.486
12.426	732.085	732.085
12.438	731.684	731.684
12.4499	731.283	731.283
12.4618	730.882	730.882
12.4738	730.48	730.48
12.4857	730.079	730.079
12.4976	729.677	729.677
12.5096	729.276	729.276
12.5215	728.874	728.874
12.5335	728.472	728.472
12.5454	728.07	728.07
12.5573	727.668	727.668
12.5693	727.266	727.266
12.5812	726.863	726.863
12.5931	726.461	726.461
12.6051	726.058	726.059
12.617	725.656	725.656
12.6289	725.253	725.253
12.6409	724.85	724.85
12.6528	724.447	724.447
12.6648	724.044	724.044
12.6767	723.641	723.641
12.6886	723.238	723.238
12.7006	722.835	722.835
12.7125	722.432	722.432
12.7244	722.028	722.028
12.7364	721.625	721.625
12.7483	721.221	721.221
12.7602	720.817	720.818
12.7722	720.414	720.414
12.7841	720.01	720.01
12.7961	719.606	719.606
12.808	719.202	719.202
12.8199	718.798	718.798
12.8319	718.394	718.394
12.8438	717.99	717.99
12.8557	717.586	717.586
12.8677	717.182	717.182
12.8796	716.777	716.777
12.8916	716.373	716.373
12.9035	715.969	715.969
12.9154	715.564	715.564
12.9274	715.16	715.16
12.9393	714.755	714.755
12.9512	714.35	714.35
12.9632	713.946	713.946
12.9751	713.541	713.541
12.987	713.136	713.136
12.999	712.732	712.732
13.0109	712.327	712.327
13.0229	711.922	711.922
13.0348	711.517	711.517
13.0467	711.112	711.112
13.0587	710.707	710.707
13.0706	710.302	710.302
13.0825	709.897	709.897
13.0945	709.492	709.492
13.1064	709.087	709.087
13.1183	708.682	708.682
13.1303	708.277	708.277
13.1422	707.872	707.872
13.1542	707.467	707.467
13.1661	707.061	707.061
13.178	706.656	706.656
13.19	706.251	706.251
13.2019	705.846	705.846
13.2138	705.441	705.441
13.2258	705.035	705.035
13.2377	704.63	704.63
13.2496	704.225	704.225
13.2616	703.82	703.82
13.2735	703.414	703.414
13.2855	703.009	703.009
13.2974	702.604	702.604
13.3093	702.198	702.198
13.3213	701.793	701.793
13.3332	701.388	701.388
13.3451	700.983	700.983
13.3571	700.577	700.577
13.369	700.172	700.172
13.381	699.767	699.767
13.3929	699.361	699.361
13.4048	698.956	698.956
13.4168	698.551	698.551
13.4287	698.146	698.146
13.4406	697.74	697.74
13.4526	697.335	697.335
13.4645	696.93	696.93
13.4764	696.525	696.525
13.4884	696.12	696.12
13.5003	695.714	695.714
13.5123	695.309	695.309
13.5242	694.904	694.904
13.5361	694.499	694.499
13.5481	694.094	694.094
13.56	693.689	693.689
13.5719	693.284	693.284
13.5839	692.879	692.879
13.5958	692.474	692.474
13.6077	692.069	692.069
13.6197	691.664	691.664
13.6316	691.259	691.259
13.6436	690.854	690.854
13.6555	690.449	690.449
13.6674	690.044	690.044
13.6794	689.639	689.639
13.6913	689.235	689.235
13.7032	688.83	688.83
13.7152	688.425	688.425
13.7271	688.02	688.02
13.7391	687.616	687.616
13.751	687.211	687.211
13.7629	686.807	686.807
13.7749	686.402	686.402
13.7868	685.998	685.998
13.7987	685.593	685.593
13.8107	685.189	685.189
13.8226	684.784	684.784
13.8345	684.38	684.38
13.8465	683.976	683.976
13.8584	683.571	683.571
13.8704	683.167	683.167
13.8823	682.763	682.763
13.8942	682.359	682.359
13.9062	681.955	681.955
13.9181	681.551	681.551
13.93	681.147	681.147
13.942	680.743	680.743
13.9539	680.339	680.339
13.9658	679.935	679.935
13.9778	679.531	679.531
13.9897	679.128	679.128
14.0017	678.724	678.724
14.0136	678.32	678.32
14.0255	677.917	677.917
14.0375	677.513	677.513
14.0494	677.11	677.11
14.0613	676.706	676.706
14.0733	676.303	676.303
14.0852	675.899	675.899
14.0971	675.496	675.496
14.1091	675.093	675.093
14.121	674.69	674.69
14.133	674.287	674.287
14.1449	673.884	673.884
14.1568	673.481	673.481
14.1688	673.078	673.078
14.1807	672.675	672.675
14.1926	672.272	672.272
14.2046	671.869	671.869
14.2165	671.467	671.466
14.2285	671.064	671.064
14.2404	670.661	670.661
14.2523	670.259	670.259
14.2643	669.856	669.856
14.2762	669.454	669.454
14.2881	669.052	669.052
14.3001	668.649	668.649
14.312	668.247	668.247
14.3239	667.845	667.845
14.3359	667.443	667.443
14.3478	667.041	667.041
14.3598	666.639	666.639
14.3717	666.237	666.237
14.3836	665.835	665.835
14.3956	665.433	665.433
14.4075	665.032	665.032
14.4194	664.63	664.63
14.4314	664.228	664.228
14.4433	663.827	663.827
14.4552	663.425	663.425
14.4672	663.024	663.024
14.4791	662.623	662.623
14.4911	662.221	662.221
14.503	661.82	661.82
14.5149	661.419	661.419
14.5269	661.018	661.018
14.5388	660.617	660.617
14.5507	660.216	660.216
14.5627	659.815	659.815
14.5746	659.415	659.415
14.5866	659.014	659.014
14.5985	658.613	658.613
14.6104	658.213	658.213
14.6224	657.812	657.812
14.6343	657.412	657.412
14.6462	657.011	657.011
14.6582	656.611	656.611
14.6701	656.211	656.211
14.682	655.811	655.811
14.694	655.411	655.411
14.7059	655.011	655.011
14.7179	654.611	654.611
14.7298	654.211	654.211
14.7417	653.811	653.811
14.7537	653.411	653.411
14.7656	653.012	653.012
14.7775	652.612	652.612
14.7895	652.212	652.212
14.8014	651.813	651.813
14.8133	651.414	651.414
14.8253	651.014	651.014
14.8372	650.615	650.615
14.8492	650.216	650.216
14.8611	649.817	649.817
14.873	649.418	649.418
14.885	649.019	649.019
14.8969	648.62	648.62
14.9088	648.221	648.221
14.9208	647.822	647.822
14.9327	647.423	647.423
14.9446	647.025	647.025
14.9566	646.626	646.626
14.9685	646.228	646.228
14.9805	645.829	645.829
14.9924	645.431	645.431
15.0043	645.033	645.033
15.0163	644.635	644.635
15.0282	644.236	644.236
15.0401	643.838	643.838
15.0521	643.44	643.44
15.064	643.042	643.042
15.076	642.645	642.645
15.0879	642.247	642.247
15.0998	641.849	641.849
15.1118	641.451	641.451
15.1237	641.054	641.054
15.1356	640.656	640.656
15.1476	640.259	640.259
15.1595	639.861	639.861
15.1714	639.464	639.464
15.1834	639.067	639.067
15.1953	638.67	638.67
15.2073	638.273	638.273
15.2192	637.876	637.876
15.2311	637.479	637.479
15.2431	637.082	637.082
15.255	636.685	636.685
15.2669	636.288	636.288
15.2789	635.892	635.892
15.2908	635.495	635.495
15.3027	635.098	635.098
15.3147	634.702	634.702
15.3266	634.305	634.305
15.3386	633.909	633.909
15.3505	633.513	633.513
15.3624	633.117	633.117
15.3744	632.72	632.72
15.3863	632.324	632.324
15.3982	631.928	631.928
15.4102	631.532	631.532
15.4221	631.137	631.136
15.4341	630.741	630.741
15.446	630.345	630.345
15.4579	629.949	629.949
15.4699	629.554	629.554
15.4818	629.158	629.158
15.4937	628.763	628.763
15.5057	628.367	628.367
15.5176	627.972	627.972
15.5295	627.577	627.576
15.5415	627.181	627.181
15.5534	626.786	626.786
15.5654	626.391	626.391
15.5773	625.996	625.996
15.5892	625.601	625.601
15.6012	625.206	625.206
15.6131	624.811	624.811
15.625	624.416	624.416
15.637	624.022	624.022
15.6489	623.627	623.627
15.6608	623.232	623.232
15.6728	622.838	622.838
15.6847	622.443	622.443
15.6967	622.049	622.049
15.7086	621.655	621.655
15.7205	621.26	621.26
15.7325	620.866	620.866
15.7444	620.472	620.472
15.7563	620.078	620.078
15.7683	619.684	619.684
15.7802	619.29	619.29
15.7921	618.896	618.896
15.8041	618.502	618.502
15.816	618.108	618.108
15.828	617.715	617.715
15.8399	617.321	617.321
15.8518	616.927	616.927
15.8638	616.534	616.534
15.8757	616.14	616.14
15.8876	615.747	615.747
15.8996	615.353	615.353
15.9115	614.96	614.96
15.9235	614.567	614.567
15.9354	614.174	614.173
15.9473	613.78	613.78
15.9593	613.387	613.387
15.9712	612.994	612.994
15.9831	612.601	612.601
15.9951	612.208	612.208
16.007	611.815	611.815
16.0189	611.423	611.423
16.0309	611.03	611.03
16.0428	610.637	610.637
16.0548	610.245	610.244
16.0667	609.852	609.852
16.0786	609.459	609.459
16.0906	609.067	609.067
16.1025	608.674	608.674
16.1144	608.282	608.282
16.1264	607.89	607.89
16.1383	607.498	607.497
16.1502	607.105	607.105
16.1622	606.713	606.713
16.1741	606.321	606.321
16.1861	605.929	605.929
16.198	605.537	605.537
16.2099	605.145	605.145
16.2219	604.753	604.753
16.2338	604.361	604.361
16.2457	603.97	603.97
16.2577	603.578	603.578
16.2696	603.186	603.186
16.2816	602.795	602.794
16.2935	602.403	602.403
16.3054	602.011	602.011
16.3174	601.62	601.62
16.3293	601.229	601.229
16.3412	600.837	600.837
16.3532	600.446	600.446
16.3651	600.055	600.055
16.377	599.663	599.663
16.389	599.272	599.272
16.4009	598.881	598.881
16.4129	598.49	598.49
16.4248	598.099	598.099
16.4367	597.708	597.708
16.4487	597.317	597.317
16.4606	596.926	596.926
16.4725	596.535	596.535
16.4845	596.145	596.145
16.4964	595.754	595.754
16.5083	595.363	595.363
16.5203	594.973	594.973
16.5322	594.582	594.582
16.5442	594.191	594.191
16.5561	593.801	593.801
16.568	593.41	593.41
16.58	593.02	593.02
16.5919	592.63	592.63
16.6038	592.239	592.239
16.6158	591.849	591.849
16.6277	591.459	591.459
16.6396	591.069	591.069
16.6516	590.679	590.679
16.6635	590.289	590.289
16.6755	589.899	589.899
16.6874	589.509	589.509
16.6993	589.119	589.119
16.7113	588.729	588.729
16.7232	588.339	588.339
16.7351	587.949	587.949
16.7471	587.559	587.559
16.759	587.17	587.17
16.771	586.78	586.78
16.7829	586.391	586.39
16.7948	586.001	586.001
16.8068	585.611	585.611
16.8187	585.222	585.222
16.8306	584.832	584.832
16.8426	584.443	584.443
16.8545	584.054	584.054
16.8664	583.664	583.664
16.8784	583.275	583.275
16.8903	582.886	582.886
16.9023	582.497	582.497
16.9142	582.108	582.108
16.9261	581.719	581.719
16.9381	581.33	581.33
16.95	580.941	580.941
16.9619	580.552	580.552
16.9739	580.163	580.163
16.9858	579.774	579.774
16.9977	579.385	579.385
17.0097	578.996	578.996
17.0216	578.607	578.607
17.0336	578.219	578.219
17.0455	577.83	577.83
17.0574	577.442	577.442
17.0694	577.053	577.053
17.0813	576.664	576.664
17.0932	576.276	576.276
17.1052	575.887	575.887
17.1171	575.499	575.499
17.1291	575.111	575.111
17.141	574.722	574.722
17.1529	574.334	574.334
17.1649	573.946	573.946
17.1768	573.558	573.558
17.1887	573.17	573.17
17.2007	572.781	572.781
17.2126	572.393	572.393
17.2245	572.005	572.005
17.2365	571.617	571.617
17.2484	571.229	571.229
17.2604	570.842	570.842
17.2723	570.454	570.454
17.2842	570.066	570.066
17.2962	569.678	569.678
17.3081	569.29	569.29
17.32	568.903	568.903
17.332	568.515	568.515
17.3439	568.127	568.127
17.3558	567.74	567.74
17.3678	567.352	567.352
17.3797	566.965	566.965
17.3917	566.577	566.577
17.4036	566.19	566.19
17.4155	565.803	565.803
17.4275	565.415	565.415
17.4394	565.028	565.028
17.4513	564.641	564.641
17.4633	564.254	564.254
17.4752	563.867	563.867
17.4871	563.479	563.479
17.4991	563.092	563.092
17.511	562.705	562.705
17.523	562.318	562.318
17.5349	561.931	561.931
17.5468	561.545	561.545
17.5588	561.158	561.158
17.5707	560.771	560.771
17.5826	560.384	560.384
17.5946	559.997	559.997
17.6065	559.611	559.611
17.6185	559.224	559.224
17.6304	558.838	558.837
17.6423	558.451	558.451
17.6543	558.064	558.064
17.6662	557.678	557.678
17.6781	557.292	557.292
17.6901	556.905	556.905
17.702	556.519	556.519
17.7139	556.133	556.133
17.7259	555.746	555.746
17.7378	555.36	555.36
17.7498	554.974	554.974
17.7617	554.588	554.588
17.7736	554.202	554.202
17.7856	553.816	553.816
17.7975	553.43	553.43
17.8094	553.044	553.044
17.8214	552.658	552.658
17.8333	552.272	552.272
17.8452	551.886	551.886
17.8572	551.5	551.5
17.8691	551.115	551.115
17.8811	550.729	550.729
17.893	550.343	550.343
17.9049	549.958	549.958
17.9169	549.572	549.572
17.9288	549.187	549.187
17.9407	548.801	548.801
17.9527	548.416	548.416
17.9646	548.031	548.031
17.9766	547.645	547.645
17.9885	547.26	547.26
18.0004	546.875	546.875
18.0124	546.49	546.49
18.0243	546.104	546.104
18.0362	545.719	545.719
18.0482	545.334	545.334
18.0601	544.949	544.949
18.072	544.564	544.564
18.084	544.18	544.18
18.0959	543.795	543.795
18.1079	543.41	543.41
18.1198	543.025	543.025
18.1317	542.64	542.64
18.1437	542.256	542.256
18.1556	541.871	541.871
18.1675	541.487	541.487
18.1795	541.102	541.102
18.1914	540.718	540.718
18.2033	540.333	540.333
18.2153	539.949	539.949
18.2272	539.565	539.565
18.2392	539.18	539.18
18.2511	538.796	538.796
18.263	538.412	538.412
18.275	538.028	538.028
18.2869	537.644	537.644
18.2988	537.26	537.26
18.3108	536.876	536.876
18.3227	536.492	536.492
18.3346	536.108	536.108
18.3466	535.725	535.725
18.3585	535.341	535.341
18.3705	534.957	534.957
18.3824	534.574	534.574
18.3943	534.19	534.19
18.4063	533.807	533.807
18.4182	533.423	533.423
18.4301	533.04	533.04
18.4421	532.657	532.656
18.454	532.273	532.273
18.466	531.89	531.89
18.4779	531.507	531.507
18.4898	531.124	531.124
18.5018	530.741	530.741
18.5137	530.358	530.358
18.5256	529.975	529.975
18.5376	529.592	529.592
18.5495	529.209	529.209
18.5614	528.826	528.826
18.5734	528.444	528.444
18.5853	528.061	528.061
18.5973	527.679	527.678
18.6092	527.296	527.296
18.6211	526.914	526.914
18.6331	526.531	526.531
18.645	526.149	526.149
18.6569	525.767	525.767
18.6689	525.384	525.384
18.6808	525.002	525.002
18.6927	524.62	524.62
18.7047	524.238	524.238
18.7166	523.856	523.856
18.7286	523.474	523.474
18.7405	523.093	523.093
18.7524	522.711	522.711
18.7644	522.329	522.329
18.7763	521.948	521.947
18.7882	521.566	521.566
18.8002	521.184	521.184
18.8121	520.803	520.803
18.8241	520.422	520.422
18.836	520.04	520.04
18.8479	519.659	519.659
18.8599	519.278	519.278
18.8718	518.897	518.897
18.8837	518.516	518.516
18.8957	518.135	518.135
18.9076	517.754	517.754
18.9195	517.374	517.373
18.9315	516.993	516.993
18.9434	516.612	516.612
18.9554	516.232	516.232
18.9673	515.851	515.851
18.9792	515.471	515.471
18.9912	515.09	515.09
19.0031	514.71	514.71
19.015	514.33	514.33
19.027	513.95	513.95
19.0389	513.57	513.57
19.0508	513.19	513.19
19.0628	512.81	512.81
19.0747	512.43	512.43
19.0867	512.05	512.05
19.0986	511.671	511.671
19.1105	511.291	511.291
19.1225	510.912	510.912
19.1344	510.532	510.532
19.1463	510.153	510.153
19.1583	509.774	509.774
19.1702	509.395	509.395
19.1821	509.016	509.015
19.1941	508.637	508.636
19.206	508.258	508.258
19.218	507.879	507.879
19.2299	507.5	507.5
19.2418	507.121	507.121
19.2538	506.743	506.743
19.2657	506.364	506.364
19.2776	505.986	505.986
19.2896	505.608	505.608
19.3015	505.229	505.229
19.3135	504.851	504.851
19.3254	504.473	504.473
19.3373	504.095	504.095
19.3493	503.718	503.717
19.3612	503.34	503.34
19.3731	502.962	502.962
19.3851	502.585	502.584
19.397	502.207	502.207
19.4089	501.83	501.83
19.4209	501.452	501.452
19.4328	501.075	501.075
19.4448	500.698	500.698
19.4567	500.321	500.321
19.4686	499.944	499.944
19.4806	499.567	499.567
19.4925	499.191	499.191
19.5044	498.814	498.814
19.5164	498.438	498.437
19.5283	498.061	498.061
19.5402	497.685	497.685
19.5522	497.309	497.309
19.5641	496.932	496.932
19.5761	496.556	496.556
19.588	496.181	496.181
19.5999	495.805	495.805
19.6119	495.429	495.429
19.6238	495.054	495.053
19.6357	494.678	494.678
19.6477	494.303	494.303
19.6596	493.927	493.927
19.6716	493.552	493.552
19.6835	493.177	493.177
19.6954	492.802	492.802
19.7074	492.427	492.427
19.7193	492.053	492.053
19.7312	491.678	491.678
19.7432	491.304	491.304
19.7551	490.929	490.929
19.767	490.555	490.555
19.779	490.181	490.181
19.7909	489.807	489.807
19.8029	489.433	489.433
19.8148	489.059	489.059
19.8267	488.686	488.685
19.8387	488.312	488.312
19.8506	487.939	487.939
19.8625	487.565	487.565
19.8745	487.192	487.192
19.8864	486.819	486.819
19.8983	486.446	486.446
19.9103	486.073	486.073
19.9222	485.701	485.7
19.9342	485.328	485.328
19.9461	484.955	484.955
19.958	484.583	484.583
19.97	484.211	484.211
19.9819	483.839	483.839
19.9938	483.467	483.467
20.0058	483.095	483.095
20.0177	482.723	482.723
20.0296	482.352	482.352
20.0416	481.981	481.98
20.0535	481.609	481.609
20.0655	481.238	481.238
20.0774	480.867	480.867
20.0893	480.496	480.496
20.1013	480.125	480.125
20.1132	479.755	479.755
20.1251	479.384	479.384
20.1371	479.014	479.014
20.149	478.644	478.644
20.161	478.274	478.274
20.1729	477.904	477.904
20.1848	477.534	477.534
20.1968	477.165	477.164
20.2087	476.795	476.795
20.2206	476.426	476.426
20.2326	476.057	476.056
20.2445	475.687	475.687
20.2564	475.319	475.319
20.2684	474.95	474.95
20.2803	474.581	474.581
20.2923	474.213	474.213
20.3042	473.844	473.844
20.3161	473.476	473.476
20.3281	473.108	473.108
20.34	472.74	472.74
20.3519	472.373	472.373
20.3639	472.005	472.005
20.3758	471.638	471.638
20.3877	471.271	471.271
20.3997	470.904	470.904
20.4116	470.537	470.537
20.4236	470.17	470.17
20.4355	469.803	469.803
20.4474	469.437	469.437
20.4594	469.071	469.071
20.4713	468.705	468.705
20.4832	468.339	468.339
20.4952	467.973	467.973
20.5071	467.607	467.607
20.5191	467.242	467.242
20.531	466.877	466.877
20.5429	466.511	466.511
20.5549	466.147	466.146
20.5668	465.782	465.782
20.5787	465.417	465.417
20.5907	465.053	465.053
20.6026	464.689	464.688
20.6145	464.324	464.324
20.6265	463.961	463.961
20.6384	463.597	463.597
20.6504	463.233	463.233
20.6623	462.87	462.87
20.6742	462.507	462.507
20.6862	462.144	462.144
20.6981	461.781	461.781
20.71	461.418	461.418
20.722	461.056	461.056
20.7339	460.694	460.694
20.7458	460.332	460.331
20.7578	459.97	459.97
20.7697	459.608	459.608
20.7817	459.246	459.246
20.7936	458.885	458.885
20.8055	458.524	458.524
20.8175	458.163	458.163
20.8294	457.802	457.802
20.8413	457.442	457.442
20.8533	457.081	457.081
20.8652	456.721	456.721
20.8771	456.361	456.361
20.8891	456.001	456.001
20.901	455.642	455.642
20.913	455.282	455.282
20.9249	454.923	454.923
20.9368	454.564	454.564
20.9488	454.205	454.205
20.9607	453.847	453.847
20.9726	453.488	453.488
20.9846	453.13	453.13
20.9965	452.772	452.772
21.0085	452.415	452.414
21.0204	452.057	452.057
21.0323	451.7	451.7
21.0443	451.342	451.342
21.0562	450.986	450.985
21.0681	450.629	450.629
21.0801	450.272	450.272
21.092	449.916	449.916
21.1039	449.56	449.56
21.1159	449.204	449.204
21.1278	448.849	448.848
21.1398	448.493	448.493
21.1517	448.138	448.138
21.1636	447.783	447.783
21.1756	447.428	447.428
21.1875	447.074	447.074
21.1994	446.719	446.719
21.2114	446.365	446.365
21.2233	446.011	446.011
21.2352	445.658	445.658
21.2472	445.304	445.304
21.2591	444.951	444.951
21.2711	444.598	444.598
21.283	444.246	444.246
21.2949	443.893	443.893
21.3069	443.541	443.541
21.3188	443.189	443.189
21.3307	442.837	442.837
21.3427	442.486	442.486
21.3546	442.134	442.134
21.3666	441.783	441.783
21.3785	441.433	441.432
21.3904	441.082	441.082
21.4024	440.732	440.732
21.4143	440.382	440.382
21.4262	440.032	440.032
21.4382	439.682	439.682
21.4501	439.333	439.333
21.462	438.984	438.984
21.474	438.635	438.635
21.4859	438.286	438.286
21.4979	437.938	437.938
21.5098	437.59	437.59
21.5217	437.242	437.242
21.5337	436.895	436.894
21.5456	436.547	436.547
21.5575	436.2	436.2
21.5695	435.853	435.853
21.5814	435.507	435.507
21.5933	435.161	435.16
21.6053	434.814	434.814
21.6172	434.469	434.469
21.6292	434.123	434.123
21.6411	433.778	433.778
21.653	433.433	433.433
21.665	433.088	433.088
21.6769	432.744	432.744
21.6888	432.4	432.4
21.7008	432.056	432.056
21.7127	431.712	431.712
21.7246	431.369	431.369
21.7366	431.026	431.026
21.7485	430.683	430.683
21.7605	430.341	430.34
21.7724	429.998	429.998
21.7843	429.656	429.656
21.7963	429.315	429.315
21.8082	428.973	428.973
21.8201	428.632	428.632
21.8321	428.291	428.291
21.844	427.951	427.951
21.856	427.611	427.61
21.8679	427.271	427.27
21.8798	426.931	426.931
21.8918	426.591	426.591
21.9037	426.252	426.252
21.9156	425.914	425.913
21.9276	425.575	425.575
21.9395	425.237	425.237
21.9514	424.899	424.899
21.9634	424.561	424.561
21.9753	424.224	424.224
21.9873	423.887	423.887
21.9992	423.55	423.55
22.0111	423.214	423.214
22.0231	422.878	422.877
22.035	422.542	422.542
22.0469	422.206	422.206
22.0589	421.871	421.871
22.0708	421.536	421.536
22.0827	421.201	421.201
22.0947	420.867	420.867
22.1066	420.533	420.533
22.1186	420.199	420.199
22.1305	419.866	419.866
22.1424	419.533	419.533
22.1544	419.2	419.2
22.1663	418.868	418.868
22.1782	418.536	418.536
22.1902	418.204	418.204
22.2021	417.872	417.872
22.2141	417.541	417.541
22.226	417.21	417.21
22.2379	416.88	416.88
22.2499	416.55	416.55
22.2618	416.22	416.22
22.2737	415.89	415.89
22.2857	415.561	415.561
22.2976	415.232	415.232
22.3095	414.904	414.904
22.3215	414.576	414.575
22.3334	414.248	414.248
22.3454	413.92	413.92
22.3573	413.593	413.593
22.3692	413.266	413.266
22.3812	412.94	412.939
22.3931	412.613	412.613
22.405	412.287	412.287
22.417	411.962	411.962
22.4289	411.637	411.637
22.4408	411.312	411.312
22.4528	410.987	410.987
22.4647	410.663	410.663
22.4767	410.339	410.339
22.4886	410.016	410.016
22.5005	409.693	409.693
22.5125	409.37	409.37
22.5244	409.048	409.048
22.5363	408.726	408.726
22.5483	408.404	408.404
22.5602	408.083	408.082
22.5721	407.762	407.761
22.5841	407.441	407.441
22.596	407.121	407.121
22.608	406.801	406.801
22.6199	406.481	406.481
22.6318	406.162	406.162
22.6438	405.843	405.843
22.6557	405.525	405.525
22.6676	405.207	405.206
22.6796	404.889	404.889
22.6915	404.571	404.571
22.7035	404.254	404.254
22.7154	403.938	403.938
22.7273	403.622	403.621
22.7393	403.306	403.306
22.7512	402.99	402.99
22.7631	402.675	402.675
22.7751	402.36	402.36
22.787	402.046	402.046
22.7989	401.732	401.732
22.8109	401.418	401.418
22.8228	401.105	401.105
22.8348	400.792	400.792
22.8467	400.479	400.479
22.8586	400.167	400.167
22.8706	399.856	399.855
22.8825	399.544	399.544
22.8944	399.233	399.233
22.9064	398.923	398.923
22.9183	398.612	398.612
22.9302	398.303	398.302
22.9422	397.993	397.993
22.9541	397.684	397.684
22.9661	397.376	397.375
22.978	397.067	397.067
22.9899	396.759	396.759
23.0019	396.452	396.452
23.0138	396.145	396.145
23.0257	395.838	395.838
23.0377	395.532	395.532
23.0496	395.226	395.226
23.0616	394.921	394.921
23.0735	394.616	394.616
23.0854	394.311	394.311
23.0974	394.007	394.007
23.1093	393.703	393.703
23.1212	393.4	393.399
23.1332	393.096	393.096
23.1451	392.794	392.794
23.157	392.492	392.491
23.169	392.19	392.19
23.1809	391.888	391.888
23.1929	391.587	391.587
23.2048	391.287	391.287
23.2167	390.987	390.987
23.2287	390.687	390.687
23.2406	390.388	390.388
23.2525	390.089	390.089
23.2645	389.79	389.79
23.2764	389.492	389.492
23.2883	389.195	389.195
23.3003	388.897	388.897
23.3122	388.601	388.601
23.3242	388.304	388.304
23.3361	388.008	388.008
23.348	387.713	387.713
23.36	387.418	387.418
23.3719	387.123	387.123
23.3838	386.829	386.829
23.3958	386.535	386.535
23.4077	386.242	386.242
23.4196	385.949	385.949
23.4316	385.656	385.656
23.4435	385.364	385.364
23.4555	385.073	385.072
23.4674	384.781	384.781
23.4793	384.491	384.491
23.4913	384.2	384.2
23.5032	383.911	383.91
23.5151	383.621	383.621
23.5271	383.332	383.332
23.539	383.044	383.044
23.551	382.756	382.756
23.5629	382.469	382.468
23.5748	382.182	382.182
23.5868	381.896	381.895
23.5987	381.61	381.61
23.6106	381.326	381.326
23.6226	381.043	381.042
23.6345	380.761	380.76
23.6464	380.481	380.48
23.6584	380.203	380.202
23.6703	379.927	379.926
23.6823	379.655	379.654
23.6942	379.387	379.385
23.7061	379.125	379.122
23.7181	378.869	378.866
23.73	378.62	378.617
23.7419	378.381	378.377
23.7539	378.154	378.149
23.7658	377.939	377.933
23.7777	377.739	377.732
23.7897	377.556	377.549
23.8016	377.393	377.385
23.8136	377.25	377.241
23.8255	377.131	377.121
23.8374	377.036	377.026
23.8494	376.967	376.957
23.8613	376.926	376.915
23.8732	376.912	376.901
