0	873	873
0.0119366	873	873
0.0238732	873	873
0.0358099	873	873
0.0477465	873	873
0.0596831	873	873
0.0716197	873	873
0.0835563	873	873
0.095493	873	873
0.10743	873	873
0.119366	873	873
0.131303	873	873
0.143239	873	873
0.155176	873	873
0.167113	873	873
0.179049	873	873
0.190986	873	873
0.202923	873	873
0.214859	873	873
0.226796	873	873
0.238732	873	873
0.250669	873	873
0.262606	873	873
0.274542	873	873
0.286479	873	873
0.298416	873	873
0.310352	873	873
0.322289	873	873
0.334225	873	873
0.346162	873	873
0.358099	873	873
0.370035	873	873
0.381972	873	873
0.393908	873	873
0.405845	873	873
0.417782	873	873
0.429718	873	873
0.441655	873	873
0.453592	873	873
0.465528	873	873
0.477465	873	873
0.489401	873	873
0.501338	873	873
0.513275	873	873
0.525211	873	873
0.537148	873	873
0.549085	873	873
0.561021	873	873
0.572958	873	873
0.584894	873	873
0.596831	873	873
0.608768	873	873
0.620704	873	873
0.632641	873	873
0.644578	873	873
0.656514	873	873
0.668451	873	873
0.680387	873	873
0.692324	873	873
0.704261	872.999	872.999
0.716197	872.999	872.999
0.728134	872.999	872.999
0.74007	872.999	872.999
0.752007	872.999	872.999
0.763944	872.999	872.999
0.77588	872.999	872.999
0.787817	872.999	872.999
0.799754	872.999	872.999
0.81169	872.999	872.999
0.823627	872.999	872.999
0.835563	872.999	872.999
0.8475	872.999	872.999
0.859437	872.999	872.999
0.871373	872.999	872.999
0.88331	872.999	872.999
0.895247	872.999	872.999
0.907183	872.999	872.999
0.91912	872.999	872.999
0.931056	872.999	872.999
0.942993	872.999	872.999
0.95493	872.999	872.999
0.966866	872.999	872.999
0.978803	872.999	872.999
0.99074	872.999	872.999
1.00268	872.998	872.998
1.01461	872.998	872.998
1.02655	872.998	872.998
1.03849	872.998	872.998
1.05042	872.998	872.998
1.06236	872.998	872.998
1.0743	872.998	872.998
1.08623	872.998	872.998
1.09817	872.998	872.998
1.11011	872.998	872.998
1.12204	872.998	872.998
1.13398	872.998	872.998
1.14592	872.998	872.998
1.15785	872.997	872.997
1.16979	872.997	872.997
1.18173	872.997	872.997
1.19366	872.997	872.997
1.2056	872.997	872.997
1.21754	872.997	872.997
1.22947	872.997	872.997
1.24141	872.997	872.997
1.25335	872.997	872.997
1.26528	872.996	872.996
1.27722	872.996	872.996
1.28916	872.996	872.996
1.30109	872.996	872.996
1.31303	872.996	872.996
1.32496	872.996	872.996
1.3369	872.996	872.996
1.34884	872.995	872.995
1.36077	872.995	872.995
1.37271	872.995	872.995
1.38465	872.995	872.995
1.39658	872.995	872.995
1.40852	872.995	872.995
1.42046	872.994	872.994
1.43239	872.994	872.994
1.44433	872.994	872.994
1.45627	872.994	872.994
1.4682	872.994	872.994
1.48014	872.993	872.993
1.49208	872.993	872.993
1.50401	872.993	872.993
1.51595	872.993	872.993
1.52789	872.992	872.992
1.53982	872.992	872.992
1.55176	872.992	872.992
1.5637	872.992	872.992
1.57563	872.991	872.991
1.58757	872.991	872.991
1.59951	872.991	872.991
1.61144	872.99	872.99
1.62338	872.99	872.99
1.63532	872.99	872.99
1.64725	872.989	872.989
1.65919	872.989	872.989
1.67113	872.989	872.989
1.68306	872.988	872.988
1.695	872.988	872.988
1.70694	872.988	872.988
1.71887	872.987	872.987
1.73081	872.987	872.987
1.74275	872.987	872.987
1.75468	872.986	872.986
1.76662	872.986	872.986
1.77856	872.985	872.985
1.79049	872.985	872.985
1.80243	872.984	872.984
1.81437	872.984	872.984
1.8263	872.983	872.983
1.83824	872.983	872.983
1.85018	872.982	872.982
1.86211	872.982	872.982
1.87405	872.981	872.981
1.88599	872.981	872.981
1.89792	872.98	872.98
1.90986	872.98	872.98
1.9218	872.979	872.979
1.93373	872.979	872.979
1.94567	872.978	872.978
1.95761	872.977	872.977
1.96954	872.977	872.977
1.98148	872.976	872.976
1.99342	872.975	872.975
2.00535	872.975	872.975
2.01729	872.974	872.974
2.02923	872.973	872.973
2.04116	872.972	872.972
2.0531	872.972	872.972
2.06504	872.971	872.971
2.07697	872.97	872.97
2.08891	872.969	872.969
2.10085	872.968	872.968
2.11278	872.968	872.968
2.12472	872.967	872.967
2.13666	872.966	872.966
2.14859	872.965	872.965
2.16053	872.964	872.964
2.17246	872.963	872.963
2.1844	872.962	872.962
2.19634	872.961	872.961
2.20827	872.96	872.96
2.22021	872.959	872.959
2.23215	872.958	872.958
2.24408	872.957	872.957
2.25602	872.956	872.956
2.26796	872.955	872.955
2.27989	872.953	872.953
2.29183	872.952	872.952
2.30377	872.951	872.951
2.3157	872.95	872.95
2.32764	872.949	872.949
2.33958	872.947	872.947
2.35151	872.946	872.946
2.36345	872.945	872.945
2.37539	872.943	872.943
2.38732	872.942	872.942
2.39926	872.94	872.94
2.4112	872.939	872.939
2.42313	872.937	872.937
2.43507	872.936	872.936
2.44701	872.934	872.934
2.45894	872.933	872.933
2.47088	872.931	872.931
2.48282	872.929	872.929
2.49475	872.928	872.928
2.50669	872.926	872.926
2.51863	872.924	872.924
2.53056	872.922	872.922
2.5425	872.92	872.92
2.55444	872.918	872.918
2.56637	872.916	872.917
2.57831	872.915	872.915
2.59025	872.913	872.913
2.60218	872.91	872.91
2.61412	872.908	872.908
2.62606	872.906	872.906
2.63799	872.904	872.904
2.64993	872.902	872.902
2.66187	872.9	872.9
2.6738	872.897	872.897
2.68574	872.895	872.895
2.69768	872.893	872.893
2.70961	872.89	872.89
2.72155	872.888	872.888
2.73349	872.885	872.885
2.74542	872.882	872.882
2.75736	872.88	872.88
2.7693	872.877	872.877
2.78123	872.874	872.874
2.79317	872.872	872.872
2.80511	872.869	872.869
2.81704	872.866	872.866
2.82898	872.863	872.863
2.84092	872.86	872.86
2.85285	872.857	872.857
2.86479	872.854	872.854
2.87673	872.85	872.85
2.88866	872.847	872.847
2.9006	872.844	872.844
2.91254	872.84	872.84
2.92447	872.837	872.837
2.93641	872.834	872.834
2.94835	872.83	872.83
2.96028	872.826	872.826
2.97222	872.823	872.823
2.98416	872.819	872.819
2.99609	872.815	872.815
3.00803	872.811	872.811
3.01997	872.807	872.807
3.0319	872.803	872.803
3.04384	872.799	872.799
3.05577	872.795	872.795
3.06771	872.791	872.791
3.07965	872.786	872.786
3.09158	872.782	872.782
3.10352	872.777	872.777
3.11546	872.773	872.773
3.12739	872.768	872.768
3.13933	872.763	872.763
3.15127	872.759	872.759
3.1632	872.754	872.754
3.17514	872.749	872.749
3.18708	872.744	872.744
3.19901	872.739	872.739
3.21095	872.733	872.733
3.22289	872.728	872.728
3.23482	872.723	872.723
3.24676	872.717	872.717
3.2587	872.711	872.711
3.27063	872.706	872.706
3.28257	872.7	872.7
3.29451	872.694	872.694
3.30644	872.688	872.688
3.31838	872.682	872.682
3.33032	872.676	872.676
3.34225	872.669	872.67
3.35419	872.663	872.663
3.36613	872.657	872.657
3.37806	872.65	872.65
3.39	872.643	872.643
3.40194	872.636	872.636
3.41387	872.629	872.63
3.42581	872.622	872.622
3.43775	872.615	872.615
3.44968	872.608	872.608
3.46162	872.601	872.601
3.47356	872.593	872.593
3.48549	872.585	872.586
3.49743	872.578	872.578
3.50937	872.57	872.57
3.5213	872.562	872.562
3.53324	872.554	872.554
3.54518	872.545	872.545
3.55711	872.537	872.537
3.56905	872.529	872.529
3.58099	872.52	872.52
3.59292	872.511	872.511
3.60486	872.502	872.502
3.6168	872.493	872.493
3.62873	872.484	872.484
3.64067	872.475	872.475
3.65261	872.465	872.465
3.66454	872.456	872.456
3.67648	872.446	872.446
3.68842	872.436	872.436
3.70035	872.426	872.426
3.71229	872.416	872.416
3.72423	872.405	872.405
3.73616	872.395	872.395
3.7481	872.384	872.384
3.76004	872.373	872.373
3.77197	872.362	872.362
3.78391	872.351	872.351
3.79585	872.34	872.34
3.80778	872.328	872.328
3.81972	872.316	872.317
3.83166	872.305	872.305
3.84359	872.293	872.293
3.85553	872.28	872.28
3.86747	872.268	872.268
3.8794	872.256	872.256
3.89134	872.243	872.243
3.90327	872.23	872.23
3.91521	872.217	872.217
3.92715	872.204	872.204
3.93908	872.19	872.19
3.95102	872.176	872.176
3.96296	872.163	872.163
3.97489	872.149	872.149
3.98683	872.134	872.134
3.99877	872.12	872.12
4.0107	872.105	872.105
4.02264	872.09	872.09
4.03458	872.075	872.075
4.04651	872.06	872.06
4.05845	872.045	872.045
4.07039	872.029	872.029
4.08232	872.013	872.013
4.09426	871.997	871.997
4.1062	871.98	871.981
4.11813	871.964	871.964
4.13007	871.947	871.947
4.14201	871.93	871.93
4.15394	871.913	871.913
4.16588	871.895	871.895
4.17782	871.878	871.878
4.18975	871.86	871.86
4.20169	871.842	871.842
4.21363	871.823	871.823
4.22556	871.804	871.805
4.2375	871.786	871.786
4.24944	871.766	871.766
4.26137	871.747	871.747
4.27331	871.727	871.727
4.28525	871.707	871.707
4.29718	871.687	871.687
4.30912	871.667	871.667
4.32106	871.646	871.646
4.33299	871.625	871.625
4.34493	871.604	871.604
4.35687	871.582	871.582
4.3688	871.56	871.56
4.38074	871.538	871.538
4.39268	871.516	871.516
4.40461	871.493	871.493
4.41655	871.47	871.47
4.42849	871.447	871.447
4.44042	871.424	871.424
4.45236	871.4	871.4
4.4643	871.376	871.376
4.47623	871.351	871.351
4.48817	871.326	871.327
4.50011	871.301	871.302
4.51204	871.276	871.276
4.52398	871.25	871.251
4.53592	871.224	871.225
4.54785	871.198	871.198
4.55979	871.172	871.172
4.57173	871.145	871.145
4.58366	871.117	871.117
4.5956	871.09	871.09
4.60754	871.062	871.062
4.61947	871.034	871.034
4.63141	871.005	871.005
4.64335	870.976	870.976
4.65528	870.947	870.947
4.66722	870.917	870.917
4.67916	870.887	870.887
4.69109	870.857	870.857
4.70303	870.826	870.826
4.71497	870.795	870.795
4.7269	870.764	870.764
4.73884	870.732	870.732
4.75078	870.7	870.7
4.76271	870.667	870.667
4.77465	870.634	870.634
4.78658	870.601	870.601
4.79852	870.567	870.567
4.81046	870.533	870.533
4.82239	870.499	870.499
4.83433	870.464	870.464
4.84627	870.429	870.429
4.8582	870.393	870.393
4.87014	870.357	870.357
4.88208	870.32	870.32
4.89401	870.283	870.284
4.90595	870.246	870.246
4.91789	870.208	870.209
4.92982	870.17	870.17
4.94176	870.132	870.132
4.9537	870.093	870.093
4.96563	870.053	870.054
4.97757	870.014	870.014
4.98951	869.973	869.973
5.00144	869.932	869.933
5.01338	869.891	869.891
5.02532	869.85	869.85
5.03725	869.808	869.808
5.04919	869.765	869.765
5.06113	869.722	869.722
5.07306	869.679	869.679
5.085	869.635	869.635
5.09694	869.59	869.59
5.10887	869.545	869.546
5.12081	869.5	869.5
5.13275	869.454	869.454
5.14468	869.408	869.408
5.15662	869.361	869.361
5.16856	869.314	869.314
5.18049	869.266	869.266
5.19243	869.218	869.218
5.20437	869.169	869.169
5.2163	869.12	869.12
5.22824	869.07	869.07
5.24018	869.019	869.02
5.25211	868.968	868.969
5.26405	868.917	868.917
5.27599	868.865	868.865
5.28792	868.813	868.813
5.29986	868.76	868.76
5.3118	868.706	868.706
5.32373	868.652	868.652
5.33567	868.598	868.598
5.34761	868.542	868.543
5.35954	868.487	868.487
5.37148	868.43	868.431
5.38342	868.374	868.374
5.39535	868.316	868.316
5.40729	868.258	868.258
5.41923	868.2	868.2
5.43116	868.141	868.141
5.4431	868.081	868.081
5.45504	868.021	868.021
5.46697	867.96	867.96
5.47891	867.898	867.898
5.49085	867.836	867.836
5.50278	867.773	867.774
5.51472	867.71	867.71
5.52666	867.646	867.646
5.53859	867.582	867.582
5.55053	867.517	867.517
5.56247	867.451	867.451
5.5744	867.384	867.385
5.58634	867.317	867.318
5.59828	867.25	867.25
5.61021	867.182	867.182
5.62215	867.113	867.113
5.63408	867.043	867.043
5.64602	866.973	866.973
5.65796	866.902	866.902
5.66989	866.83	866.831
5.68183	866.758	866.759
5.69377	866.685	866.686
5.7057	866.612	866.612
5.71764	866.538	866.538
5.72958	866.463	866.463
5.74151	866.387	866.387
5.75345	866.311	866.311
5.76539	866.234	866.234
5.77732	866.156	866.157
5.78926	866.078	866.078
5.8012	865.999	865.999
5.81313	865.919	865.919
5.82507	865.839	865.839
5.83701	865.757	865.758
5.84894	865.676	865.676
5.86088	865.593	865.593
5.87282	865.51	865.51
5.88475	865.425	865.426
5.89669	865.341	865.341
5.90863	865.255	865.255
5.92056	865.169	865.169
5.9325	865.082	865.082
5.94444	864.994	864.994
5.95637	864.905	864.905
5.96831	864.816	864.816
5.98025	864.726	864.726
5.99218	864.635	864.635
6.00412	864.543	864.543
6.01606	864.451	864.451
6.02799	864.357	864.358
6.03993	864.263	864.264
6.05187	864.168	864.169
6.0638	864.073	864.073
6.07574	863.976	863.977
6.08768	863.879	863.879
6.09961	863.781	863.781
6.11155	863.682	863.683
6.12349	863.583	863.583
6.13542	863.482	863.482
6.14736	863.381	863.381
6.1593	863.279	863.279
6.17123	863.176	863.176
6.18317	863.072	863.072
6.19511	862.967	862.967
6.20704	862.862	862.862
6.21898	862.755	862.756
6.23092	862.648	862.648
6.24285	862.54	862.54
6.25479	862.431	862.431
6.26673	862.321	862.321
6.27866	862.21	862.211
6.2906	862.099	862.099
6.30254	861.986	861.987
6.31447	861.873	861.873
6.32641	861.759	861.759
6.33835	861.644	861.644
6.35028	861.528	861.528
6.36222	861.411	861.411
6.37416	861.293	861.293
6.38609	861.174	861.174
6.39803	861.054	861.055
6.40997	860.934	860.934
6.4219	860.812	860.813
6.43384	860.69	860.69
6.44578	860.567	860.567
6.45771	860.442	860.443
6.46965	860.317	860.317
6.48159	860.191	860.191
6.49352	860.064	860.064
6.50546	859.936	859.936
6.51739	859.807	859.807
6.52933	859.677	859.677
6.54127	859.546	859.546
6.5532	859.414	859.414
6.56514	859.281	859.281
6.57708	859.147	859.147
6.58901	859.012	859.013
6.60095	858.876	858.877
6.61289	858.74	858.74
6.62482	858.602	858.602
6.63676	858.463	858.463
6.6487	858.323	858.324
6.66063	858.182	858.183
6.67257	858.041	858.041
6.68451	857.898	857.898
6.69644	857.754	857.754
6.70838	857.609	857.609
6.72032	857.463	857.464
6.73225	857.316	857.317
6.74419	857.168	857.169
6.75613	857.019	857.02
6.76806	856.869	856.87
6.78	856.718	856.719
6.79194	856.566	856.567
6.80387	856.413	856.414
6.81581	856.259	856.259
6.82775	856.104	856.104
6.83968	855.948	855.948
6.85162	855.79	855.791
6.86356	855.632	855.632
6.87549	855.472	855.473
6.88743	855.312	855.312
6.89937	855.15	855.15
6.9113	854.987	854.988
6.92324	854.823	854.824
6.93518	854.659	854.659
6.94711	854.493	854.493
6.95905	854.326	854.326
6.97099	854.157	854.158
6.98292	853.988	853.988
6.99486	853.818	853.818
7.0068	853.646	853.647
7.01873	853.474	853.474
7.03067	853.3	853.3
7.04261	853.125	853.125
7.05454	852.949	852.949
7.06648	852.772	852.772
7.07842	852.594	852.594
7.09035	852.414	852.415
7.10229	852.234	852.234
7.11423	852.052	852.053
7.12616	851.869	851.87
7.1381	851.686	851.686
7.15004	851.5	851.501
7.16197	851.314	851.315
7.17391	851.127	851.127
7.18585	850.938	850.939
7.19778	850.749	850.749
7.20972	850.558	850.558
7.22166	850.366	850.366
7.23359	850.173	850.173
7.24553	849.978	849.979
7.25747	849.783	849.783
7.2694	849.586	849.586
7.28134	849.388	849.388
7.29328	849.189	849.189
7.30521	848.989	848.989
7.31715	848.787	848.788
7.32909	848.585	848.585
7.34102	848.381	848.381
7.35296	848.176	848.176
7.36489	847.969	847.97
7.37683	847.762	847.762
7.38877	847.553	847.554
7.4007	847.343	847.344
7.41264	847.132	847.133
7.42458	846.92	846.921
7.43651	846.707	846.707
7.44845	846.492	846.492
7.46039	846.276	846.276
7.47232	846.059	846.059
7.48426	845.84	845.841
7.4962	845.621	845.621
7.50813	845.4	845.4
7.52007	845.178	845.178
7.53201	844.954	844.955
7.54394	844.73	844.73
7.55588	844.504	844.505
7.56782	844.277	844.277
7.57975	844.049	844.049
7.59169	843.819	843.82
7.60363	843.588	843.589
7.61556	843.356	843.357
7.6275	843.123	843.123
7.63944	842.888	842.889
7.65137	842.653	842.653
7.66331	842.416	842.416
7.67525	842.177	842.178
7.68718	841.938	841.938
7.69912	841.697	841.697
7.71106	841.455	841.455
7.72299	841.211	841.212
7.73493	840.967	840.967
7.74687	840.721	840.721
7.7588	840.473	840.474
7.77074	840.225	840.225
7.78268	839.975	839.976
7.79461	839.724	839.725
7.80655	839.472	839.472
7.81849	839.218	839.219
7.83042	838.963	838.964
7.84236	838.707	838.708
7.8543	838.45	838.45
7.86623	838.191	838.191
7.87817	837.931	837.931
7.89011	837.669	837.67
7.90204	837.407	837.407
7.91398	837.143	837.143
7.92592	836.878	836.878
7.93785	836.611	836.612
7.94979	836.343	836.344
7.96173	836.074	836.075
7.97366	835.804	835.804
7.9856	835.532	835.533
7.99754	835.259	835.26
8.00947	834.985	834.985
8.02141	834.709	834.71
8.03335	834.432	834.433
8.04528	834.154	834.155
8.05722	833.875	833.875
8.06916	833.594	833.594
8.08109	833.312	833.312
8.09303	833.028	833.029
8.10497	832.743	832.744
8.1169	832.457	832.458
8.12884	832.17	832.17
8.14078	831.881	831.882
8.15271	831.591	831.592
8.16465	831.3	831.3
8.17659	831.007	831.008
8.18852	830.713	830.714
8.20046	830.418	830.418
8.2124	830.121	830.122
8.22433	829.824	829.824
8.23627	829.524	829.525
8.2482	829.224	829.224
8.26014	828.922	828.922
8.27208	828.619	828.619
8.28401	828.314	828.315
8.29595	828.009	828.009
8.30789	827.701	827.702
8.31982	827.393	827.394
8.33176	827.083	827.084
8.3437	826.772	826.773
8.35563	826.46	826.46
8.36757	826.146	826.147
8.37951	825.831	825.832
8.39144	825.515	825.515
8.40338	825.197	825.198
8.41532	824.878	824.879
8.42725	824.558	824.559
8.43919	824.237	824.237
8.45113	823.914	823.914
8.46306	823.59	823.59
8.475	823.264	823.265
8.48694	822.937	822.938
8.49887	822.609	822.61
8.51081	822.28	822.28
8.52275	821.949	821.949
8.53468	821.617	821.617
8.54662	821.284	821.284
8.55856	820.949	820.949
8.57049	820.613	820.613
8.58243	820.276	820.276
8.59437	819.937	819.937
8.6063	819.597	819.598
8.61824	819.256	819.256
8.63018	818.913	818.914
8.64211	818.57	818.57
8.65405	818.225	818.225
8.66599	817.878	817.879
8.67792	817.53	817.531
8.68986	817.181	817.182
8.7018	816.831	816.832
8.71373	816.48	816.48
8.72567	816.127	816.127
8.73761	815.772	815.773
8.74954	815.417	815.417
8.76148	815.06	815.061
8.77342	814.702	814.703
8.78535	814.343	814.343
8.79729	813.982	813.983
8.80923	813.62	813.621
8.82116	813.257	813.258
8.8331	812.893	812.893
8.84504	812.527	812.527
8.85697	812.16	812.16
8.86891	811.792	811.792
8.88085	811.422	811.423
8.89278	811.051	811.052
8.90472	810.679	810.68
8.91666	810.306	810.306
8.92859	809.931	809.932
8.94053	809.555	809.556
8.95247	809.178	809.179
8.9644	808.8	808.8
8.97634	808.42	808.42
8.98828	808.039	808.04
9.00021	807.657	807.657
9.01215	807.273	807.274
9.02409	806.889	806.889
9.03602	806.503	806.503
9.04796	806.116	806.116
9.0599	805.727	805.728
9.07183	805.338	805.338
9.08377	804.947	804.947
9.0957	804.554	804.555
9.10764	804.161	804.162
9.11958	803.767	803.767
9.13151	803.371	803.371
9.14345	802.974	802.974
9.15539	802.575	802.576
9.16732	802.176	802.176
9.17926	801.775	801.776
9.1912	801.373	801.374
9.20313	800.97	800.971
9.21507	800.566	800.566
9.22701	800.16	800.161
9.23894	799.753	799.754
9.25088	799.346	799.346
9.26282	798.936	798.937
9.27475	798.526	798.526
9.28669	798.115	798.115
9.29863	797.702	797.702
9.31056	797.288	797.288
9.3225	796.873	796.873
9.33444	796.457	796.457
9.34637	796.039	796.039
9.35831	795.62	795.621
9.37025	795.201	795.201
9.38218	794.78	794.78
9.39412	794.358	794.358
9.40606	793.934	793.935
9.41799	793.51	793.51
9.42993	793.084	793.085
9.44187	792.658	792.658
9.4538	792.23	792.23
9.46574	791.801	791.801
9.47768	791.371	791.371
9.48961	790.939	790.94
9.50155	790.507	790.507
9.51349	790.073	790.074
9.52542	789.639	789.639
9.53736	789.203	789.203
9.5493	788.766	788.766
9.56123	788.328	788.328
9.57317	787.889	787.889
9.58511	787.449	787.449
9.59704	787.007	787.008
9.60898	786.565	786.565
9.62092	786.122	786.122
9.63285	785.677	785.677
9.64479	785.231	785.232
9.65673	784.784	784.785
9.66866	784.337	784.337
9.6806	783.888	783.888
9.69254	783.438	783.438
9.70447	782.987	782.987
9.71641	782.535	782.535
9.72835	782.081	782.082
9.74028	781.627	781.628
9.75222	781.172	781.172
9.76416	780.716	780.716
9.77609	780.258	780.259
9.78803	779.8	779.8
9.79997	779.34	779.341
9.8119	778.88	778.88
9.82384	778.419	778.419
9.83578	777.956	777.956
9.84771	777.493	777.493
9.85965	777.028	777.028
9.87159	776.563	776.563
9.88352	776.096	776.096
9.89546	775.629	775.629
9.9074	775.16	775.16
9.91933	774.691	774.691
9.93127	774.22	774.22
9.94321	773.749	773.749
9.95514	773.276	773.277
9.96708	772.803	772.803
9.97901	772.329	772.329
9.99095	771.853	771.854
10.0029	771.377	771.377
10.0148	770.9	770.9
10.0268	770.422	770.422
10.0387	769.943	769.943
10.0506	769.463	769.463
10.0626	768.982	768.982
10.0745	768.5	768.5
10.0864	768.017	768.017
10.0984	767.533	767.534
10.1103	767.049	767.049
10.1223	766.563	766.564
10.1342	766.077	766.077
10.1461	765.59	765.59
10.1581	765.101	765.102
10.17	764.612	764.613
10.1819	764.122	764.123
10.1939	763.631	763.632
10.2058	763.14	763.14
10.2177	762.647	762.647
10.2297	762.154	762.154
10.2416	761.66	761.66
10.2536	761.164	761.165
10.2655	760.668	760.669
10.2774	760.172	760.172
10.2894	759.674	759.674
10.3013	759.175	759.176
10.3132	758.676	758.676
10.3252	758.176	758.176
10.3371	757.675	757.675
10.3491	757.173	757.174
10.361	756.671	756.671
10.3729	756.168	756.168
10.3849	755.663	755.664
10.3968	755.159	755.159
10.4087	754.653	754.653
10.4207	754.146	754.147
10.4326	753.639	753.639
10.4445	753.131	753.131
10.4565	752.622	752.623
10.4684	752.113	752.113
10.4804	751.603	751.603
10.4923	751.092	751.092
10.5042	750.58	750.58
10.5162	750.068	750.068
10.5281	749.554	749.555
10.54	749.04	749.041
10.552	748.526	748.526
10.5639	748.01	748.011
10.5758	747.494	747.495
10.5878	746.978	746.978
10.5997	746.46	746.46
10.6117	745.942	745.942
10.6236	745.423	745.424
10.6355	744.904	744.904
10.6475	744.384	744.384
10.6594	743.863	743.863
10.6713	743.342	743.342
10.6833	742.819	742.82
10.6952	742.297	742.297
10.7071	741.773	741.773
10.7191	741.249	741.249
10.731	740.724	740.725
10.743	740.199	740.199
10.7549	739.673	739.673
10.7668	739.147	739.147
10.7788	738.62	738.62
10.7907	738.092	738.092
10.8026	737.563	737.564
10.8146	737.035	737.035
10.8265	736.505	736.505
10.8385	735.975	735.975
10.8504	735.444	735.444
10.8623	734.913	734.913
10.8743	734.381	734.381
10.8862	733.849	733.849
10.8981	733.316	733.316
10.9101	732.782	732.783
10.922	732.248	732.249
10.9339	731.714	731.714
10.9459	731.179	731.179
10.9578	730.643	730.643
10.9698	730.107	730.107
10.9817	729.57	729.571
10.9936	729.033	729.033
11.0056	728.496	728.496
11.0175	727.957	727.958
11.0294	727.419	727.419
11.0414	726.88	726.88
11.0533	726.34	726.34
11.0652	725.8	725.8
11.0772	725.26	725.26
11.0891	724.719	724.719
11.1011	724.177	724.177
11.113	723.635	723.635
11.1249	723.093	723.093
11.1369	722.55	722.55
11.1488	722.007	722.007
11.1607	721.463	721.463
11.1727	720.919	720.919
11.1846	720.375	720.375
11.1966	719.83	719.83
11.2085	719.285	719.285
11.2204	718.739	718.739
11.2324	718.193	718.193
11.2443	717.646	717.646
11.2562	717.1	717.1
11.2682	716.552	716.552
11.2801	716.005	716.005
11.292	715.457	715.457
11.304	714.908	714.908
11.3159	714.36	714.36
11.3279	713.811	713.811
11.3398	713.261	713.261
11.3517	712.712	712.712
11.3637	712.162	712.162
11.3756	711.611	711.611
11.3875	711.061	711.061
11.3995	710.51	710.51
11.4114	709.958	709.958
11.4233	709.407	709.407
11.4353	708.855	708.855
11.4472	708.303	708.303
11.4592	707.75	707.75
11.4711	707.197	707.197
11.483	706.644	706.644
11.495	706.091	706.091
11.5069	705.537	705.537
11.5188	704.984	704.984
11.5308	704.429	704.429
11.5427	703.875	703.875
11.5546	703.32	703.321
11.5666	702.766	702.766
11.5785	702.211	702.211
11.5905	701.655	701.655
11.6024	701.1	701.1
11.6143	700.544	700.544
11.6263	699.988	699.988
11.6382	699.432	699.432
11.6501	698.876	698.876
11.6621	698.319	698.319
11.674	697.762	697.762
11.686	697.205	697.205
11.6979	696.648	696.648
11.7098	696.091	696.091
11.7218	695.534	695.534
11.7337	694.976	694.976
11.7456	694.418	694.418
11.7576	693.86	693.86
11.7695	693.302	693.302
11.7814	692.744	692.744
11.7934	692.186	692.186
11.8053	691.627	691.627
11.8173	691.069	691.069
11.8292	690.51	690.51
11.8411	689.951	689.951
11.8531	689.392	689.392
11.865	688.833	688.833
11.8769	688.274	688.274
11.8889	687.715	687.715
11.9008	687.155	687.155
11.9127	686.596	686.596
11.9247	686.037	686.036
11.9366	685.477	685.477
11.9486	684.917	684.917
11.9605	684.358	684.357
11.9724	683.798	683.798
11.9844	683.238	683.238
11.9963	682.678	682.678
12.0082	682.118	682.118
12.0202	681.558	681.558
12.0321	680.998	680.998
12.0441	680.438	680.438
12.056	679.878	679.878
12.0679	679.318	679.318
12.0799	678.758	678.758
12.0918	678.197	678.197
12.1037	677.637	677.637
12.1157	677.077	677.077
12.1276	676.517	676.517
12.1395	675.957	675.957
12.1515	675.397	675.397
12.1634	674.837	674.837
12.1754	674.277	674.276
12.1873	673.716	673.716
12.1992	673.156	673.156
12.2112	672.596	672.596
12.2231	672.036	672.036
12.235	671.476	671.476
12.247	670.917	670.916
12.2589	670.357	670.357
12.2708	669.797	669.797
12.2828	669.237	669.237
12.2947	668.678	668.677
12.3067	668.118	668.118
12.3186	667.558	667.558
12.3305	666.999	666.999
12.3425	666.44	666.44
12.3544	665.88	665.88
12.3663	665.321	665.321
12.3783	664.762	664.762
12.3902	664.203	664.203
12.4021	663.644	663.644
12.4141	663.085	663.085
12.426	662.527	662.527
12.438	661.968	661.968
12.4499	661.41	661.41
12.4618	660.852	660.851
12.4738	660.293	660.293
12.4857	659.735	659.735
12.4976	659.177	659.177
12.5096	658.62	658.62
12.5215	658.062	658.062
12.5335	657.505	657.504
12.5454	656.947	656.947
12.5573	656.39	656.39
12.5693	655.833	655.833
12.5812	655.276	655.276
12.5931	654.72	654.719
12.6051	654.163	654.163
12.617	653.607	653.607
12.6289	653.051	653.051
12.6409	652.495	652.495
12.6528	651.939	651.939
12.6648	651.383	651.383
12.6767	650.828	650.828
12.6886	650.273	650.273
12.7006	649.718	649.718
12.7125	649.163	649.163
12.7244	648.609	648.608
12.7364	648.054	648.054
12.7483	647.5	647.5
12.7602	646.946	646.946
12.7722	646.392	646.392
12.7841	645.839	645.839
12.7961	645.286	645.286
12.808	644.733	644.733
12.8199	644.18	644.18
12.8319	643.628	643.627
12.8438	643.075	643.075
12.8557	642.523	642.523
12.8677	641.971	641.971
12.8796	641.42	641.42
12.8916	640.869	640.869
12.9035	640.318	640.318
12.9154	639.767	639.767
12.9274	639.217	639.216
12.9393	638.666	638.666
12.9512	638.116	638.116
12.9632	637.567	637.567
12.9751	637.017	637.017
12.987	636.468	636.468
12.999	635.92	635.919
13.0109	635.371	635.371
13.0229	634.823	634.823
13.0348	634.275	634.275
13.0467	633.727	633.727
13.0587	633.18	633.18
13.0706	632.633	632.633
13.0825	632.086	632.086
13.0945	631.54	631.54
13.1064	630.994	630.994
13.1183	630.448	630.448
13.1303	629.903	629.903
13.1422	629.358	629.358
13.1542	628.813	628.813
13.1661	628.269	628.268
13.178	627.725	627.724
13.19	627.181	627.181
13.2019	626.637	626.637
13.2138	626.094	626.094
13.2258	625.552	625.551
13.2377	625.009	625.009
13.2496	624.467	624.467
13.2616	623.925	623.925
13.2735	623.384	623.384
13.2855	622.843	622.843
13.2974	622.302	622.302
13.3093	621.762	621.762
13.3213	621.222	621.222
13.3332	620.683	620.682
13.3451	620.143	620.143
13.3571	619.605	619.604
13.369	619.066	619.066
13.381	618.528	618.528
13.3929	617.991	617.99
13.4048	617.453	617.453
13.4168	616.916	616.916
13.4287	616.38	616.38
13.4406	615.844	615.843
13.4526	615.308	615.308
13.4645	614.773	614.772
13.4764	614.238	614.237
13.4884	613.703	613.703
13.5003	613.169	613.169
13.5123	612.635	612.635
13.5242	612.102	612.101
13.5361	611.569	611.568
13.5481	611.036	611.036
13.56	610.504	610.504
13.5719	609.972	609.972
13.5839	609.441	609.441
13.5958	608.91	608.91
13.6077	608.38	608.379
13.6197	607.849	607.849
13.6316	607.32	607.32
13.6436	606.791	606.79
13.6555	606.262	606.262
13.6674	605.733	605.733
13.6794	605.205	605.205
13.6913	604.678	604.678
13.7032	604.151	604.151
13.7152	603.624	603.624
13.7271	603.098	603.098
13.7391	602.572	602.572
13.751	602.047	602.047
13.7629	601.522	601.522
13.7749	600.998	600.997
13.7868	600.474	600.473
13.7987	599.95	599.95
13.8107	599.427	599.427
13.8226	598.904	598.904
13.8345	598.382	598.382
13.8465	597.86	597.86
13.8584	597.339	597.339
13.8704	596.818	596.818
13.8823	596.298	596.298
13.8942	595.778	595.778
13.9062	595.258	595.258
13.9181	594.739	594.739
13.93	594.221	594.221
13.942	593.703	593.703
13.9539	593.185	593.185
13.9658	592.668	592.668
13.9778	592.151	592.151
13.9897	591.635	591.635
14.0017	591.119	591.119
14.0136	590.604	590.604
14.0255	590.089	590.089
14.0375	589.575	589.575
14.0494	589.061	589.061
14.0613	588.548	588.548
14.0733	588.035	588.035
14.0852	587.523	587.522
14.0971	587.011	587.011
14.1091	586.499	586.499
14.121	585.988	585.988
14.133	585.478	585.478
14.1449	584.968	584.968
14.1568	584.459	584.458
14.1688	583.95	583.949
14.1807	583.441	583.441
14.1926	582.933	582.933
14.2046	582.426	582.425
14.2165	581.918	581.918
14.2285	581.412	581.412
14.2404	580.906	580.906
14.2523	580.4	580.4
14.2643	579.895	579.895
14.2762	579.391	579.391
14.2881	578.887	578.887
14.3001	578.383	578.383
14.312	577.88	577.88
14.3239	577.378	577.377
14.3359	576.876	576.875
14.3478	576.374	576.374
14.3598	575.873	575.873
14.3717	575.373	575.372
14.3836	574.873	574.872
14.3956	574.373	574.373
14.4075	573.874	573.874
14.4194	573.376	573.375
14.4314	572.878	572.877
14.4433	572.38	572.38
14.4552	571.883	571.883
14.4672	571.387	571.386
14.4791	570.891	570.891
14.4911	570.395	570.395
14.503	569.9	569.9
14.5149	569.406	569.406
14.5269	568.912	568.912
14.5388	568.419	568.419
14.5507	567.926	567.926
14.5627	567.434	567.433
14.5746	566.942	566.942
14.5866	566.451	566.45
14.5985	565.96	565.959
14.6104	565.469	565.469
14.6224	564.98	564.98
14.6343	564.491	564.49
14.6462	564.002	564.002
14.6582	563.514	563.513
14.6701	563.026	563.026
14.682	562.539	562.539
14.694	562.052	562.052
14.7059	561.566	561.566
14.7179	561.081	561.08
14.7298	560.596	560.595
14.7417	560.111	560.111
14.7537	559.627	559.627
14.7656	559.144	559.143
14.7775	558.661	558.66
14.7895	558.178	558.178
14.8014	557.696	557.696
14.8133	557.215	557.215
14.8253	556.734	556.734
14.8372	556.254	556.254
14.8492	555.774	555.774
14.8611	555.295	555.295
14.873	554.816	554.816
14.885	554.338	554.338
14.8969	553.86	553.86
14.9088	553.383	553.383
14.9208	552.907	552.906
14.9327	552.431	552.43
14.9446	551.955	551.955
14.9566	551.48	551.48
14.9685	551.005	551.005
14.9805	550.532	550.531
14.9924	550.058	550.058
15.0043	549.585	549.585
15.0163	549.113	549.113
15.0282	548.641	548.641
15.0401	548.17	548.169
15.0521	547.699	547.699
15.064	547.229	547.228
15.076	546.759	546.759
15.0879	546.29	546.29
15.0998	545.821	545.821
15.1118	545.353	545.353
15.1237	544.886	544.885
15.1356	544.419	544.418
15.1476	543.952	543.952
15.1595	543.486	543.486
15.1714	543.021	543.02
15.1834	542.556	542.555
15.1953	542.091	542.091
15.2073	541.628	541.627
15.2192	541.164	541.164
15.2311	540.701	540.701
15.2431	540.239	540.239
15.255	539.777	539.777
15.2669	539.316	539.316
15.2789	538.856	538.855
15.2908	538.396	538.395
15.3027	537.936	537.936
15.3147	537.477	537.477
15.3266	537.018	537.018
15.3386	536.56	536.56
15.3505	536.103	536.103
15.3624	535.646	535.646
15.3744	535.19	535.189
15.3863	534.734	534.734
15.3982	534.279	534.278
15.4102	533.824	533.823
15.4221	533.369	533.369
15.4341	532.916	532.916
15.446	532.463	532.462
15.4579	532.01	532.01
15.4699	531.558	531.558
15.4818	531.106	531.106
15.4937	530.655	530.655
15.5057	530.205	530.204
15.5176	529.755	529.754
15.5295	529.305	529.305
15.5415	528.856	528.856
15.5534	528.408	528.408
15.5654	527.96	527.96
15.5773	527.513	527.512
15.5892	527.066	527.066
15.6012	526.62	526.619
15.6131	526.174	526.174
15.625	525.729	525.728
15.637	525.284	525.284
15.6489	524.84	524.839
15.6608	524.396	524.396
15.6728	523.953	523.953
15.6847	523.51	523.51
15.6967	523.068	523.068
15.7086	522.627	522.627
15.7205	522.186	522.186
15.7325	521.745	521.745
15.7444	521.306	521.305
15.7563	520.866	520.866
15.7683	520.427	520.427
15.7802	519.989	519.989
15.7921	519.551	519.551
15.8041	519.114	519.114
15.816	518.677	518.677
15.828	518.241	518.241
15.8399	517.805	517.805
15.8518	517.37	517.37
15.8638	516.935	516.935
15.8757	516.501	516.501
15.8876	516.068	516.067
15.8996	515.634	515.634
15.9115	515.202	515.202
15.9235	514.77	514.77
15.9354	514.338	514.338
15.9473	513.907	513.907
15.9593	513.477	513.477
15.9712	513.047	513.047
15.9831	512.618	512.617
15.9951	512.189	512.188
16.007	511.76	511.76
16.0189	511.332	511.332
16.0309	510.905	510.905
16.0428	510.478	510.478
16.0548	510.052	510.052
16.0667	509.626	509.626
16.0786	509.201	509.201
16.0906	508.776	508.776
16.1025	508.352	508.352
16.1144	507.928	507.928
16.1264	507.505	507.505
16.1383	507.083	507.082
16.1502	506.661	506.66
16.1622	506.239	506.239
16.1741	505.818	505.818
16.1861	505.397	505.397
16.198	504.977	504.977
16.2099	504.558	504.557
16.2219	504.139	504.138
16.2338	503.72	503.72
16.2457	503.302	503.302
16.2577	502.885	502.884
16.2696	502.468	502.468
16.2816	502.051	502.051
16.2935	501.635	501.635
16.3054	501.22	501.22
16.3174	500.805	500.805
16.3293	500.391	500.391
16.3412	499.977	499.977
16.3532	499.564	499.563
16.3651	499.151	499.15
16.377	498.738	498.738
16.389	498.327	498.326
16.4009	497.915	497.915
16.4129	497.504	497.504
16.4248	497.094	497.094
16.4367	496.684	496.684
16.4487	496.275	496.275
16.4606	495.866	495.866
16.4725	495.458	495.458
16.4845	495.05	495.05
16.4964	494.643	494.643
16.5083	494.237	494.236
16.5203	493.83	493.83
16.5322	493.425	493.424
16.5442	493.019	493.019
16.5561	492.615	492.615
16.568	492.211	492.21
16.58	491.807	491.807
16.5919	491.404	491.404
16.6038	491.001	491.001
16.6158	490.599	490.599
16.6277	490.197	490.197
16.6396	489.796	489.796
16.6516	489.396	489.395
16.6635	488.995	488.995
16.6755	488.596	488.596
16.6874	488.197	488.196
16.6993	487.798	487.798
16.7113	487.4	487.4
16.7232	487.002	487.002
16.7351	486.605	486.605
16.7471	486.209	486.208
16.759	485.812	485.812
16.771	485.417	485.417
16.7829	485.022	485.022
16.7948	484.627	484.627
16.8068	484.233	484.233
16.8187	483.839	483.839
16.8306	483.446	483.446
16.8426	483.054	483.053
16.8545	482.662	482.661
16.8664	482.27	482.27
16.8784	481.879	481.879
16.8903	481.488	481.488
16.9023	481.098	481.098
16.9142	480.708	480.708
16.9261	480.319	480.319
16.9381	479.931	479.931
16.95	479.543	479.542
16.9619	479.155	479.155
16.9739	478.768	478.768
16.9858	478.381	478.381
16.9977	477.995	477.995
17.0097	477.609	477.609
17.0216	477.224	477.224
17.0336	476.839	476.839
17.0455	476.455	476.455
17.0574	476.072	476.071
17.0694	475.688	475.688
17.0813	475.306	475.305
17.0932	474.923	474.923
17.1052	474.542	474.542
17.1171	474.161	474.16
17.1291	473.78	473.78
17.141	473.4	473.399
17.1529	473.02	473.02
17.1649	472.64	472.64
17.1768	472.262	472.261
17.1887	471.883	471.883
17.2007	471.506	471.505
17.2126	471.128	471.128
17.2245	470.751	470.751
17.2365	470.375	470.375
17.2484	469.999	469.999
17.2604	469.624	469.624
17.2723	469.249	469.249
17.2842	468.875	468.874
17.2962	468.501	468.5
17.3081	468.127	468.127
17.32	467.754	467.754
17.332	467.382	467.382
17.3439	467.01	467.01
17.3558	466.638	466.638
17.3678	466.267	466.267
17.3797	465.897	465.897
17.3917	465.527	465.527
17.4036	465.157	465.157
17.4155	464.788	464.788
17.4275	464.42	464.419
17.4394	464.051	464.051
17.4513	463.684	463.684
17.4633	463.317	463.316
17.4752	462.95	462.95
17.4871	462.584	462.584
17.4991	462.218	462.218
17.511	461.853	461.853
17.523	461.488	461.488
17.5349	461.124	461.124
17.5468	460.76	460.76
17.5588	460.397	460.397
17.5707	460.034	460.034
17.5826	459.672	459.671
17.5946	459.31	459.31
17.6065	458.948	458.948
17.6185	458.587	458.587
17.6304	458.227	458.227
17.6423	457.867	457.867
17.6543	457.508	457.507
17.6662	457.149	457.148
17.6781	456.79	456.79
17.6901	456.432	456.432
17.702	456.074	456.074
17.7139	455.717	455.717
17.7259	455.361	455.36
17.7378	455.004	455.004
17.7498	454.649	454.648
17.7617	454.294	454.293
17.7736	453.939	453.939
17.7856	453.584	453.584
17.7975	453.231	453.23
17.8094	452.877	452.877
17.8214	452.525	452.524
17.8333	452.172	452.172
17.8452	451.82	451.82
17.8572	451.469	451.469
17.8691	451.118	451.118
17.8811	450.767	450.767
17.893	450.417	450.417
17.9049	450.068	450.068
17.9169	449.719	449.718
17.9288	449.37	449.37
17.9407	449.022	449.022
17.9527	448.674	448.674
17.9646	448.327	448.327
17.9766	447.98	447.98
17.9885	447.634	447.634
18.0004	447.288	447.288
18.0124	446.943	446.943
18.0243	446.598	446.598
18.0362	446.254	446.253
18.0482	445.91	445.909
18.0601	445.566	445.566
18.072	445.223	445.223
18.084	444.881	444.88
18.0959	444.539	444.538
18.1079	444.197	444.197
18.1198	443.856	443.856
18.1317	443.515	443.515
18.1437	443.175	443.175
18.1556	442.835	442.835
18.1675	442.496	442.496
18.1795	442.157	442.157
18.1914	441.819	441.819
18.2033	441.481	441.481
18.2153	441.144	441.143
18.2272	440.807	440.806
18.2392	440.47	440.47
18.2511	440.134	440.134
18.263	439.798	439.798
18.275	439.463	439.463
18.2869	439.129	439.128
18.2988	438.794	438.794
18.3108	438.461	438.461
18.3227	438.128	438.127
18.3346	437.795	437.794
18.3466	437.462	437.462
18.3585	437.13	437.13
18.3705	436.799	436.799
18.3824	436.468	436.468
18.3943	436.138	436.137
18.4063	435.808	435.807
18.4182	435.478	435.478
18.4301	435.149	435.149
18.4421	434.82	434.82
18.454	434.492	434.492
18.466	434.164	434.164
18.4779	433.837	433.837
18.4898	433.51	433.51
18.5018	433.184	433.184
18.5137	432.858	432.858
18.5256	432.532	432.532
18.5376	432.207	432.207
18.5495	431.883	431.883
18.5614	431.559	431.558
18.5734	431.235	431.235
18.5853	430.912	430.912
18.5973	430.589	430.589
18.6092	430.267	430.267
18.6211	429.945	429.945
18.6331	429.624	429.623
18.645	429.303	429.303
18.6569	428.982	428.982
18.6689	428.662	428.662
18.6808	428.343	428.343
18.6927	428.024	428.024
18.7047	427.705	427.705
18.7166	427.387	427.387
18.7286	427.069	427.069
18.7405	426.752	426.752
18.7524	426.435	426.435
18.7644	426.119	426.119
18.7763	425.803	425.803
18.7882	425.487	425.487
18.8002	425.172	425.172
18.8121	424.858	424.858
18.8241	424.544	424.543
18.836	424.23	424.23
18.8479	423.917	423.917
18.8599	423.604	423.604
18.8718	423.292	423.292
18.8837	422.98	422.98
18.8957	422.668	422.668
18.9076	422.358	422.357
18.9195	422.047	422.047
18.9315	421.737	421.737
18.9434	421.427	421.427
18.9554	421.118	421.118
18.9673	420.809	420.809
18.9792	420.501	420.501
18.9912	420.193	420.193
19.0031	419.886	419.886
19.015	419.579	419.579
19.027	419.273	419.272
19.0389	418.967	418.966
19.0508	418.661	418.661
19.0628	418.356	418.356
19.0747	418.051	418.051
19.0867	417.747	417.747
19.0986	417.443	417.443
19.1105	417.14	417.14
19.1225	416.837	416.837
19.1344	416.535	416.534
19.1463	416.233	416.232
19.1583	415.931	415.931
19.1702	415.63	415.63
19.1821	415.329	415.329
19.1941	415.029	415.029
19.206	414.729	414.729
19.218	414.43	414.43
19.2299	414.131	414.131
19.2418	413.833	413.832
19.2538	413.535	413.534
19.2657	413.237	413.237
19.2776	412.94	412.94
19.2896	412.643	412.643
19.3015	412.347	412.347
19.3135	412.051	412.051
19.3254	411.756	411.756
19.3373	411.461	411.461
19.3493	411.167	411.166
19.3612	410.873	410.872
19.3731	410.579	410.579
19.3851	410.286	410.286
19.397	409.993	409.993
19.4089	409.701	409.701
19.4209	409.409	409.409
19.4328	409.118	409.118
19.4448	408.827	408.827
19.4567	408.536	408.536
19.4686	408.246	408.246
19.4806	407.957	407.957
19.4925	407.668	407.667
19.5044	407.379	407.379
19.5164	407.091	407.09
19.5283	406.803	406.803
19.5402	406.515	406.515
19.5522	406.228	406.228
19.5641	405.942	405.942
19.5761	405.656	405.656
19.588	405.37	405.37
19.5999	405.085	405.085
19.6119	404.8	404.8
19.6238	404.516	404.516
19.6357	404.232	404.232
19.6477	403.949	403.948
19.6596	403.666	403.665
19.6716	403.383	403.383
19.6835	403.101	403.101
19.6954	402.819	402.819
19.7074	402.538	402.538
19.7193	402.257	402.257
19.7312	401.977	401.976
19.7432	401.697	401.696
19.7551	401.417	401.417
19.767	401.138	401.138
19.779	400.859	400.859
19.7909	400.581	400.581
19.8029	400.303	400.303
19.8148	400.026	400.026
19.8267	399.749	399.749
19.8387	399.473	399.473
19.8506	399.197	399.196
19.8625	398.921	398.921
19.8745	398.646	398.646
19.8864	398.371	398.371
19.8983	398.097	398.097
19.9103	397.823	397.823
19.9222	397.55	397.549
19.9342	397.277	397.276
19.9461	397.004	397.004
19.958	396.732	396.732
19.97	396.46	396.46
19.9819	396.189	396.189
19.9938	395.918	395.918
20.0058	395.648	395.647
20.0177	395.378	395.377
20.0296	395.108	395.108
20.0416	394.839	394.839
20.0535	394.57	394.57
20.0655	394.302	394.302
20.0774	394.034	394.034
20.0893	393.767	393.767
20.1013	393.5	393.5
20.1132	393.233	393.233
20.1251	392.967	392.967
20.1371	392.701	392.701
20.149	392.436	392.436
20.161	392.171	392.171
20.1729	391.907	391.907
20.1848	391.643	391.643
20.1968	391.38	391.379
20.2087	391.116	391.116
20.2206	390.854	390.854
20.2326	390.592	390.591
20.2445	390.33	390.33
20.2564	390.068	390.068
20.2684	389.807	389.807
20.2803	389.547	389.547
20.2923	389.287	389.287
20.3042	389.027	389.027
20.3161	388.768	388.768
20.3281	388.509	388.509
20.34	388.251	388.25
20.3519	387.993	387.992
20.3639	387.735	387.735
20.3758	387.478	387.478
20.3877	387.221	387.221
20.3997	386.965	386.965
20.4116	386.709	386.709
20.4236	386.454	386.454
20.4355	386.199	386.199
20.4474	385.944	385.944
20.4594	385.69	385.69
20.4713	385.436	385.436
20.4832	385.183	385.183
20.4952	384.93	384.93
20.5071	384.678	384.678
20.5191	384.426	384.426
20.531	384.174	384.174
20.5429	383.923	383.923
20.5549	383.672	383.672
20.5668	383.422	383.422
20.5787	383.172	383.172
20.5907	382.923	382.922
20.6026	382.674	382.673
20.6145	382.425	382.425
20.6265	382.177	382.177
20.6384	381.929	381.929
20.6504	381.682	381.681
20.6623	381.435	381.435
20.6742	381.188	381.188
20.6862	380.942	380.942
20.6981	380.696	380.696
20.71	380.451	380.451
20.722	380.206	380.206
20.7339	379.962	379.962
20.7458	379.718	379.718
20.7578	379.474	379.474
20.7697	379.231	379.231
20.7817	378.988	378.988
20.7936	378.746	378.746
20.8055	378.504	378.504
20.8175	378.263	378.263
20.8294	378.022	378.022
20.8413	377.781	377.781
20.8533	377.541	377.541
20.8652	377.301	377.301
20.8771	377.062	377.062
20.8891	376.823	376.823
20.901	376.584	376.584
20.913	376.346	376.346
20.9249	376.108	376.108
20.9368	375.871	375.871
20.9488	375.634	375.634
20.9607	375.398	375.398
20.9726	375.162	375.161
20.9846	374.926	374.926
20.9965	374.691	374.691
21.0085	374.456	374.456
21.0204	374.222	374.222
21.0323	373.988	373.988
21.0443	373.754	373.754
21.0562	373.521	373.521
21.0681	373.288	373.288
21.0801	373.056	373.056
21.092	372.824	372.824
21.1039	372.593	372.593
21.1159	372.362	372.361
21.1278	372.131	372.131
21.1398	371.901	371.901
21.1517	371.671	371.671
21.1636	371.442	371.441
21.1756	371.213	371.212
21.1875	370.984	370.984
21.1994	370.756	370.756
21.2114	370.528	370.528
21.2233	370.301	370.301
21.2352	370.074	370.074
21.2472	369.847	369.847
21.2591	369.621	369.621
21.2711	369.396	369.395
21.283	369.17	369.17
21.2949	368.945	368.945
21.3069	368.721	368.721
21.3188	368.497	368.497
21.3307	368.273	368.273
21.3427	368.05	368.05
21.3546	367.827	367.827
21.3666	367.605	367.605
21.3785	367.383	367.383
21.3904	367.161	367.161
21.4024	366.94	366.94
21.4143	366.72	366.719
21.4262	366.499	366.499
21.4382	366.279	366.279
21.4501	366.06	366.06
21.462	365.841	365.84
21.474	365.622	365.622
21.4859	365.404	365.403
21.4979	365.186	365.186
21.5098	364.968	364.968
21.5217	364.751	364.751
21.5337	364.535	364.534
21.5456	364.318	364.318
21.5575	364.102	364.102
21.5695	363.887	363.887
21.5814	363.672	363.672
21.5933	363.457	363.457
21.6053	363.243	363.243
21.6172	363.029	363.029
21.6292	362.816	362.816
21.6411	362.603	362.603
21.653	362.39	362.39
21.665	362.178	362.178
21.6769	361.966	361.966
21.6888	361.755	361.755
21.7008	361.544	361.544
21.7127	361.333	361.333
21.7246	361.123	361.123
21.7366	360.913	360.913
21.7485	360.704	360.704
21.7605	360.495	360.495
21.7724	360.287	360.286
21.7843	360.079	360.078
21.7963	359.871	359.871
21.8082	359.663	359.663
21.8201	359.456	359.456
21.8321	359.25	359.25
21.844	359.044	359.044
21.856	358.838	358.838
21.8679	358.633	358.633
21.8798	358.428	358.428
21.8918	358.223	358.223
21.9037	358.019	358.019
21.9156	357.816	357.815
21.9276	357.612	357.612
21.9395	357.409	357.409
21.9514	357.207	357.207
21.9634	357.005	357.005
21.9753	356.803	356.803
21.9873	356.602	356.601
21.9992	356.401	356.401
22.0111	356.2	356.2
22.0231	356	356
22.035	355.8	355.8
22.0469	355.601	355.601
22.0589	355.402	355.402
22.0708	355.204	355.204
22.0827	355.006	355.005
22.0947	354.808	354.808
22.1066	354.611	354.61
22.1186	354.414	354.413
22.1305	354.217	354.217
22.1424	354.021	354.021
22.1544	353.825	353.825
22.1663	353.63	353.63
22.1782	353.435	353.435
22.1902	353.24	353.24
22.2021	353.046	353.046
22.2141	352.853	352.852
22.226	352.659	352.659
22.2379	352.466	352.466
22.2499	352.274	352.274
22.2618	352.082	352.081
22.2737	351.89	351.89
22.2857	351.698	351.698
22.2976	351.507	351.507
22.3095	351.317	351.317
22.3215	351.127	351.127
22.3334	350.937	350.937
22.3454	350.748	350.747
22.3573	350.559	350.558
22.3692	350.37	350.37
22.3812	350.182	350.182
22.3931	349.994	349.994
22.405	349.806	349.806
22.417	349.619	349.619
22.4289	349.433	349.433
22.4408	349.247	349.246
22.4528	349.061	349.06
22.4647	348.875	348.875
22.4767	348.69	348.69
22.4886	348.505	348.505
22.5005	348.321	348.321
22.5125	348.137	348.137
22.5244	347.954	347.954
22.5363	347.771	347.77
22.5483	347.588	347.588
22.5602	347.406	347.405
22.5721	347.224	347.223
22.5841	347.042	347.042
22.596	346.861	346.861
22.608	346.68	346.68
22.6199	346.5	346.5
22.6318	346.32	346.32
22.6438	346.14	346.14
22.6557	345.961	345.961
22.6676	345.782	345.782
22.6796	345.604	345.603
22.6915	345.425	345.425
22.7035	345.248	345.248
22.7154	345.071	345.07
22.7273	344.894	344.893
22.7393	344.717	344.717
22.7512	344.541	344.541
22.7631	344.365	344.365
22.7751	344.19	344.19
22.787	344.015	344.015
22.7989	343.84	343.84
22.8109	343.666	343.666
22.8228	343.492	343.492
22.8348	343.319	343.319
22.8467	343.146	343.146
22.8586	342.973	342.973
22.8706	342.801	342.801
22.8825	342.629	342.629
22.8944	342.457	342.457
22.9064	342.286	342.286
22.9183	342.116	342.115
22.9302	341.945	341.945
22.9422	341.775	341.775
22.9541	341.606	341.606
22.9661	341.436	341.436
22.978	341.268	341.267
22.9899	341.099	341.099
23.0019	340.931	340.931
23.0138	340.763	340.763
23.0257	340.596	340.596
23.0377	340.429	340.429
23.0496	340.263	340.263
23.0616	340.097	340.096
23.0735	339.931	339.931
23.0854	339.765	339.765
23.0974	339.6	339.6
23.1093	339.436	339.436
23.1212	339.271	339.271
23.1332	339.108	339.107
23.1451	338.944	338.944
23.157	338.781	338.781
23.169	338.618	338.618
23.1809	338.456	338.456
23.1929	338.294	338.294
23.2048	338.132	338.132
23.2167	337.971	337.971
23.2287	337.81	337.81
23.2406	337.65	337.649
23.2525	337.489	337.489
23.2645	337.33	337.33
23.2764	337.17	337.17
23.2883	337.011	337.011
23.3003	336.853	336.853
23.3122	336.695	336.694
23.3242	336.537	336.537
23.3361	336.379	336.379
23.348	336.222	336.222
23.36	336.065	336.065
23.3719	335.909	335.909
23.3838	335.753	335.753
23.3958	335.597	335.597
23.4077	335.442	335.442
23.4196	335.287	335.287
23.4316	335.133	335.133
23.4435	334.979	334.978
23.4555	334.825	334.825
23.4674	334.671	334.671
23.4793	334.518	334.518
23.4913	334.366	334.366
23.5032	334.214	334.213
23.5151	334.062	334.062
23.5271	333.91	333.91
23.539	333.759	333.759
23.551	333.608	333.608
23.5629	333.458	333.458
23.5748	333.308	333.308
23.5868	333.158	333.158
23.5987	333.009	333.009
23.6106	332.86	332.86
23.6226	332.712	332.712
23.6345	332.564	332.564
23.6464	332.417	332.417
23.6584	332.27	332.27
23.6703	332.125	332.124
23.6823	331.98	331.98
23.6942	331.837	331.836
23.7061	331.696	331.695
23.7181	331.557	331.555
23.73	331.42	331.419
23.7419	331.288	331.286
23.7539	331.16	331.158
23.7658	331.039	331.036
23.7777	330.924	330.921
23.7897	330.818	330.814
23.8016	330.722	330.718
23.8136	330.638	330.633
23.8255	330.567	330.561
23.8374	330.509	330.504
23.8494	330.468	330.461
23.8613	330.442	330.436
23.8732	330.434	330.427
