0	873	873
0.0119366	873	873
0.0238732	873	873
0.0358099	873	873
0.0477465	873	873
0.0596831	873	873
0.0716197	873	873
0.0835563	873	873
0.095493	873	873
0.10743	873	873
0.119366	873	873
0.131303	873	873
0.143239	873	873
0.155176	873	873
0.167113	873	873
0.179049	873	873
0.190986	873	873
0.202923	873	873
0.214859	873	873
0.226796	873	873
0.238732	873	873
0.250669	873	873
0.262606	873	873
0.274542	873	873
0.286479	873	873
0.298416	873	873
0.310352	873	873
0.322289	873	873
0.334225	873	873
0.346162	873	873
0.358099	873	873
0.370035	873	873
0.381972	873	873
0.393908	873	873
0.405845	873	873
0.417782	873	873
0.429718	873	873
0.441655	873	873
0.453592	873	873
0.465528	873	873
0.477465	873	873
0.489401	873	873
0.501338	873	873
0.513275	873	873
0.525211	873	873
0.537148	873	873
0.549085	873	873
0.561021	873	873
0.572958	873	873
0.584894	873	873
0.596831	873	873
0.608768	873	873
0.620704	873	873
0.632641	873	873
0.644578	873	873
0.656514	873	873
0.668451	873	873
0.680387	873	873
0.692324	873	873
0.704261	873	873
0.716197	873	873
0.728134	873	873
0.74007	873	873
0.752007	872.999	872.999
0.763944	872.999	872.999
0.77588	872.999	872.999
0.787817	872.999	872.999
0.799754	872.999	872.999
0.81169	872.999	872.999
0.823627	872.999	872.999
0.835563	872.999	872.999
0.8475	872.999	872.999
0.859437	872.999	872.999
0.871373	872.999	872.999
0.88331	872.999	872.999
0.895247	872.999	872.999
0.907183	872.999	872.999
0.91912	872.999	872.999
0.931056	872.999	872.999
0.942993	872.999	872.999
0.95493	872.999	872.999
0.966866	872.999	872.999
0.978803	872.999	872.999
0.99074	872.999	872.999
1.00268	872.999	872.999
1.01461	872.999	872.999
1.02655	872.999	872.999
1.03849	872.999	872.999
1.05042	872.999	872.999
1.06236	872.998	872.998
1.0743	872.998	872.998
1.08623	872.998	872.998
1.09817	872.998	872.998
1.11011	872.998	872.998
1.12204	872.998	872.998
1.13398	872.998	872.998
1.14592	872.998	872.998
1.15785	872.998	872.998
1.16979	872.998	872.998
1.18173	872.998	872.998
1.19366	872.998	872.998
1.2056	872.998	872.998
1.21754	872.998	872.998
1.22947	872.997	872.997
1.24141	872.997	872.997
1.25335	872.997	872.997
1.26528	872.997	872.997
1.27722	872.997	872.997
1.28916	872.997	872.997
1.30109	872.997	872.997
1.31303	872.997	872.997
1.32496	872.997	872.997
1.3369	872.996	872.996
1.34884	872.996	872.996
1.36077	872.996	872.996
1.37271	872.996	872.996
1.38465	872.996	872.996
1.39658	872.996	872.996
1.40852	872.996	872.996
1.42046	872.995	872.995
1.43239	872.995	872.995
1.44433	872.995	872.995
1.45627	872.995	872.995
1.4682	872.995	872.995
1.48014	872.995	872.995
1.49208	872.994	872.994
1.50401	872.994	872.994
1.51595	872.994	872.994
1.52789	872.994	872.994
1.53982	872.994	872.994
1.55176	872.994	872.994
1.5637	872.993	872.993
1.57563	872.993	872.993
1.58757	872.993	872.993
1.59951	872.993	872.993
1.61144	872.992	872.992
1.62338	872.992	872.992
1.63532	872.992	872.992
1.64725	872.992	872.992
1.65919	872.991	872.991
1.67113	872.991	872.991
1.68306	872.991	872.991
1.695	872.991	872.991
1.70694	872.99	872.99
1.71887	872.99	872.99
1.73081	872.99	872.99
1.74275	872.989	872.989
1.75468	872.989	872.989
1.76662	872.989	872.989
1.77856	872.988	872.988
1.79049	872.988	872.988
1.80243	872.988	872.988
1.81437	872.987	872.987
1.8263	872.987	872.987
1.83824	872.987	872.987
1.85018	872.986	872.986
1.86211	872.986	872.986
1.87405	872.985	872.985
1.88599	872.985	872.985
1.89792	872.985	872.985
1.90986	872.984	872.984
1.9218	872.984	872.984
1.93373	872.983	872.983
1.94567	872.983	872.983
1.95761	872.982	872.982
1.96954	872.982	872.982
1.98148	872.981	872.981
1.99342	872.981	872.981
2.00535	872.98	872.98
2.01729	872.98	872.98
2.02923	872.979	872.979
2.04116	872.978	872.978
2.0531	872.978	872.978
2.06504	872.977	872.977
2.07697	872.977	872.977
2.08891	872.976	872.976
2.10085	872.975	872.975
2.11278	872.975	872.975
2.12472	872.974	872.974
2.13666	872.973	872.973
2.14859	872.973	872.973
2.16053	872.972	872.972
2.17246	872.971	872.971
2.1844	872.97	872.97
2.19634	872.97	872.97
2.20827	872.969	872.969
2.22021	872.968	872.968
2.23215	872.967	872.967
2.24408	872.966	872.966
2.25602	872.965	872.965
2.26796	872.964	872.964
2.27989	872.964	872.964
2.29183	872.963	872.963
2.30377	872.962	872.962
2.3157	872.961	872.961
2.32764	872.96	872.96
2.33958	872.959	872.959
2.35151	872.958	872.958
2.36345	872.957	872.957
2.37539	872.956	872.956
2.38732	872.954	872.954
2.39926	872.953	872.953
2.4112	872.952	872.952
2.42313	872.951	872.951
2.43507	872.95	872.95
2.44701	872.949	872.949
2.45894	872.947	872.947
2.47088	872.946	872.946
2.48282	872.945	872.945
2.49475	872.943	872.943
2.50669	872.942	872.942
2.51863	872.941	872.941
2.53056	872.939	872.939
2.5425	872.938	872.938
2.55444	872.936	872.936
2.56637	872.935	872.935
2.57831	872.933	872.933
2.59025	872.932	872.932
2.60218	872.93	872.93
2.61412	872.928	872.929
2.62606	872.927	872.927
2.63799	872.925	872.925
2.64993	872.923	872.923
2.66187	872.922	872.922
2.6738	872.92	872.92
2.68574	872.918	872.918
2.69768	872.916	872.916
2.70961	872.914	872.914
2.72155	872.912	872.912
2.73349	872.91	872.91
2.74542	872.908	872.908
2.75736	872.906	872.906
2.7693	872.904	872.904
2.78123	872.902	872.902
2.79317	872.9	872.9
2.80511	872.898	872.898
2.81704	872.895	872.895
2.82898	872.893	872.893
2.84092	872.891	872.891
2.85285	872.888	872.888
2.86479	872.886	872.886
2.87673	872.883	872.883
2.88866	872.881	872.881
2.9006	872.878	872.878
2.91254	872.876	872.876
2.92447	872.873	872.873
2.93641	872.87	872.87
2.94835	872.868	872.868
2.96028	872.865	872.865
2.97222	872.862	872.862
2.98416	872.859	872.859
2.99609	872.856	872.856
3.00803	872.853	872.853
3.01997	872.85	872.85
3.0319	872.847	872.847
3.04384	872.844	872.844
3.05577	872.84	872.84
3.06771	872.837	872.837
3.07965	872.834	872.834
3.09158	872.83	872.83
3.10352	872.827	872.827
3.11546	872.823	872.823
3.12739	872.82	872.82
3.13933	872.816	872.816
3.15127	872.812	872.812
3.1632	872.808	872.809
3.17514	872.805	872.805
3.18708	872.801	872.801
3.19901	872.797	872.797
3.21095	872.793	872.793
3.22289	872.789	872.789
3.23482	872.784	872.784
3.24676	872.78	872.78
3.2587	872.776	872.776
3.27063	872.771	872.771
3.28257	872.767	872.767
3.29451	872.762	872.762
3.30644	872.758	872.758
3.31838	872.753	872.753
3.33032	872.748	872.748
3.34225	872.743	872.743
3.35419	872.738	872.738
3.36613	872.733	872.733
3.37806	872.728	872.728
3.39	872.723	872.723
3.40194	872.718	872.718
3.41387	872.712	872.712
3.42581	872.707	872.707
3.43775	872.701	872.701
3.44968	872.696	872.696
3.46162	872.69	872.69
3.47356	872.684	872.684
3.48549	872.678	872.678
3.49743	872.672	872.672
3.50937	872.666	872.666
3.5213	872.66	872.66
3.53324	872.654	872.654
3.54518	872.647	872.647
3.55711	872.641	872.641
3.56905	872.634	872.634
3.58099	872.627	872.627
3.59292	872.621	872.621
3.60486	872.614	872.614
3.6168	872.607	872.607
3.62873	872.6	872.6
3.64067	872.592	872.592
3.65261	872.585	872.585
3.66454	872.577	872.578
3.67648	872.57	872.57
3.68842	872.562	872.562
3.70035	872.554	872.554
3.71229	872.547	872.547
3.72423	872.539	872.539
3.73616	872.53	872.53
3.7481	872.522	872.522
3.76004	872.514	872.514
3.77197	872.505	872.505
3.78391	872.497	872.497
3.79585	872.488	872.488
3.80778	872.479	872.479
3.81972	872.47	872.47
3.83166	872.461	872.461
3.84359	872.451	872.451
3.85553	872.442	872.442
3.86747	872.432	872.432
3.8794	872.423	872.423
3.89134	872.413	872.413
3.90327	872.403	872.403
3.91521	872.393	872.393
3.92715	872.382	872.382
3.93908	872.372	872.372
3.95102	872.361	872.361
3.96296	872.351	872.351
3.97489	872.34	872.34
3.98683	872.329	872.329
3.99877	872.318	872.318
4.0107	872.306	872.306
4.02264	872.295	872.295
4.03458	872.283	872.283
4.04651	872.271	872.271
4.05845	872.259	872.259
4.07039	872.247	872.247
4.08232	872.235	872.235
4.09426	872.222	872.223
4.1062	872.21	872.21
4.11813	872.197	872.197
4.13007	872.184	872.184
4.14201	872.171	872.171
4.15394	872.157	872.158
4.16588	872.144	872.144
4.17782	872.13	872.13
4.18975	872.116	872.116
4.20169	872.102	872.102
4.21363	872.088	872.088
4.22556	872.074	872.074
4.2375	872.059	872.059
4.24944	872.044	872.044
4.26137	872.029	872.029
4.27331	872.014	872.014
4.28525	871.998	871.999
4.29718	871.983	871.983
4.30912	871.967	871.967
4.32106	871.951	871.951
4.33299	871.935	871.935
4.34493	871.918	871.918
4.35687	871.902	871.902
4.3688	871.885	871.885
4.38074	871.868	871.868
4.39268	871.85	871.85
4.40461	871.833	871.833
4.41655	871.815	871.815
4.42849	871.797	871.797
4.44042	871.779	871.779
4.45236	871.76	871.761
4.4643	871.742	871.742
4.47623	871.723	871.723
4.48817	871.704	871.704
4.50011	871.684	871.684
4.51204	871.665	871.665
4.52398	871.645	871.645
4.53592	871.625	871.625
4.54785	871.605	871.605
4.55979	871.584	871.584
4.57173	871.563	871.563
4.58366	871.542	871.542
4.5956	871.521	871.521
4.60754	871.499	871.499
4.61947	871.477	871.477
4.63141	871.455	871.455
4.64335	871.433	871.433
4.65528	871.41	871.41
4.66722	871.387	871.387
4.67916	871.364	871.364
4.69109	871.34	871.341
4.70303	871.317	871.317
4.71497	871.293	871.293
4.7269	871.268	871.268
4.73884	871.244	871.244
4.75078	871.219	871.219
4.76271	871.194	871.194
4.77465	871.168	871.168
4.78658	871.142	871.143
4.79852	871.116	871.116
4.81046	871.09	871.09
4.82239	871.063	871.063
4.83433	871.036	871.036
4.84627	871.009	871.009
4.8582	870.982	870.982
4.87014	870.954	870.954
4.88208	870.925	870.926
4.89401	870.897	870.897
4.90595	870.868	870.868
4.91789	870.839	870.839
4.92982	870.809	870.809
4.94176	870.779	870.78
4.9537	870.749	870.749
4.96563	870.719	870.719
4.97757	870.688	870.688
4.98951	870.657	870.657
5.00144	870.625	870.625
5.01338	870.593	870.594
5.02532	870.561	870.561
5.03725	870.529	870.529
5.04919	870.496	870.496
5.06113	870.462	870.463
5.07306	870.429	870.429
5.085	870.395	870.395
5.09694	870.361	870.361
5.10887	870.326	870.326
5.12081	870.291	870.291
5.13275	870.255	870.255
5.14468	870.219	870.22
5.15662	870.183	870.183
5.16856	870.147	870.147
5.18049	870.11	870.11
5.19243	870.072	870.072
5.20437	870.034	870.035
5.2163	869.996	869.996
5.22824	869.958	869.958
5.24018	869.919	869.919
5.25211	869.879	869.88
5.26405	869.84	869.84
5.27599	869.799	869.8
5.28792	869.759	869.759
5.29986	869.718	869.718
5.3118	869.676	869.677
5.32373	869.635	869.635
5.33567	869.592	869.592
5.34761	869.55	869.55
5.35954	869.506	869.507
5.37148	869.463	869.463
5.38342	869.419	869.419
5.39535	869.375	869.375
5.40729	869.33	869.33
5.41923	869.284	869.284
5.43116	869.239	869.239
5.4431	869.192	869.193
5.45504	869.146	869.146
5.46697	869.099	869.099
5.47891	869.051	869.051
5.49085	869.003	869.003
5.50278	868.954	868.955
5.51472	868.905	868.906
5.52666	868.856	868.856
5.53859	868.806	868.806
5.55053	868.756	868.756
5.56247	868.705	868.705
5.5744	868.653	868.654
5.58634	868.601	868.602
5.59828	868.549	868.549
5.61021	868.496	868.496
5.62215	868.443	868.443
5.63408	868.389	868.389
5.64602	868.335	868.335
5.65796	868.28	868.28
5.66989	868.224	868.225
5.68183	868.168	868.169
5.69377	868.112	868.112
5.7057	868.055	868.055
5.71764	867.998	867.998
5.72958	867.94	867.94
5.74151	867.881	867.881
5.75345	867.822	867.822
5.76539	867.763	867.763
5.77732	867.702	867.703
5.78926	867.642	867.642
5.8012	867.58	867.581
5.81313	867.519	867.519
5.82507	867.456	867.457
5.83701	867.394	867.394
5.84894	867.33	867.33
5.86088	867.266	867.266
5.87282	867.201	867.202
5.88475	867.136	867.137
5.89669	867.071	867.071
5.90863	867.004	867.005
5.92056	866.937	866.938
5.9325	866.87	866.87
5.94444	866.802	866.802
5.95637	866.733	866.734
5.96831	866.664	866.664
5.98025	866.594	866.594
5.99218	866.524	866.524
6.00412	866.453	866.453
6.01606	866.381	866.381
6.02799	866.309	866.309
6.03993	866.236	866.236
6.05187	866.163	866.163
6.0638	866.089	866.089
6.07574	866.014	866.014
6.08768	865.938	865.939
6.09961	865.863	865.863
6.11155	865.786	865.786
6.12349	865.709	865.709
6.13542	865.631	865.631
6.14736	865.552	865.553
6.1593	865.473	865.473
6.17123	865.393	865.394
6.18317	865.313	865.313
6.19511	865.232	865.232
6.20704	865.15	865.15
6.21898	865.067	865.068
6.23092	864.984	864.985
6.24285	864.901	864.901
6.25479	864.816	864.816
6.26673	864.731	864.731
6.27866	864.645	864.645
6.2906	864.559	864.559
6.30254	864.471	864.472
6.31447	864.384	864.384
6.32641	864.295	864.295
6.33835	864.206	864.206
6.35028	864.116	864.116
6.36222	864.025	864.025
6.37416	863.934	863.934
6.38609	863.842	863.842
6.39803	863.749	863.749
6.40997	863.655	863.656
6.4219	863.561	863.562
6.43384	863.466	863.467
6.44578	863.371	863.371
6.45771	863.274	863.275
6.46965	863.177	863.177
6.48159	863.079	863.08
6.49352	862.981	862.981
6.50546	862.881	862.882
6.51739	862.781	862.782
6.52933	862.68	862.681
6.54127	862.579	862.579
6.5532	862.477	862.477
6.56514	862.373	862.374
6.57708	862.27	862.27
6.58901	862.165	862.165
6.60095	862.06	862.06
6.61289	861.953	861.954
6.62482	861.847	861.847
6.63676	861.739	861.739
6.6487	861.63	861.631
6.66063	861.521	861.521
6.67257	861.411	861.411
6.68451	861.3	861.301
6.69644	861.189	861.189
6.70838	861.076	861.077
6.72032	860.963	860.963
6.73225	860.849	860.849
6.74419	860.734	860.735
6.75613	860.619	860.619
6.76806	860.502	860.502
6.78	860.385	860.385
6.79194	860.267	860.267
6.80387	860.148	860.148
6.81581	860.028	860.029
6.82775	859.908	859.908
6.83968	859.786	859.787
6.85162	859.664	859.665
6.86356	859.541	859.542
6.87549	859.417	859.418
6.88743	859.293	859.293
6.89937	859.167	859.168
6.9113	859.041	859.041
6.92324	858.914	858.914
6.93518	858.786	858.786
6.94711	858.657	858.657
6.95905	858.527	858.527
6.97099	858.396	858.397
6.98292	858.265	858.265
6.99486	858.132	858.133
7.0068	857.999	858
7.01873	857.865	857.865
7.03067	857.73	857.73
7.04261	857.594	857.595
7.05454	857.458	857.458
7.06648	857.32	857.32
7.07842	857.181	857.182
7.09035	857.042	857.042
7.10229	856.902	856.902
7.11423	856.761	856.761
7.12616	856.619	856.619
7.1381	856.476	856.476
7.15004	856.332	856.332
7.16197	856.187	856.188
7.17391	856.042	856.042
7.18585	855.895	855.895
7.19778	855.748	855.748
7.20972	855.599	855.599
7.22166	855.45	855.45
7.23359	855.3	855.3
7.24553	855.149	855.149
7.25747	854.997	854.997
7.2694	854.844	854.844
7.28134	854.69	854.69
7.29328	854.535	854.535
7.30521	854.379	854.379
7.31715	854.222	854.223
7.32909	854.065	854.065
7.34102	853.906	853.907
7.35296	853.747	853.747
7.36489	853.586	853.587
7.37683	853.425	853.425
7.38877	853.263	853.263
7.4007	853.099	853.1
7.41264	852.935	852.936
7.42458	852.77	852.77
7.43651	852.604	852.604
7.44845	852.437	852.437
7.46039	852.269	852.269
7.47232	852.1	852.1
7.48426	851.93	851.93
7.4962	851.759	851.759
7.50813	851.587	851.587
7.52007	851.414	851.414
7.53201	851.24	851.241
7.54394	851.065	851.066
7.55588	850.89	850.89
7.56782	850.713	850.713
7.57975	850.535	850.535
7.59169	850.356	850.357
7.60363	850.177	850.177
7.61556	849.996	849.996
7.6275	849.814	849.815
7.63944	849.632	849.632
7.65137	849.448	849.448
7.66331	849.263	849.264
7.67525	849.078	849.078
7.68718	848.891	848.891
7.69912	848.703	848.704
7.71106	848.515	848.515
7.72299	848.325	848.325
7.73493	848.134	848.135
7.74687	847.943	847.943
7.7588	847.75	847.751
7.77074	847.557	847.557
7.78268	847.362	847.362
7.79461	847.166	847.167
7.80655	846.97	846.97
7.81849	846.772	846.772
7.83042	846.573	846.574
7.84236	846.374	846.374
7.8543	846.173	846.173
7.86623	845.971	845.971
7.87817	845.768	845.769
7.89011	845.565	845.565
7.90204	845.36	845.36
7.91398	845.154	845.154
7.92592	844.947	844.947
7.93785	844.739	844.74
7.94979	844.53	844.531
7.96173	844.32	844.321
7.97366	844.109	844.11
7.9856	843.898	843.898
7.99754	843.685	843.685
8.00947	843.471	843.471
8.02141	843.255	843.256
8.03335	843.039	843.04
8.04528	842.822	842.823
8.05722	842.604	842.604
8.06916	842.385	842.385
8.08109	842.165	842.165
8.09303	841.943	841.944
8.10497	841.721	841.722
8.1169	841.498	841.498
8.12884	841.273	841.274
8.14078	841.048	841.048
8.15271	840.822	840.822
8.16465	840.594	840.594
8.17659	840.366	840.366
8.18852	840.136	840.136
8.20046	839.905	839.906
8.2124	839.674	839.674
8.22433	839.441	839.441
8.23627	839.207	839.208
8.2482	838.973	838.973
8.26014	838.737	838.737
8.27208	838.5	838.5
8.28401	838.262	838.262
8.29595	838.023	838.023
8.30789	837.783	837.783
8.31982	837.542	837.542
8.33176	837.3	837.3
8.3437	837.057	837.057
8.35563	836.812	836.813
8.36757	836.567	836.568
8.37951	836.321	836.321
8.39144	836.074	836.074
8.40338	835.825	835.826
8.41532	835.576	835.576
8.42725	835.325	835.326
8.43919	835.074	835.074
8.45113	834.821	834.822
8.46306	834.568	834.568
8.475	834.313	834.313
8.48694	834.057	834.058
8.49887	833.801	833.801
8.51081	833.543	833.543
8.52275	833.284	833.284
8.53468	833.024	833.025
8.54662	832.763	832.764
8.55856	832.501	832.502
8.57049	832.238	832.239
8.58243	831.974	831.975
8.59437	831.709	831.709
8.6063	831.443	831.443
8.61824	831.176	831.176
8.63018	830.908	830.908
8.64211	830.638	830.639
8.65405	830.368	830.368
8.66599	830.097	830.097
8.67792	829.824	829.825
8.68986	829.551	829.551
8.7018	829.276	829.277
8.71373	829.001	829.001
8.72567	828.724	828.725
8.73761	828.447	828.447
8.74954	828.168	828.168
8.76148	827.888	827.889
8.77342	827.608	827.608
8.78535	827.326	827.326
8.79729	827.043	827.044
8.80923	826.76	826.76
8.82116	826.475	826.475
8.8331	826.189	826.189
8.84504	825.902	825.902
8.85697	825.614	825.615
8.86891	825.325	825.326
8.88085	825.035	825.036
8.89278	824.744	824.745
8.90472	824.452	824.453
8.91666	824.159	824.16
8.92859	823.865	823.866
8.94053	823.57	823.571
8.95247	823.274	823.275
8.9644	822.977	822.978
8.97634	822.679	822.68
8.98828	822.38	822.38
9.00021	822.08	822.08
9.01215	821.779	821.779
9.02409	821.477	821.477
9.03602	821.174	821.174
9.04796	820.869	820.87
9.0599	820.564	820.565
9.07183	820.258	820.258
9.08377	819.951	819.951
9.0957	819.643	819.643
9.10764	819.334	819.334
9.11958	819.023	819.024
9.13151	818.712	818.713
9.14345	818.4	818.401
9.15539	818.087	818.087
9.16732	817.773	817.773
9.17926	817.458	817.458
9.1912	817.142	817.142
9.20313	816.825	816.825
9.21507	816.507	816.507
9.22701	816.188	816.188
9.23894	815.868	815.868
9.25088	815.547	815.547
9.26282	815.225	815.225
9.27475	814.902	814.902
9.28669	814.578	814.578
9.29863	814.253	814.253
9.31056	813.927	813.927
9.3225	813.6	813.601
9.33444	813.272	813.273
9.34637	812.944	812.944
9.35831	812.614	812.614
9.37025	812.283	812.284
9.38218	811.952	811.952
9.39412	811.619	811.62
9.40606	811.286	811.286
9.41799	810.951	810.952
9.42993	810.616	810.616
9.44187	810.28	810.28
9.4538	809.942	809.943
9.46574	809.604	809.604
9.47768	809.265	809.265
9.48961	808.925	808.925
9.50155	808.584	808.584
9.51349	808.242	808.242
9.52542	807.899	807.899
9.53736	807.555	807.556
9.5493	807.211	807.211
9.56123	806.865	806.865
9.57317	806.518	806.519
9.58511	806.171	806.171
9.59704	805.823	805.823
9.60898	805.473	805.474
9.62092	805.123	805.124
9.63285	804.772	804.773
9.64479	804.42	804.421
9.65673	804.067	804.068
9.66866	803.714	803.714
9.6806	803.359	803.359
9.69254	803.003	803.004
9.70447	802.647	802.647
9.71641	802.29	802.29
9.72835	801.932	801.932
9.74028	801.573	801.573
9.75222	801.213	801.213
9.76416	800.852	800.852
9.77609	800.49	800.491
9.78803	800.128	800.128
9.79997	799.764	799.765
9.8119	799.4	799.401
9.82384	799.035	799.035
9.83578	798.669	798.67
9.84771	798.302	798.303
9.85965	797.935	797.935
9.87159	797.566	797.567
9.88352	797.197	797.197
9.89546	796.827	796.827
9.9074	796.456	796.456
9.91933	796.084	796.084
9.93127	795.712	795.712
9.94321	795.338	795.338
9.95514	794.964	794.964
9.96708	794.589	794.589
9.97901	794.213	794.213
9.99095	793.836	793.836
10.0029	793.459	793.459
10.0148	793.08	793.081
10.0268	792.701	792.702
10.0387	792.321	792.322
10.0506	791.941	791.941
10.0626	791.559	791.559
10.0745	791.177	791.177
10.0864	790.794	790.794
10.0984	790.41	790.41
10.1103	790.025	790.026
10.1223	789.64	789.64
10.1342	789.254	789.254
10.1461	788.867	788.867
10.1581	788.479	788.48
10.17	788.091	788.091
10.1819	787.702	787.702
10.1939	787.312	787.312
10.2058	786.921	786.921
10.2177	786.53	786.53
10.2297	786.138	786.138
10.2416	785.745	785.745
10.2536	785.351	785.351
10.2655	784.957	784.957
10.2774	784.562	784.562
10.2894	784.166	784.166
10.3013	783.769	783.77
10.3132	783.372	783.372
10.3252	782.974	782.974
10.3371	782.575	782.576
10.3491	782.176	782.176
10.361	781.776	781.776
10.3729	781.375	781.376
10.3849	780.974	780.974
10.3968	780.572	780.572
10.4087	780.169	780.169
10.4207	779.765	779.766
10.4326	779.361	779.362
10.4445	778.956	778.957
10.4565	778.551	778.551
10.4684	778.145	778.145
10.4804	777.738	777.738
10.4923	777.331	777.331
10.5042	776.922	776.923
10.5162	776.514	776.514
10.5281	776.104	776.104
10.54	775.694	775.694
10.552	775.283	775.284
10.5639	774.872	774.872
10.5758	774.46	774.46
10.5878	774.048	774.048
10.5997	773.634	773.635
10.6117	773.22	773.221
10.6236	772.806	772.806
10.6355	772.391	772.391
10.6475	771.975	771.976
10.6594	771.559	771.559
10.6713	771.142	771.142
10.6833	770.725	770.725
10.6952	770.307	770.307
10.7071	769.888	769.888
10.7191	769.469	769.469
10.731	769.049	769.049
10.743	768.629	768.629
10.7549	768.208	768.208
10.7668	767.786	767.787
10.7788	767.364	767.365
10.7907	766.942	766.942
10.8026	766.519	766.519
10.8146	766.095	766.095
10.8265	765.671	765.671
10.8385	765.246	765.246
10.8504	764.82	764.821
10.8623	764.395	764.395
10.8743	763.968	763.968
10.8862	763.541	763.541
10.8981	763.114	763.114
10.9101	762.686	762.686
10.922	762.257	762.258
10.9339	761.828	761.829
10.9459	761.399	761.399
10.9578	760.969	760.969
10.9698	760.538	760.539
10.9817	760.108	760.108
10.9936	759.676	759.676
11.0056	759.244	759.244
11.0175	758.812	758.812
11.0294	758.379	758.379
11.0414	757.945	757.946
11.0533	757.512	757.512
11.0652	757.077	757.077
11.0772	756.642	756.643
11.0891	756.207	756.207
11.1011	755.772	755.772
11.113	755.335	755.336
11.1249	754.899	754.899
11.1369	754.462	754.462
11.1488	754.024	754.025
11.1607	753.587	753.587
11.1727	753.148	753.148
11.1846	752.71	752.71
11.1966	752.27	752.271
11.2085	751.831	751.831
11.2204	751.391	751.391
11.2324	750.951	750.951
11.2443	750.51	750.51
11.2562	750.069	750.069
11.2682	749.627	749.627
11.2801	749.185	749.185
11.292	748.743	748.743
11.304	748.3	748.3
11.3159	747.857	747.857
11.3279	747.413	747.414
11.3398	746.97	746.97
11.3517	746.525	746.525
11.3637	746.081	746.081
11.3756	745.636	745.636
11.3875	745.19	745.191
11.3995	744.745	744.745
11.4114	744.299	744.299
11.4233	743.852	743.853
11.4353	743.406	743.406
11.4472	742.959	742.959
11.4592	742.511	742.512
11.4711	742.064	742.064
11.483	741.616	741.616
11.495	741.167	741.168
11.5069	740.719	740.719
11.5188	740.27	740.27
11.5308	739.821	739.821
11.5427	739.371	739.371
11.5546	738.921	738.921
11.5666	738.471	738.471
11.5785	738.021	738.021
11.5905	737.57	737.57
11.6024	737.119	737.119
11.6143	736.668	736.668
11.6263	736.216	736.216
11.6382	735.764	735.764
11.6501	735.312	735.312
11.6621	734.86	734.86
11.674	734.407	734.407
11.686	733.954	733.954
11.6979	733.501	733.501
11.7098	733.047	733.048
11.7218	732.594	732.594
11.7337	732.14	732.14
11.7456	731.686	731.686
11.7576	731.231	731.231
11.7695	730.777	730.777
11.7814	730.322	730.322
11.7934	729.867	729.867
11.8053	729.412	729.412
11.8173	728.956	728.956
11.8292	728.5	728.501
11.8411	728.045	728.045
11.8531	727.588	727.588
11.865	727.132	727.132
11.8769	726.676	726.676
11.8889	726.219	726.219
11.9008	725.762	725.762
11.9127	725.305	725.305
11.9247	724.848	724.848
11.9366	724.39	724.39
11.9486	723.932	723.933
11.9605	723.475	723.475
11.9724	723.017	723.017
11.9844	722.559	722.559
11.9963	722.1	722.1
12.0082	721.642	721.642
12.0202	721.183	721.183
12.0321	720.724	720.724
12.0441	720.265	720.265
12.056	719.806	719.806
12.0679	719.347	719.347
12.0799	718.888	718.888
12.0918	718.428	718.428
12.1037	717.969	717.969
12.1157	717.509	717.509
12.1276	717.049	717.049
12.1395	716.589	716.589
12.1515	716.129	716.129
12.1634	715.669	715.669
12.1754	715.208	715.208
12.1873	714.748	714.748
12.1992	714.287	714.287
12.2112	713.827	713.827
12.2231	713.366	713.366
12.235	712.905	712.905
12.247	712.444	712.444
12.2589	711.983	711.983
12.2708	711.522	711.522
12.2828	711.061	711.061
12.2947	710.6	710.6
12.3067	710.138	710.138
12.3186	709.677	709.677
12.3305	709.215	709.215
12.3425	708.754	708.754
12.3544	708.292	708.292
12.3663	707.83	707.83
12.3783	707.369	707.369
12.3902	706.907	706.907
12.4021	706.445	706.445
12.4141	705.983	705.983
12.426	705.521	705.521
12.438	705.059	705.059
12.4499	704.597	704.597
12.4618	704.135	704.135
12.4738	703.673	703.673
12.4857	703.211	703.211
12.4976	702.749	702.749
12.5096	702.286	702.286
12.5215	701.824	701.824
12.5335	701.362	701.362
12.5454	700.9	700.9
12.5573	700.437	700.437
12.5693	699.975	699.975
12.5812	699.513	699.513
12.5931	699.05	699.05
12.6051	698.588	698.588
12.617	698.126	698.126
12.6289	697.664	697.664
12.6409	697.201	697.201
12.6528	696.739	696.739
12.6648	696.277	696.277
12.6767	695.814	695.814
12.6886	695.352	695.352
12.7006	694.89	694.89
12.7125	694.428	694.428
12.7244	693.966	693.966
12.7364	693.503	693.503
12.7483	693.041	693.041
12.7602	692.579	692.579
12.7722	692.117	692.117
12.7841	691.655	691.655
12.7961	691.193	691.193
12.808	690.731	690.731
12.8199	690.269	690.269
12.8319	689.807	689.807
12.8438	689.346	689.346
12.8557	688.884	688.884
12.8677	688.422	688.422
12.8796	687.961	687.961
12.8916	687.499	687.499
12.9035	687.037	687.037
12.9154	686.576	686.576
12.9274	686.115	686.115
12.9393	685.653	685.653
12.9512	685.192	685.192
12.9632	684.731	684.731
12.9751	684.27	684.27
12.987	683.809	683.809
12.999	683.348	683.348
13.0109	682.887	682.887
13.0229	682.426	682.426
13.0348	681.965	681.965
13.0467	681.505	681.505
13.0587	681.044	681.044
13.0706	680.584	680.584
13.0825	680.123	680.123
13.0945	679.663	679.663
13.1064	679.203	679.203
13.1183	678.743	678.743
13.1303	678.283	678.283
13.1422	677.823	677.823
13.1542	677.363	677.363
13.1661	676.904	676.904
13.178	676.444	676.444
13.19	675.985	675.985
13.2019	675.525	675.525
13.2138	675.066	675.066
13.2258	674.607	674.607
13.2377	674.148	674.148
13.2496	673.689	673.689
13.2616	673.23	673.23
13.2735	672.772	672.772
13.2855	672.313	672.313
13.2974	671.855	671.855
13.3093	671.397	671.397
13.3213	670.939	670.939
13.3332	670.481	670.481
13.3451	670.023	670.023
13.3571	669.565	669.565
13.369	669.108	669.108
13.381	668.65	668.65
13.3929	668.193	668.193
13.4048	667.736	667.736
13.4168	667.279	667.279
13.4287	666.822	666.822
13.4406	666.366	666.366
13.4526	665.909	665.909
13.4645	665.453	665.453
13.4764	664.997	664.996
13.4884	664.54	664.54
13.5003	664.085	664.084
13.5123	663.629	663.629
13.5242	663.173	663.173
13.5361	662.718	662.718
13.5481	662.263	662.262
13.56	661.807	661.807
13.5719	661.352	661.352
13.5839	660.898	660.898
13.5958	660.443	660.443
13.6077	659.989	659.989
13.6197	659.534	659.534
13.6316	659.08	659.08
13.6436	658.626	658.626
13.6555	658.173	658.173
13.6674	657.719	657.719
13.6794	657.266	657.266
13.6913	656.812	656.812
13.7032	656.359	656.359
13.7152	655.907	655.906
13.7271	655.454	655.454
13.7391	655.001	655.001
13.751	654.549	654.549
13.7629	654.097	654.097
13.7749	653.645	653.645
13.7868	653.193	653.193
13.7987	652.742	652.742
13.8107	652.29	652.29
13.8226	651.839	651.839
13.8345	651.388	651.388
13.8465	650.937	650.937
13.8584	650.487	650.487
13.8704	650.036	650.036
13.8823	649.586	649.586
13.8942	649.136	649.136
13.9062	648.686	648.686
13.9181	648.237	648.237
13.93	647.787	647.787
13.942	647.338	647.338
13.9539	646.889	646.889
13.9658	646.44	646.44
13.9778	645.992	645.991
13.9897	645.543	645.543
14.0017	645.095	645.095
14.0136	644.647	644.647
14.0255	644.199	644.199
14.0375	643.752	643.752
14.0494	643.304	643.304
14.0613	642.857	642.857
14.0733	642.41	642.41
14.0852	641.963	641.963
14.0971	641.517	641.517
14.1091	641.071	641.071
14.121	640.625	640.624
14.133	640.179	640.179
14.1449	639.733	639.733
14.1568	639.288	639.287
14.1688	638.842	638.842
14.1807	638.397	638.397
14.1926	637.953	637.952
14.2046	637.508	637.508
14.2165	637.064	637.064
14.2285	636.619	636.619
14.2404	636.176	636.175
14.2523	635.732	635.732
14.2643	635.288	635.288
14.2762	634.845	634.845
14.2881	634.402	634.402
14.3001	633.959	633.959
14.312	633.517	633.517
14.3239	633.074	633.074
14.3359	632.632	632.632
14.3478	632.19	632.19
14.3598	631.749	631.749
14.3717	631.307	631.307
14.3836	630.866	630.866
14.3956	630.425	630.425
14.4075	629.984	629.984
14.4194	629.544	629.544
14.4314	629.104	629.104
14.4433	628.664	628.663
14.4552	628.224	628.224
14.4672	627.784	627.784
14.4791	627.345	627.345
14.4911	626.906	626.906
14.503	626.467	626.467
14.5149	626.028	626.028
14.5269	625.59	625.59
14.5388	625.151	625.151
14.5507	624.714	624.713
14.5627	624.276	624.276
14.5746	623.838	623.838
14.5866	623.401	623.401
14.5985	622.964	622.964
14.6104	622.527	622.527
14.6224	622.091	622.091
14.6343	621.654	621.654
14.6462	621.218	621.218
14.6582	620.783	620.782
14.6701	620.347	620.347
14.682	619.912	619.911
14.694	619.476	619.476
14.7059	619.042	619.041
14.7179	618.607	618.607
14.7298	618.173	618.172
14.7417	617.738	617.738
14.7537	617.304	617.304
14.7656	616.871	616.871
14.7775	616.437	616.437
14.7895	616.004	616.004
14.8014	615.571	615.571
14.8133	615.138	615.138
14.8253	614.706	614.706
14.8372	614.274	614.274
14.8492	613.842	613.842
14.8611	613.41	613.41
14.873	612.978	612.978
14.885	612.547	612.547
14.8969	612.116	612.116
14.9088	611.685	611.685
14.9208	611.255	611.255
14.9327	610.825	610.824
14.9446	610.394	610.394
14.9566	609.965	609.965
14.9685	609.535	609.535
14.9805	609.106	609.106
14.9924	608.677	608.677
15.0043	608.248	608.248
15.0163	607.819	607.819
15.0282	607.391	607.391
15.0401	606.963	606.963
15.0521	606.535	606.535
15.064	606.107	606.107
15.076	605.68	605.68
15.0879	605.253	605.253
15.0998	604.826	604.826
15.1118	604.399	604.399
15.1237	603.973	603.973
15.1356	603.547	603.546
15.1476	603.121	603.121
15.1595	602.695	602.695
15.1714	602.27	602.269
15.1834	601.844	601.844
15.1953	601.419	601.419
15.2073	600.995	600.995
15.2192	600.57	600.57
15.2311	600.146	600.146
15.2431	599.722	599.722
15.255	599.298	599.298
15.2669	598.875	598.875
15.2789	598.452	598.451
15.2908	598.029	598.028
15.3027	597.606	597.606
15.3147	597.183	597.183
15.3266	596.761	596.761
15.3386	596.339	596.339
15.3505	595.917	595.917
15.3624	595.496	595.495
15.3744	595.074	595.074
15.3863	594.653	594.653
15.3982	594.232	594.232
15.4102	593.812	593.812
15.4221	593.391	593.391
15.4341	592.971	592.971
15.446	592.552	592.551
15.4579	592.132	592.132
15.4699	591.713	591.712
15.4818	591.293	591.293
15.4937	590.875	590.874
15.5057	590.456	590.456
15.5176	590.038	590.037
15.5295	589.619	589.619
15.5415	589.201	589.201
15.5534	588.784	588.784
15.5654	588.366	588.366
15.5773	587.949	587.949
15.5892	587.532	587.532
15.6012	587.115	587.115
15.6131	586.699	586.699
15.625	586.283	586.283
15.637	585.867	585.867
15.6489	585.451	585.451
15.6608	585.036	585.035
15.6728	584.62	584.62
15.6847	584.205	584.205
15.6967	583.79	583.79
15.7086	583.376	583.376
15.7205	582.962	582.961
15.7325	582.547	582.547
15.7444	582.134	582.134
15.7563	581.72	581.72
15.7683	581.307	581.307
15.7802	580.894	580.893
15.7921	580.481	580.481
15.8041	580.068	580.068
15.816	579.656	579.656
15.828	579.243	579.243
15.8399	578.831	578.831
15.8518	578.42	578.42
15.8638	578.008	578.008
15.8757	577.597	577.597
15.8876	577.186	577.186
15.8996	576.775	576.775
15.9115	576.365	576.365
15.9235	575.955	575.954
15.9354	575.545	575.544
15.9473	575.135	575.135
15.9593	574.725	574.725
15.9712	574.316	574.316
15.9831	573.907	573.907
15.9951	573.498	573.498
16.007	573.089	573.089
16.0189	572.681	572.681
16.0309	572.273	572.273
16.0428	571.865	571.865
16.0548	571.457	571.457
16.0667	571.05	571.049
16.0786	570.642	570.642
16.0906	570.235	570.235
16.1025	569.829	569.828
16.1144	569.422	569.422
16.1264	569.016	569.016
16.1383	568.61	568.61
16.1502	568.204	568.204
16.1622	567.798	567.798
16.1741	567.393	567.393
16.1861	566.988	566.988
16.198	566.583	566.583
16.2099	566.178	566.178
16.2219	565.774	565.774
16.2338	565.369	565.369
16.2457	564.965	564.965
16.2577	564.562	564.562
16.2696	564.158	564.158
16.2816	563.755	563.755
16.2935	563.352	563.352
16.3054	562.949	562.949
16.3174	562.546	562.546
16.3293	562.144	562.144
16.3412	561.742	561.742
16.3532	561.34	561.34
16.3651	560.938	560.938
16.377	560.537	560.537
16.389	560.135	560.135
16.4009	559.734	559.734
16.4129	559.334	559.333
16.4248	558.933	558.933
16.4367	558.533	558.533
16.4487	558.133	558.132
16.4606	557.733	557.733
16.4725	557.333	557.333
16.4845	556.934	556.934
16.4964	556.534	556.534
16.5083	556.135	556.135
16.5203	555.737	555.737
16.5322	555.338	555.338
16.5442	554.94	554.94
16.5561	554.542	554.542
16.568	554.144	554.144
16.58	553.746	553.746
16.5919	553.349	553.349
16.6038	552.952	552.952
16.6158	552.555	552.555
16.6277	552.158	552.158
16.6396	551.761	551.761
16.6516	551.365	551.365
16.6635	550.969	550.969
16.6755	550.573	550.573
16.6874	550.178	550.178
16.6993	549.782	549.782
16.7113	549.387	549.387
16.7232	548.992	548.992
16.7351	548.597	548.597
16.7471	548.203	548.203
16.759	547.809	547.809
16.771	547.415	547.414
16.7829	547.021	547.021
16.7948	546.627	546.627
16.8068	546.234	546.234
16.8187	545.84	545.84
16.8306	545.448	545.447
16.8426	545.055	545.055
16.8545	544.662	544.662
16.8664	544.27	544.27
16.8784	543.878	543.878
16.8903	543.486	543.486
16.9023	543.094	543.094
16.9142	542.703	542.703
16.9261	542.312	542.312
16.9381	541.921	541.921
16.95	541.53	541.53
16.9619	541.139	541.139
16.9739	540.749	540.749
16.9858	540.359	540.359
16.9977	539.969	539.969
17.0097	539.579	539.579
17.0216	539.19	539.19
17.0336	538.801	538.801
17.0455	538.412	538.412
17.0574	538.023	538.023
17.0694	537.634	537.634
17.0813	537.246	537.246
17.0932	536.858	536.858
17.1052	536.47	536.47
17.1171	536.082	536.082
17.1291	535.695	535.695
17.141	535.307	535.307
17.1529	534.92	534.92
17.1649	534.533	534.533
17.1768	534.147	534.147
17.1887	533.76	533.76
17.2007	533.374	533.374
17.2126	532.988	532.988
17.2245	532.602	532.602
17.2365	532.217	532.217
17.2484	531.832	531.831
17.2604	531.446	531.446
17.2723	531.062	531.061
17.2842	530.677	530.677
17.2962	530.292	530.292
17.3081	529.908	529.908
17.32	529.524	529.524
17.332	529.14	529.14
17.3439	528.757	528.756
17.3558	528.373	528.373
17.3678	527.99	527.99
17.3797	527.607	527.607
17.3917	527.224	527.224
17.4036	526.842	526.842
17.4155	526.459	526.459
17.4275	526.077	526.077
17.4394	525.695	525.695
17.4513	525.314	525.314
17.4633	524.932	524.932
17.4752	524.551	524.551
17.4871	524.17	524.17
17.4991	523.789	523.789
17.511	523.408	523.408
17.523	523.028	523.028
17.5349	522.648	522.648
17.5468	522.268	522.268
17.5588	521.888	521.888
17.5707	521.509	521.508
17.5826	521.129	521.129
17.5946	520.75	520.75
17.6065	520.371	520.371
17.6185	519.992	519.992
17.6304	519.614	519.614
17.6423	519.236	519.236
17.6543	518.858	518.858
17.6662	518.48	518.48
17.6781	518.102	518.102
17.6901	517.725	517.725
17.702	517.347	517.347
17.7139	516.971	516.97
17.7259	516.594	516.594
17.7378	516.217	516.217
17.7498	515.841	515.841
17.7617	515.465	515.465
17.7736	515.089	515.089
17.7856	514.713	514.713
17.7975	514.338	514.337
17.8094	513.962	513.962
17.8214	513.587	513.587
17.8333	513.212	513.212
17.8452	512.838	512.838
17.8572	512.463	512.463
17.8691	512.089	512.089
17.8811	511.715	511.715
17.893	511.341	511.341
17.9049	510.968	510.967
17.9169	510.594	510.594
17.9288	510.221	510.221
17.9407	509.848	509.848
17.9527	509.475	509.475
17.9646	509.103	509.103
17.9766	508.731	508.73
17.9885	508.358	508.358
18.0004	507.987	507.986
18.0124	507.615	507.615
18.0243	507.243	507.243
18.0362	506.872	506.872
18.0482	506.501	506.501
18.0601	506.13	506.13
18.072	505.76	505.76
18.084	505.389	505.389
18.0959	505.019	505.019
18.1079	504.649	504.649
18.1198	504.279	504.279
18.1317	503.91	503.91
18.1437	503.541	503.541
18.1556	503.172	503.171
18.1675	502.803	502.803
18.1795	502.434	502.434
18.1914	502.065	502.065
18.2033	501.697	501.697
18.2153	501.329	501.329
18.2272	500.961	500.961
18.2392	500.594	500.594
18.2511	500.226	500.226
18.263	499.859	499.859
18.275	499.492	499.492
18.2869	499.126	499.125
18.2988	498.759	498.759
18.3108	498.393	498.393
18.3227	498.027	498.027
18.3346	497.661	497.661
18.3466	497.295	497.295
18.3585	496.93	496.93
18.3705	496.564	496.564
18.3824	496.199	496.199
18.3943	495.835	495.834
18.4063	495.47	495.47
18.4182	495.106	495.106
18.4301	494.741	494.741
18.4421	494.378	494.377
18.454	494.014	494.014
18.466	493.65	493.65
18.4779	493.287	493.287
18.4898	492.924	492.924
18.5018	492.561	492.561
18.5137	492.198	492.198
18.5256	491.836	491.836
18.5376	491.474	491.474
18.5495	491.112	491.112
18.5614	490.75	490.75
18.5734	490.389	490.388
18.5853	490.027	490.027
18.5973	489.666	489.666
18.6092	489.305	489.305
18.6211	488.945	488.944
18.6331	488.584	488.584
18.645	488.224	488.224
18.6569	487.864	487.864
18.6689	487.504	487.504
18.6808	487.144	487.144
18.6927	486.785	486.785
18.7047	486.426	486.426
18.7166	486.067	486.067
18.7286	485.708	485.708
18.7405	485.35	485.35
18.7524	484.992	484.992
18.7644	484.634	484.634
18.7763	484.276	484.276
18.7882	483.918	483.918
18.8002	483.561	483.561
18.8121	483.204	483.204
18.8241	482.847	482.847
18.836	482.49	482.49
18.8479	482.134	482.134
18.8599	481.777	481.777
18.8718	481.421	481.421
18.8837	481.066	481.065
18.8957	480.71	480.71
18.9076	480.355	480.354
18.9195	479.999	479.999
18.9315	479.645	479.644
18.9434	479.29	479.29
18.9554	478.935	478.935
18.9673	478.581	478.581
18.9792	478.227	478.227
18.9912	477.873	477.873
19.0031	477.52	477.52
19.015	477.166	477.166
19.027	476.813	476.813
19.0389	476.46	476.46
19.0508	476.108	476.108
19.0628	475.755	475.755
19.0747	475.403	475.403
19.0867	475.051	475.051
19.0986	474.699	474.699
19.1105	474.348	474.348
19.1225	473.997	473.996
19.1344	473.645	473.645
19.1463	473.295	473.295
19.1583	472.944	472.944
19.1702	472.594	472.594
19.1821	472.244	472.243
19.1941	471.894	471.893
19.206	471.544	471.544
19.218	471.194	471.194
19.2299	470.845	470.845
19.2418	470.496	470.496
19.2538	470.147	470.147
19.2657	469.799	469.799
19.2776	469.451	469.45
19.2896	469.103	469.102
19.3015	468.755	468.755
19.3135	468.407	468.407
19.3254	468.06	468.06
19.3373	467.713	467.712
19.3493	467.366	467.366
19.3612	467.019	467.019
19.3731	466.673	466.672
19.3851	466.326	466.326
19.397	465.98	465.98
19.4089	465.635	465.634
19.4209	465.289	465.289
19.4328	464.944	464.944
19.4448	464.599	464.599
19.4567	464.254	464.254
19.4686	463.909	463.909
19.4806	463.565	463.565
19.4925	463.221	463.221
19.5044	462.877	462.877
19.5164	462.534	462.533
19.5283	462.19	462.19
19.5402	461.847	461.847
19.5522	461.504	461.504
19.5641	461.162	461.161
19.5761	460.819	460.819
19.588	460.477	460.477
19.5999	460.135	460.135
19.6119	459.793	459.793
19.6238	459.452	459.452
19.6357	459.111	459.111
19.6477	458.77	458.77
19.6596	458.429	458.429
19.6716	458.089	458.088
19.6835	457.748	457.748
19.6954	457.408	457.408
19.7074	457.069	457.068
19.7193	456.729	456.729
19.7312	456.39	456.39
19.7432	456.051	456.051
19.7551	455.712	455.712
19.767	455.373	455.373
19.779	455.035	455.035
19.7909	454.697	454.697
19.8029	454.359	454.359
19.8148	454.022	454.022
19.8267	453.685	453.684
19.8387	453.348	453.347
19.8506	453.011	453.011
19.8625	452.674	452.674
19.8745	452.338	452.338
19.8864	452.002	452.002
19.8983	451.666	451.666
19.9103	451.331	451.33
19.9222	450.995	450.995
19.9342	450.66	450.66
19.9461	450.325	450.325
19.958	449.991	449.991
19.97	449.657	449.656
19.9819	449.323	449.322
19.9938	448.989	448.989
20.0058	448.655	448.655
20.0177	448.322	448.322
20.0296	447.989	447.989
20.0416	447.656	447.656
20.0535	447.324	447.324
20.0655	446.991	446.991
20.0774	446.659	446.659
20.0893	446.328	446.328
20.1013	445.996	445.996
20.1132	445.665	445.665
20.1251	445.334	445.334
20.1371	445.003	445.003
20.149	444.673	444.673
20.161	444.343	444.343
20.1729	444.013	444.013
20.1848	443.683	443.683
20.1968	443.354	443.354
20.2087	443.025	443.024
20.2206	442.696	442.696
20.2326	442.367	442.367
20.2445	442.039	442.039
20.2564	441.711	441.711
20.2684	441.383	441.383
20.2803	441.055	441.055
20.2923	440.728	440.728
20.3042	440.401	440.401
20.3161	440.074	440.074
20.3281	439.748	439.748
20.34	439.421	439.421
20.3519	439.095	439.095
20.3639	438.77	438.77
20.3758	438.444	438.444
20.3877	438.119	438.119
20.3997	437.794	437.794
20.4116	437.47	437.469
20.4236	437.145	437.145
20.4355	436.821	436.821
20.4474	436.497	436.497
20.4594	436.174	436.174
20.4713	435.851	435.85
20.4832	435.528	435.527
20.4952	435.205	435.205
20.5071	434.882	434.882
20.5191	434.56	434.56
20.531	434.238	434.238
20.5429	433.917	433.917
20.5549	433.595	433.595
20.5668	433.274	433.274
20.5787	432.953	432.953
20.5907	432.633	432.633
20.6026	432.313	432.313
20.6145	431.993	431.993
20.6265	431.673	431.673
20.6384	431.354	431.353
20.6504	431.034	431.034
20.6623	430.716	430.715
20.6742	430.397	430.397
20.6862	430.079	430.079
20.6981	429.761	429.761
20.71	429.443	429.443
20.722	429.126	429.125
20.7339	428.808	428.808
20.7458	428.491	428.491
20.7578	428.175	428.175
20.7697	427.859	427.858
20.7817	427.543	427.542
20.7936	427.227	427.227
20.8055	426.911	426.911
20.8175	426.596	426.596
20.8294	426.281	426.281
20.8413	425.967	425.967
20.8533	425.652	425.652
20.8652	425.338	425.338
20.8771	425.025	425.025
20.8891	424.711	424.711
20.901	424.398	424.398
20.913	424.085	424.085
20.9249	423.773	423.773
20.9368	423.46	423.46
20.9488	423.148	423.148
20.9607	422.837	422.837
20.9726	422.525	422.525
20.9846	422.214	422.214
20.9965	421.903	421.903
21.0085	421.593	421.593
21.0204	421.283	421.283
21.0323	420.973	420.973
21.0443	420.663	420.663
21.0562	420.354	420.354
21.0681	420.045	420.045
21.0801	419.736	419.736
21.092	419.428	419.428
21.1039	419.12	419.12
21.1159	418.812	418.812
21.1278	418.504	418.504
21.1398	418.197	418.197
21.1517	417.89	417.89
21.1636	417.584	417.584
21.1756	417.277	417.277
21.1875	416.971	416.971
21.1994	416.666	416.666
21.2114	416.36	416.36
21.2233	416.055	416.055
21.2352	415.75	415.75
21.2472	415.446	415.446
21.2591	415.142	415.142
21.2711	414.838	414.838
21.283	414.534	414.534
21.2949	414.231	414.231
21.3069	413.928	413.928
21.3188	413.626	413.625
21.3307	413.323	413.323
21.3427	413.021	413.021
21.3546	412.72	412.72
21.3666	412.418	412.418
21.3785	412.117	412.117
21.3904	411.816	411.816
21.4024	411.516	411.516
21.4143	411.216	411.216
21.4262	410.916	410.916
21.4382	410.617	410.617
21.4501	410.318	410.317
21.462	410.019	410.019
21.474	409.72	409.72
21.4859	409.422	409.422
21.4979	409.124	409.124
21.5098	408.827	408.826
21.5217	408.529	408.529
21.5337	408.232	408.232
21.5456	407.936	407.936
21.5575	407.64	407.639
21.5695	407.344	407.343
21.5814	407.048	407.048
21.5933	406.753	406.753
21.6053	406.458	406.458
21.6172	406.163	406.163
21.6292	405.869	405.869
21.6411	405.575	405.575
21.653	405.281	405.281
21.665	404.988	404.988
21.6769	404.695	404.695
21.6888	404.402	404.402
21.7008	404.11	404.109
21.7127	403.818	403.817
21.7246	403.526	403.526
21.7366	403.235	403.234
21.7485	402.943	402.943
21.7605	402.653	402.653
21.7724	402.362	402.362
21.7843	402.072	402.072
21.7963	401.783	401.783
21.8082	401.493	401.493
21.8201	401.204	401.204
21.8321	400.916	400.915
21.844	400.627	400.627
21.856	400.339	400.339
21.8679	400.052	400.051
21.8798	399.764	399.764
21.8918	399.477	399.477
21.9037	399.191	399.19
21.9156	398.904	398.904
21.9276	398.618	398.618
21.9395	398.333	398.333
21.9514	398.047	398.047
21.9634	397.762	397.762
21.9753	397.478	397.478
21.9873	397.194	397.193
21.9992	396.91	396.91
22.0111	396.626	396.626
22.0231	396.343	396.343
22.035	396.06	396.06
22.0469	395.777	395.777
22.0589	395.495	395.495
22.0708	395.213	395.213
22.0827	394.932	394.932
22.0947	394.651	394.651
22.1066	394.37	394.37
22.1186	394.09	394.09
22.1305	393.81	393.809
22.1424	393.53	393.53
22.1544	393.251	393.25
22.1663	392.972	392.971
22.1782	392.693	392.693
22.1902	392.415	392.414
22.2021	392.137	392.136
22.2141	391.859	391.859
22.226	391.582	391.582
22.2379	391.305	391.305
22.2499	391.028	391.028
22.2618	390.752	390.752
22.2737	390.476	390.476
22.2857	390.201	390.201
22.2976	389.926	389.926
22.3095	389.651	389.651
22.3215	389.377	389.377
22.3334	389.103	389.103
22.3454	388.829	388.829
22.3573	388.556	388.556
22.3692	388.283	388.283
22.3812	388.01	388.01
22.3931	387.738	387.738
22.405	387.466	387.466
22.417	387.195	387.195
22.4289	386.924	386.924
22.4408	386.653	386.653
22.4528	386.383	386.383
22.4647	386.113	386.113
22.4767	385.843	385.843
22.4886	385.574	385.574
22.5005	385.305	385.305
22.5125	385.037	385.037
22.5244	384.769	384.769
22.5363	384.501	384.501
22.5483	384.234	384.233
22.5602	383.967	383.966
22.5721	383.7	383.7
22.5841	383.434	383.434
22.596	383.168	383.168
22.608	382.902	382.902
22.6199	382.637	382.637
22.6318	382.372	382.372
22.6438	382.108	382.108
22.6557	381.844	381.844
22.6676	381.58	381.58
22.6796	381.317	381.317
22.6915	381.054	381.054
22.7035	380.792	380.792
22.7154	380.53	380.53
22.7273	380.268	380.268
22.7393	380.007	380.007
22.7512	379.746	379.746
22.7631	379.485	379.485
22.7751	379.225	379.225
22.787	378.965	378.965
22.7989	378.706	378.706
22.8109	378.447	378.447
22.8228	378.188	378.188
22.8348	377.93	377.93
22.8467	377.672	377.672
22.8586	377.415	377.415
22.8706	377.158	377.158
22.8825	376.901	376.901
22.8944	376.645	376.645
22.9064	376.389	376.389
22.9183	376.133	376.133
22.9302	375.878	375.878
22.9422	375.624	375.623
22.9541	375.369	375.369
22.9661	375.115	375.115
22.978	374.862	374.862
22.9899	374.609	374.608
23.0019	374.356	374.356
23.0138	374.103	374.103
23.0257	373.852	373.851
23.0377	373.6	373.6
23.0496	373.349	373.349
23.0616	373.098	373.098
23.0735	372.848	372.847
23.0854	372.598	372.598
23.0974	372.348	372.348
23.1093	372.099	372.099
23.1212	371.85	371.85
23.1332	371.602	371.602
23.1451	371.354	371.354
23.157	371.106	371.106
23.169	370.859	370.859
23.1809	370.612	370.612
23.1929	370.366	370.366
23.2048	370.12	370.12
23.2167	369.874	369.874
23.2287	369.629	369.629
23.2406	369.385	369.384
23.2525	369.14	369.14
23.2645	368.896	368.896
23.2764	368.653	368.653
23.2883	368.41	368.41
23.3003	368.167	368.167
23.3122	367.925	367.925
23.3242	367.683	367.683
23.3361	367.441	367.441
23.348	367.2	367.2
23.36	366.96	366.96
23.3719	366.719	366.719
23.3838	366.48	366.48
23.3958	366.24	366.24
23.4077	366.001	366.001
23.4196	365.763	365.763
23.4316	365.525	365.525
23.4435	365.287	365.287
23.4555	365.05	365.05
23.4674	364.814	364.814
23.4793	364.578	364.578
23.4913	364.342	364.342
23.5032	364.108	364.107
23.5151	363.874	363.873
23.5271	363.64	363.64
23.539	363.408	363.408
23.551	363.177	363.176
23.5629	362.947	362.946
23.5748	362.718	362.717
23.5868	362.491	362.49
23.5987	362.266	362.265
23.6106	362.043	362.042
23.6226	361.823	361.821
23.6345	361.605	361.604
23.6464	361.391	361.39
23.6584	361.182	361.18
23.6703	360.976	360.974
23.6823	360.776	360.774
23.6942	360.582	360.58
23.7061	360.395	360.392
23.7181	360.216	360.212
23.73	360.044	360.041
23.7419	359.883	359.879
23.7539	359.731	359.727
23.7658	359.59	359.586
23.7777	359.462	359.457
23.7897	359.346	359.341
23.8016	359.244	359.238
23.8136	359.156	359.15
23.8255	359.083	359.077
23.8374	359.026	359.02
23.8494	358.985	358.978
23.8613	358.96	358.953
23.8732	358.951	358.945
