0	786.327	786.342
0.0119366	786.308	786.323
0.0238732	786.251	786.266
0.0358099	786.158	786.172
0.0477465	786.032	786.044
0.0596831	785.874	785.885
0.0716197	785.69	785.699
0.0835563	785.482	785.49
0.095493	785.255	785.261
0.10743	785.011	785.017
0.119366	784.755	784.76
0.131303	784.489	784.493
0.143239	784.216	784.219
0.155176	783.937	783.939
0.167113	783.653	783.655
0.179049	783.367	783.368
0.190986	783.078	783.079
0.202923	782.787	782.789
0.214859	782.496	782.497
0.226796	782.203	782.204
0.238732	781.91	781.911
0.250669	781.616	781.616
0.262606	781.321	781.322
0.274542	781.026	781.027
0.286479	780.73	780.731
0.298416	780.434	780.435
0.310352	780.137	780.138
0.322289	779.84	779.841
0.334225	779.543	779.544
0.346162	779.245	779.246
0.358099	778.946	778.947
0.370035	778.648	778.648
0.381972	778.348	778.349
0.393908	778.049	778.049
0.405845	777.748	777.749
0.417782	777.448	777.448
0.429718	777.147	777.147
0.441655	776.845	776.846
0.453592	776.543	776.544
0.465528	776.241	776.242
0.477465	775.938	775.939
0.489401	775.635	775.635
0.501338	775.331	775.332
0.513275	775.027	775.028
0.525211	774.722	774.723
0.537148	774.417	774.418
0.549085	774.112	774.113
0.561021	773.806	773.807
0.572958	773.5	773.501
0.584894	773.193	773.194
0.596831	772.886	772.887
0.608768	772.578	772.579
0.620704	772.27	772.271
0.632641	771.962	771.963
0.644578	771.653	771.654
0.656514	771.344	771.345
0.668451	771.034	771.035
0.680387	770.724	770.725
0.692324	770.414	770.415
0.704261	770.103	770.104
0.716197	769.792	769.792
0.728134	769.48	769.481
0.74007	769.168	769.169
0.752007	768.855	768.856
0.763944	768.542	768.543
0.77588	768.229	768.23
0.787817	767.915	767.916
0.799754	767.601	767.602
0.81169	767.286	767.287
0.823627	766.972	766.972
0.835563	766.656	766.657
0.8475	766.34	766.341
0.859437	766.024	766.025
0.871373	765.708	765.708
0.88331	765.391	765.391
0.895247	765.073	765.074
0.907183	764.756	764.756
0.91912	764.437	764.438
0.931056	764.119	764.12
0.942993	763.8	763.801
0.95493	763.481	763.481
0.966866	763.161	763.162
0.978803	762.841	762.842
0.99074	762.52	762.521
1.00268	762.199	762.2
1.01461	761.878	761.879
1.02655	761.557	761.557
1.03849	761.235	761.235
1.05042	760.912	760.913
1.06236	760.589	760.59
1.0743	760.266	760.267
1.08623	759.943	759.943
1.09817	759.619	759.62
1.11011	759.294	759.295
1.12204	758.97	758.971
1.13398	758.645	758.646
1.14592	758.319	758.32
1.15785	757.994	757.994
1.16979	757.668	757.668
1.18173	757.341	757.342
1.19366	757.014	757.015
1.2056	756.687	756.688
1.21754	756.359	756.36
1.22947	756.031	756.032
1.24141	755.703	755.704
1.25335	755.374	755.375
1.26528	755.045	755.046
1.27722	754.716	754.717
1.28916	754.386	754.387
1.30109	754.056	754.057
1.31303	753.726	753.726
1.32496	753.395	753.396
1.3369	753.064	753.065
1.34884	752.732	752.733
1.36077	752.4	752.401
1.37271	752.068	752.069
1.38465	751.736	751.736
1.39658	751.403	751.404
1.40852	751.07	751.07
1.42046	750.736	750.737
1.43239	750.402	750.403
1.44433	750.068	750.069
1.45627	749.733	749.734
1.4682	749.398	749.399
1.48014	749.063	749.064
1.49208	748.727	748.728
1.50401	748.391	748.392
1.51595	748.055	748.056
1.52789	747.719	747.719
1.53982	747.382	747.383
1.55176	747.044	747.045
1.5637	746.707	746.708
1.57563	746.369	746.37
1.58757	746.031	746.032
1.59951	745.692	745.693
1.61144	745.353	745.354
1.62338	745.014	745.015
1.63532	744.675	744.675
1.64725	744.335	744.336
1.65919	743.995	743.995
1.67113	743.654	743.655
1.68306	743.313	743.314
1.695	742.972	742.973
1.70694	742.631	742.632
1.71887	742.289	742.29
1.73081	741.947	741.948
1.74275	741.605	741.606
1.75468	741.262	741.263
1.76662	740.919	740.92
1.77856	740.576	740.577
1.79049	740.233	740.233
1.80243	739.889	739.889
1.81437	739.545	739.545
1.8263	739.2	739.201
1.83824	738.855	738.856
1.85018	738.51	738.511
1.86211	738.165	738.166
1.87405	737.819	737.82
1.88599	737.473	737.474
1.89792	737.127	737.128
1.90986	736.781	736.781
1.9218	736.434	736.435
1.93373	736.087	736.088
1.94567	735.739	735.74
1.95761	735.392	735.393
1.96954	735.044	735.045
1.98148	734.696	734.696
1.99342	734.347	734.348
2.00535	733.998	733.999
2.01729	733.649	733.65
2.02923	733.3	733.301
2.04116	732.95	732.951
2.0531	732.6	732.601
2.06504	732.25	732.251
2.07697	731.9	731.901
2.08891	731.549	731.55
2.10085	731.198	731.199
2.11278	730.847	730.848
2.12472	730.495	730.496
2.13666	730.144	730.144
2.14859	729.791	729.792
2.16053	729.439	729.44
2.17246	729.087	729.087
2.1844	728.734	728.735
2.19634	728.381	728.381
2.20827	728.027	728.028
2.22021	727.674	727.674
2.23215	727.32	727.321
2.24408	726.966	726.966
2.25602	726.611	726.612
2.26796	726.257	726.257
2.27989	725.902	725.903
2.29183	725.547	725.547
2.30377	725.191	725.192
2.3157	724.836	724.836
2.32764	724.48	724.48
2.33958	724.124	724.124
2.35151	723.767	723.768
2.36345	723.411	723.411
2.37539	723.054	723.055
2.38732	722.697	722.697
2.39926	722.339	722.34
2.4112	721.982	721.982
2.42313	721.624	721.625
2.43507	721.266	721.267
2.44701	720.907	720.908
2.45894	720.549	720.55
2.47088	720.19	720.191
2.48282	719.831	719.832
2.49475	719.472	719.473
2.50669	719.113	719.113
2.51863	718.753	718.754
2.53056	718.393	718.394
2.5425	718.033	718.034
2.55444	717.673	717.673
2.56637	717.312	717.313
2.57831	716.951	716.952
2.59025	716.59	716.591
2.60218	716.229	716.23
2.61412	715.867	715.868
2.62606	715.506	715.507
2.63799	715.144	715.145
2.64993	714.782	714.783
2.66187	714.419	714.42
2.6738	714.057	714.058
2.68574	713.694	713.695
2.69768	713.331	713.332
2.70961	712.968	712.969
2.72155	712.605	712.606
2.73349	712.241	712.242
2.74542	711.877	711.878
2.75736	711.513	711.514
2.7693	711.149	711.15
2.78123	710.785	710.786
2.79317	710.42	710.421
2.80511	710.055	710.056
2.81704	709.69	709.691
2.82898	709.325	709.326
2.84092	708.96	708.961
2.85285	708.594	708.595
2.86479	708.229	708.229
2.87673	707.863	707.863
2.88866	707.496	707.497
2.9006	707.13	707.131
2.91254	706.764	706.764
2.92447	706.397	706.398
2.93641	706.03	706.031
2.94835	705.663	705.664
2.96028	705.295	705.296
2.97222	704.928	704.929
2.98416	704.56	704.561
2.99609	704.193	704.193
3.00803	703.825	703.825
3.01997	703.456	703.457
3.0319	703.088	703.089
3.04384	702.719	702.72
3.05577	702.351	702.352
3.06771	701.982	701.983
3.07965	701.613	701.614
3.09158	701.243	701.244
3.10352	700.874	700.875
3.11546	700.504	700.505
3.12739	700.135	700.136
3.13933	699.765	699.766
3.15127	699.395	699.395
3.1632	699.024	699.025
3.17514	698.654	698.655
3.18708	698.283	698.284
3.19901	697.913	697.913
3.21095	697.542	697.543
3.22289	697.171	697.171
3.23482	696.799	696.8
3.24676	696.428	696.429
3.2587	696.056	696.057
3.27063	695.685	695.686
3.28257	695.313	695.314
3.29451	694.941	694.942
3.30644	694.569	694.569
3.31838	694.196	694.197
3.33032	693.824	693.825
3.34225	693.451	693.452
3.35419	693.078	693.079
3.36613	692.705	692.706
3.37806	692.332	692.333
3.39	691.959	691.96
3.40194	691.586	691.587
3.41387	691.212	691.213
3.42581	690.839	690.839
3.43775	690.465	690.466
3.44968	690.091	690.092
3.46162	689.717	689.717
3.47356	689.342	689.343
3.48549	688.968	688.969
3.49743	688.594	688.594
3.50937	688.219	688.22
3.5213	687.844	687.845
3.53324	687.469	687.47
3.54518	687.094	687.095
3.55711	686.719	686.72
3.56905	686.344	686.344
3.58099	685.968	685.969
3.59292	685.593	685.593
3.60486	685.217	685.218
3.6168	684.841	684.842
3.62873	684.465	684.466
3.64067	684.089	684.09
3.65261	683.713	683.713
3.66454	683.336	683.337
3.67648	682.96	682.961
3.68842	682.583	682.584
3.70035	682.207	682.207
3.71229	681.83	681.831
3.72423	681.453	681.454
3.73616	681.076	681.076
3.7481	680.698	680.699
3.76004	680.321	680.322
3.77197	679.944	679.945
3.78391	679.566	679.567
3.79585	679.189	679.189
3.80778	678.811	678.812
3.81972	678.433	678.434
3.83166	678.055	678.056
3.84359	677.677	677.678
3.85553	677.299	677.299
3.86747	676.92	676.921
3.8794	676.542	676.543
3.89134	676.163	676.164
3.90327	675.785	675.785
3.91521	675.406	675.407
3.92715	675.027	675.028
3.93908	674.648	674.649
3.95102	674.269	674.27
3.96296	673.89	673.89
3.97489	673.51	673.511
3.98683	673.131	673.132
3.99877	672.751	672.752
4.0107	672.372	672.373
4.02264	671.992	671.993
4.03458	671.612	671.613
4.04651	671.233	671.233
4.05845	670.853	670.853
4.07039	670.473	670.473
4.08232	670.092	670.093
4.09426	669.712	669.713
4.1062	669.332	669.333
4.11813	668.951	668.952
4.13007	668.571	668.572
4.14201	668.19	668.191
4.15394	667.809	667.81
4.16588	667.429	667.429
4.17782	667.048	667.049
4.18975	666.667	666.668
4.20169	666.286	666.287
4.21363	665.905	665.905
4.22556	665.523	665.524
4.2375	665.142	665.143
4.24944	664.761	664.761
4.26137	664.379	664.38
4.27331	663.998	663.998
4.28525	663.616	663.617
4.29718	663.234	663.235
4.30912	662.852	662.853
4.32106	662.47	662.471
4.33299	662.088	662.089
4.34493	661.706	661.707
4.35687	661.324	661.325
4.3688	660.942	660.943
4.38074	660.56	660.561
4.39268	660.177	660.178
4.40461	659.795	659.796
4.41655	659.412	659.413
4.42849	659.03	659.031
4.44042	658.647	658.648
4.45236	658.265	658.265
4.4643	657.882	657.883
4.47623	657.499	657.5
4.48817	657.116	657.117
4.50011	656.733	656.734
4.51204	656.35	656.351
4.52398	655.967	655.968
4.53592	655.584	655.584
4.54785	655.2	655.201
4.55979	654.817	654.818
4.57173	654.434	654.434
4.58366	654.05	654.051
4.5956	653.667	653.667
4.60754	653.283	653.284
4.61947	652.899	652.9
4.63141	652.516	652.516
4.64335	652.132	652.133
4.65528	651.748	651.749
4.66722	651.364	651.365
4.67916	650.98	650.981
4.69109	650.596	650.597
4.70303	650.212	650.213
4.71497	649.828	649.829
4.7269	649.444	649.445
4.73884	649.059	649.06
4.75078	648.675	648.676
4.76271	648.291	648.292
4.77465	647.906	647.907
4.78658	647.522	647.523
4.79852	647.137	647.138
4.81046	646.753	646.754
4.82239	646.368	646.369
4.83433	645.984	645.984
4.84627	645.599	645.6
4.8582	645.214	645.215
4.87014	644.829	644.83
4.88208	644.444	644.445
4.89401	644.059	644.06
4.90595	643.674	643.675
4.91789	643.289	643.29
4.92982	642.904	642.905
4.94176	642.519	642.52
4.9537	642.134	642.135
4.96563	641.749	641.75
4.97757	641.364	641.364
4.98951	640.978	640.979
5.00144	640.593	640.594
5.01338	640.208	640.208
5.02532	639.822	639.823
5.03725	639.437	639.438
5.04919	639.051	639.052
5.06113	638.666	638.666
5.07306	638.28	638.281
5.085	637.894	637.895
5.09694	637.509	637.51
5.10887	637.123	637.124
5.12081	636.737	636.738
5.13275	636.351	636.352
5.14468	635.966	635.966
5.15662	635.58	635.581
5.16856	635.194	635.195
5.18049	634.808	634.809
5.19243	634.422	634.423
5.20437	634.036	634.037
5.2163	633.65	633.651
5.22824	633.264	633.264
5.24018	632.878	632.878
5.25211	632.491	632.492
5.26405	632.105	632.106
5.27599	631.719	631.72
5.28792	631.333	631.334
5.29986	630.946	630.947
5.3118	630.56	630.561
5.32373	630.174	630.175
5.33567	629.787	629.788
5.34761	629.401	629.402
5.35954	629.014	629.015
5.37148	628.628	628.629
5.38342	628.241	628.242
5.39535	627.855	627.856
5.40729	627.468	627.469
5.41923	627.082	627.082
5.43116	626.695	626.696
5.4431	626.308	626.309
5.45504	625.922	625.922
5.46697	625.535	625.536
5.47891	625.148	625.149
5.49085	624.761	624.762
5.50278	624.375	624.375
5.51472	623.988	623.989
5.52666	623.601	623.602
5.53859	623.214	623.215
5.55053	622.827	622.828
5.56247	622.44	622.441
5.5744	622.053	622.054
5.58634	621.666	621.667
5.59828	621.279	621.28
5.61021	620.892	620.893
5.62215	620.505	620.506
5.63408	620.118	620.119
5.64602	619.731	619.732
5.65796	619.344	619.345
5.66989	618.957	618.958
5.68183	618.57	618.57
5.69377	618.182	618.183
5.7057	617.795	617.796
5.71764	617.408	617.409
5.72958	617.021	617.022
5.74151	616.633	616.634
5.75345	616.246	616.247
5.76539	615.859	615.86
5.77732	615.472	615.472
5.78926	615.084	615.085
5.8012	614.697	614.698
5.81313	614.309	614.31
5.82507	613.922	613.923
5.83701	613.535	613.535
5.84894	613.147	613.148
5.86088	612.76	612.76
5.87282	612.372	612.373
5.88475	611.985	611.985
5.89669	611.597	611.598
5.90863	611.21	611.21
5.92056	610.822	610.823
5.9325	610.435	610.435
5.94444	610.047	610.048
5.95637	609.659	609.66
5.96831	609.272	609.272
5.98025	608.884	608.885
5.99218	608.496	608.497
6.00412	608.109	608.11
6.01606	607.721	607.722
6.02799	607.333	607.334
6.03993	606.946	606.946
6.05187	606.558	606.559
6.0638	606.17	606.171
6.07574	605.782	605.783
6.08768	605.395	605.395
6.09961	605.007	605.008
6.11155	604.619	604.62
6.12349	604.231	604.232
6.13542	603.843	603.844
6.14736	603.456	603.456
6.1593	603.068	603.068
6.17123	602.68	602.681
6.18317	602.292	602.293
6.19511	601.904	601.905
6.20704	601.516	601.517
6.21898	601.128	601.129
6.23092	600.74	600.741
6.24285	600.352	600.353
6.25479	599.964	599.965
6.26673	599.576	599.577
6.27866	599.188	599.189
6.2906	598.8	598.801
6.30254	598.412	598.413
6.31447	598.024	598.025
6.32641	597.636	597.637
6.33835	597.248	597.249
6.35028	596.86	596.861
6.36222	596.472	596.473
6.37416	596.084	596.085
6.38609	595.696	595.697
6.39803	595.308	595.308
6.40997	594.92	594.92
6.4219	594.531	594.532
6.43384	594.143	594.144
6.44578	593.755	593.756
6.45771	593.367	593.368
6.46965	592.979	592.979
6.48159	592.59	592.591
6.49352	592.202	592.203
6.50546	591.814	591.815
6.51739	591.426	591.427
6.52933	591.038	591.038
6.54127	590.649	590.65
6.5532	590.261	590.262
6.56514	589.873	589.874
6.57708	589.484	589.485
6.58901	589.096	589.097
6.60095	588.708	588.709
6.61289	588.319	588.32
6.62482	587.931	587.932
6.63676	587.543	587.544
6.6487	587.154	587.155
6.66063	586.766	586.767
6.67257	586.378	586.378
6.68451	585.989	585.99
6.69644	585.601	585.602
6.70838	585.212	585.213
6.72032	584.824	584.825
6.73225	584.436	584.436
6.74419	584.047	584.048
6.75613	583.659	583.659
6.76806	583.27	583.271
6.78	582.882	582.882
6.79194	582.493	582.494
6.80387	582.105	582.105
6.81581	581.716	581.717
6.82775	581.328	581.328
6.83968	580.939	580.94
6.85162	580.55	580.551
6.86356	580.162	580.163
6.87549	579.773	579.774
6.88743	579.385	579.385
6.89937	578.996	578.997
6.9113	578.607	578.608
6.92324	578.219	578.22
6.93518	577.83	577.831
6.94711	577.441	577.442
6.95905	577.053	577.054
6.97099	576.664	576.665
6.98292	576.275	576.276
6.99486	575.887	575.887
7.0068	575.498	575.499
7.01873	575.109	575.11
7.03067	574.72	574.721
7.04261	574.332	574.332
7.05454	573.943	573.944
7.06648	573.554	573.555
7.07842	573.165	573.166
7.09035	572.776	572.777
7.10229	572.388	572.388
7.11423	571.999	571.999
7.12616	571.61	571.611
7.1381	571.221	571.222
7.15004	570.832	570.833
7.16197	570.443	570.444
7.17391	570.054	570.055
7.18585	569.665	569.666
7.19778	569.276	569.277
7.20972	568.887	568.888
7.22166	568.498	568.499
7.23359	568.109	568.11
7.24553	567.72	567.721
7.25747	567.331	567.332
7.2694	566.942	566.943
7.28134	566.553	566.554
7.29328	566.164	566.165
7.30521	565.775	565.776
7.31715	565.386	565.387
7.32909	564.997	564.997
7.34102	564.608	564.608
7.35296	564.218	564.219
7.36489	563.829	563.83
7.37683	563.44	563.441
7.38877	563.051	563.052
7.4007	562.662	562.662
7.41264	562.272	562.273
7.42458	561.883	561.884
7.43651	561.494	561.494
7.44845	561.104	561.105
7.46039	560.715	560.716
7.47232	560.326	560.327
7.48426	559.936	559.937
7.4962	559.547	559.548
7.50813	559.158	559.158
7.52007	558.768	558.769
7.53201	558.379	558.379
7.54394	557.989	557.99
7.55588	557.6	557.601
7.56782	557.21	557.211
7.57975	556.821	556.821
7.59169	556.431	556.432
7.60363	556.042	556.042
7.61556	555.652	555.653
7.6275	555.262	555.263
7.63944	554.873	554.874
7.65137	554.483	554.484
7.66331	554.093	554.094
7.67525	553.704	553.705
7.68718	553.314	553.315
7.69912	552.924	552.925
7.71106	552.535	552.535
7.72299	552.145	552.146
7.73493	551.755	551.756
7.74687	551.365	551.366
7.7588	550.975	550.976
7.77074	550.585	550.586
7.78268	550.195	550.196
7.79461	549.806	549.806
7.80655	549.416	549.416
7.81849	549.026	549.026
7.83042	548.636	548.636
7.84236	548.246	548.246
7.8543	547.856	547.856
7.86623	547.465	547.466
7.87817	547.075	547.076
7.89011	546.685	546.686
7.90204	546.295	546.296
7.91398	545.905	545.906
7.92592	545.515	545.515
7.93785	545.124	545.125
7.94979	544.734	544.735
7.96173	544.344	544.345
7.97366	543.954	543.954
7.9856	543.563	543.564
7.99754	543.173	543.174
8.00947	542.783	542.783
8.02141	542.392	542.393
8.03335	542.002	542.002
8.04528	541.611	541.612
8.05722	541.221	541.221
8.06916	540.83	540.831
8.08109	540.44	540.44
8.09303	540.049	540.05
8.10497	539.658	539.659
8.1169	539.268	539.268
8.12884	538.877	538.878
8.14078	538.486	538.487
8.15271	538.095	538.096
8.16465	537.705	537.706
8.17659	537.314	537.315
8.18852	536.923	536.924
8.20046	536.532	536.533
8.2124	536.141	536.142
8.22433	535.75	535.751
8.23627	535.359	535.36
8.2482	534.968	534.969
8.26014	534.577	534.578
8.27208	534.186	534.187
8.28401	533.795	533.796
8.29595	533.404	533.405
8.30789	533.013	533.014
8.31982	532.622	532.623
8.33176	532.23	532.231
8.3437	531.839	531.84
8.35563	531.448	531.449
8.36757	531.057	531.057
8.37951	530.665	530.666
8.39144	530.274	530.275
8.40338	529.882	529.883
8.41532	529.491	529.492
8.42725	529.099	529.1
8.43919	528.708	528.709
8.45113	528.316	528.317
8.46306	527.925	527.926
8.475	527.533	527.534
8.48694	527.141	527.142
8.49887	526.75	526.75
8.51081	526.358	526.359
8.52275	525.966	525.967
8.53468	525.574	525.575
8.54662	525.182	525.183
8.55856	524.791	524.791
8.57049	524.399	524.399
8.58243	524.007	524.007
8.59437	523.615	523.615
8.6063	523.223	523.223
8.61824	522.83	522.831
8.63018	522.438	522.439
8.64211	522.046	522.047
8.65405	521.654	521.655
8.66599	521.262	521.263
8.67792	520.869	520.87
8.68986	520.477	520.478
8.7018	520.085	520.086
8.71373	519.692	519.693
8.72567	519.3	519.301
8.73761	518.908	518.908
8.74954	518.515	518.516
8.76148	518.122	518.123
8.77342	517.73	517.731
8.78535	517.337	517.338
8.79729	516.945	516.945
8.80923	516.552	516.553
8.82116	516.159	516.16
8.8331	515.766	515.767
8.84504	515.374	515.374
8.85697	514.981	514.981
8.86891	514.588	514.589
8.88085	514.195	514.196
8.89278	513.802	513.803
8.90472	513.409	513.41
8.91666	513.016	513.017
8.92859	512.623	512.623
8.94053	512.229	512.23
8.95247	511.836	511.837
8.9644	511.443	511.444
8.97634	511.05	511.051
8.98828	510.657	510.657
9.00021	510.263	510.264
9.01215	509.87	509.871
9.02409	509.476	509.477
9.03602	509.083	509.084
9.04796	508.689	508.69
9.0599	508.296	508.297
9.07183	507.902	507.903
9.08377	507.509	507.509
9.0957	507.115	507.116
9.10764	506.721	506.722
9.11958	506.328	506.328
9.13151	505.934	505.935
9.14345	505.54	505.541
9.15539	505.146	505.147
9.16732	504.752	504.753
9.17926	504.358	504.359
9.1912	503.964	503.965
9.20313	503.57	503.571
9.21507	503.176	503.177
9.22701	502.782	502.783
9.23894	502.388	502.389
9.25088	501.994	501.994
9.26282	501.599	501.6
9.27475	501.205	501.206
9.28669	500.811	500.812
9.29863	500.417	500.417
9.31056	500.022	500.023
9.3225	499.628	499.629
9.33444	499.233	499.234
9.34637	498.839	498.84
9.35831	498.444	498.445
9.37025	498.05	498.05
9.38218	497.655	497.656
9.39412	497.26	497.261
9.40606	496.866	496.866
9.41799	496.471	496.472
9.42993	496.076	496.077
9.44187	495.681	495.682
9.4538	495.287	495.287
9.46574	494.892	494.892
9.47768	494.497	494.498
9.48961	494.102	494.103
9.50155	493.707	493.708
9.51349	493.312	493.313
9.52542	492.917	492.918
9.53736	492.522	492.522
9.5493	492.127	492.127
9.56123	491.731	491.732
9.57317	491.336	491.337
9.58511	490.941	490.942
9.59704	490.546	490.547
9.60898	490.15	490.151
9.62092	489.755	489.756
9.63285	489.36	489.361
9.64479	488.964	488.965
9.65673	488.569	488.57
9.66866	488.173	488.174
9.6806	487.778	487.779
9.69254	487.382	487.383
9.70447	486.987	486.988
9.71641	486.591	486.592
9.72835	486.196	486.196
9.74028	485.8	485.801
9.75222	485.404	485.405
9.76416	485.009	485.009
9.77609	484.613	484.614
9.78803	484.217	484.218
9.79997	483.821	483.822
9.8119	483.426	483.426
9.82384	483.03	483.031
9.83578	482.634	482.635
9.84771	482.238	482.239
9.85965	481.842	481.843
9.87159	481.446	481.447
9.88352	481.05	481.051
9.89546	480.654	480.655
9.9074	480.258	480.259
9.91933	479.862	479.863
9.93127	479.466	479.467
9.94321	479.07	479.071
9.95514	478.674	478.675
9.96708	478.278	478.279
9.97901	477.882	477.883
9.99095	477.486	477.486
10.0029	477.089	477.09
10.0148	476.693	476.694
10.0268	476.297	476.298
10.0387	475.901	475.902
10.0506	475.505	475.505
10.0626	475.108	475.109
10.0745	474.712	474.713
10.0864	474.316	474.317
10.0984	473.919	473.92
10.1103	473.523	473.524
10.1223	473.127	473.128
10.1342	472.731	472.731
10.1461	472.334	472.335
10.1581	471.938	471.939
10.17	471.541	471.542
10.1819	471.145	471.146
10.1939	470.749	470.75
10.2058	470.352	470.353
10.2177	469.956	469.957
10.2297	469.56	469.56
10.2416	469.163	469.164
10.2536	468.767	468.768
10.2655	468.37	468.371
10.2774	467.974	467.975
10.2894	467.578	467.578
10.3013	467.181	467.182
10.3132	466.785	466.786
10.3252	466.388	466.389
10.3371	465.992	465.993
10.3491	465.596	465.596
10.361	465.199	465.2
10.3729	464.803	464.804
10.3849	464.407	464.407
10.3968	464.01	464.011
10.4087	463.614	463.615
10.4207	463.218	463.218
10.4326	462.821	462.822
10.4445	462.425	462.426
10.4565	462.029	462.029
10.4684	461.632	461.633
10.4804	461.236	461.237
10.4923	460.84	460.841
10.5042	460.444	460.444
10.5162	460.047	460.048
10.5281	459.651	459.652
10.54	459.255	459.256
10.552	458.859	458.86
10.5639	458.463	458.463
10.5758	458.067	458.067
10.5878	457.67	457.671
10.5997	457.274	457.275
10.6117	456.878	456.879
10.6236	456.482	456.483
10.6355	456.086	456.087
10.6475	455.691	455.691
10.6594	455.295	455.295
10.6713	454.899	454.9
10.6833	454.503	454.504
10.6952	454.107	454.108
10.7071	453.711	453.712
10.7191	453.316	453.316
10.731	452.92	452.921
10.743	452.524	452.525
10.7549	452.129	452.13
10.7668	451.733	451.734
10.7788	451.338	451.338
10.7907	450.942	450.943
10.8026	450.547	450.548
10.8146	450.151	450.152
10.8265	449.756	449.757
10.8385	449.361	449.362
10.8504	448.966	448.966
10.8623	448.571	448.571
10.8743	448.175	448.176
10.8862	447.78	447.781
10.8981	447.385	447.386
10.9101	446.991	446.991
10.922	446.596	446.596
10.9339	446.201	446.202
10.9459	445.806	445.807
10.9578	445.412	445.412
10.9698	445.017	445.018
10.9817	444.623	444.623
10.9936	444.228	444.229
11.0056	443.834	443.835
11.0175	443.439	443.44
11.0294	443.045	443.046
11.0414	442.651	442.652
11.0533	442.257	442.258
11.0652	441.863	441.864
11.0772	441.469	441.47
11.0891	441.076	441.076
11.1011	440.682	440.683
11.113	440.288	440.289
11.1249	439.895	439.895
11.1369	439.501	439.502
11.1488	439.108	439.109
11.1607	438.715	438.715
11.1727	438.322	438.322
11.1846	437.929	437.929
11.1966	437.536	437.536
11.2085	437.143	437.144
11.2204	436.75	436.751
11.2324	436.357	436.358
11.2443	435.965	435.966
11.2562	435.573	435.573
11.2682	435.18	435.181
11.2801	434.788	434.789
11.292	434.396	434.397
11.304	434.004	434.005
11.3159	433.612	433.613
11.3279	433.221	433.221
11.3398	432.829	432.83
11.3517	432.438	432.438
11.3637	432.046	432.047
11.3756	431.655	431.656
11.3875	431.264	431.265
11.3995	430.873	430.874
11.4114	430.483	430.483
11.4233	430.092	430.093
11.4353	429.701	429.702
11.4472	429.311	429.312
11.4592	428.921	428.922
11.4711	428.531	428.532
11.483	428.141	428.142
11.495	427.751	427.752
11.5069	427.362	427.362
11.5188	426.972	426.973
11.5308	426.583	426.584
11.5427	426.194	426.195
11.5546	425.805	425.806
11.5666	425.416	425.417
11.5785	425.027	425.028
11.5905	424.639	424.64
11.6024	424.251	424.251
11.6143	423.863	423.863
11.6263	423.475	423.475
11.6382	423.087	423.088
11.6501	422.699	422.7
11.6621	422.312	422.313
11.674	421.925	421.925
11.686	421.538	421.538
11.6979	421.151	421.152
11.7098	420.764	420.765
11.7218	420.378	420.379
11.7337	419.992	419.992
11.7456	419.606	419.606
11.7576	419.22	419.22
11.7695	418.834	418.835
11.7814	418.449	418.449
11.7934	418.063	418.064
11.8053	417.678	417.679
11.8173	417.294	417.294
11.8292	416.909	416.91
11.8411	416.525	416.525
11.8531	416.14	416.141
11.865	415.757	415.757
11.8769	415.373	415.374
11.8889	414.989	414.99
11.9008	414.606	414.607
11.9127	414.223	414.224
11.9247	413.84	413.841
11.9366	413.458	413.459
11.9486	413.076	413.076
11.9605	412.694	412.694
11.9724	412.312	412.312
11.9844	411.93	411.931
11.9963	411.549	411.55
12.0082	411.168	411.168
12.0202	410.787	410.788
12.0321	410.406	410.407
12.0441	410.026	410.027
12.056	409.646	409.647
12.0679	409.266	409.267
12.0799	408.887	408.888
12.0918	408.508	408.508
12.1037	408.129	408.13
12.1157	407.75	407.751
12.1276	407.372	407.373
12.1395	406.994	406.994
12.1515	406.616	406.617
12.1634	406.239	406.239
12.1754	405.861	405.862
12.1873	405.484	405.485
12.1992	405.108	405.108
12.2112	404.731	404.732
12.2231	404.355	404.356
12.235	403.98	403.98
12.247	403.604	403.605
12.2589	403.229	403.23
12.2708	402.854	402.855
12.2828	402.48	402.481
12.2947	402.106	402.106
12.3067	401.732	401.733
12.3186	401.358	401.359
12.3305	400.985	400.986
12.3425	400.612	400.613
12.3544	400.24	400.24
12.3663	399.868	399.868
12.3783	399.496	399.496
12.3902	399.124	399.125
12.4021	398.753	398.754
12.4141	398.382	398.383
12.426	398.012	398.012
12.438	397.642	397.642
12.4499	397.272	397.273
12.4618	396.903	396.903
12.4738	396.534	396.534
12.4857	396.165	396.165
12.4976	395.797	395.797
12.5096	395.429	395.429
12.5215	395.061	395.062
12.5335	394.694	394.694
12.5454	394.327	394.328
12.5573	393.961	393.961
12.5693	393.595	393.595
12.5812	393.229	393.229
12.5931	392.864	392.864
12.6051	392.499	392.499
12.617	392.134	392.135
12.6289	391.77	391.771
12.6409	391.406	391.407
12.6528	391.043	391.044
12.6648	390.68	390.681
12.6767	390.318	390.318
12.6886	389.956	389.956
12.7006	389.594	389.595
12.7125	389.233	389.233
12.7244	388.872	388.873
12.7364	388.512	388.512
12.7483	388.152	388.152
12.7602	387.792	387.793
12.7722	387.433	387.434
12.7841	387.074	387.075
12.7961	386.716	386.717
12.808	386.359	386.359
12.8199	386.001	386.002
12.8319	385.644	385.645
12.8438	385.288	385.288
12.8557	384.932	384.932
12.8677	384.576	384.577
12.8796	384.221	384.222
12.8916	383.867	383.867
12.9035	383.513	383.513
12.9154	383.159	383.16
12.9274	382.806	382.806
12.9393	382.453	382.454
12.9512	382.101	382.101
12.9632	381.749	381.75
12.9751	381.398	381.398
12.987	381.047	381.048
12.999	380.697	380.697
13.0109	380.347	380.347
13.0229	379.998	379.998
13.0348	379.649	379.649
13.0467	379.301	379.301
13.0587	378.953	378.953
13.0706	378.605	378.606
13.0825	378.259	378.259
13.0945	377.912	377.913
13.1064	377.567	377.567
13.1183	377.221	377.222
13.1303	376.877	376.877
13.1422	376.532	376.533
13.1542	376.189	376.189
13.1661	375.846	375.846
13.178	375.503	375.504
13.19	375.161	375.161
13.2019	374.819	374.82
13.2138	374.478	374.479
13.2258	374.138	374.138
13.2377	373.798	373.799
13.2496	373.459	373.459
13.2616	373.12	373.12
13.2735	372.782	372.782
13.2855	372.444	372.444
13.2974	372.107	372.107
13.3093	371.77	371.771
13.3213	371.434	371.435
13.3332	371.099	371.099
13.3451	370.764	370.765
13.3571	370.43	370.43
13.369	370.096	370.097
13.381	369.763	369.764
13.3929	369.431	369.431
13.4048	369.099	369.099
13.4168	368.767	368.768
13.4287	368.436	368.437
13.4406	368.106	368.107
13.4526	367.777	367.777
13.4645	367.448	367.448
13.4764	367.119	367.12
13.4884	366.792	366.792
13.5003	366.465	366.465
13.5123	366.138	366.138
13.5242	365.812	365.813
13.5361	365.487	365.487
13.5481	365.162	365.163
13.56	364.838	364.839
13.5719	364.515	364.515
13.5839	364.192	364.192
13.5958	363.87	363.87
13.6077	363.548	363.549
13.6197	363.227	363.228
13.6316	362.907	362.907
13.6436	362.587	362.588
13.6555	362.268	362.269
13.6674	361.95	361.951
13.6794	361.632	361.633
13.6913	361.315	361.316
13.7032	360.999	360.999
13.7152	360.683	360.684
13.7271	360.368	360.369
13.7391	360.054	360.054
13.751	359.74	359.741
13.7629	359.427	359.427
13.7749	359.115	359.115
13.7868	358.803	358.803
13.7987	358.492	358.492
13.8107	358.182	358.182
13.8226	357.872	357.872
13.8345	357.563	357.563
13.8465	357.255	357.255
13.8584	356.947	356.947
13.8704	356.64	356.64
13.8823	356.334	356.334
13.8942	356.028	356.028
13.9062	355.723	355.724
13.9181	355.419	355.419
13.93	355.116	355.116
13.942	354.813	354.813
13.9539	354.511	354.511
13.9658	354.209	354.21
13.9778	353.909	353.909
13.9897	353.609	353.609
14.0017	353.31	353.31
14.0136	353.011	353.012
14.0255	352.713	352.714
14.0375	352.416	352.417
14.0494	352.12	352.12
14.0613	351.824	351.825
14.0733	351.53	351.53
14.0852	351.235	351.236
14.0971	350.942	350.942
14.1091	350.649	350.65
14.121	350.357	350.358
14.133	350.066	350.067
14.1449	349.776	349.776
14.1568	349.486	349.486
14.1688	349.197	349.197
14.1807	348.909	348.909
14.1926	348.621	348.622
14.2046	348.335	348.335
14.2165	348.049	348.049
14.2285	347.764	347.764
14.2404	347.479	347.479
14.2523	347.195	347.196
14.2643	346.912	346.913
14.2762	346.63	346.631
14.2881	346.349	346.349
14.3001	346.068	346.069
14.312	345.788	345.789
14.3239	345.509	345.51
14.3359	345.231	345.231
14.3478	344.953	344.954
14.3598	344.677	344.677
14.3717	344.401	344.401
14.3836	344.125	344.126
14.3956	343.851	343.851
14.4075	343.577	343.578
14.4194	343.304	343.305
14.4314	343.032	343.033
14.4433	342.761	342.761
14.4552	342.491	342.491
14.4672	342.221	342.221
14.4791	341.952	341.952
14.4911	341.684	341.684
14.503	341.416	341.417
14.5149	341.15	341.15
14.5269	340.884	340.884
14.5388	340.619	340.619
14.5507	340.355	340.355
14.5627	340.092	340.092
14.5746	339.829	339.829
14.5866	339.568	339.568
14.5985	339.307	339.307
14.6104	339.047	339.047
14.6224	338.787	338.787
14.6343	338.529	338.529
14.6462	338.271	338.271
14.6582	338.014	338.014
14.6701	337.758	337.758
14.682	337.503	337.503
14.694	337.249	337.249
14.7059	336.995	336.995
14.7179	336.742	336.742
14.7298	336.49	336.491
14.7417	336.239	336.239
14.7537	335.989	335.989
14.7656	335.739	335.74
14.7775	335.491	335.491
14.7895	335.243	335.243
14.8014	334.996	334.996
14.8133	334.75	334.75
14.8253	334.505	334.505
14.8372	334.26	334.26
14.8492	334.016	334.017
14.8611	333.774	333.774
14.873	333.532	333.532
14.885	333.29	333.291
14.8969	333.05	333.05
14.9088	332.811	332.811
14.9208	332.572	332.572
14.9327	332.334	332.334
14.9446	332.097	332.097
14.9566	331.861	331.861
14.9685	331.626	331.626
14.9805	331.391	331.392
14.9924	331.158	331.158
15.0043	330.925	330.925
15.0163	330.693	330.693
15.0282	330.462	330.462
15.0401	330.232	330.232
15.0521	330.003	330.003
15.064	329.774	329.774
15.076	329.546	329.547
15.0879	329.32	329.32
15.0998	329.094	329.094
15.1118	328.868	328.869
15.1237	328.644	328.644
15.1356	328.421	328.421
15.1476	328.198	328.198
15.1595	327.976	327.977
15.1714	327.756	327.756
15.1834	327.536	327.536
15.1953	327.316	327.316
15.2073	327.098	327.098
15.2192	326.881	326.881
15.2311	326.664	326.664
15.2431	326.448	326.448
15.255	326.233	326.233
15.2669	326.019	326.019
15.2789	325.806	325.806
15.2908	325.594	325.594
15.3027	325.382	325.382
15.3147	325.172	325.172
15.3266	324.962	324.962
15.3386	324.753	324.753
15.3505	324.545	324.545
15.3624	324.338	324.338
15.3744	324.131	324.131
15.3863	323.926	323.926
15.3982	323.721	323.721
15.4102	323.517	323.517
15.4221	323.314	323.314
15.4341	323.112	323.112
15.446	322.911	322.911
15.4579	322.71	322.711
15.4699	322.511	322.511
15.4818	322.312	322.312
15.4937	322.114	322.114
15.5057	321.917	321.918
15.5176	321.721	321.721
15.5295	321.526	321.526
15.5415	321.332	321.332
15.5534	321.138	321.138
15.5654	320.945	320.945
15.5773	320.753	320.754
15.5892	320.562	320.563
15.6012	320.372	320.372
15.6131	320.183	320.183
15.625	319.995	319.995
15.637	319.807	319.807
15.6489	319.62	319.62
15.6608	319.434	319.434
15.6728	319.249	319.249
15.6847	319.065	319.065
15.6967	318.882	318.882
15.7086	318.699	318.699
15.7205	318.517	318.517
15.7325	318.336	318.337
15.7444	318.156	318.157
15.7563	317.977	317.977
15.7683	317.799	317.799
15.7802	317.622	317.622
15.7921	317.445	317.445
15.8041	317.269	317.269
15.816	317.094	317.094
15.828	316.92	316.92
15.8399	316.747	316.747
15.8518	316.574	316.574
15.8638	316.403	316.403
15.8757	316.232	316.232
15.8876	316.062	316.062
15.8996	315.893	315.893
15.9115	315.725	315.725
15.9235	315.557	315.557
15.9354	315.391	315.391
15.9473	315.225	315.225
15.9593	315.06	315.06
15.9712	314.896	314.896
15.9831	314.733	314.733
15.9951	314.57	314.57
16.007	314.408	314.408
16.0189	314.248	314.248
16.0309	314.088	314.088
16.0428	313.928	313.928
16.0548	313.77	313.77
16.0667	313.613	313.612
16.0786	313.456	313.456
16.0906	313.3	313.3
16.1025	313.145	313.145
16.1144	312.99	312.99
16.1264	312.837	312.837
16.1383	312.684	312.684
16.1502	312.533	312.533
16.1622	312.381	312.381
16.1741	312.231	312.231
16.1861	312.082	312.082
16.198	311.933	311.933
16.2099	311.785	311.785
16.2219	311.638	311.638
16.2338	311.492	311.492
16.2457	311.347	311.347
16.2577	311.202	311.202
16.2696	311.058	311.058
16.2816	310.915	310.915
16.2935	310.773	310.773
16.3054	310.631	310.631
16.3174	310.491	310.491
16.3293	310.351	310.351
16.3412	310.212	310.212
16.3532	310.073	310.073
16.3651	309.936	309.936
16.377	309.799	309.799
16.389	309.663	309.663
16.4009	309.528	309.528
16.4129	309.394	309.394
16.4248	309.26	309.26
16.4367	309.127	309.127
16.4487	308.995	308.995
16.4606	308.864	308.864
16.4725	308.733	308.733
16.4845	308.603	308.603
16.4964	308.474	308.474
16.5083	308.346	308.346
16.5203	308.218	308.218
16.5322	308.092	308.092
16.5442	307.966	307.966
16.5561	307.84	307.84
16.568	307.716	307.716
16.58	307.592	307.592
16.5919	307.469	307.469
16.6038	307.347	307.347
16.6158	307.225	307.225
16.6277	307.104	307.104
16.6396	306.984	306.984
16.6516	306.865	306.865
16.6635	306.746	306.746
16.6755	306.629	306.629
16.6874	306.512	306.511
16.6993	306.395	306.395
16.7113	306.28	306.279
16.7232	306.165	306.165
16.7351	306.05	306.05
16.7471	305.937	305.937
16.759	305.824	305.824
16.771	305.712	305.712
16.7829	305.601	305.601
16.7948	305.49	305.49
16.8068	305.38	305.38
16.8187	305.271	305.271
16.8306	305.162	305.162
16.8426	305.055	305.055
16.8545	304.948	304.948
16.8664	304.841	304.841
16.8784	304.735	304.735
16.8903	304.63	304.63
16.9023	304.526	304.526
16.9142	304.423	304.422
16.9261	304.32	304.32
16.9381	304.217	304.217
16.95	304.116	304.116
16.9619	304.015	304.015
16.9739	303.915	303.915
16.9858	303.815	303.815
16.9977	303.716	303.716
17.0097	303.618	303.618
17.0216	303.52	303.52
17.0336	303.424	303.424
17.0455	303.327	303.327
17.0574	303.232	303.232
17.0694	303.137	303.137
17.0813	303.043	303.043
17.0932	302.949	302.949
17.1052	302.856	302.856
17.1171	302.764	302.764
17.1291	302.672	302.672
17.141	302.581	302.581
17.1529	302.491	302.491
17.1649	302.401	302.401
17.1768	302.312	302.312
17.1887	302.224	302.224
17.2007	302.136	302.136
17.2126	302.049	302.049
17.2245	301.962	301.962
17.2365	301.877	301.876
17.2484	301.791	301.791
17.2604	301.707	301.706
17.2723	301.622	301.622
17.2842	301.539	301.539
17.2962	301.456	301.456
17.3081	301.374	301.374
17.32	301.292	301.292
17.332	301.211	301.211
17.3439	301.131	301.131
17.3558	301.051	301.051
17.3678	300.972	300.972
17.3797	300.893	300.893
17.3917	300.815	300.815
17.4036	300.738	300.738
17.4155	300.661	300.661
17.4275	300.585	300.585
17.4394	300.509	300.509
17.4513	300.434	300.434
17.4633	300.359	300.359
17.4752	300.285	300.285
17.4871	300.212	300.212
17.4991	300.139	300.139
17.511	300.067	300.067
17.523	299.995	299.995
17.5349	299.924	299.924
17.5468	299.853	299.853
17.5588	299.783	299.783
17.5707	299.714	299.714
17.5826	299.645	299.645
17.5946	299.577	299.576
17.6065	299.509	299.509
17.6185	299.441	299.441
17.6304	299.375	299.375
17.6423	299.308	299.308
17.6543	299.243	299.243
17.6662	299.178	299.177
17.6781	299.113	299.113
17.6901	299.049	299.049
17.702	298.985	298.985
17.7139	298.922	298.922
17.7259	298.86	298.859
17.7378	298.797	298.797
17.7498	298.736	298.736
17.7617	298.675	298.675
17.7736	298.614	298.614
17.7856	298.554	298.554
17.7975	298.495	298.495
17.8094	298.436	298.436
17.8214	298.377	298.377
17.8333	298.319	298.319
17.8452	298.262	298.262
17.8572	298.205	298.205
17.8691	298.148	298.148
17.8811	298.092	298.092
17.893	298.036	298.036
17.9049	297.981	297.981
17.9169	297.927	297.927
17.9288	297.872	297.872
17.9407	297.819	297.819
17.9527	297.765	297.765
17.9646	297.713	297.713
17.9766	297.66	297.66
17.9885	297.608	297.608
18.0004	297.557	297.557
18.0124	297.506	297.506
18.0243	297.456	297.455
18.0362	297.405	297.405
18.0482	297.356	297.356
18.0601	297.307	297.307
18.072	297.258	297.258
18.084	297.21	297.21
18.0959	297.162	297.162
18.1079	297.114	297.114
18.1198	297.067	297.067
18.1317	297.021	297.021
18.1437	296.975	296.975
18.1556	296.929	296.929
18.1675	296.884	296.883
18.1795	296.839	296.839
18.1914	296.794	296.794
18.2033	296.75	296.75
18.2153	296.706	296.706
18.2272	296.663	296.663
18.2392	296.62	296.62
18.2511	296.578	296.578
18.263	296.536	296.536
18.275	296.494	296.494
18.2869	296.453	296.453
18.2988	296.412	296.412
18.3108	296.371	296.371
18.3227	296.331	296.331
18.3346	296.292	296.291
18.3466	296.252	296.252
18.3585	296.213	296.213
18.3705	296.175	296.175
18.3824	296.136	296.136
18.3943	296.099	296.098
18.4063	296.061	296.061
18.4182	296.024	296.024
18.4301	295.987	295.987
18.4421	295.951	295.951
18.454	295.915	295.915
18.466	295.879	295.879
18.4779	295.844	295.844
18.4898	295.809	295.809
18.5018	295.774	295.774
18.5137	295.74	295.74
18.5256	295.706	295.706
18.5376	295.672	295.672
18.5495	295.639	295.639
18.5614	295.606	295.606
18.5734	295.573	295.573
18.5853	295.541	295.541
18.5973	295.509	295.509
18.6092	295.478	295.477
18.6211	295.446	295.446
18.6331	295.415	295.415
18.645	295.385	295.385
18.6569	295.354	295.354
18.6689	295.324	295.324
18.6808	295.294	295.294
18.6927	295.265	295.265
18.7047	295.236	295.236
18.7166	295.207	295.207
18.7286	295.179	295.179
18.7405	295.15	295.15
18.7524	295.123	295.123
18.7644	295.095	295.095
18.7763	295.068	295.068
18.7882	295.041	295.041
18.8002	295.014	295.014
18.8121	294.987	294.987
18.8241	294.961	294.961
18.836	294.935	294.935
18.8479	294.91	294.91
18.8599	294.884	294.884
18.8718	294.859	294.859
18.8837	294.835	294.835
18.8957	294.81	294.81
18.9076	294.786	294.786
18.9195	294.762	294.762
18.9315	294.738	294.738
18.9434	294.715	294.715
18.9554	294.692	294.692
18.9673	294.669	294.669
18.9792	294.646	294.646
18.9912	294.624	294.624
19.0031	294.601	294.601
19.015	294.579	294.579
19.027	294.558	294.558
19.0389	294.536	294.536
19.0508	294.515	294.515
19.0628	294.494	294.494
19.0747	294.474	294.473
19.0867	294.453	294.453
19.0986	294.433	294.433
19.1105	294.413	294.413
19.1225	294.393	294.393
19.1344	294.374	294.373
19.1463	294.354	294.354
19.1583	294.335	294.335
19.1702	294.316	294.316
19.1821	294.298	294.298
19.1941	294.279	294.279
19.206	294.261	294.261
19.218	294.243	294.243
19.2299	294.225	294.225
19.2418	294.208	294.208
19.2538	294.19	294.19
19.2657	294.173	294.173
19.2776	294.156	294.156
19.2896	294.139	294.139
19.3015	294.123	294.123
19.3135	294.106	294.106
19.3254	294.09	294.09
19.3373	294.074	294.074
19.3493	294.059	294.059
19.3612	294.043	294.043
19.3731	294.028	294.028
19.3851	294.012	294.012
19.397	293.997	293.997
19.4089	293.983	293.983
19.4209	293.968	293.968
19.4328	293.954	293.954
19.4448	293.939	293.939
19.4567	293.925	293.925
19.4686	293.911	293.911
19.4806	293.898	293.898
19.4925	293.884	293.884
19.5044	293.871	293.871
19.5164	293.857	293.857
19.5283	293.844	293.844
19.5402	293.831	293.831
19.5522	293.819	293.819
19.5641	293.806	293.806
19.5761	293.794	293.794
19.588	293.781	293.781
19.5999	293.769	293.769
19.6119	293.757	293.757
19.6238	293.746	293.746
19.6357	293.734	293.734
19.6477	293.723	293.723
19.6596	293.711	293.711
19.6716	293.7	293.7
19.6835	293.689	293.689
19.6954	293.678	293.678
19.7074	293.667	293.667
19.7193	293.657	293.657
19.7312	293.646	293.646
19.7432	293.636	293.636
19.7551	293.626	293.626
19.767	293.616	293.616
19.779	293.606	293.606
19.7909	293.596	293.596
19.8029	293.587	293.587
19.8148	293.577	293.577
19.8267	293.568	293.568
19.8387	293.559	293.558
19.8506	293.549	293.549
19.8625	293.54	293.54
19.8745	293.532	293.532
19.8864	293.523	293.523
19.8983	293.514	293.514
19.9103	293.506	293.506
19.9222	293.497	293.497
19.9342	293.489	293.489
19.9461	293.481	293.481
19.958	293.473	293.473
19.97	293.465	293.465
19.9819	293.457	293.457
19.9938	293.449	293.449
20.0058	293.442	293.442
20.0177	293.434	293.434
20.0296	293.427	293.427
20.0416	293.42	293.42
20.0535	293.413	293.413
20.0655	293.405	293.405
20.0774	293.399	293.399
20.0893	293.392	293.392
20.1013	293.385	293.385
20.1132	293.378	293.378
20.1251	293.372	293.372
20.1371	293.365	293.365
20.149	293.359	293.359
20.161	293.353	293.353
20.1729	293.346	293.346
20.1848	293.34	293.34
20.1968	293.334	293.334
20.2087	293.328	293.328
20.2206	293.323	293.323
20.2326	293.317	293.317
20.2445	293.311	293.311
20.2564	293.306	293.306
20.2684	293.3	293.3
20.2803	293.295	293.295
20.2923	293.29	293.289
20.3042	293.284	293.284
20.3161	293.279	293.279
20.3281	293.274	293.274
20.34	293.269	293.269
20.3519	293.264	293.264
20.3639	293.259	293.259
20.3758	293.255	293.255
20.3877	293.25	293.25
20.3997	293.245	293.245
20.4116	293.241	293.241
20.4236	293.236	293.236
20.4355	293.232	293.232
20.4474	293.228	293.228
20.4594	293.223	293.223
20.4713	293.219	293.219
20.4832	293.215	293.215
20.4952	293.211	293.211
20.5071	293.207	293.207
20.5191	293.203	293.203
20.531	293.199	293.199
20.5429	293.195	293.195
20.5549	293.192	293.192
20.5668	293.188	293.188
20.5787	293.184	293.184
20.5907	293.181	293.181
20.6026	293.177	293.177
20.6145	293.174	293.174
20.6265	293.17	293.17
20.6384	293.167	293.167
20.6504	293.164	293.164
20.6623	293.161	293.161
20.6742	293.157	293.157
20.6862	293.154	293.154
20.6981	293.151	293.151
20.71	293.148	293.148
20.722	293.145	293.145
20.7339	293.142	293.142
20.7458	293.14	293.14
20.7578	293.137	293.137
20.7697	293.134	293.134
20.7817	293.131	293.131
20.7936	293.129	293.129
20.8055	293.126	293.126
20.8175	293.123	293.123
20.8294	293.121	293.121
20.8413	293.118	293.118
20.8533	293.116	293.116
20.8652	293.114	293.114
20.8771	293.111	293.111
20.8891	293.109	293.109
20.901	293.107	293.107
20.913	293.104	293.104
20.9249	293.102	293.102
20.9368	293.1	293.1
20.9488	293.098	293.098
20.9607	293.096	293.096
20.9726	293.094	293.094
20.9846	293.092	293.092
20.9965	293.09	293.09
21.0085	293.088	293.088
21.0204	293.086	293.086
21.0323	293.084	293.084
21.0443	293.083	293.083
21.0562	293.081	293.081
21.0681	293.079	293.079
21.0801	293.077	293.077
21.092	293.076	293.076
21.1039	293.074	293.074
21.1159	293.072	293.072
21.1278	293.071	293.071
21.1398	293.069	293.069
21.1517	293.068	293.068
21.1636	293.066	293.066
21.1756	293.065	293.065
21.1875	293.063	293.063
21.1994	293.062	293.062
21.2114	293.06	293.06
21.2233	293.059	293.059
21.2352	293.058	293.058
21.2472	293.056	293.056
21.2591	293.055	293.055
21.2711	293.054	293.054
21.283	293.053	293.053
21.2949	293.051	293.051
21.3069	293.05	293.05
21.3188	293.049	293.049
21.3307	293.048	293.048
21.3427	293.047	293.047
21.3546	293.046	293.046
21.3666	293.045	293.045
21.3785	293.044	293.044
21.3904	293.043	293.043
21.4024	293.041	293.041
21.4143	293.041	293.041
21.4262	293.04	293.04
21.4382	293.039	293.039
21.4501	293.038	293.038
21.462	293.037	293.037
21.474	293.036	293.036
21.4859	293.035	293.035
21.4979	293.034	293.034
21.5098	293.033	293.033
21.5217	293.032	293.032
21.5337	293.032	293.032
21.5456	293.031	293.031
21.5575	293.03	293.03
21.5695	293.029	293.029
21.5814	293.029	293.029
21.5933	293.028	293.028
21.6053	293.027	293.027
21.6172	293.027	293.027
21.6292	293.026	293.026
21.6411	293.025	293.025
21.653	293.025	293.025
21.665	293.024	293.024
21.6769	293.023	293.023
21.6888	293.023	293.023
21.7008	293.022	293.022
21.7127	293.022	293.022
21.7246	293.021	293.021
21.7366	293.02	293.02
21.7485	293.02	293.02
21.7605	293.019	293.019
21.7724	293.019	293.019
21.7843	293.018	293.018
21.7963	293.018	293.018
21.8082	293.017	293.017
21.8201	293.017	293.017
21.8321	293.017	293.017
21.844	293.016	293.016
21.856	293.016	293.016
21.8679	293.015	293.015
21.8798	293.015	293.015
21.8918	293.014	293.014
21.9037	293.014	293.014
21.9156	293.014	293.014
21.9276	293.013	293.013
21.9395	293.013	293.013
21.9514	293.012	293.012
21.9634	293.012	293.012
21.9753	293.012	293.012
21.9873	293.011	293.011
21.9992	293.011	293.011
22.0111	293.011	293.011
22.0231	293.011	293.011
22.035	293.01	293.01
22.0469	293.01	293.01
22.0589	293.01	293.01
22.0708	293.009	293.009
22.0827	293.009	293.009
22.0947	293.009	293.009
22.1066	293.009	293.009
22.1186	293.008	293.008
22.1305	293.008	293.008
22.1424	293.008	293.008
22.1544	293.008	293.008
22.1663	293.007	293.007
22.1782	293.007	293.007
22.1902	293.007	293.007
22.2021	293.007	293.007
22.2141	293.007	293.007
22.226	293.006	293.006
22.2379	293.006	293.006
22.2499	293.006	293.006
22.2618	293.006	293.006
22.2737	293.006	293.006
22.2857	293.005	293.005
22.2976	293.005	293.005
22.3095	293.005	293.005
22.3215	293.005	293.005
22.3334	293.005	293.005
22.3454	293.005	293.005
22.3573	293.004	293.004
22.3692	293.004	293.004
22.3812	293.004	293.004
22.3931	293.004	293.004
22.405	293.004	293.004
22.417	293.004	293.004
22.4289	293.004	293.004
22.4408	293.004	293.004
22.4528	293.003	293.003
22.4647	293.003	293.003
22.4767	293.003	293.003
22.4886	293.003	293.003
22.5005	293.003	293.003
22.5125	293.003	293.003
22.5244	293.003	293.003
22.5363	293.003	293.003
22.5483	293.003	293.003
22.5602	293.002	293.002
22.5721	293.002	293.002
22.5841	293.002	293.002
22.596	293.002	293.002
22.608	293.002	293.002
22.6199	293.002	293.002
22.6318	293.002	293.002
22.6438	293.002	293.002
22.6557	293.002	293.002
22.6676	293.002	293.002
22.6796	293.002	293.002
22.6915	293.002	293.002
22.7035	293.002	293.002
22.7154	293.002	293.002
22.7273	293.001	293.001
22.7393	293.001	293.001
22.7512	293.001	293.001
22.7631	293.001	293.001
22.7751	293.001	293.001
22.787	293.001	293.001
22.7989	293.001	293.001
22.8109	293.001	293.001
22.8228	293.001	293.001
22.8348	293.001	293.001
22.8467	293.001	293.001
22.8586	293.001	293.001
22.8706	293.001	293.001
22.8825	293.001	293.001
22.8944	293.001	293.001
22.9064	293.001	293.001
22.9183	293.001	293.001
22.9302	293.001	293.001
22.9422	293.001	293.001
22.9541	293.001	293.001
22.9661	293.001	293.001
22.978	293.001	293.001
22.9899	293.001	293.001
23.0019	293.001	293.001
23.0138	293.001	293.001
23.0257	293.001	293.001
23.0377	293.001	293.001
23.0496	293	293
23.0616	293	293
23.0735	293	293
23.0854	293	293
23.0974	293	293
23.1093	293	293
23.1212	293	293
23.1332	293	293
23.1451	293	293
23.157	293	293
23.169	293	293
23.1809	293	293
23.1929	293	293
23.2048	293	293
23.2167	293	293
23.2287	293	293
23.2406	293	293
23.2525	293	293
23.2645	293	293
23.2764	293	293
23.2883	293	293
23.3003	293	293
23.3122	293	293
23.3242	293	293
23.3361	293	293
23.348	293	293
23.36	293	293
23.3719	293	293
23.3838	293	293
23.3958	293	293
23.4077	293	293
23.4196	293	293
23.4316	293	293
23.4435	293	293
23.4555	293	293
23.4674	293	293
23.4793	293	293
23.4913	293	293
23.5032	293	293
23.5151	293	293
23.5271	293	293
23.539	293	293
23.551	293	293
23.5629	293	293
23.5748	293	293
23.5868	293	293
23.5987	293	293
23.6106	293	293
23.6226	293	293
23.6345	293	293
23.6464	293	293
23.6584	293	293
23.6703	293	293
23.6823	293	293
23.6942	293	293
23.7061	293	293
23.7181	293	293
23.73	293	293
23.7419	293	293
23.7539	293	293
23.7658	293	293
23.7777	293	293
23.7897	293	293
23.8016	293	293
23.8136	293	293
23.8255	293	293
23.8374	293	293
23.8494	293	293
23.8613	293	293
23.8732	293	293
