0	873	873
0.0119366	873	873
0.0238732	873	873
0.0358099	873	873
0.0477465	873	873
0.0596831	873	873
0.0716197	873	873
0.0835563	873	873
0.095493	873	873
0.10743	873	873
0.119366	873	873
0.131303	873	873
0.143239	873	873
0.155176	873	873
0.167113	873	873
0.179049	873	873
0.190986	873	873
0.202923	873	873
0.214859	873	873
0.226796	873	873
0.238732	873	873
0.250669	873	873
0.262606	873	873
0.274542	873	873
0.286479	873	873
0.298416	873	873
0.310352	873	873
0.322289	873	873
0.334225	873	873
0.346162	873	873
0.358099	873	873
0.370035	873	873
0.381972	873	872.999
0.393908	873	872.999
0.405845	873	872.999
0.417782	873	872.999
0.429718	873	872.999
0.441655	873	872.999
0.453592	873	872.999
0.465528	873	872.999
0.477465	873	872.999
0.489401	873	872.999
0.501338	873	872.999
0.513275	873	872.999
0.525211	873	872.999
0.537148	873	872.999
0.549085	873	872.999
0.561021	873	872.999
0.572958	873	872.999
0.584894	873	872.999
0.596831	873	872.999
0.608768	873	872.999
0.620704	873	872.998
0.632641	873	872.998
0.644578	873	872.998
0.656514	873	872.998
0.668451	873	872.998
0.680387	873	872.998
0.692324	873	872.998
0.704261	873	872.998
0.716197	873	872.998
0.728134	873	872.998
0.74007	873	872.998
0.752007	872.999	872.997
0.763944	872.999	872.997
0.77588	872.999	872.997
0.787817	872.999	872.997
0.799754	872.999	872.997
0.81169	872.999	872.997
0.823627	872.999	872.997
0.835563	872.999	872.997
0.8475	872.999	872.996
0.859437	872.999	872.996
0.871373	872.999	872.996
0.88331	872.999	872.996
0.895247	872.999	872.996
0.907183	872.999	872.996
0.91912	872.999	872.995
0.931056	872.999	872.995
0.942993	872.999	872.995
0.95493	872.999	872.995
0.966866	872.999	872.995
0.978803	872.999	872.995
0.99074	872.999	872.994
1.00268	872.999	872.994
1.01461	872.999	872.994
1.02655	872.998	872.994
1.03849	872.998	872.993
1.05042	872.998	872.993
1.06236	872.998	872.993
1.0743	872.998	872.993
1.08623	872.998	872.992
1.09817	872.998	872.992
1.11011	872.998	872.992
1.12204	872.998	872.991
1.13398	872.998	872.991
1.14592	872.998	872.991
1.15785	872.998	872.99
1.16979	872.998	872.99
1.18173	872.997	872.99
1.19366	872.997	872.989
1.2056	872.997	872.989
1.21754	872.997	872.989
1.22947	872.997	872.988
1.24141	872.997	872.988
1.25335	872.997	872.987
1.26528	872.997	872.987
1.27722	872.996	872.987
1.28916	872.996	872.986
1.30109	872.996	872.986
1.31303	872.996	872.985
1.32496	872.996	872.985
1.3369	872.996	872.984
1.34884	872.996	872.984
1.36077	872.995	872.983
1.37271	872.995	872.983
1.38465	872.995	872.982
1.39658	872.995	872.982
1.40852	872.995	872.981
1.42046	872.994	872.98
1.43239	872.994	872.98
1.44433	872.994	872.979
1.45627	872.994	872.978
1.4682	872.994	872.978
1.48014	872.993	872.977
1.49208	872.993	872.976
1.50401	872.993	872.976
1.51595	872.993	872.975
1.52789	872.992	872.974
1.53982	872.992	872.973
1.55176	872.992	872.973
1.5637	872.992	872.972
1.57563	872.991	872.971
1.58757	872.991	872.97
1.59951	872.991	872.969
1.61144	872.99	872.968
1.62338	872.99	872.967
1.63532	872.99	872.966
1.64725	872.99	872.965
1.65919	872.989	872.964
1.67113	872.989	872.963
1.68306	872.988	872.962
1.695	872.988	872.961
1.70694	872.988	872.96
1.71887	872.987	872.959
1.73081	872.987	872.958
1.74275	872.986	872.957
1.75468	872.986	872.955
1.76662	872.986	872.954
1.77856	872.985	872.953
1.79049	872.985	872.952
1.80243	872.984	872.95
1.81437	872.984	872.949
1.8263	872.983	872.948
1.83824	872.983	872.946
1.85018	872.982	872.945
1.86211	872.982	872.943
1.87405	872.981	872.942
1.88599	872.981	872.94
1.89792	872.98	872.939
1.90986	872.979	872.937
1.9218	872.979	872.935
1.93373	872.978	872.934
1.94567	872.977	872.932
1.95761	872.977	872.93
1.96954	872.976	872.928
1.98148	872.975	872.927
1.99342	872.975	872.925
2.00535	872.974	872.923
2.01729	872.973	872.921
2.02923	872.972	872.919
2.04116	872.972	872.917
2.0531	872.971	872.915
2.06504	872.97	872.912
2.07697	872.969	872.91
2.08891	872.968	872.908
2.10085	872.968	872.906
2.11278	872.967	872.904
2.12472	872.966	872.901
2.13666	872.965	872.899
2.14859	872.964	872.896
2.16053	872.963	872.894
2.17246	872.962	872.891
2.1844	872.961	872.889
2.19634	872.96	872.886
2.20827	872.959	872.883
2.22021	872.957	872.88
2.23215	872.956	872.878
2.24408	872.955	872.875
2.25602	872.954	872.872
2.26796	872.953	872.869
2.27989	872.952	872.866
2.29183	872.95	872.863
2.30377	872.949	872.859
2.3157	872.948	872.856
2.32764	872.946	872.853
2.33958	872.945	872.85
2.35151	872.944	872.846
2.36345	872.942	872.843
2.37539	872.941	872.839
2.38732	872.939	872.835
2.39926	872.938	872.832
2.4112	872.936	872.828
2.42313	872.934	872.824
2.43507	872.933	872.82
2.44701	872.931	872.816
2.45894	872.929	872.812
2.47088	872.928	872.808
2.48282	872.926	872.804
2.49475	872.924	872.8
2.50669	872.922	872.795
2.51863	872.92	872.791
2.53056	872.918	872.786
2.5425	872.916	872.782
2.55444	872.914	872.777
2.56637	872.912	872.772
2.57831	872.91	872.767
2.59025	872.908	872.762
2.60218	872.906	872.757
2.61412	872.904	872.752
2.62606	872.901	872.747
2.63799	872.899	872.742
2.64993	872.897	872.736
2.66187	872.894	872.731
2.6738	872.892	872.725
2.68574	872.889	872.72
2.69768	872.887	872.714
2.70961	872.884	872.708
2.72155	872.882	872.702
2.73349	872.879	872.696
2.74542	872.876	872.69
2.75736	872.873	872.683
2.7693	872.87	872.677
2.78123	872.868	872.671
2.79317	872.865	872.664
2.80511	872.862	872.657
2.81704	872.858	872.65
2.82898	872.855	872.643
2.84092	872.852	872.636
2.85285	872.849	872.629
2.86479	872.846	872.622
2.87673	872.842	872.615
2.88866	872.839	872.607
2.9006	872.835	872.599
2.91254	872.832	872.592
2.92447	872.828	872.584
2.93641	872.824	872.576
2.94835	872.82	872.568
2.96028	872.817	872.559
2.97222	872.813	872.551
2.98416	872.809	872.542
2.99609	872.805	872.534
3.00803	872.801	872.525
3.01997	872.796	872.516
3.0319	872.792	872.507
3.04384	872.788	872.497
3.05577	872.783	872.488
3.06771	872.779	872.479
3.07965	872.774	872.469
3.09158	872.77	872.459
3.10352	872.765	872.449
3.11546	872.76	872.439
3.12739	872.755	872.429
3.13933	872.75	872.418
3.15127	872.745	872.408
3.1632	872.74	872.397
3.17514	872.734	872.386
3.18708	872.729	872.375
3.19901	872.724	872.364
3.21095	872.718	872.352
3.22289	872.713	872.341
3.23482	872.707	872.329
3.24676	872.701	872.317
3.2587	872.695	872.305
3.27063	872.689	872.293
3.28257	872.683	872.28
3.29451	872.677	872.268
3.30644	872.67	872.255
3.31838	872.664	872.242
3.33032	872.657	872.229
3.34225	872.651	872.215
3.35419	872.644	872.202
3.36613	872.637	872.188
3.37806	872.63	872.174
3.39	872.623	872.16
3.40194	872.616	872.146
3.41387	872.609	872.131
3.42581	872.601	872.117
3.43775	872.594	872.102
3.44968	872.586	872.086
3.46162	872.578	872.071
3.47356	872.571	872.056
3.48549	872.563	872.04
3.49743	872.554	872.024
3.50937	872.546	872.008
3.5213	872.538	871.991
3.53324	872.529	871.974
3.54518	872.521	871.958
3.55711	872.512	871.94
3.56905	872.503	871.923
3.58099	872.494	871.906
3.59292	872.485	871.888
3.60486	872.475	871.87
3.6168	872.466	871.851
3.62873	872.456	871.833
3.64067	872.446	871.814
3.65261	872.437	871.795
3.66454	872.426	871.776
3.67648	872.416	871.756
3.68842	872.406	871.737
3.70035	872.395	871.717
3.71229	872.385	871.696
3.72423	872.374	871.676
3.73616	872.363	871.655
3.7481	872.352	871.634
3.76004	872.341	871.613
3.77197	872.329	871.591
3.78391	872.317	871.569
3.79585	872.306	871.547
3.80778	872.294	871.525
3.81972	872.282	871.502
3.83166	872.269	871.479
3.84359	872.257	871.456
3.85553	872.244	871.432
3.86747	872.231	871.408
3.8794	872.218	871.384
3.89134	872.205	871.36
3.90327	872.192	871.335
3.91521	872.178	871.31
3.92715	872.164	871.285
3.93908	872.15	871.259
3.95102	872.136	871.233
3.96296	872.122	871.207
3.97489	872.107	871.18
3.98683	872.093	871.153
3.99877	872.078	871.126
4.0107	872.063	871.099
4.02264	872.047	871.071
4.03458	872.032	871.043
4.04651	872.016	871.014
4.05845	872	870.985
4.07039	871.984	870.956
4.08232	871.967	870.927
4.09426	871.951	870.897
4.1062	871.934	870.867
4.11813	871.917	870.836
4.13007	871.9	870.805
4.14201	871.882	870.774
4.15394	871.865	870.742
4.16588	871.847	870.71
4.17782	871.828	870.678
4.18975	871.81	870.645
4.20169	871.791	870.612
4.21363	871.772	870.579
4.22556	871.753	870.545
4.2375	871.734	870.511
4.24944	871.714	870.476
4.26137	871.694	870.441
4.27331	871.674	870.406
4.28525	871.654	870.37
4.29718	871.633	870.334
4.30912	871.612	870.298
4.32106	871.591	870.261
4.33299	871.57	870.223
4.34493	871.548	870.186
4.35687	871.526	870.148
4.3688	871.504	870.109
4.38074	871.481	870.07
4.39268	871.458	870.031
4.40461	871.435	869.991
4.41655	871.412	869.951
4.42849	871.388	869.91
4.44042	871.365	869.869
4.45236	871.34	869.828
4.4643	871.316	869.786
4.47623	871.291	869.744
4.48817	871.266	869.701
4.50011	871.241	869.658
4.51204	871.215	869.614
4.52398	871.189	869.57
4.53592	871.163	869.525
4.54785	871.136	869.48
4.55979	871.109	869.435
4.57173	871.082	869.389
4.58366	871.054	869.342
4.5956	871.027	869.296
4.60754	870.998	869.248
4.61947	870.97	869.2
4.63141	870.941	869.152
4.64335	870.912	869.103
4.65528	870.882	869.054
4.66722	870.853	869.004
4.67916	870.822	868.954
4.69109	870.792	868.903
4.70303	870.761	868.852
4.71497	870.73	868.801
4.7269	870.698	868.748
4.73884	870.666	868.696
4.75078	870.634	868.642
4.76271	870.601	868.589
4.77465	870.568	868.534
4.78658	870.535	868.48
4.79852	870.501	868.424
4.81046	870.467	868.369
4.82239	870.433	868.312
4.83433	870.398	868.255
4.84627	870.363	868.198
4.8582	870.327	868.14
4.87014	870.291	868.082
4.88208	870.255	868.023
4.89401	870.218	867.963
4.90595	870.181	867.903
4.91789	870.144	867.842
4.92982	870.106	867.781
4.94176	870.067	867.719
4.9537	870.029	867.657
4.96563	869.989	867.594
4.97757	869.95	867.531
4.98951	869.91	867.466
5.00144	869.869	867.402
5.01338	869.829	867.337
5.02532	869.787	867.271
5.03725	869.746	867.205
5.04919	869.704	867.138
5.06113	869.661	867.07
5.07306	869.618	867.002
5.085	869.575	866.933
5.09694	869.531	866.864
5.10887	869.487	866.794
5.12081	869.442	866.723
5.13275	869.397	866.652
5.14468	869.351	866.58
5.15662	869.305	866.508
5.16856	869.259	866.435
5.18049	869.212	866.361
5.19243	869.164	866.287
5.20437	869.116	866.212
5.2163	869.068	866.137
5.22824	869.019	866.061
5.24018	868.97	865.984
5.25211	868.92	865.906
5.26405	868.87	865.828
5.27599	868.819	865.75
5.28792	868.768	865.67
5.29986	868.716	865.59
5.3118	868.664	865.51
5.32373	868.611	865.428
5.33567	868.558	865.346
5.34761	868.504	865.264
5.35954	868.45	865.18
5.37148	868.395	865.096
5.38342	868.34	865.012
5.39535	868.284	864.926
5.40729	868.227	864.84
5.41923	868.171	864.753
5.43116	868.113	864.666
5.4431	868.055	864.578
5.45504	867.997	864.489
5.46697	867.938	864.4
5.47891	867.878	864.31
5.49085	867.818	864.219
5.50278	867.758	864.127
5.51472	867.697	864.035
5.52666	867.635	863.942
5.53859	867.573	863.848
5.55053	867.51	863.754
5.56247	867.446	863.658
5.5744	867.382	863.563
5.58634	867.318	863.466
5.59828	867.253	863.369
5.61021	867.187	863.271
5.62215	867.121	863.172
5.63408	867.054	863.072
5.64602	866.987	862.972
5.65796	866.919	862.871
5.66989	866.85	862.769
5.68183	866.781	862.667
5.69377	866.711	862.563
5.7057	866.641	862.459
5.71764	866.57	862.355
5.72958	866.499	862.249
5.74151	866.426	862.143
5.75345	866.354	862.036
5.76539	866.28	861.928
5.77732	866.206	861.819
5.78926	866.132	861.71
5.8012	866.056	861.6
5.81313	865.981	861.489
5.82507	865.904	861.377
5.83701	865.827	861.265
5.84894	865.749	861.152
5.86088	865.671	861.038
5.87282	865.592	860.923
5.88475	865.512	860.807
5.89669	865.432	860.691
5.90863	865.351	860.573
5.92056	865.269	860.455
5.9325	865.187	860.337
5.94444	865.104	860.217
5.95637	865.02	860.097
5.96831	864.936	859.975
5.98025	864.851	859.853
5.99218	864.765	859.73
6.00412	864.679	859.607
6.01606	864.592	859.482
6.02799	864.504	859.357
6.03993	864.416	859.231
6.05187	864.327	859.104
6.0638	864.237	858.976
6.07574	864.147	858.847
6.08768	864.056	858.718
6.09961	863.964	858.588
6.11155	863.872	858.456
6.12349	863.778	858.324
6.13542	863.684	858.192
6.14736	863.59	858.058
6.1593	863.495	857.923
6.17123	863.398	857.788
6.18317	863.302	857.652
6.19511	863.204	857.515
6.20704	863.106	857.377
6.21898	863.007	857.238
6.23092	862.907	857.098
6.24285	862.807	856.958
6.25479	862.706	856.817
6.26673	862.604	856.674
6.27866	862.501	856.531
6.2906	862.398	856.387
6.30254	862.294	856.242
6.31447	862.189	856.097
6.32641	862.084	855.95
6.33835	861.977	855.803
6.35028	861.87	855.654
6.36222	861.762	855.505
6.37416	861.654	855.355
6.38609	861.544	855.204
6.39803	861.434	855.052
6.40997	861.323	854.9
6.4219	861.211	854.746
6.43384	861.099	854.591
6.44578	860.986	854.436
6.45771	860.872	854.28
6.46965	860.757	854.123
6.48159	860.641	853.964
6.49352	860.525	853.805
6.50546	860.408	853.646
6.51739	860.29	853.485
6.52933	860.171	853.323
6.54127	860.051	853.161
6.5532	859.931	852.997
6.56514	859.81	852.833
6.57708	859.688	852.667
6.58901	859.565	852.501
6.60095	859.442	852.334
6.61289	859.317	852.166
6.62482	859.192	851.997
6.63676	859.066	851.827
6.6487	858.939	851.657
6.66063	858.812	851.485
6.67257	858.683	851.312
6.68451	858.554	851.139
6.69644	858.424	850.964
6.70838	858.293	850.789
6.72032	858.161	850.613
6.73225	858.028	850.436
6.74419	857.895	850.257
6.75613	857.76	850.078
6.76806	857.625	849.899
6.78	857.489	849.718
6.79194	857.352	849.536
6.80387	857.215	849.353
6.81581	857.076	849.169
6.82775	856.937	848.985
6.83968	856.797	848.799
6.85162	856.656	848.613
6.86356	856.514	848.426
6.87549	856.371	848.237
6.88743	856.227	848.048
6.89937	856.083	847.858
6.9113	855.937	847.667
6.92324	855.791	847.475
6.93518	855.644	847.282
6.94711	855.496	847.088
6.95905	855.347	846.893
6.97099	855.197	846.697
6.98292	855.047	846.501
6.99486	854.895	846.303
7.0068	854.743	846.104
7.01873	854.59	845.905
7.03067	854.436	845.704
7.04261	854.281	845.503
7.05454	854.125	845.301
7.06648	853.968	845.098
7.07842	853.81	844.893
7.09035	853.652	844.688
7.10229	853.492	844.482
7.11423	853.332	844.275
7.12616	853.171	844.067
7.1381	853.009	843.858
7.15004	852.846	843.649
7.16197	852.682	843.438
7.17391	852.517	843.226
7.18585	852.351	843.013
7.19778	852.185	842.8
7.20972	852.017	842.585
7.22166	851.849	842.37
7.23359	851.679	842.154
7.24553	851.509	841.936
7.25747	851.338	841.718
7.2694	851.166	841.499
7.28134	850.993	841.279
7.29328	850.819	841.058
7.30521	850.644	840.836
7.31715	850.469	840.613
7.32909	850.292	840.389
7.34102	850.115	840.164
7.35296	849.936	839.938
7.36489	849.757	839.712
7.37683	849.577	839.484
7.38877	849.395	839.256
7.4007	849.213	839.026
7.41264	849.03	838.796
7.42458	848.846	838.564
7.43651	848.662	838.332
7.44845	848.476	838.099
7.46039	848.289	837.865
7.47232	848.101	837.63
7.48426	847.913	837.394
7.4962	847.723	837.157
7.50813	847.533	836.919
7.52007	847.342	836.68
7.53201	847.149	836.441
7.54394	846.956	836.2
7.55588	846.762	835.959
7.56782	846.567	835.716
7.57975	846.371	835.473
7.59169	846.174	835.229
7.60363	845.976	834.983
7.61556	845.778	834.737
7.6275	845.578	834.49
7.63944	845.377	834.242
7.65137	845.176	833.994
7.66331	844.973	833.744
7.67525	844.77	833.493
7.68718	844.566	833.242
7.69912	844.36	832.989
7.71106	844.154	832.736
7.72299	843.947	832.482
7.73493	843.739	832.226
7.74687	843.53	831.97
7.7588	843.32	831.713
7.77074	843.109	831.455
7.78268	842.897	831.197
7.79461	842.685	830.937
7.80655	842.471	830.676
7.81849	842.256	830.415
7.83042	842.041	830.153
7.84236	841.825	829.889
7.8543	841.607	829.625
7.86623	841.389	829.36
7.87817	841.17	829.094
7.89011	840.949	828.827
7.90204	840.728	828.56
7.91398	840.506	828.291
7.92592	840.283	828.022
7.93785	840.059	827.752
7.94979	839.835	827.48
7.96173	839.609	827.208
7.97366	839.382	826.935
7.9856	839.155	826.662
7.99754	838.926	826.387
8.00947	838.697	826.111
8.02141	838.466	825.835
8.03335	838.235	825.558
8.04528	838.003	825.28
8.05722	837.77	825.001
8.06916	837.536	824.721
8.08109	837.301	824.44
8.09303	837.065	824.159
8.10497	836.828	823.876
8.1169	836.59	823.593
8.12884	836.351	823.309
8.14078	836.112	823.024
8.15271	835.871	822.738
8.16465	835.63	822.452
8.17659	835.387	822.164
8.18852	835.144	821.876
8.20046	834.9	821.587
8.2124	834.655	821.297
8.22433	834.409	821.006
8.23627	834.162	820.715
8.2482	833.914	820.422
8.26014	833.666	820.129
8.27208	833.416	819.835
8.28401	833.165	819.54
8.29595	832.914	819.245
8.30789	832.662	818.948
8.31982	832.408	818.651
8.33176	832.154	818.353
8.3437	831.899	818.054
8.35563	831.643	817.754
8.36757	831.386	817.454
8.37951	831.129	817.153
8.39144	830.87	816.851
8.40338	830.611	816.548
8.41532	830.35	816.244
8.42725	830.089	815.94
8.43919	829.827	815.635
8.45113	829.564	815.329
8.46306	829.3	815.022
8.475	829.035	814.714
8.48694	828.769	814.406
8.49887	828.502	814.097
8.51081	828.235	813.787
8.52275	827.967	813.477
8.53468	827.697	813.165
8.54662	827.427	812.853
8.55856	827.156	812.541
8.57049	826.885	812.227
8.58243	826.612	811.913
8.59437	826.338	811.598
8.6063	826.064	811.282
8.61824	825.788	810.965
8.63018	825.512	810.648
8.64211	825.235	810.33
8.65405	824.957	810.011
8.66599	824.679	809.692
8.67792	824.399	809.372
8.68986	824.119	809.051
8.7018	823.837	808.729
8.71373	823.555	808.407
8.72567	823.272	808.084
8.73761	822.988	807.76
8.74954	822.704	807.436
8.76148	822.418	807.11
8.77342	822.132	806.785
8.78535	821.845	806.458
8.79729	821.557	806.131
8.80923	821.268	805.803
8.82116	820.978	805.474
8.8331	820.688	805.145
8.84504	820.397	804.815
8.85697	820.105	804.484
8.86891	819.812	804.153
8.88085	819.518	803.821
8.89278	819.223	803.488
8.90472	818.928	803.155
8.91666	818.632	802.821
8.92859	818.335	802.486
8.94053	818.037	802.151
8.95247	817.739	801.815
8.9644	817.439	801.479
8.97634	817.139	801.141
8.98828	816.838	800.804
9.00021	816.536	800.465
9.01215	816.234	800.126
9.02409	815.93	799.786
9.03602	815.626	799.446
9.04796	815.322	799.105
9.0599	815.016	798.763
9.07183	814.709	798.421
9.08377	814.402	798.078
9.0957	814.094	797.735
9.10764	813.786	797.391
9.11958	813.476	797.046
9.13151	813.166	796.701
9.14345	812.855	796.355
9.15539	812.543	796.008
9.16732	812.231	795.661
9.17926	811.917	795.314
9.1912	811.603	794.966
9.20313	811.289	794.617
9.21507	810.973	794.268
9.22701	810.657	793.918
9.23894	810.34	793.567
9.25088	810.022	793.216
9.26282	809.704	792.864
9.27475	809.385	792.512
9.28669	809.065	792.16
9.29863	808.744	791.806
9.31056	808.423	791.453
9.3225	808.101	791.098
9.33444	807.778	790.743
9.34637	807.455	790.388
9.35831	807.131	790.032
9.37025	806.806	789.675
9.38218	806.48	789.318
9.39412	806.154	788.961
9.40606	805.827	788.603
9.41799	805.499	788.244
9.42993	805.171	787.885
9.44187	804.842	787.526
9.4538	804.513	787.166
9.46574	804.182	786.805
9.47768	803.851	786.444
9.48961	803.52	786.082
9.50155	803.187	785.72
9.51349	802.854	785.358
9.52542	802.521	784.995
9.53736	802.186	784.631
9.5493	801.851	784.267
9.56123	801.516	783.903
9.57317	801.179	783.538
9.58511	800.843	783.172
9.59704	800.505	782.807
9.60898	800.167	782.44
9.62092	799.828	782.073
9.63285	799.489	781.706
9.64479	799.149	781.339
9.65673	798.808	780.97
9.66866	798.467	780.602
9.6806	798.125	780.233
9.69254	797.782	779.864
9.70447	797.439	779.494
9.71641	797.095	779.123
9.72835	796.751	778.753
9.74028	796.406	778.382
9.75222	796.06	778.01
9.76416	795.714	777.638
9.77609	795.368	777.266
9.78803	795.02	776.893
9.79997	794.672	776.52
9.8119	794.324	776.146
9.82384	793.975	775.772
9.83578	793.625	775.398
9.84771	793.275	775.023
9.85965	792.924	774.648
9.87159	792.573	774.273
9.88352	792.221	773.897
9.89546	791.869	773.521
9.9074	791.516	773.144
9.91933	791.162	772.767
9.93127	790.808	772.39
9.94321	790.453	772.012
9.95514	790.098	771.634
9.96708	789.743	771.255
9.97901	789.386	770.877
9.99095	789.03	770.498
10.0029	788.672	770.118
10.0148	788.315	769.738
10.0268	787.956	769.358
10.0387	787.597	768.978
10.0506	787.238	768.597
10.0626	786.878	768.216
10.0745	786.518	767.834
10.0864	786.157	767.453
10.0984	785.796	767.07
10.1103	785.434	766.688
10.1223	785.072	766.305
10.1342	784.709	765.922
10.1461	784.346	765.539
10.1581	783.982	765.155
10.17	783.618	764.771
10.1819	783.253	764.387
10.1939	782.888	764.003
10.2058	782.522	763.618
10.2177	782.156	763.233
10.2297	781.79	762.848
10.2416	781.423	762.462
10.2536	781.055	762.076
10.2655	780.687	761.69
10.2774	780.319	761.303
10.2894	779.95	760.917
10.3013	779.581	760.53
10.3132	779.211	760.142
10.3252	778.841	759.755
10.3371	778.471	759.367
10.3491	778.1	758.979
10.361	777.729	758.591
10.3729	777.357	758.202
10.3849	776.985	757.814
10.3968	776.612	757.425
10.4087	776.239	757.035
10.4207	775.866	756.646
10.4326	775.492	756.256
10.4445	775.118	755.866
10.4565	774.743	755.476
10.4684	774.369	755.086
10.4804	773.993	754.695
10.4923	773.618	754.305
10.5042	773.241	753.914
10.5162	772.865	753.523
10.5281	772.488	753.131
10.54	772.111	752.74
10.552	771.733	752.348
10.5639	771.356	751.956
10.5758	770.977	751.564
10.5878	770.599	751.171
10.5997	770.22	750.779
10.6117	769.84	750.386
10.6236	769.461	749.993
10.6355	769.081	749.6
10.6475	768.7	749.206
10.6594	768.32	748.813
10.6713	767.939	748.419
10.6833	767.557	748.026
10.6952	767.176	747.632
10.7071	766.794	747.237
10.7191	766.412	746.843
10.731	766.029	746.449
10.743	765.646	746.054
10.7549	765.263	745.659
10.7668	764.879	745.264
10.7788	764.496	744.869
10.7907	764.111	744.474
10.8026	763.727	744.079
10.8146	763.342	743.683
10.8265	762.957	743.287
10.8385	762.572	742.892
10.8504	762.187	742.496
10.8623	761.801	742.1
10.8743	761.415	741.704
10.8862	761.028	741.307
10.8981	760.642	740.911
10.9101	760.255	740.514
10.922	759.868	740.118
10.9339	759.48	739.721
10.9459	759.092	739.324
10.9578	758.705	738.927
10.9698	758.316	738.53
10.9817	757.928	738.133
10.9936	757.539	737.735
11.0056	757.15	737.338
11.0175	756.761	736.94
11.0294	756.372	736.543
11.0414	755.982	736.145
11.0533	755.592	735.747
11.0652	755.202	735.349
11.0772	754.812	734.951
11.0891	754.421	734.553
11.1011	754.031	734.155
11.113	753.64	733.757
11.1249	753.249	733.358
11.1369	752.857	732.96
11.1488	752.466	732.561
11.1607	752.074	732.163
11.1727	751.682	731.764
11.1846	751.29	731.366
11.1966	750.897	730.967
11.2085	750.505	730.568
11.2204	750.112	730.169
11.2324	749.719	729.77
11.2443	749.326	729.371
11.2562	748.933	728.972
11.2682	748.539	728.573
11.2801	748.146	728.174
11.292	747.752	727.774
11.304	747.358	727.375
11.3159	746.964	726.976
11.3279	746.569	726.576
11.3398	746.175	726.177
11.3517	745.78	725.777
11.3637	745.385	725.378
11.3756	744.99	724.978
11.3875	744.595	724.579
11.3995	744.2	724.179
11.4114	743.805	723.779
11.4233	743.409	723.379
11.4353	743.013	722.98
11.4472	742.618	722.58
11.4592	742.222	722.18
11.4711	741.826	721.78
11.483	741.429	721.38
11.495	741.033	720.98
11.5069	740.637	720.581
11.5188	740.24	720.181
11.5308	739.843	719.781
11.5427	739.446	719.381
11.5546	739.049	718.981
11.5666	738.652	718.581
11.5785	738.255	718.181
11.5905	737.858	717.781
11.6024	737.46	717.381
11.6143	737.063	716.981
11.6263	736.665	716.581
11.6382	736.268	716.18
11.6501	735.87	715.78
11.6621	735.472	715.38
11.674	735.074	714.98
11.686	734.676	714.58
11.6979	734.278	714.18
11.7098	733.879	713.78
11.7218	733.481	713.38
11.7337	733.083	712.98
11.7456	732.684	712.58
11.7576	732.286	712.18
11.7695	731.887	711.78
11.7814	731.488	711.38
11.7934	731.089	710.98
11.8053	730.691	710.58
11.8173	730.292	710.18
11.8292	729.893	709.78
11.8411	729.494	709.38
11.8531	729.094	708.98
11.865	728.695	708.58
11.8769	728.296	708.18
11.8889	727.897	707.78
11.9008	727.497	707.38
11.9127	727.098	706.98
11.9247	726.698	706.581
11.9366	726.299	706.181
11.9486	725.899	705.781
11.9605	725.5	705.381
11.9724	725.1	704.981
11.9844	724.7	704.582
11.9963	724.301	704.182
12.0082	723.901	703.782
12.0202	723.501	703.383
12.0321	723.101	702.983
12.0441	722.701	702.584
12.056	722.301	702.184
12.0679	721.901	701.785
12.0799	721.501	701.385
12.0918	721.101	700.986
12.1037	720.701	700.586
12.1157	720.301	700.187
12.1276	719.901	699.788
12.1395	719.501	699.389
12.1515	719.101	698.989
12.1634	718.701	698.59
12.1754	718.301	698.191
12.1873	717.901	697.792
12.1992	717.5	697.393
12.2112	717.1	696.994
12.2231	716.7	696.595
12.235	716.3	696.196
12.247	715.9	695.797
12.2589	715.499	695.398
12.2708	715.099	694.999
12.2828	714.699	694.601
12.2947	714.299	694.202
12.3067	713.898	693.803
12.3186	713.498	693.405
12.3305	713.098	693.006
12.3425	712.698	692.608
12.3544	712.298	692.209
12.3663	711.897	691.811
12.3783	711.497	691.412
12.3902	711.097	691.014
12.4021	710.697	690.616
12.4141	710.297	690.218
12.426	709.896	689.819
12.438	709.496	689.421
12.4499	709.096	689.023
12.4618	708.696	688.625
12.4738	708.296	688.227
12.4857	707.896	687.83
12.4976	707.496	687.432
12.5096	707.096	687.034
12.5215	706.696	686.636
12.5335	706.296	686.239
12.5454	705.896	685.841
12.5573	705.496	685.443
12.5693	705.096	685.046
12.5812	704.696	684.649
12.5931	704.296	684.251
12.6051	703.896	683.854
12.617	703.497	683.457
12.6289	703.097	683.059
12.6409	702.697	682.662
12.6528	702.297	682.265
12.6648	701.898	681.868
12.6767	701.498	681.471
12.6886	701.098	681.074
12.7006	700.699	680.677
12.7125	700.299	680.281
12.7244	699.9	679.884
12.7364	699.5	679.487
12.7483	699.101	679.091
12.7602	698.701	678.694
12.7722	698.302	678.298
12.7841	697.903	677.901
12.7961	697.503	677.505
12.808	697.104	677.109
12.8199	696.705	676.712
12.8319	696.306	676.316
12.8438	695.907	675.92
12.8557	695.508	675.524
12.8677	695.109	675.128
12.8796	694.71	674.732
12.8916	694.311	674.336
12.9035	693.912	673.941
12.9154	693.513	673.545
12.9274	693.114	673.149
12.9393	692.716	672.754
12.9512	692.317	672.358
12.9632	691.918	671.962
12.9751	691.52	671.567
12.987	691.121	671.172
12.999	690.723	670.776
13.0109	690.324	670.381
13.0229	689.926	669.986
13.0348	689.528	669.591
13.0467	689.129	669.196
13.0587	688.731	668.801
13.0706	688.333	668.406
13.0825	687.935	668.011
13.0945	687.537	667.616
13.1064	687.139	667.221
13.1183	686.741	666.827
13.1303	686.343	666.432
13.1422	685.945	666.038
13.1542	685.547	665.643
13.1661	685.15	665.249
13.178	684.752	664.854
13.19	684.355	664.46
13.2019	683.957	664.066
13.2138	683.56	663.671
13.2258	683.162	663.277
13.2377	682.765	662.883
13.2496	682.367	662.489
13.2616	681.97	662.095
13.2735	681.573	661.701
13.2855	681.176	661.307
13.2974	680.779	660.914
13.3093	680.382	660.52
13.3213	679.985	660.126
13.3332	679.588	659.733
13.3451	679.191	659.339
13.3571	678.795	658.946
13.369	678.398	658.552
13.381	678.001	658.159
13.3929	677.605	657.765
13.4048	677.208	657.372
13.4168	676.812	656.979
13.4287	676.415	656.586
13.4406	676.019	656.193
13.4526	675.623	655.8
13.4645	675.227	655.407
13.4764	674.83	655.014
13.4884	674.434	654.621
13.5003	674.038	654.228
13.5123	673.642	653.835
13.5242	673.246	653.443
13.5361	672.851	653.05
13.5481	672.455	652.657
13.56	672.059	652.265
13.5719	671.664	651.872
13.5839	671.268	651.48
13.5958	670.873	651.088
13.6077	670.477	650.695
13.6197	670.082	650.303
13.6316	669.686	649.911
13.6436	669.291	649.519
13.6555	668.896	649.126
13.6674	668.501	648.734
13.6794	668.106	648.342
13.6913	667.711	647.95
13.7032	667.316	647.558
13.7152	666.921	647.167
13.7271	666.526	646.775
13.7391	666.131	646.383
13.751	665.737	645.991
13.7629	665.342	645.6
13.7749	664.947	645.208
13.7868	664.553	644.816
13.7987	664.158	644.425
13.8107	663.764	644.033
13.8226	663.37	643.642
13.8345	662.975	643.25
13.8465	662.581	642.859
13.8584	662.187	642.468
13.8704	661.793	642.077
13.8823	661.399	641.685
13.8942	661.005	641.294
13.9062	660.611	640.903
13.9181	660.217	640.512
13.93	659.824	640.121
13.942	659.43	639.73
13.9539	659.036	639.339
13.9658	658.643	638.948
13.9778	658.249	638.557
13.9897	657.856	638.166
14.0017	657.462	637.776
14.0136	657.069	637.385
14.0255	656.675	636.994
14.0375	656.282	636.604
14.0494	655.889	636.213
14.0613	655.496	635.822
14.0733	655.103	635.432
14.0852	654.71	635.041
14.0971	654.317	634.651
14.1091	653.924	634.26
14.121	653.531	633.87
14.133	653.138	633.48
14.1449	652.745	633.089
14.1568	652.353	632.699
14.1688	651.96	632.309
14.1807	651.568	631.919
14.1926	651.175	631.528
14.2046	650.783	631.138
14.2165	650.39	630.748
14.2285	649.998	630.358
14.2404	649.605	629.968
14.2523	649.213	629.578
14.2643	648.821	629.188
14.2762	648.429	628.798
14.2881	648.037	628.408
14.3001	647.645	628.019
14.312	647.253	627.629
14.3239	646.861	627.239
14.3359	646.469	626.849
14.3478	646.077	626.459
14.3598	645.685	626.07
14.3717	645.293	625.68
14.3836	644.902	625.29
14.3956	644.51	624.901
14.4075	644.118	624.511
14.4194	643.727	624.122
14.4314	643.335	623.732
14.4433	642.944	623.342
14.4552	642.552	622.953
14.4672	642.161	622.564
14.4791	641.77	622.174
14.4911	641.379	621.785
14.503	640.987	621.395
14.5149	640.596	621.006
14.5269	640.205	620.617
14.5388	639.814	620.227
14.5507	639.423	619.838
14.5627	639.032	619.449
14.5746	638.641	619.06
14.5866	638.25	618.67
14.5985	637.859	618.281
14.6104	637.468	617.892
14.6224	637.077	617.503
14.6343	636.687	617.114
14.6462	636.296	616.725
14.6582	635.905	616.336
14.6701	635.515	615.947
14.682	635.124	615.558
14.694	634.734	615.169
14.7059	634.343	614.78
14.7179	633.953	614.391
14.7298	633.562	614.002
14.7417	633.172	613.613
14.7537	632.781	613.224
14.7656	632.391	612.835
14.7775	632.001	612.446
14.7895	631.611	612.057
14.8014	631.22	611.668
14.8133	630.83	611.28
14.8253	630.44	610.891
14.8372	630.05	610.502
14.8492	629.66	610.113
14.8611	629.27	609.724
14.873	628.88	609.336
14.885	628.49	608.947
14.8969	628.1	608.558
14.9088	627.71	608.17
14.9208	627.32	607.781
14.9327	626.93	607.392
14.9446	626.541	607.004
14.9566	626.151	606.615
14.9685	625.761	606.226
14.9805	625.371	605.838
14.9924	624.982	605.449
15.0043	624.592	605.06
15.0163	624.203	604.672
15.0282	623.813	604.283
15.0401	623.423	603.895
15.0521	623.034	603.506
15.064	622.644	603.118
15.076	622.255	602.729
15.0879	621.865	602.341
15.0998	621.476	601.952
15.1118	621.087	601.564
15.1237	620.697	601.175
15.1356	620.308	600.787
15.1476	619.919	600.398
15.1595	619.529	600.01
15.1714	619.14	599.621
15.1834	618.751	599.233
15.1953	618.362	598.845
15.2073	617.972	598.456
15.2192	617.583	598.068
15.2311	617.194	597.679
15.2431	616.805	597.291
15.255	616.416	596.903
15.2669	616.027	596.514
15.2789	615.638	596.126
15.2908	615.249	595.737
15.3027	614.86	595.349
15.3147	614.471	594.961
15.3266	614.082	594.572
15.3386	613.693	594.184
15.3505	613.304	593.796
15.3624	612.915	593.407
15.3744	612.526	593.019
15.3863	612.137	592.631
15.3982	611.748	592.243
15.4102	611.36	591.854
15.4221	610.971	591.466
15.4341	610.582	591.078
15.446	610.193	590.689
15.4579	609.804	590.301
15.4699	609.416	589.913
15.4818	609.027	589.524
15.4937	608.638	589.136
15.5057	608.25	588.748
15.5176	607.861	588.36
15.5295	607.472	587.971
15.5415	607.084	587.583
15.5534	606.695	587.195
15.5654	606.306	586.807
15.5773	605.918	586.418
15.5892	605.529	586.03
15.6012	605.141	585.642
15.6131	604.752	585.254
15.625	604.363	584.865
15.637	603.975	584.477
15.6489	603.586	584.089
15.6608	603.198	583.701
15.6728	602.809	583.313
15.6847	602.421	582.924
15.6967	602.032	582.536
15.7086	601.644	582.148
15.7205	601.256	581.76
15.7325	600.867	581.371
15.7444	600.479	580.983
15.7563	600.09	580.595
15.7683	599.702	580.207
15.7802	599.313	579.819
15.7921	598.925	579.43
15.8041	598.537	579.042
15.816	598.148	578.654
15.828	597.76	578.266
15.8399	597.372	577.878
15.8518	596.983	577.489
15.8638	596.595	577.101
15.8757	596.206	576.713
15.8876	595.818	576.325
15.8996	595.43	575.937
15.9115	595.042	575.548
15.9235	594.653	575.16
15.9354	594.265	574.772
15.9473	593.877	574.384
15.9593	593.488	573.996
15.9712	593.1	573.607
15.9831	592.712	573.219
15.9951	592.324	572.831
16.007	591.935	572.443
16.0189	591.547	572.055
16.0309	591.159	571.666
16.0428	590.771	571.278
16.0548	590.382	570.89
16.0667	589.994	570.502
16.0786	589.606	570.114
16.0906	589.218	569.725
16.1025	588.829	569.337
16.1144	588.441	568.949
16.1264	588.053	568.561
16.1383	587.665	568.173
16.1502	587.277	567.785
16.1622	586.888	567.396
16.1741	586.5	567.008
16.1861	586.112	566.62
16.198	585.724	566.232
16.2099	585.336	565.844
16.2219	584.947	565.456
16.2338	584.559	565.067
16.2457	584.171	564.679
16.2577	583.783	564.291
16.2696	583.395	563.903
16.2816	583.007	563.515
16.2935	582.618	563.127
16.3054	582.23	562.738
16.3174	581.842	562.35
16.3293	581.454	561.962
16.3412	581.066	561.574
16.3532	580.678	561.186
16.3651	580.29	560.798
16.377	579.901	560.41
16.389	579.513	560.022
16.4009	579.125	559.633
16.4129	578.737	559.245
16.4248	578.349	558.857
16.4367	577.961	558.469
16.4487	577.573	558.081
16.4606	577.184	557.693
16.4725	576.796	557.305
16.4845	576.408	556.917
16.4964	576.02	556.529
16.5083	575.632	556.14
16.5203	575.244	555.752
16.5322	574.856	555.364
16.5442	574.468	554.976
16.5561	574.079	554.588
16.568	573.691	554.2
16.58	573.303	553.812
16.5919	572.915	553.424
16.6038	572.527	553.036
16.6158	572.139	552.648
16.6277	571.751	552.26
16.6396	571.363	551.872
16.6516	570.975	551.484
16.6635	570.586	551.096
16.6755	570.198	550.708
16.6874	569.81	550.32
16.6993	569.422	549.932
16.7113	569.034	549.544
16.7232	568.646	549.156
16.7351	568.258	548.768
16.7471	567.87	548.38
16.759	567.482	547.992
16.771	567.094	547.604
16.7829	566.706	547.216
16.7948	566.318	546.828
16.8068	565.929	546.44
16.8187	565.541	546.053
16.8306	565.153	545.665
16.8426	564.765	545.277
16.8545	564.377	544.889
16.8664	563.989	544.501
16.8784	563.601	544.113
16.8903	563.213	543.725
16.9023	562.825	543.338
16.9142	562.437	542.95
16.9261	562.049	542.562
16.9381	561.661	542.174
16.95	561.273	541.787
16.9619	560.885	541.399
16.9739	560.497	541.011
16.9858	560.109	540.623
16.9977	559.721	540.236
17.0097	559.333	539.848
17.0216	558.945	539.46
17.0336	558.557	539.073
17.0455	558.169	538.685
17.0574	557.781	538.298
17.0694	557.393	537.91
17.0813	557.005	537.522
17.0932	556.617	537.135
17.1052	556.229	536.747
17.1171	555.841	536.36
17.1291	555.453	535.972
17.141	555.065	535.585
17.1529	554.677	535.197
17.1649	554.289	534.81
17.1768	553.901	534.422
17.1887	553.513	534.035
17.2007	553.125	533.648
17.2126	552.737	533.26
17.2245	552.349	532.873
17.2365	551.961	532.486
17.2484	551.573	532.098
17.2604	551.185	531.711
17.2723	550.798	531.324
17.2842	550.41	530.937
17.2962	550.022	530.549
17.3081	549.634	530.162
17.32	549.246	529.775
17.332	548.858	529.388
17.3439	548.471	529.001
17.3558	548.083	528.614
17.3678	547.695	528.227
17.3797	547.307	527.84
17.3917	546.919	527.453
17.4036	546.532	527.066
17.4155	546.144	526.679
17.4275	545.756	526.292
17.4394	545.368	525.905
17.4513	544.981	525.518
17.4633	544.593	525.132
17.4752	544.205	524.745
17.4871	543.817	524.358
17.4991	543.43	523.971
17.511	543.042	523.585
17.523	542.654	523.198
17.5349	542.267	522.812
17.5468	541.879	522.425
17.5588	541.492	522.038
17.5707	541.104	521.652
17.5826	540.716	521.266
17.5946	540.329	520.879
17.6065	539.941	520.493
17.6185	539.554	520.106
17.6304	539.166	519.72
17.6423	538.779	519.334
17.6543	538.391	518.948
17.6662	538.004	518.561
17.6781	537.616	518.175
17.6901	537.229	517.789
17.702	536.842	517.403
17.7139	536.454	517.017
17.7259	536.067	516.631
17.7378	535.679	516.245
17.7498	535.292	515.859
17.7617	534.905	515.474
17.7736	534.518	515.088
17.7856	534.13	514.702
17.7975	533.743	514.316
17.8094	533.356	513.931
17.8214	532.969	513.545
17.8333	532.582	513.159
17.8452	532.194	512.774
17.8572	531.807	512.388
17.8691	531.42	512.003
17.8811	531.033	511.618
17.893	530.646	511.232
17.9049	530.259	510.847
17.9169	529.872	510.462
17.9288	529.485	510.077
17.9407	529.098	509.692
17.9527	528.711	509.307
17.9646	528.324	508.922
17.9766	527.938	508.537
17.9885	527.551	508.152
18.0004	527.164	507.767
18.0124	526.777	507.382
18.0243	526.39	506.998
18.0362	526.004	506.613
18.0482	525.617	506.228
18.0601	525.23	505.844
18.072	524.844	505.46
18.084	524.457	505.075
18.0959	524.071	504.691
18.1079	523.684	504.307
18.1198	523.298	503.922
18.1317	522.911	503.538
18.1437	522.525	503.154
18.1556	522.138	502.77
18.1675	521.752	502.386
18.1795	521.366	502.002
18.1914	520.98	501.619
18.2033	520.593	501.235
18.2153	520.207	500.851
18.2272	519.821	500.468
18.2392	519.435	500.084
18.2511	519.049	499.701
18.263	518.663	499.317
18.275	518.277	498.934
18.2869	517.891	498.551
18.2988	517.505	498.168
18.3108	517.119	497.785
18.3227	516.733	497.402
18.3346	516.348	497.019
18.3466	515.962	496.636
18.3585	515.576	496.253
18.3705	515.191	495.87
18.3824	514.805	495.488
18.3943	514.42	495.105
18.4063	514.034	494.723
18.4182	513.649	494.341
18.4301	513.263	493.958
18.4421	512.878	493.576
18.454	512.493	493.194
18.466	512.107	492.812
18.4779	511.722	492.43
18.4898	511.337	492.048
18.5018	510.952	491.667
18.5137	510.567	491.285
18.5256	510.182	490.903
18.5376	509.797	490.522
18.5495	509.412	490.141
18.5614	509.027	489.759
18.5734	508.643	489.378
18.5853	508.258	488.997
18.5973	507.873	488.616
18.6092	507.489	488.235
18.6211	507.104	487.854
18.6331	506.72	487.474
18.645	506.336	487.093
18.6569	505.951	486.713
18.6689	505.567	486.332
18.6808	505.183	485.952
18.6927	504.799	485.572
18.7047	504.415	485.192
18.7166	504.03	484.812
18.7286	503.647	484.432
18.7405	503.263	484.052
18.7524	502.879	483.672
18.7644	502.495	483.293
18.7763	502.111	482.913
18.7882	501.728	482.534
18.8002	501.344	482.155
18.8121	500.961	481.776
18.8241	500.577	481.397
18.836	500.194	481.018
18.8479	499.811	480.639
18.8599	499.428	480.261
18.8718	499.045	479.882
18.8837	498.662	479.504
18.8957	498.279	479.125
18.9076	497.896	478.747
18.9195	497.513	478.369
18.9315	497.13	477.991
18.9434	496.748	477.614
18.9554	496.365	477.236
18.9673	495.983	476.858
18.9792	495.6	476.481
18.9912	495.218	476.104
19.0031	494.836	475.726
19.015	494.454	475.349
19.027	494.072	474.973
19.0389	493.69	474.596
19.0508	493.308	474.219
19.0628	492.926	473.843
19.0747	492.544	473.466
19.0867	492.163	473.09
19.0986	491.781	472.714
19.1105	491.4	472.338
19.1225	491.018	471.962
19.1344	490.637	471.586
19.1463	490.256	471.211
19.1583	489.875	470.836
19.1702	489.494	470.46
19.1821	489.113	470.085
19.1941	488.732	469.71
19.206	488.351	469.335
19.218	487.971	468.961
19.2299	487.59	468.586
19.2418	487.21	468.212
19.2538	486.83	467.838
19.2657	486.45	467.464
19.2776	486.069	467.09
19.2896	485.69	466.716
19.3015	485.31	466.342
19.3135	484.93	465.969
19.3254	484.55	465.595
19.3373	484.171	465.222
19.3493	483.791	464.849
19.3612	483.412	464.477
19.3731	483.033	464.104
19.3851	482.654	463.731
19.397	482.275	463.359
19.4089	481.896	462.987
19.4209	481.517	462.615
19.4328	481.138	462.243
19.4448	480.76	461.871
19.4567	480.381	461.5
19.4686	480.003	461.128
19.4806	479.625	460.757
19.4925	479.247	460.386
19.5044	478.869	460.016
19.5164	478.491	459.645
19.5283	478.113	459.274
19.5402	477.736	458.904
19.5522	477.358	458.534
19.5641	476.981	458.164
19.5761	476.604	457.794
19.588	476.227	457.425
19.5999	475.85	457.055
19.6119	475.473	456.686
19.6238	475.096	456.317
19.6357	474.72	455.948
19.6477	474.343	455.58
19.6596	473.967	455.211
19.6716	473.591	454.843
19.6835	473.215	454.475
19.6954	472.839	454.107
19.7074	472.463	453.739
19.7193	472.088	453.372
19.7312	471.712	453.005
19.7432	471.337	452.638
19.7551	470.962	452.271
19.767	470.587	451.904
19.779	470.212	451.538
19.7909	469.837	451.171
19.8029	469.462	450.805
19.8148	469.088	450.439
19.8267	468.714	450.074
19.8387	468.34	449.708
19.8506	467.966	449.343
19.8625	467.592	448.978
19.8745	467.218	448.613
19.8864	466.844	448.248
19.8983	466.471	447.884
19.9103	466.098	447.52
19.9222	465.725	447.156
19.9342	465.352	446.792
19.9461	464.979	446.428
19.958	464.606	446.065
19.97	464.234	445.702
19.9819	463.862	445.339
19.9938	463.49	444.976
20.0058	463.118	444.614
20.0177	462.746	444.252
20.0296	462.374	443.89
20.0416	462.003	443.528
20.0535	461.632	443.167
20.0655	461.26	442.805
20.0774	460.89	442.444
20.0893	460.519	442.083
20.1013	460.148	441.723
20.1132	459.778	441.362
20.1251	459.408	441.002
20.1371	459.037	440.642
20.149	458.668	440.283
20.161	458.298	439.923
20.1729	457.928	439.564
20.1848	457.559	439.205
20.1968	457.19	438.847
20.2087	456.821	438.488
20.2206	456.452	438.13
20.2326	456.083	437.772
20.2445	455.715	437.414
20.2564	455.347	437.057
20.2684	454.979	436.7
20.2803	454.611	436.343
20.2923	454.243	435.986
20.3042	453.876	435.63
20.3161	453.509	435.274
20.3281	453.142	434.918
20.34	452.775	434.562
20.3519	452.408	434.207
20.3639	452.042	433.852
20.3758	451.675	433.497
20.3877	451.309	433.142
20.3997	450.943	432.788
20.4116	450.578	432.434
20.4236	450.212	432.08
20.4355	449.847	431.727
20.4474	449.482	431.374
20.4594	449.117	431.021
20.4713	448.753	430.668
20.4832	448.388	430.316
20.4952	448.024	429.964
20.5071	447.66	429.612
20.5191	447.296	429.26
20.531	446.933	428.909
20.5429	446.569	428.558
20.5549	446.206	428.207
20.5668	445.843	427.857
20.5787	445.481	427.507
20.5907	445.118	427.157
20.6026	444.756	426.807
20.6145	444.394	426.458
20.6265	444.032	426.109
20.6384	443.671	425.761
20.6504	443.309	425.412
20.6623	442.948	425.064
20.6742	442.587	424.716
20.6862	442.227	424.369
20.6981	441.866	424.022
20.71	441.506	423.675
20.722	441.146	423.328
20.7339	440.787	422.982
20.7458	440.427	422.636
20.7578	440.068	422.29
20.7697	439.709	421.945
20.7817	439.35	421.6
20.7936	438.992	421.255
20.8055	438.634	420.911
20.8175	438.276	420.567
20.8294	437.918	420.223
20.8413	437.561	419.88
20.8533	437.203	419.537
20.8652	436.847	419.194
20.8771	436.49	418.851
20.8891	436.133	418.509
20.901	435.777	418.167
20.913	435.421	417.826
20.9249	435.066	417.485
20.9368	434.71	417.144
20.9488	434.355	416.803
20.9607	434	416.463
20.9726	433.645	416.123
20.9846	433.291	415.784
20.9965	432.937	415.444
21.0085	432.583	415.106
21.0204	432.23	414.767
21.0323	431.876	414.429
21.0443	431.523	414.091
21.0562	431.171	413.753
21.0681	430.818	413.416
21.0801	430.466	413.08
21.092	430.114	412.743
21.1039	429.762	412.407
21.1159	429.411	412.071
21.1278	429.06	411.736
21.1398	428.709	411.401
21.1517	428.359	411.066
21.1636	428.008	410.732
21.1756	427.659	410.398
21.1875	427.309	410.064
21.1994	426.96	409.731
21.2114	426.611	409.398
21.2233	426.262	409.065
21.2352	425.913	408.733
21.2472	425.565	408.401
21.2591	425.217	408.07
21.2711	424.87	407.739
21.283	424.522	407.408
21.2949	424.175	407.077
21.3069	423.829	406.747
21.3188	423.482	406.418
21.3307	423.136	406.089
21.3427	422.79	405.76
21.3546	422.445	405.431
21.3666	422.1	405.103
21.3785	421.755	404.775
21.3904	421.41	404.448
21.4024	421.066	404.121
21.4143	420.722	403.794
21.4262	420.379	403.468
21.4382	420.035	403.142
21.4501	419.692	402.817
21.462	419.35	402.492
21.474	419.008	402.167
21.4859	418.666	401.843
21.4979	418.324	401.519
21.5098	417.983	401.195
21.5217	417.642	400.872
21.5337	417.301	400.549
21.5456	416.96	400.227
21.5575	416.62	399.905
21.5695	416.281	399.584
21.5814	415.941	399.263
21.5933	415.602	398.942
21.6053	415.264	398.622
21.6172	414.925	398.302
21.6292	414.587	397.982
21.6411	414.25	397.663
21.653	413.912	397.344
21.665	413.575	397.026
21.6769	413.239	396.708
21.6888	412.902	396.391
21.7008	412.566	396.074
21.7127	412.231	395.757
21.7246	411.895	395.441
21.7366	411.56	395.125
21.7485	411.226	394.81
21.7605	410.892	394.495
21.7724	410.558	394.18
21.7843	410.224	393.866
21.7963	409.891	393.552
21.8082	409.558	393.239
21.8201	409.226	392.926
21.8321	408.894	392.614
21.844	408.562	392.302
21.856	408.231	391.99
21.8679	407.9	391.679
21.8798	407.569	391.369
21.8918	407.239	391.058
21.9037	406.909	390.749
21.9156	406.58	390.439
21.9276	406.25	390.13
21.9395	405.922	389.822
21.9514	405.593	389.514
21.9634	405.265	389.206
21.9753	404.938	388.899
21.9873	404.61	388.592
21.9992	404.283	388.286
22.0111	403.957	387.98
22.0231	403.631	387.675
22.035	403.305	387.37
22.0469	402.98	387.065
22.0589	402.655	386.761
22.0708	402.33	386.457
22.0827	402.006	386.154
22.0947	401.682	385.852
22.1066	401.359	385.549
22.1186	401.036	385.248
22.1305	400.713	384.946
22.1424	400.391	384.645
22.1544	400.069	384.345
22.1663	399.748	384.045
22.1782	399.427	383.746
22.1902	399.106	383.447
22.2021	398.786	383.148
22.2141	398.466	382.85
22.226	398.147	382.552
22.2379	397.828	382.255
22.2499	397.509	381.959
22.2618	397.191	381.662
22.2737	396.873	381.367
22.2857	396.556	381.071
22.2976	396.239	380.777
22.3095	395.922	380.482
22.3215	395.606	380.188
22.3334	395.29	379.895
22.3454	394.975	379.602
22.3573	394.66	379.31
22.3692	394.346	379.018
22.3812	394.032	378.726
22.3931	393.718	378.435
22.405	393.405	378.145
22.417	393.092	377.855
22.4289	392.78	377.565
22.4408	392.468	377.276
22.4528	392.156	376.988
22.4647	391.845	376.7
22.4767	391.535	376.412
22.4886	391.225	376.125
22.5005	390.915	375.839
22.5125	390.605	375.552
22.5244	390.297	375.267
22.5363	389.988	374.982
22.5483	389.68	374.697
22.5602	389.372	374.413
22.5721	389.065	374.13
22.5841	388.759	373.846
22.596	388.452	373.564
22.608	388.147	373.282
22.6199	387.841	373
22.6318	387.536	372.719
22.6438	387.232	372.438
22.6557	386.928	372.158
22.6676	386.624	371.879
22.6796	386.321	371.6
22.6915	386.019	371.321
22.7035	385.716	371.043
22.7154	385.415	370.765
22.7273	385.113	370.488
22.7393	384.812	370.212
22.7512	384.512	369.936
22.7631	384.212	369.66
22.7751	383.913	369.385
22.787	383.614	369.111
22.7989	383.315	368.837
22.8109	383.017	368.564
22.8228	382.719	368.291
22.8348	382.422	368.018
22.8467	382.126	367.746
22.8586	381.829	367.475
22.8706	381.534	367.204
22.8825	381.238	366.934
22.8944	380.944	366.664
22.9064	380.649	366.395
22.9183	380.355	366.126
22.9302	380.062	365.858
22.9422	379.769	365.59
22.9541	379.477	365.323
22.9661	379.185	365.056
22.978	378.893	364.79
22.9899	378.602	364.525
23.0019	378.312	364.259
23.0138	378.022	363.995
23.0257	377.732	363.731
23.0377	377.443	363.468
23.0496	377.155	363.205
23.0616	376.867	362.942
23.0735	376.579	362.68
23.0854	376.292	362.419
23.0974	376.005	362.158
23.1093	375.719	361.898
23.1212	375.434	361.638
23.1332	375.149	361.379
23.1451	374.864	361.12
23.157	374.58	360.862
23.169	374.296	360.605
23.1809	374.013	360.348
23.1929	373.73	360.091
23.2048	373.448	359.835
23.2167	373.167	359.58
23.2287	372.885	359.325
23.2406	372.605	359.071
23.2525	372.325	358.817
23.2645	372.045	358.564
23.2764	371.766	358.311
23.2883	371.487	358.059
23.3003	371.209	357.808
23.3122	370.931	357.557
23.3242	370.654	357.306
23.3361	370.378	357.056
23.348	370.102	356.807
23.36	369.826	356.558
23.3719	369.551	356.31
23.3838	369.277	356.062
23.3958	369.002	355.815
23.4077	368.729	355.568
23.4196	368.456	355.322
23.4316	368.183	355.077
23.4435	367.911	354.832
23.4555	367.64	354.588
23.4674	367.369	354.344
23.4793	367.099	354.1
23.4913	366.829	353.858
23.5032	366.559	353.616
23.5151	366.291	353.374
23.5271	366.022	353.133
23.539	365.754	352.892
23.551	365.487	352.653
23.5629	365.22	352.413
23.5748	364.954	352.174
23.5868	364.689	351.936
23.5987	364.423	351.699
23.6106	364.159	351.461
23.6226	363.895	351.225
23.6345	363.631	350.989
23.6464	363.368	350.753
23.6584	363.106	350.519
23.6703	362.844	350.284
23.6823	362.582	350.051
23.6942	362.321	349.818
23.7061	362.061	349.585
23.7181	361.801	349.353
23.73	361.542	349.122
23.7419	361.283	348.891
23.7539	361.025	348.661
23.7658	360.767	348.432
23.7777	360.51	348.205
23.7897	360.253	347.979
23.8016	359.998	347.757
23.8136	359.742	347.539
23.8255	359.488	347.33
23.8374	359.234	347.135
23.8494	358.982	346.965
23.8613	358.735	346.839
23.8732	358.615	346.791
