0	789.026	802.474
0.0119366	788.891	802.418
0.0238732	788.613	802.274
0.0358099	788.33	802.08
0.0477465	788.045	801.856
0.0596831	787.759	801.616
0.0716197	787.472	801.366
0.0835563	787.184	801.11
0.095493	786.897	800.85
0.10743	786.608	800.589
0.119366	786.319	800.326
0.131303	786.03	800.062
0.143239	785.74	799.798
0.155176	785.45	799.532
0.167113	785.159	799.266
0.179049	784.867	799
0.190986	784.576	798.733
0.202923	784.283	798.465
0.214859	783.991	798.197
0.226796	783.698	797.929
0.238732	783.404	797.659
0.250669	783.11	797.39
0.262606	782.815	797.12
0.274542	782.52	796.849
0.286479	782.225	796.578
0.298416	781.929	796.306
0.310352	781.632	796.034
0.322289	781.336	795.761
0.334225	781.038	795.488
0.346162	780.741	795.214
0.358099	780.442	794.94
0.370035	780.144	794.665
0.381972	779.845	794.39
0.393908	779.545	794.114
0.405845	779.245	793.838
0.417782	778.944	793.561
0.429718	778.644	793.284
0.441655	778.342	793.006
0.453592	778.04	792.728
0.465528	777.738	792.449
0.477465	777.435	792.17
0.489401	777.132	791.89
0.501338	776.829	791.61
0.513275	776.525	791.33
0.525211	776.22	791.048
0.537148	775.915	790.767
0.549085	775.61	790.484
0.561021	775.304	790.202
0.572958	774.998	789.919
0.584894	774.691	789.635
0.596831	774.384	789.351
0.608768	774.077	789.066
0.620704	773.769	788.781
0.632641	773.461	788.496
0.644578	773.152	788.21
0.656514	772.843	787.923
0.668451	772.533	787.636
0.680387	772.223	787.349
0.692324	771.913	787.061
0.704261	771.602	786.772
0.716197	771.29	786.483
0.728134	770.979	786.194
0.74007	770.667	785.904
0.752007	770.354	785.614
0.763944	770.041	785.323
0.77588	769.728	785.031
0.787817	769.414	784.74
0.799754	769.1	784.448
0.81169	768.785	784.155
0.823627	768.47	783.862
0.835563	768.155	783.568
0.8475	767.839	783.274
0.859437	767.522	782.979
0.871373	767.206	782.684
0.88331	766.889	782.389
0.895247	766.571	782.093
0.907183	766.253	781.797
0.91912	765.935	781.5
0.931056	765.617	781.202
0.942993	765.298	780.905
0.95493	764.978	780.606
0.966866	764.658	780.308
0.978803	764.338	780.009
0.99074	764.017	779.709
1.00268	763.696	779.409
1.01461	763.375	779.108
1.02655	763.053	778.807
1.03849	762.731	778.506
1.05042	762.408	778.204
1.06236	762.086	777.902
1.0743	761.762	777.599
1.08623	761.438	777.296
1.09817	761.114	776.993
1.11011	760.79	776.688
1.12204	760.465	776.384
1.13398	760.14	776.079
1.14592	759.814	775.774
1.15785	759.488	775.468
1.16979	759.162	775.162
1.18173	758.835	774.855
1.19366	758.508	774.548
1.2056	758.181	774.24
1.21754	757.853	773.932
1.22947	757.525	773.624
1.24141	757.196	773.315
1.25335	756.867	773.006
1.26528	756.538	772.696
1.27722	756.208	772.386
1.28916	755.878	772.076
1.30109	755.548	771.765
1.31303	755.217	771.453
1.32496	754.886	771.142
1.3369	754.555	770.829
1.34884	754.223	770.517
1.36077	753.891	770.204
1.37271	753.558	769.89
1.38465	753.225	769.576
1.39658	752.892	769.262
1.40852	752.559	768.948
1.42046	752.225	768.632
1.43239	751.891	768.317
1.44433	751.556	768.001
1.45627	751.221	767.685
1.4682	750.886	767.368
1.48014	750.55	767.051
1.49208	750.214	766.733
1.50401	749.878	766.415
1.51595	749.541	766.097
1.52789	749.204	765.778
1.53982	748.867	765.459
1.55176	748.53	765.14
1.5637	748.192	764.82
1.57563	747.853	764.499
1.58757	747.515	764.179
1.59951	747.176	763.858
1.61144	746.837	763.536
1.62338	746.497	763.214
1.63532	746.157	762.892
1.64725	745.817	762.569
1.65919	745.476	762.246
1.67113	745.135	761.923
1.68306	744.794	761.599
1.695	744.453	761.275
1.70694	744.111	760.95
1.71887	743.769	760.625
1.73081	743.426	760.3
1.74275	743.084	759.974
1.75468	742.741	759.648
1.76662	742.397	759.322
1.77856	742.054	758.995
1.79049	741.71	758.668
1.80243	741.365	758.34
1.81437	741.021	758.012
1.8263	740.676	757.684
1.83824	740.331	757.355
1.85018	739.985	757.026
1.86211	739.639	756.697
1.87405	739.293	756.367
1.88599	738.947	756.037
1.89792	738.6	755.706
1.90986	738.253	755.375
1.9218	737.906	755.044
1.93373	737.558	754.713
1.94567	737.211	754.381
1.95761	736.862	754.049
1.96954	736.514	753.716
1.98148	736.165	753.383
1.99342	735.816	753.05
2.00535	735.467	752.716
2.01729	735.117	752.382
2.02923	734.768	752.048
2.04116	734.418	751.713
2.0531	734.067	751.378
2.06504	733.716	751.042
2.07697	733.366	750.707
2.08891	733.014	750.371
2.10085	732.663	750.034
2.11278	732.311	749.697
2.12472	731.959	749.36
2.13666	731.607	749.023
2.14859	731.254	748.685
2.16053	730.901	748.347
2.17246	730.548	748.009
2.1844	730.195	747.67
2.19634	729.841	747.331
2.20827	729.487	746.991
2.22021	729.133	746.652
2.23215	728.779	746.312
2.24408	728.424	745.971
2.25602	728.069	745.631
2.26796	727.714	745.29
2.27989	727.359	744.948
2.29183	727.003	744.607
2.30377	726.647	744.265
2.3157	726.291	743.922
2.32764	725.934	743.58
2.33958	725.578	743.237
2.35151	725.221	742.894
2.36345	724.864	742.55
2.37539	724.506	742.206
2.38732	724.148	741.862
2.39926	723.791	741.518
2.4112	723.432	741.173
2.42313	723.074	740.828
2.43507	722.715	740.482
2.44701	722.357	740.137
2.45894	721.997	739.791
2.47088	721.638	739.445
2.48282	721.279	739.098
2.49475	720.919	738.751
2.50669	720.559	738.404
2.51863	720.199	738.057
2.53056	719.838	737.709
2.5425	719.477	737.361
2.55444	719.116	737.013
2.56637	718.755	736.664
2.57831	718.394	736.315
2.59025	718.032	735.966
2.60218	717.671	735.616
2.61412	717.308	735.267
2.62606	716.946	734.917
2.63799	716.584	734.566
2.64993	716.221	734.216
2.66187	715.858	733.865
2.6738	715.495	733.514
2.68574	715.132	733.162
2.69768	714.768	732.811
2.70961	714.404	732.459
2.72155	714.04	732.107
2.73349	713.676	731.754
2.74542	713.312	731.401
2.75736	712.947	731.048
2.7693	712.583	730.695
2.78123	712.218	730.342
2.79317	711.852	729.988
2.80511	711.487	729.634
2.81704	711.121	729.279
2.82898	710.756	728.925
2.84092	710.39	728.57
2.85285	710.023	728.215
2.86479	709.657	727.859
2.87673	709.291	727.504
2.88866	708.924	727.148
2.9006	708.557	726.792
2.91254	708.19	726.435
2.92447	707.822	726.079
2.93641	707.455	725.722
2.94835	707.087	725.365
2.96028	706.719	725.007
2.97222	706.351	724.65
2.98416	705.983	724.292
2.99609	705.615	723.934
3.00803	705.246	723.575
3.01997	704.877	723.217
3.0319	704.508	722.858
3.04384	704.139	722.499
3.05577	703.77	722.14
3.06771	703.4	721.78
3.07965	703.03	721.42
3.09158	702.661	721.06
3.10352	702.291	720.7
3.11546	701.92	720.34
3.12739	701.55	719.979
3.13933	701.179	719.618
3.15127	700.809	719.257
3.1632	700.438	718.896
3.17514	700.067	718.534
3.18708	699.696	718.172
3.19901	699.324	717.81
3.21095	698.953	717.448
3.22289	698.581	717.086
3.23482	698.209	716.723
3.24676	697.837	716.36
3.2587	697.465	715.997
3.27063	697.093	715.634
3.28257	696.72	715.27
3.29451	696.348	714.906
3.30644	695.975	714.542
3.31838	695.602	714.178
3.33032	695.229	713.814
3.34225	694.856	713.449
3.35419	694.482	713.084
3.36613	694.109	712.719
3.37806	693.735	712.354
3.39	693.361	711.989
3.40194	692.987	711.623
3.41387	692.613	711.257
3.42581	692.239	710.891
3.43775	691.864	710.525
3.44968	691.49	710.159
3.46162	691.115	709.792
3.47356	690.74	709.425
3.48549	690.365	709.058
3.49743	689.99	708.691
3.50937	689.615	708.324
3.5213	689.24	707.956
3.53324	688.864	707.589
3.54518	688.488	707.221
3.55711	688.113	706.853
3.56905	687.737	706.484
3.58099	687.361	706.116
3.59292	686.985	705.747
3.60486	686.608	705.378
3.6168	686.232	705.009
3.62873	685.855	704.64
3.64067	685.479	704.271
3.65261	685.102	703.901
3.66454	684.725	703.532
3.67648	684.348	703.162
3.68842	683.971	702.792
3.70035	683.593	702.421
3.71229	683.216	702.051
3.72423	682.838	701.68
3.73616	682.461	701.31
3.7481	682.083	700.939
3.76004	681.705	700.568
3.77197	681.327	700.196
3.78391	680.949	699.825
3.79585	680.571	699.454
3.80778	680.192	699.082
3.81972	679.814	698.71
3.83166	679.435	698.338
3.84359	679.057	697.966
3.85553	678.678	697.593
3.86747	678.299	697.221
3.8794	677.92	696.848
3.89134	677.541	696.475
3.90327	677.162	696.102
3.91521	676.782	695.729
3.92715	676.403	695.356
3.93908	676.023	694.982
3.95102	675.644	694.609
3.96296	675.264	694.235
3.97489	674.884	693.861
3.98683	674.504	693.487
3.99877	674.124	693.113
4.0107	673.744	692.738
4.02264	673.364	692.364
4.03458	672.984	691.989
4.04651	672.603	691.615
4.05845	672.223	691.24
4.07039	671.842	690.865
4.08232	671.461	690.489
4.09426	671.081	690.114
4.1062	670.7	689.739
4.11813	670.319	689.363
4.13007	669.938	688.987
4.14201	669.557	688.612
4.15394	669.175	688.236
4.16588	668.794	687.859
4.17782	668.413	687.483
4.18975	668.031	687.107
4.20169	667.65	686.73
4.21363	667.268	686.354
4.22556	666.886	685.977
4.2375	666.504	685.6
4.24944	666.122	685.223
4.26137	665.74	684.846
4.27331	665.358	684.469
4.28525	664.976	684.091
4.29718	664.594	683.714
4.30912	664.212	683.336
4.32106	663.829	682.958
4.33299	663.447	682.581
4.34493	663.064	682.203
4.35687	662.682	681.824
4.3688	662.299	681.446
4.38074	661.916	681.068
4.39268	661.533	680.689
4.40461	661.15	680.311
4.41655	660.767	679.932
4.42849	660.384	679.554
4.44042	660.001	679.175
4.45236	659.618	678.796
4.4643	659.235	678.417
4.47623	658.851	678.037
4.48817	658.468	677.658
4.50011	658.085	677.279
4.51204	657.701	676.899
4.52398	657.318	676.519
4.53592	656.934	676.14
4.54785	656.55	675.76
4.55979	656.166	675.38
4.57173	655.783	675
4.58366	655.399	674.62
4.5956	655.015	674.24
4.60754	654.631	673.859
4.61947	654.247	673.479
4.63141	653.862	673.098
4.64335	653.478	672.718
4.65528	653.094	672.337
4.66722	652.71	671.956
4.67916	652.325	671.575
4.69109	651.941	671.194
4.70303	651.556	670.813
4.71497	651.172	670.432
4.7269	650.787	670.051
4.73884	650.402	669.67
4.75078	650.018	669.288
4.76271	649.633	668.907
4.77465	649.248	668.525
4.78658	648.863	668.143
4.79852	648.478	667.762
4.81046	648.093	667.38
4.82239	647.708	666.998
4.83433	647.323	666.616
4.84627	646.938	666.234
4.8582	646.553	665.851
4.87014	646.168	665.469
4.88208	645.783	665.087
4.89401	645.397	664.704
4.90595	645.012	664.322
4.91789	644.627	663.939
4.92982	644.241	663.557
4.94176	643.856	663.174
4.9537	643.47	662.791
4.96563	643.084	662.408
4.97757	642.699	662.025
4.98951	642.313	661.642
5.00144	641.928	661.259
5.01338	641.542	660.876
5.02532	641.156	660.493
5.03725	640.77	660.11
5.04919	640.384	659.726
5.06113	639.998	659.343
5.07306	639.612	658.959
5.085	639.227	658.576
5.09694	638.841	658.192
5.10887	638.454	657.808
5.12081	638.068	657.425
5.13275	637.682	657.041
5.14468	637.296	656.657
5.15662	636.91	656.273
5.16856	636.524	655.889
5.18049	636.137	655.505
5.19243	635.751	655.121
5.20437	635.365	654.736
5.2163	634.978	654.352
5.22824	634.592	653.968
5.24018	634.206	653.583
5.25211	633.819	653.199
5.26405	633.433	652.814
5.27599	633.046	652.43
5.28792	632.66	652.045
5.29986	632.273	651.661
5.3118	631.886	651.276
5.32373	631.5	650.891
5.33567	631.113	650.506
5.34761	630.726	650.121
5.35954	630.34	649.737
5.37148	629.953	649.352
5.38342	629.566	648.966
5.39535	629.179	648.581
5.40729	628.793	648.196
5.41923	628.406	647.811
5.43116	628.019	647.426
5.4431	627.632	647.041
5.45504	627.245	646.655
5.46697	626.858	646.27
5.47891	626.471	645.884
5.49085	626.084	645.499
5.50278	625.697	645.113
5.51472	625.31	644.728
5.52666	624.923	644.342
5.53859	624.536	643.957
5.55053	624.149	643.571
5.56247	623.762	643.185
5.5744	623.374	642.799
5.58634	622.987	642.414
5.59828	622.6	642.028
5.61021	622.213	641.642
5.62215	621.826	641.256
5.63408	621.438	640.87
5.64602	621.051	640.484
5.65796	620.664	640.098
5.66989	620.276	639.712
5.68183	619.889	639.326
5.69377	619.502	638.94
5.7057	619.114	638.553
5.71764	618.727	638.167
5.72958	618.34	637.781
5.74151	617.952	637.395
5.75345	617.565	637.008
5.76539	617.177	636.622
5.77732	616.79	636.235
5.78926	616.402	635.849
5.8012	616.015	635.463
5.81313	615.627	635.076
5.82507	615.24	634.689
5.83701	614.852	634.303
5.84894	614.465	633.916
5.86088	614.077	633.53
5.87282	613.689	633.143
5.88475	613.302	632.756
5.89669	612.914	632.37
5.90863	612.526	631.983
5.92056	612.139	631.596
5.9325	611.751	631.209
5.94444	611.363	630.822
5.95637	610.976	630.436
5.96831	610.588	630.049
5.98025	610.2	629.662
5.99218	609.813	629.275
6.00412	609.425	628.888
6.01606	609.037	628.501
6.02799	608.649	628.114
6.03993	608.262	627.727
6.05187	607.874	627.34
6.0638	607.486	626.953
6.07574	607.098	626.566
6.08768	606.71	626.178
6.09961	606.322	625.791
6.11155	605.935	625.404
6.12349	605.547	625.017
6.13542	605.159	624.63
6.14736	604.771	624.242
6.1593	604.383	623.855
6.17123	603.995	623.468
6.18317	603.607	623.081
6.19511	603.219	622.693
6.20704	602.831	622.306
6.21898	602.443	621.918
6.23092	602.056	621.531
6.24285	601.668	621.144
6.25479	601.28	620.756
6.26673	600.892	620.369
6.27866	600.504	619.981
6.2906	600.116	619.594
6.30254	599.728	619.206
6.31447	599.34	618.819
6.32641	598.952	618.431
6.33835	598.564	618.044
6.35028	598.176	617.656
6.36222	597.787	617.269
6.37416	597.399	616.881
6.38609	597.011	616.493
6.39803	596.623	616.106
6.40997	596.235	615.718
6.4219	595.847	615.33
6.43384	595.459	614.943
6.44578	595.071	614.555
6.45771	594.683	614.167
6.46965	594.295	613.78
6.48159	593.907	613.392
6.49352	593.518	613.004
6.50546	593.13	612.617
6.51739	592.742	612.229
6.52933	592.354	611.841
6.54127	591.966	611.453
6.5532	591.578	611.065
6.56514	591.189	610.678
6.57708	590.801	610.29
6.58901	590.413	609.902
6.60095	590.025	609.514
6.61289	589.637	609.126
6.62482	589.248	608.738
6.63676	588.86	608.35
6.6487	588.472	607.963
6.66063	588.084	607.575
6.67257	587.695	607.187
6.68451	587.307	606.799
6.69644	586.919	606.411
6.70838	586.531	606.023
6.72032	586.142	605.635
6.73225	585.754	605.247
6.74419	585.366	604.859
6.75613	584.977	604.471
6.76806	584.589	604.083
6.78	584.201	603.695
6.79194	583.812	603.307
6.80387	583.424	602.919
6.81581	583.036	602.531
6.82775	582.647	602.143
6.83968	582.259	601.755
6.85162	581.871	601.367
6.86356	581.482	600.979
6.87549	581.094	600.591
6.88743	580.705	600.203
6.89937	580.317	599.814
6.9113	579.929	599.426
6.92324	579.54	599.038
6.93518	579.152	598.65
6.94711	578.763	598.262
6.95905	578.375	597.874
6.97099	577.986	597.486
6.98292	577.598	597.098
6.99486	577.209	596.709
7.0068	576.821	596.321
7.01873	576.432	595.933
7.03067	576.044	595.545
7.04261	575.655	595.157
7.05454	575.267	594.768
7.06648	574.878	594.38
7.07842	574.49	593.992
7.09035	574.101	593.604
7.10229	573.712	593.216
7.11423	573.324	592.827
7.12616	572.935	592.439
7.1381	572.547	592.051
7.15004	572.158	591.663
7.16197	571.769	591.274
7.17391	571.381	590.886
7.18585	570.992	590.498
7.19778	570.603	590.11
7.20972	570.215	589.721
7.22166	569.826	589.333
7.23359	569.437	588.945
7.24553	569.049	588.556
7.25747	568.66	588.168
7.2694	568.271	587.78
7.28134	567.882	587.391
7.29328	567.494	587.003
7.30521	567.105	586.615
7.31715	566.716	586.226
7.32909	566.327	585.838
7.34102	565.938	585.45
7.35296	565.55	585.061
7.36489	565.161	584.673
7.37683	564.772	584.285
7.38877	564.383	583.896
7.4007	563.994	583.508
7.41264	563.605	583.119
7.42458	563.216	582.731
7.43651	562.827	582.343
7.44845	562.438	581.954
7.46039	562.049	581.566
7.47232	561.66	581.177
7.48426	561.271	580.789
7.4962	560.882	580.4
7.50813	560.493	580.012
7.52007	560.104	579.623
7.53201	559.715	579.235
7.54394	559.326	578.846
7.55588	558.937	578.458
7.56782	558.548	578.069
7.57975	558.158	577.681
7.59169	557.769	577.292
7.60363	557.38	576.904
7.61556	556.991	576.515
7.6275	556.602	576.127
7.63944	556.212	575.738
7.65137	555.823	575.35
7.66331	555.434	574.961
7.67525	555.045	574.572
7.68718	554.655	574.184
7.69912	554.266	573.795
7.71106	553.876	573.406
7.72299	553.487	573.018
7.73493	553.098	572.629
7.74687	552.708	572.241
7.7588	552.319	571.852
7.77074	551.929	571.463
7.78268	551.54	571.074
7.79461	551.15	570.686
7.80655	550.761	570.297
7.81849	550.371	569.908
7.83042	549.982	569.52
7.84236	549.592	569.131
7.8543	549.202	568.742
7.86623	548.813	568.353
7.87817	548.423	567.965
7.89011	548.033	567.576
7.90204	547.643	567.187
7.91398	547.254	566.798
7.92592	546.864	566.409
7.93785	546.474	566.02
7.94979	546.084	565.632
7.96173	545.694	565.243
7.97366	545.304	564.854
7.9856	544.915	564.465
7.99754	544.525	564.076
8.00947	544.135	563.687
8.02141	543.745	563.298
8.03335	543.355	562.909
8.04528	542.965	562.52
8.05722	542.574	562.131
8.06916	542.184	561.742
8.08109	541.794	561.353
8.09303	541.404	560.964
8.10497	541.014	560.575
8.1169	540.624	560.186
8.12884	540.233	559.797
8.14078	539.843	559.408
8.15271	539.453	559.019
8.16465	539.062	558.63
8.17659	538.672	558.24
8.18852	538.281	557.851
8.20046	537.891	557.462
8.2124	537.501	557.073
8.22433	537.11	556.684
8.23627	536.719	556.294
8.2482	536.329	555.905
8.26014	535.938	555.516
8.27208	535.548	555.127
8.28401	535.157	554.737
8.29595	534.766	554.348
8.30789	534.375	553.959
8.31982	533.985	553.569
8.33176	533.594	553.18
8.3437	533.203	552.79
8.35563	532.812	552.401
8.36757	532.421	552.012
8.37951	532.03	551.622
8.39144	531.639	551.233
8.40338	531.248	550.843
8.41532	530.857	550.454
8.42725	530.466	550.064
8.43919	530.075	549.674
8.45113	529.684	549.285
8.46306	529.292	548.895
8.475	528.901	548.505
8.48694	528.51	548.116
8.49887	528.118	547.726
8.51081	527.727	547.336
8.52275	527.336	546.947
8.53468	526.944	546.557
8.54662	526.553	546.167
8.55856	526.161	545.777
8.57049	525.77	545.387
8.58243	525.378	544.997
8.59437	524.986	544.607
8.6063	524.595	544.218
8.61824	524.203	543.828
8.63018	523.811	543.438
8.64211	523.419	543.048
8.65405	523.027	542.658
8.66599	522.635	542.267
8.67792	522.243	541.877
8.68986	521.851	541.487
8.7018	521.459	541.097
8.71373	521.067	540.707
8.72567	520.675	540.317
8.73761	520.283	539.926
8.74954	519.891	539.536
8.76148	519.499	539.146
8.77342	519.106	538.756
8.78535	518.714	538.365
8.79729	518.322	537.975
8.80923	517.929	537.584
8.82116	517.537	537.194
8.8331	517.144	536.803
8.84504	516.752	536.413
8.85697	516.359	536.022
8.86891	515.966	535.632
8.88085	515.574	535.241
8.89278	515.181	534.85
8.90472	514.788	534.46
8.91666	514.395	534.069
8.92859	514.002	533.678
8.94053	513.61	533.288
8.95247	513.217	532.897
8.9644	512.824	532.506
8.97634	512.431	532.115
8.98828	512.037	531.724
9.00021	511.644	531.333
9.01215	511.251	530.942
9.02409	510.858	530.551
9.03602	510.464	530.16
9.04796	510.071	529.769
9.0599	509.678	529.378
9.07183	509.284	528.987
9.08377	508.891	528.595
9.0957	508.497	528.204
9.10764	508.104	527.813
9.11958	507.71	527.422
9.13151	507.316	527.03
9.14345	506.923	526.639
9.15539	506.529	526.247
9.16732	506.135	525.856
9.17926	505.741	525.464
9.1912	505.347	525.073
9.20313	504.953	524.681
9.21507	504.559	524.29
9.22701	504.165	523.898
9.23894	503.771	523.506
9.25088	503.377	523.114
9.26282	502.983	522.723
9.27475	502.589	522.331
9.28669	502.194	521.939
9.29863	501.8	521.547
9.31056	501.406	521.155
9.3225	501.011	520.763
9.33444	500.617	520.371
9.34637	500.222	519.979
9.35831	499.827	519.587
9.37025	499.433	519.195
9.38218	499.038	518.802
9.39412	498.643	518.41
9.40606	498.249	518.018
9.41799	497.854	517.625
9.42993	497.459	517.233
9.44187	497.064	516.841
9.4538	496.669	516.448
9.46574	496.274	516.056
9.47768	495.879	515.663
9.48961	495.484	515.27
9.50155	495.089	514.878
9.51349	494.693	514.485
9.52542	494.298	514.092
9.53736	493.903	513.7
9.5493	493.508	513.307
9.56123	493.112	512.914
9.57317	492.717	512.521
9.58511	492.321	512.128
9.59704	491.926	511.735
9.60898	491.53	511.342
9.62092	491.135	510.949
9.63285	490.739	510.556
9.64479	490.343	510.162
9.65673	489.947	509.769
9.66866	489.552	509.376
9.6806	489.156	508.982
9.69254	488.76	508.589
9.70447	488.364	508.196
9.71641	487.968	507.802
9.72835	487.572	507.409
9.74028	487.176	507.015
9.75222	486.78	506.621
9.76416	486.384	506.228
9.77609	485.987	505.834
9.78803	485.591	505.44
9.79997	485.195	505.046
9.8119	484.799	504.653
9.82384	484.402	504.259
9.83578	484.006	503.865
9.84771	483.61	503.471
9.85965	483.213	503.077
9.87159	482.817	502.683
9.88352	482.42	502.288
9.89546	482.023	501.894
9.9074	481.627	501.5
9.91933	481.23	501.106
9.93127	480.833	500.711
9.94321	480.437	500.317
9.95514	480.04	499.923
9.96708	479.643	499.528
9.97901	479.246	499.134
9.99095	478.849	498.739
10.0029	478.453	498.344
10.0148	478.056	497.95
10.0268	477.659	497.555
10.0387	477.262	497.16
10.0506	476.865	496.766
10.0626	476.468	496.371
10.0745	476.071	495.976
10.0864	475.673	495.581
10.0984	475.276	495.186
10.1103	474.879	494.791
10.1223	474.482	494.396
10.1342	474.085	494.001
10.1461	473.687	493.605
10.1581	473.29	493.21
10.17	472.893	492.815
10.1819	472.495	492.42
10.1939	472.098	492.024
10.2058	471.701	491.629
10.2177	471.303	491.233
10.2297	470.906	490.838
10.2416	470.508	490.442
10.2536	470.111	490.047
10.2655	469.713	489.651
10.2774	469.316	489.256
10.2894	468.918	488.86
10.3013	468.521	488.464
10.3132	468.123	488.068
10.3252	467.726	487.672
10.3371	467.328	487.277
10.3491	466.931	486.881
10.361	466.533	486.485
10.3729	466.135	486.089
10.3849	465.738	485.693
10.3968	465.34	485.297
10.4087	464.942	484.9
10.4207	464.545	484.504
10.4326	464.147	484.108
10.4445	463.749	483.712
10.4565	463.352	483.315
10.4684	462.954	482.919
10.4804	462.556	482.523
10.4923	462.158	482.126
10.5042	461.761	481.73
10.5162	461.363	481.333
10.5281	460.965	480.937
10.54	460.568	480.54
10.552	460.17	480.144
10.5639	459.772	479.747
10.5758	459.375	479.35
10.5878	458.977	478.954
10.5997	458.579	478.557
10.6117	458.182	478.16
10.6236	457.784	477.764
10.6355	457.386	477.367
10.6475	456.989	476.97
10.6594	456.591	476.573
10.6713	456.193	476.176
10.6833	455.796	475.779
10.6952	455.398	475.382
10.7071	455.001	474.985
10.7191	454.603	474.588
10.731	454.206	474.191
10.743	453.808	473.794
10.7549	453.411	473.397
10.7668	453.013	473
10.7788	452.616	472.602
10.7907	452.218	472.205
10.8026	451.821	471.808
10.8146	451.423	471.411
10.8265	451.026	471.013
10.8385	450.629	470.616
10.8504	450.232	470.219
10.8623	449.834	469.822
10.8743	449.437	469.424
10.8862	449.04	469.027
10.8981	448.643	468.629
10.9101	448.246	468.232
10.922	447.849	467.835
10.9339	447.452	467.437
10.9459	447.055	467.04
10.9578	446.658	466.642
10.9698	446.261	466.245
10.9817	445.864	465.847
10.9936	445.468	465.45
11.0056	445.071	465.052
11.0175	444.674	464.655
11.0294	444.278	464.257
11.0414	443.881	463.86
11.0533	443.485	463.462
11.0652	443.088	463.065
11.0772	442.692	462.667
11.0891	442.296	462.269
11.1011	441.9	461.872
11.113	441.503	461.474
11.1249	441.107	461.077
11.1369	440.711	460.679
11.1488	440.316	460.282
11.1607	439.92	459.884
11.1727	439.524	459.486
11.1846	439.128	459.089
11.1966	438.733	458.691
11.2085	438.337	458.294
11.2204	437.942	457.896
11.2324	437.546	457.499
11.2443	437.151	457.101
11.2562	436.756	456.704
11.2682	436.361	456.306
11.2801	435.966	455.909
11.292	435.571	455.511
11.304	435.176	455.114
11.3159	434.781	454.716
11.3279	434.387	454.319
11.3398	433.992	453.921
11.3517	433.598	453.524
11.3637	433.203	453.127
11.3756	432.809	452.729
11.3875	432.415	452.332
11.3995	432.021	451.935
11.4114	431.627	451.537
11.4233	431.234	451.14
11.4353	430.84	450.743
11.4472	430.447	450.346
11.4592	430.053	449.949
11.4711	429.66	449.552
11.483	429.267	449.155
11.495	428.874	448.757
11.5069	428.481	448.36
11.5188	428.088	447.964
11.5308	427.696	447.567
11.5427	427.303	447.17
11.5546	426.911	446.773
11.5666	426.519	446.376
11.5785	426.127	445.979
11.5905	425.735	445.583
11.6024	425.343	445.186
11.6143	424.952	444.789
11.6263	424.56	444.393
11.6382	424.169	443.996
11.6501	423.778	443.6
11.6621	423.387	443.204
11.674	422.996	442.807
11.686	422.606	442.411
11.6979	422.215	442.015
11.7098	421.825	441.619
11.7218	421.435	441.223
11.7337	421.045	440.827
11.7456	420.656	440.431
11.7576	420.266	440.035
11.7695	419.877	439.639
11.7814	419.487	439.244
11.7934	419.098	438.848
11.8053	418.71	438.452
11.8173	418.321	438.057
11.8292	417.933	437.662
11.8411	417.545	437.266
11.8531	417.156	436.871
11.865	416.769	436.476
11.8769	416.381	436.081
11.8889	415.994	435.686
11.9008	415.607	435.291
11.9127	415.22	434.896
11.9247	414.833	434.502
11.9366	414.446	434.107
11.9486	414.06	433.713
11.9605	413.674	433.319
11.9724	413.288	432.924
11.9844	412.902	432.53
11.9963	412.517	432.136
12.0082	412.132	431.742
12.0202	411.747	431.348
12.0321	411.362	430.955
12.0441	410.978	430.561
12.056	410.594	430.168
12.0679	410.21	429.774
12.0799	409.826	429.381
12.0918	409.443	428.988
12.1037	409.06	428.595
12.1157	408.677	428.202
12.1276	408.294	427.81
12.1395	407.912	427.417
12.1515	407.529	427.025
12.1634	407.148	426.633
12.1754	406.766	426.24
12.1873	406.385	425.849
12.1992	406.004	425.457
12.2112	405.623	425.065
12.2231	405.243	424.673
12.235	404.862	424.282
12.247	404.483	423.891
12.2589	404.103	423.5
12.2708	403.724	423.109
12.2828	403.345	422.718
12.2947	402.966	422.328
12.3067	402.588	421.937
12.3186	402.21	421.547
12.3305	401.832	421.157
12.3425	401.454	420.767
12.3544	401.077	420.377
12.3663	400.7	419.988
12.3783	400.324	419.598
12.3902	399.948	419.209
12.4021	399.572	418.82
12.4141	399.196	418.431
12.426	398.821	418.043
12.438	398.446	417.654
12.4499	398.072	417.266
12.4618	397.698	416.878
12.4738	397.324	416.49
12.4857	396.951	416.103
12.4976	396.578	415.715
12.5096	396.205	415.328
12.5215	395.832	414.941
12.5335	395.46	414.554
12.5454	395.089	414.168
12.5573	394.718	413.781
12.5693	394.347	413.395
12.5812	393.976	413.009
12.5931	393.606	412.624
12.6051	393.236	412.238
12.617	392.867	411.853
12.6289	392.498	411.468
12.6409	392.129	411.083
12.6528	391.761	410.699
12.6648	391.393	410.315
12.6767	391.026	409.931
12.6886	390.659	409.547
12.7006	390.292	409.164
12.7125	389.926	408.78
12.7244	389.56	408.397
12.7364	389.195	408.015
12.7483	388.83	407.632
12.7602	388.465	407.25
12.7722	388.101	406.868
12.7841	387.737	406.486
12.7961	387.374	406.105
12.808	387.011	405.724
12.8199	386.649	405.343
12.8319	386.287	404.963
12.8438	385.925	404.582
12.8557	385.564	404.202
12.8677	385.204	403.823
12.8796	384.844	403.443
12.8916	384.484	403.064
12.9035	384.125	402.686
12.9154	383.766	402.307
12.9274	383.407	401.929
12.9393	383.05	401.551
12.9512	382.692	401.173
12.9632	382.335	400.796
12.9751	381.979	400.419
12.987	381.623	400.043
12.999	381.267	399.666
13.0109	380.912	399.291
13.0229	380.558	398.915
13.0348	380.204	398.54
13.0467	379.85	398.165
13.0587	379.497	397.79
13.0706	379.145	397.416
13.0825	378.793	397.042
13.0945	378.441	396.668
13.1064	378.09	396.295
13.1183	377.74	395.922
13.1303	377.39	395.55
13.1422	377.041	395.178
13.1542	376.692	394.806
13.1661	376.343	394.434
13.178	375.996	394.063
13.19	375.648	393.693
13.2019	375.301	393.322
13.2138	374.955	392.953
13.2258	374.61	392.583
13.2377	374.264	392.214
13.2496	373.92	391.845
13.2616	373.576	391.477
13.2735	373.232	391.109
13.2855	372.889	390.741
13.2974	372.547	390.374
13.3093	372.205	390.007
13.3213	371.864	389.641
13.3332	371.523	389.275
13.3451	371.183	388.909
13.3571	370.844	388.544
13.369	370.505	388.179
13.381	370.166	387.815
13.3929	369.829	387.451
13.4048	369.491	387.088
13.4168	369.155	386.725
13.4287	368.819	386.362
13.4406	368.483	386
13.4526	368.149	385.638
13.4645	367.814	385.277
13.4764	367.481	384.916
13.4884	367.148	384.556
13.5003	366.816	384.196
13.5123	366.484	383.837
13.5242	366.153	383.478
13.5361	365.822	383.119
13.5481	365.492	382.761
13.56	365.163	382.404
13.5719	364.834	382.046
13.5839	364.506	381.69
13.5958	364.179	381.334
13.6077	363.852	380.978
13.6197	363.526	380.623
13.6316	363.201	380.268
13.6436	362.876	379.914
13.6555	362.552	379.56
13.6674	362.228	379.207
13.6794	361.906	378.854
13.6913	361.583	378.502
13.7032	361.262	378.15
13.7152	360.941	377.799
13.7271	360.621	377.448
13.7391	360.301	377.098
13.751	359.983	376.749
13.7629	359.664	376.399
13.7749	359.347	376.051
13.7868	359.03	375.703
13.7987	358.714	375.355
13.8107	358.399	375.008
13.8226	358.084	374.662
13.8345	357.77	374.316
13.8465	357.456	373.971
13.8584	357.144	373.626
13.8704	356.832	373.281
13.8823	356.521	372.938
13.8942	356.21	372.595
13.9062	355.9	372.252
13.9181	355.591	371.91
13.93	355.283	371.568
13.942	354.975	371.228
13.9539	354.668	370.887
13.9658	354.362	370.547
13.9778	354.056	370.208
13.9897	353.751	369.87
14.0017	353.447	369.532
14.0136	353.144	369.194
14.0255	352.841	368.857
14.0375	352.539	368.521
14.0494	352.238	368.186
14.0613	351.938	367.851
14.0733	351.638	367.516
14.0852	351.339	367.182
14.0971	351.041	366.849
14.1091	350.744	366.517
14.121	350.447	366.185
14.133	350.151	365.853
14.1449	349.856	365.522
14.1568	349.561	365.192
14.1688	349.268	364.863
14.1807	348.975	364.534
14.1926	348.683	364.206
14.2046	348.391	363.878
14.2165	348.101	363.551
14.2285	347.811	363.225
14.2404	347.522	362.899
14.2523	347.234	362.574
14.2643	346.946	362.25
14.2762	346.659	361.926
14.2881	346.373	361.603
14.3001	346.088	361.281
14.312	345.804	360.959
14.3239	345.52	360.638
14.3359	345.238	360.317
14.3478	344.956	359.998
14.3598	344.674	359.678
14.3717	344.394	359.36
14.3836	344.114	359.042
14.3956	343.836	358.725
14.4075	343.558	358.409
14.4194	343.28	358.093
14.4314	343.004	357.778
14.4433	342.728	357.464
14.4552	342.454	357.15
14.4672	342.18	356.838
14.4791	341.906	356.525
14.4911	341.634	356.214
14.503	341.363	355.903
14.5149	341.092	355.593
14.5269	340.822	355.284
14.5388	340.553	354.975
14.5507	340.285	354.667
14.5627	340.017	354.36
14.5746	339.751	354.053
14.5866	339.485	353.748
14.5985	339.22	353.443
14.6104	338.956	353.138
14.6224	338.693	352.835
14.6343	338.43	352.532
14.6462	338.169	352.23
14.6582	337.908	351.928
14.6701	337.648	351.628
14.682	337.389	351.328
14.694	337.131	351.029
14.7059	336.873	350.73
14.7179	336.617	350.433
14.7298	336.361	350.136
14.7417	336.106	349.84
14.7537	335.852	349.544
14.7656	335.599	349.25
14.7775	335.346	348.956
14.7895	335.095	348.663
14.8014	334.844	348.37
14.8133	334.595	348.079
14.8253	334.346	347.788
14.8372	334.098	347.498
14.8492	333.85	347.209
14.8611	333.604	346.92
14.873	333.359	346.633
14.885	333.114	346.346
14.8969	332.87	346.06
14.9088	332.627	345.774
14.9208	332.385	345.49
14.9327	332.144	345.206
14.9446	331.904	344.923
14.9566	331.664	344.641
14.9685	331.426	344.359
14.9805	331.188	344.079
14.9924	330.951	343.799
15.0043	330.715	343.52
15.0163	330.48	343.242
15.0282	330.246	342.965
15.0401	330.012	342.688
15.0521	329.78	342.412
15.064	329.548	342.137
15.076	329.318	341.863
15.0879	329.088	341.59
15.0998	328.859	341.318
15.1118	328.631	341.046
15.1237	328.403	340.775
15.1356	328.177	340.505
15.1476	327.951	340.236
15.1595	327.727	339.967
15.1714	327.503	339.7
15.1834	327.28	339.433
15.1953	327.058	339.167
15.2073	326.837	338.902
15.2192	326.617	338.638
15.2311	326.398	338.375
15.2431	326.179	338.112
15.255	325.961	337.85
15.2669	325.745	337.59
15.2789	325.529	337.329
15.2908	325.314	337.07
15.3027	325.1	336.812
15.3147	324.887	336.554
15.3266	324.674	336.298
15.3386	324.463	336.042
15.3505	324.252	335.787
15.3624	324.043	335.533
15.3744	323.834	335.28
15.3863	323.626	335.027
15.3982	323.419	334.776
15.4102	323.213	334.525
15.4221	323.008	334.275
15.4341	322.803	334.026
15.446	322.6	333.778
15.4579	322.397	333.531
15.4699	322.195	333.285
15.4818	321.995	333.039
15.4937	321.795	332.794
15.5057	321.596	332.551
15.5176	321.397	332.308
15.5295	321.2	332.066
15.5415	321.004	331.824
15.5534	320.808	331.584
15.5654	320.613	331.345
15.5773	320.419	331.106
15.5892	320.227	330.868
15.6012	320.034	330.632
15.6131	319.843	330.396
15.625	319.653	330.16
15.637	319.464	329.926
15.6489	319.275	329.693
15.6608	319.087	329.46
15.6728	318.9	329.229
15.6847	318.715	328.998
15.6967	318.529	328.768
15.7086	318.345	328.539
15.7205	318.162	328.311
15.7325	317.98	328.084
15.7444	317.798	327.858
15.7563	317.617	327.632
15.7683	317.437	327.408
15.7802	317.258	327.184
15.7921	317.08	326.961
15.8041	316.903	326.739
15.816	316.727	326.518
15.828	316.551	326.298
15.8399	316.377	326.079
15.8518	316.203	325.861
15.8638	316.03	325.643
15.8757	315.858	325.427
15.8876	315.687	325.211
15.8996	315.516	324.996
15.9115	315.347	324.782
15.9235	315.178	324.569
15.9354	315.011	324.357
15.9473	314.844	324.146
15.9593	314.678	323.935
15.9712	314.512	323.726
15.9831	314.348	323.517
15.9951	314.185	323.309
16.007	314.022	323.102
16.0189	313.86	322.896
16.0309	313.699	322.691
16.0428	313.539	322.487
16.0548	313.38	322.284
16.0667	313.222	322.081
16.0786	313.064	321.88
16.0906	312.907	321.679
16.1025	312.751	321.479
16.1144	312.596	321.281
16.1264	312.442	321.083
16.1383	312.289	320.885
16.1502	312.136	320.689
16.1622	311.984	320.494
16.1741	311.834	320.299
16.1861	311.684	320.106
16.198	311.534	319.913
16.2099	311.386	319.721
16.2219	311.238	319.53
16.2338	311.092	319.34
16.2457	310.946	319.151
16.2577	310.801	318.963
16.2696	310.656	318.775
16.2816	310.513	318.589
16.2935	310.37	318.403
16.3054	310.228	318.219
16.3174	310.087	318.035
16.3293	309.947	317.852
16.3412	309.808	317.67
16.3532	309.669	317.488
16.3651	309.531	317.308
16.377	309.394	317.128
16.389	309.258	316.95
16.4009	309.123	316.772
16.4129	308.988	316.595
16.4248	308.854	316.419
16.4367	308.721	316.244
16.4487	308.589	316.07
16.4606	308.458	315.896
16.4725	308.327	315.724
16.4845	308.197	315.552
16.4964	308.068	315.381
16.5083	307.94	315.211
16.5203	307.812	315.042
16.5322	307.686	314.874
16.5442	307.56	314.707
16.5561	307.435	314.54
16.568	307.31	314.375
16.58	307.187	314.21
16.5919	307.064	314.046
16.6038	306.942	313.883
16.6158	306.82	313.721
16.6277	306.7	313.559
16.6396	306.58	313.399
16.6516	306.461	313.239
16.6635	306.343	313.08
16.6755	306.225	312.922
16.6874	306.108	312.765
16.6993	305.992	312.609
16.7113	305.877	312.454
16.7232	305.762	312.299
16.7351	305.649	312.145
16.7471	305.535	311.992
16.759	305.423	311.84
16.771	305.312	311.689
16.7829	305.201	311.539
16.7948	305.091	311.389
16.8068	304.981	311.241
16.8187	304.872	311.093
16.8306	304.764	310.946
16.8426	304.657	310.799
16.8545	304.551	310.654
16.8664	304.445	310.509
16.8784	304.34	310.366
16.8903	304.235	310.223
16.9023	304.132	310.081
16.9142	304.029	309.939
16.9261	303.927	309.799
16.9381	303.825	309.659
16.95	303.724	309.521
16.9619	303.624	309.383
16.9739	303.524	309.245
16.9858	303.426	309.109
16.9977	303.328	308.973
17.0097	303.23	308.839
17.0216	303.133	308.705
17.0336	303.037	308.571
17.0455	302.942	308.439
17.0574	302.847	308.307
17.0694	302.753	308.177
17.0813	302.66	308.047
17.0932	302.567	307.917
17.1052	302.475	307.789
17.1171	302.384	307.661
17.1291	302.293	307.534
17.141	302.203	307.408
17.1529	302.114	307.283
17.1649	302.025	307.159
17.1768	301.937	307.035
17.1887	301.85	306.912
17.2007	301.763	306.79
17.2126	301.677	306.668
17.2245	301.591	306.548
17.2365	301.506	306.428
17.2484	301.422	306.309
17.2604	301.339	306.19
17.2723	301.256	306.073
17.2842	301.173	305.956
17.2962	301.092	305.84
17.3081	301.011	305.725
17.32	300.93	305.61
17.332	300.85	305.496
17.3439	300.771	305.383
17.3558	300.692	305.271
17.3678	300.614	305.159
17.3797	300.537	305.048
17.3917	300.46	304.938
17.4036	300.384	304.829
17.4155	300.308	304.72
17.4275	300.233	304.612
17.4394	300.159	304.505
17.4513	300.085	304.398
17.4633	300.012	304.293
17.4752	299.939	304.188
17.4871	299.867	304.083
17.4991	299.795	303.98
17.511	299.724	303.877
17.523	299.654	303.775
17.5349	299.584	303.673
17.5468	299.515	303.573
17.5588	299.446	303.472
17.5707	299.378	303.373
17.5826	299.31	303.274
17.5946	299.243	303.176
17.6065	299.177	303.079
17.6185	299.111	302.983
17.6304	299.045	302.887
17.6423	298.981	302.791
17.6543	298.916	302.697
17.6662	298.853	302.603
17.6781	298.789	302.51
17.6901	298.727	302.417
17.702	298.664	302.326
17.7139	298.603	302.234
17.7259	298.542	302.144
17.7378	298.481	302.054
17.7498	298.421	301.965
17.7617	298.361	301.876
17.7736	298.302	301.789
17.7856	298.244	301.701
17.7975	298.186	301.615
17.8094	298.128	301.529
17.8214	298.071	301.444
17.8333	298.015	301.359
17.8452	297.959	301.275
17.8572	297.903	301.192
17.8691	297.848	301.109
17.8811	297.793	301.027
17.893	297.739	300.945
17.9049	297.686	300.865
17.9169	297.632	300.784
17.9288	297.58	300.705
17.9407	297.528	300.626
17.9527	297.476	300.548
17.9646	297.425	300.47
17.9766	297.374	300.393
17.9885	297.323	300.316
18.0004	297.274	300.24
18.0124	297.224	300.165
18.0243	297.175	300.09
18.0362	297.127	300.016
18.0482	297.079	299.943
18.0601	297.031	299.87
18.072	296.984	299.797
18.084	296.937	299.725
18.0959	296.891	299.654
18.1079	296.845	299.584
18.1198	296.799	299.514
18.1317	296.754	299.444
18.1437	296.71	299.375
18.1556	296.666	299.307
18.1675	296.622	299.239
18.1795	296.578	299.172
18.1914	296.535	299.105
18.2033	296.493	299.039
18.2153	296.451	298.974
18.2272	296.409	298.909
18.2392	296.368	298.844
18.2511	296.327	298.78
18.263	296.286	298.717
18.275	296.246	298.654
18.2869	296.207	298.592
18.2988	296.167	298.53
18.3108	296.128	298.469
18.3227	296.09	298.408
18.3346	296.052	298.348
18.3466	296.014	298.288
18.3585	295.976	298.229
18.3705	295.939	298.17
18.3824	295.903	298.112
18.3943	295.866	298.055
18.4063	295.83	297.998
18.4182	295.795	297.941
18.4301	295.76	297.885
18.4421	295.725	297.829
18.454	295.69	297.774
18.466	295.656	297.72
18.4779	295.622	297.666
18.4898	295.589	297.612
18.5018	295.556	297.559
18.5137	295.523	297.506
18.5256	295.491	297.454
18.5376	295.459	297.402
18.5495	295.427	297.351
18.5614	295.395	297.3
18.5734	295.364	297.25
18.5853	295.334	297.2
18.5973	295.303	297.151
18.6092	295.273	297.102
18.6211	295.243	297.053
18.6331	295.214	297.005
18.645	295.185	296.958
18.6569	295.156	296.911
18.6689	295.127	296.864
18.6808	295.099	296.818
18.6927	295.071	296.772
18.7047	295.043	296.726
18.7166	295.016	296.682
18.7286	294.989	296.637
18.7405	294.962	296.593
18.7524	294.936	296.549
18.7644	294.91	296.506
18.7763	294.884	296.463
18.7882	294.858	296.421
18.8002	294.833	296.379
18.8121	294.808	296.337
18.8241	294.783	296.296
18.836	294.759	296.255
18.8479	294.735	296.215
18.8599	294.711	296.175
18.8718	294.687	296.135
18.8837	294.664	296.096
18.8957	294.641	296.058
18.9076	294.618	296.019
18.9195	294.595	295.981
18.9315	294.573	295.944
18.9434	294.551	295.906
18.9554	294.529	295.869
18.9673	294.508	295.833
18.9792	294.486	295.797
18.9912	294.465	295.761
19.0031	294.445	295.726
19.015	294.424	295.691
19.027	294.404	295.656
19.0389	294.384	295.622
19.0508	294.364	295.588
19.0628	294.344	295.554
19.0747	294.325	295.521
19.0867	294.306	295.488
19.0986	294.287	295.456
19.1105	294.268	295.423
19.1225	294.25	295.391
19.1344	294.231	295.36
19.1463	294.213	295.329
19.1583	294.196	295.298
19.1702	294.178	295.267
19.1821	294.161	295.237
19.1941	294.143	295.207
19.206	294.126	295.178
19.218	294.11	295.149
19.2299	294.093	295.12
19.2418	294.077	295.091
19.2538	294.061	295.063
19.2657	294.045	295.035
19.2776	294.029	295.007
19.2896	294.014	294.98
19.3015	293.998	294.953
19.3135	293.983	294.926
19.3254	293.968	294.9
19.3373	293.953	294.873
19.3493	293.939	294.848
19.3612	293.924	294.822
19.3731	293.91	294.797
19.3851	293.896	294.772
19.397	293.882	294.747
19.4089	293.869	294.723
19.4209	293.855	294.698
19.4328	293.842	294.675
19.4448	293.829	294.651
19.4567	293.816	294.628
19.4686	293.803	294.605
19.4806	293.79	294.582
19.4925	293.778	294.559
19.5044	293.766	294.537
19.5164	293.754	294.515
19.5283	293.742	294.493
19.5402	293.73	294.472
19.5522	293.718	294.451
19.5641	293.707	294.43
19.5761	293.695	294.409
19.588	293.684	294.388
19.5999	293.673	294.368
19.6119	293.662	294.348
19.6238	293.651	294.328
19.6357	293.641	294.309
19.6477	293.63	294.289
19.6596	293.62	294.27
19.6716	293.61	294.252
19.6835	293.6	294.233
19.6954	293.59	294.215
19.7074	293.58	294.197
19.7193	293.571	294.179
19.7312	293.561	294.161
19.7432	293.552	294.143
19.7551	293.543	294.126
19.767	293.534	294.109
19.779	293.525	294.092
19.7909	293.516	294.076
19.8029	293.507	294.059
19.8148	293.498	294.043
19.8267	293.49	294.027
19.8387	293.482	294.011
19.8506	293.473	293.996
19.8625	293.465	293.98
19.8745	293.457	293.965
19.8864	293.449	293.95
19.8983	293.442	293.935
19.9103	293.434	293.921
19.9222	293.427	293.906
19.9342	293.419	293.892
19.9461	293.412	293.878
19.958	293.405	293.864
19.97	293.398	293.85
19.9819	293.391	293.837
19.9938	293.384	293.824
20.0058	293.377	293.81
20.0177	293.37	293.797
20.0296	293.364	293.785
20.0416	293.357	293.772
20.0535	293.351	293.76
20.0655	293.345	293.747
20.0774	293.338	293.735
20.0893	293.332	293.723
20.1013	293.326	293.711
20.1132	293.32	293.7
20.1251	293.314	293.688
20.1371	293.309	293.677
20.149	293.303	293.666
20.161	293.298	293.655
20.1729	293.292	293.644
20.1848	293.287	293.633
20.1968	293.281	293.623
20.2087	293.276	293.612
20.2206	293.271	293.602
20.2326	293.266	293.592
20.2445	293.261	293.582
20.2564	293.256	293.572
20.2684	293.251	293.562
20.2803	293.247	293.553
20.2923	293.242	293.543
20.3042	293.237	293.534
20.3161	293.233	293.525
20.3281	293.228	293.516
20.34	293.224	293.507
20.3519	293.22	293.498
20.3639	293.216	293.489
20.3758	293.211	293.481
20.3877	293.207	293.473
20.3997	293.203	293.464
20.4116	293.199	293.456
20.4236	293.195	293.448
20.4355	293.192	293.44
20.4474	293.188	293.432
20.4594	293.184	293.425
20.4713	293.181	293.417
20.4832	293.177	293.41
20.4952	293.174	293.402
20.5071	293.17	293.395
20.5191	293.167	293.388
20.531	293.163	293.381
20.5429	293.16	293.374
20.5549	293.157	293.367
20.5668	293.154	293.361
20.5787	293.151	293.354
20.5907	293.148	293.348
20.6026	293.145	293.341
20.6145	293.142	293.335
20.6265	293.139	293.329
20.6384	293.136	293.323
20.6504	293.133	293.317
20.6623	293.13	293.311
20.6742	293.128	293.305
20.6862	293.125	293.299
20.6981	293.122	293.294
20.71	293.12	293.288
20.722	293.117	293.283
20.7339	293.115	293.277
20.7458	293.112	293.272
20.7578	293.11	293.267
20.7697	293.108	293.262
20.7817	293.105	293.257
20.7936	293.103	293.252
20.8055	293.101	293.247
20.8175	293.099	293.242
20.8294	293.097	293.237
20.8413	293.095	293.233
20.8533	293.092	293.228
20.8652	293.09	293.224
20.8771	293.088	293.219
20.8891	293.087	293.215
20.901	293.085	293.211
20.913	293.083	293.206
20.9249	293.081	293.202
20.9368	293.079	293.198
20.9488	293.077	293.194
20.9607	293.076	293.19
20.9726	293.074	293.187
20.9846	293.072	293.183
20.9965	293.071	293.179
21.0085	293.069	293.175
21.0204	293.068	293.172
21.0323	293.066	293.168
21.0443	293.064	293.165
21.0562	293.063	293.161
21.0681	293.062	293.158
21.0801	293.06	293.155
21.092	293.059	293.152
21.1039	293.057	293.148
21.1159	293.056	293.145
21.1278	293.055	293.142
21.1398	293.053	293.139
21.1517	293.052	293.136
21.1636	293.051	293.133
21.1756	293.05	293.131
21.1875	293.049	293.128
21.1994	293.047	293.125
21.2114	293.046	293.122
21.2233	293.045	293.12
21.2352	293.044	293.117
21.2472	293.043	293.115
21.2591	293.042	293.112
21.2711	293.041	293.11
21.283	293.04	293.107
21.2949	293.039	293.105
21.3069	293.038	293.103
21.3188	293.037	293.1
21.3307	293.036	293.098
21.3427	293.035	293.096
21.3546	293.034	293.094
21.3666	293.034	293.092
21.3785	293.033	293.09
21.3904	293.032	293.088
21.4024	293.031	293.086
21.4143	293.03	293.084
21.4262	293.03	293.082
21.4382	293.029	293.08
21.4501	293.028	293.078
21.462	293.027	293.076
21.474	293.027	293.075
21.4859	293.026	293.073
21.4979	293.025	293.071
21.5098	293.025	293.069
21.5217	293.024	293.068
21.5337	293.023	293.066
21.5456	293.023	293.065
21.5575	293.022	293.063
21.5695	293.022	293.062
21.5814	293.021	293.06
21.5933	293.02	293.059
21.6053	293.02	293.057
21.6172	293.019	293.056
21.6292	293.019	293.055
21.6411	293.018	293.053
21.653	293.018	293.052
21.665	293.017	293.051
21.6769	293.017	293.049
21.6888	293.016	293.048
21.7008	293.016	293.047
21.7127	293.016	293.046
21.7246	293.015	293.045
21.7366	293.015	293.044
21.7485	293.014	293.043
21.7605	293.014	293.041
21.7724	293.013	293.04
21.7843	293.013	293.039
21.7963	293.013	293.038
21.8082	293.012	293.037
21.8201	293.012	293.036
21.8321	293.012	293.035
21.844	293.011	293.035
21.856	293.011	293.034
21.8679	293.011	293.033
21.8798	293.01	293.032
21.8918	293.01	293.031
21.9037	293.01	293.03
21.9156	293.009	293.029
21.9276	293.009	293.029
21.9395	293.009	293.028
21.9514	293.009	293.027
21.9634	293.008	293.026
21.9753	293.008	293.026
21.9873	293.008	293.025
21.9992	293.008	293.024
22.0111	293.007	293.024
22.0231	293.007	293.023
22.035	293.007	293.022
22.0469	293.007	293.022
22.0589	293.007	293.021
22.0708	293.006	293.021
22.0827	293.006	293.02
22.0947	293.006	293.019
22.1066	293.006	293.019
22.1186	293.006	293.018
22.1305	293.005	293.018
22.1424	293.005	293.017
22.1544	293.005	293.017
22.1663	293.005	293.016
22.1782	293.005	293.016
22.1902	293.005	293.015
22.2021	293.004	293.015
22.2141	293.004	293.015
22.226	293.004	293.014
22.2379	293.004	293.014
22.2499	293.004	293.013
22.2618	293.004	293.013
22.2737	293.004	293.013
22.2857	293.003	293.012
22.2976	293.003	293.012
22.3095	293.003	293.011
22.3215	293.003	293.011
22.3334	293.003	293.011
22.3454	293.003	293.01
22.3573	293.003	293.01
22.3692	293.003	293.01
22.3812	293.003	293.009
22.3931	293.003	293.009
22.405	293.002	293.009
22.417	293.002	293.009
22.4289	293.002	293.008
22.4408	293.002	293.008
22.4528	293.002	293.008
22.4647	293.002	293.008
22.4767	293.002	293.007
22.4886	293.002	293.007
22.5005	293.002	293.007
22.5125	293.002	293.007
22.5244	293.002	293.006
22.5363	293.002	293.006
22.5483	293.002	293.006
22.5602	293.001	293.006
22.5721	293.001	293.006
22.5841	293.001	293.005
22.596	293.001	293.005
22.608	293.001	293.005
22.6199	293.001	293.005
22.6318	293.001	293.005
22.6438	293.001	293.005
22.6557	293.001	293.004
22.6676	293.001	293.004
22.6796	293.001	293.004
22.6915	293.001	293.004
22.7035	293.001	293.004
22.7154	293.001	293.004
22.7273	293.001	293.004
22.7393	293.001	293.003
22.7512	293.001	293.003
22.7631	293.001	293.003
22.7751	293.001	293.003
22.787	293.001	293.003
22.7989	293.001	293.003
22.8109	293.001	293.003
22.8228	293.001	293.003
22.8348	293.001	293.002
22.8467	293.001	293.002
22.8586	293.001	293.002
22.8706	293.001	293.002
22.8825	293	293.002
22.8944	293	293.002
22.9064	293	293.002
22.9183	293	293.002
22.9302	293	293.002
22.9422	293	293.002
22.9541	293	293.002
22.9661	293	293.002
22.978	293	293.002
22.9899	293	293.001
23.0019	293	293.001
23.0138	293	293.001
23.0257	293	293.001
23.0377	293	293.001
23.0496	293	293.001
23.0616	293	293.001
23.0735	293	293.001
23.0854	293	293.001
23.0974	293	293.001
23.1093	293	293.001
23.1212	293	293.001
23.1332	293	293.001
23.1451	293	293.001
23.157	293	293.001
23.169	293	293.001
23.1809	293	293.001
23.1929	293	293.001
23.2048	293	293.001
23.2167	293	293.001
23.2287	293	293.001
23.2406	293	293.001
23.2525	293	293.001
23.2645	293	293.001
23.2764	293	293
23.2883	293	293
23.3003	293	293
23.3122	293	293
23.3242	293	293
23.3361	293	293
23.348	293	293
23.36	293	293
23.3719	293	293
23.3838	293	293
23.3958	293	293
23.4077	293	293
23.4196	293	293
23.4316	293	293
23.4435	293	293
23.4555	293	293
23.4674	293	293
23.4793	293	293
23.4913	293	293
23.5032	293	293
23.5151	293	293
23.5271	293	293
23.539	293	293
23.551	293	293
23.5629	293	293
23.5748	293	293
23.5868	293	293
23.5987	293	293
23.6106	293	293
23.6226	293	293
23.6345	293	293
23.6464	293	293
23.6584	293	293
23.6703	293	293
23.6823	293	293
23.6942	293	293
23.7061	293	293
23.7181	293	293
23.73	293	293
23.7419	293	293
23.7539	293	293
23.7658	293	293
23.7777	293	293
23.7897	293	293
23.8016	293	293
23.8136	293	293
23.8255	293	293
23.8374	293	293
23.8494	293	293
23.8613	293	293
23.8732	293	293
