0	789.029	802.476
0.0119366	788.893	802.42
0.0238732	788.616	802.277
0.0358099	788.332	802.082
0.0477465	788.047	801.858
0.0596831	787.761	801.618
0.0716197	787.474	801.368
0.0835563	787.187	801.112
0.095493	786.899	800.853
0.10743	786.611	800.591
0.119366	786.322	800.329
0.131303	786.032	800.065
0.143239	785.743	799.8
0.155176	785.452	799.535
0.167113	785.161	799.269
0.179049	784.87	799.002
0.190986	784.578	798.735
0.202923	784.286	798.468
0.214859	783.993	798.199
0.226796	783.7	797.931
0.238732	783.407	797.662
0.250669	783.113	797.392
0.262606	782.818	797.122
0.274542	782.523	796.851
0.286479	782.228	796.58
0.298416	781.932	796.308
0.310352	781.635	796.036
0.322289	781.338	795.763
0.334225	781.041	795.49
0.346162	780.743	795.217
0.358099	780.445	794.942
0.370035	780.146	794.668
0.381972	779.847	794.392
0.393908	779.548	794.117
0.405845	779.248	793.84
0.417782	778.947	793.564
0.429718	778.646	793.286
0.441655	778.345	793.009
0.453592	778.043	792.731
0.465528	777.741	792.452
0.477465	777.438	792.173
0.489401	777.135	791.893
0.501338	776.832	791.613
0.513275	776.528	791.332
0.525211	776.223	791.051
0.537148	775.918	790.769
0.549085	775.613	790.487
0.561021	775.307	790.204
0.572958	775.001	789.921
0.584894	774.694	789.638
0.596831	774.387	789.353
0.608768	774.08	789.069
0.620704	773.772	788.784
0.632641	773.464	788.498
0.644578	773.155	788.212
0.656514	772.846	787.926
0.668451	772.536	787.639
0.680387	772.226	787.351
0.692324	771.916	787.063
0.704261	771.605	786.775
0.716197	771.293	786.486
0.728134	770.982	786.196
0.74007	770.67	785.907
0.752007	770.357	785.616
0.763944	770.044	785.325
0.77588	769.731	785.034
0.787817	769.417	784.742
0.799754	769.103	784.45
0.81169	768.788	784.158
0.823627	768.473	783.864
0.835563	768.158	783.571
0.8475	767.842	783.277
0.859437	767.526	782.982
0.871373	767.209	782.687
0.88331	766.892	782.392
0.895247	766.574	782.096
0.907183	766.257	781.799
0.91912	765.938	781.502
0.931056	765.62	781.205
0.942993	765.301	780.907
0.95493	764.981	780.609
0.966866	764.661	780.31
0.978803	764.341	780.011
0.99074	764.021	779.712
1.00268	763.7	779.412
1.01461	763.378	779.111
1.02655	763.056	778.81
1.03849	762.734	778.509
1.05042	762.412	778.207
1.06236	762.089	777.905
1.0743	761.765	777.602
1.08623	761.442	777.299
1.09817	761.118	776.995
1.11011	760.793	776.691
1.12204	760.468	776.387
1.13398	760.143	776.082
1.14592	759.818	775.777
1.15785	759.492	775.471
1.16979	759.165	775.165
1.18173	758.839	774.858
1.19366	758.511	774.551
1.2056	758.184	774.243
1.21754	757.856	773.935
1.22947	757.528	773.627
1.24141	757.199	773.318
1.25335	756.871	773.009
1.26528	756.541	772.699
1.27722	756.212	772.389
1.28916	755.882	772.079
1.30109	755.551	771.768
1.31303	755.221	771.456
1.32496	754.89	771.145
1.3369	754.558	770.832
1.34884	754.226	770.52
1.36077	753.894	770.207
1.37271	753.562	769.893
1.38465	753.229	769.58
1.39658	752.896	769.265
1.40852	752.562	768.951
1.42046	752.228	768.636
1.43239	751.894	768.32
1.44433	751.559	768.004
1.45627	751.225	767.688
1.4682	750.889	767.371
1.48014	750.554	767.054
1.49208	750.218	766.736
1.50401	749.882	766.419
1.51595	749.545	766.1
1.52789	749.208	765.781
1.53982	748.871	765.462
1.55176	748.533	765.143
1.5637	748.195	764.823
1.57563	747.857	764.503
1.58757	747.518	764.182
1.59951	747.179	763.861
1.61144	746.84	763.539
1.62338	746.501	763.217
1.63532	746.161	762.895
1.64725	745.82	762.573
1.65919	745.48	762.249
1.67113	745.139	761.926
1.68306	744.798	761.602
1.695	744.456	761.278
1.70694	744.115	760.954
1.71887	743.773	760.629
1.73081	743.43	760.303
1.74275	743.087	759.978
1.75468	742.744	759.651
1.76662	742.401	759.325
1.77856	742.057	758.998
1.79049	741.713	758.671
1.80243	741.369	758.343
1.81437	741.024	758.016
1.8263	740.68	757.687
1.83824	740.334	757.359
1.85018	739.989	757.03
1.86211	739.643	756.7
1.87405	739.297	756.37
1.88599	738.951	756.04
1.89792	738.604	755.71
1.90986	738.257	755.379
1.9218	737.91	755.048
1.93373	737.562	754.716
1.94567	737.214	754.384
1.95761	736.866	754.052
1.96954	736.518	753.719
1.98148	736.169	753.386
1.99342	735.82	753.053
2.00535	735.471	752.719
2.01729	735.121	752.385
2.02923	734.772	752.051
2.04116	734.421	751.716
2.0531	734.071	751.381
2.06504	733.72	751.046
2.07697	733.369	750.71
2.08891	733.018	750.374
2.10085	732.667	750.038
2.11278	732.315	749.701
2.12472	731.963	749.364
2.13666	731.611	749.026
2.14859	731.258	748.689
2.16053	730.905	748.351
2.17246	730.552	748.012
2.1844	730.199	747.674
2.19634	729.845	747.334
2.20827	729.491	746.995
2.22021	729.137	746.655
2.23215	728.783	746.315
2.24408	728.428	745.975
2.25602	728.073	745.634
2.26796	727.718	745.293
2.27989	727.363	744.952
2.29183	727.007	744.61
2.30377	726.651	744.268
2.3157	726.295	743.926
2.32764	725.938	743.583
2.33958	725.582	743.241
2.35151	725.225	742.897
2.36345	724.868	742.554
2.37539	724.51	742.21
2.38732	724.153	741.866
2.39926	723.795	741.521
2.4112	723.437	741.177
2.42313	723.078	740.832
2.43507	722.72	740.486
2.44701	722.361	740.141
2.45894	722.002	739.795
2.47088	721.642	739.448
2.48282	721.283	739.102
2.49475	720.923	738.755
2.50669	720.563	738.408
2.51863	720.203	738.06
2.53056	719.842	737.713
2.5425	719.482	737.365
2.55444	719.121	737.016
2.56637	718.76	736.668
2.57831	718.398	736.319
2.59025	718.037	735.97
2.60218	717.675	735.62
2.61412	717.313	735.271
2.62606	716.95	734.921
2.63799	716.588	734.57
2.64993	716.225	734.22
2.66187	715.862	733.869
2.6738	715.499	733.518
2.68574	715.136	733.166
2.69768	714.772	732.815
2.70961	714.409	732.463
2.72155	714.045	732.111
2.73349	713.681	731.758
2.74542	713.316	731.405
2.75736	712.952	731.052
2.7693	712.587	730.699
2.78123	712.222	730.345
2.79317	711.857	729.992
2.80511	711.491	729.638
2.81704	711.126	729.283
2.82898	710.76	728.929
2.84092	710.394	728.574
2.85285	710.028	728.219
2.86479	709.661	727.863
2.87673	709.295	727.508
2.88866	708.928	727.152
2.9006	708.561	726.796
2.91254	708.194	726.439
2.92447	707.827	726.083
2.93641	707.459	725.726
2.94835	707.092	725.369
2.96028	706.724	725.011
2.97222	706.356	724.654
2.98416	705.987	724.296
2.99609	705.619	723.938
3.00803	705.25	723.58
3.01997	704.882	723.221
3.0319	704.513	722.862
3.04384	704.143	722.503
3.05577	703.774	722.144
3.06771	703.405	721.784
3.07965	703.035	721.425
3.09158	702.665	721.065
3.10352	702.295	720.704
3.11546	701.925	720.344
3.12739	701.555	719.983
3.13933	701.184	719.622
3.15127	700.813	719.261
3.1632	700.442	718.9
3.17514	700.071	718.538
3.18708	699.7	718.176
3.19901	699.329	717.814
3.21095	698.957	717.452
3.22289	698.586	717.09
3.23482	698.214	716.727
3.24676	697.842	716.364
3.2587	697.47	716.001
3.27063	697.097	715.638
3.28257	696.725	715.274
3.29451	696.352	714.911
3.30644	695.98	714.547
3.31838	695.607	714.182
3.33032	695.233	713.818
3.34225	694.86	713.453
3.35419	694.487	713.089
3.36613	694.113	712.724
3.37806	693.74	712.359
3.39	693.366	711.993
3.40194	692.992	711.628
3.41387	692.618	711.262
3.42581	692.243	710.896
3.43775	691.869	710.53
3.44968	691.495	710.163
3.46162	691.12	709.797
3.47356	690.745	709.43
3.48549	690.37	709.063
3.49743	689.995	708.696
3.50937	689.62	708.328
3.5213	689.244	707.961
3.53324	688.869	707.593
3.54518	688.493	707.225
3.55711	688.117	706.857
3.56905	687.742	706.489
3.58099	687.365	706.12
3.59292	686.989	705.752
3.60486	686.613	705.383
3.6168	686.237	705.014
3.62873	685.86	704.645
3.64067	685.483	704.275
3.65261	685.107	703.906
3.66454	684.73	703.536
3.67648	684.353	703.166
3.68842	683.975	702.796
3.70035	683.598	702.426
3.71229	683.221	702.056
3.72423	682.843	701.685
3.73616	682.466	701.314
3.7481	682.088	700.943
3.76004	681.71	700.572
3.77197	681.332	700.201
3.78391	680.954	699.83
3.79585	680.576	699.458
3.80778	680.197	699.086
3.81972	679.819	698.714
3.83166	679.44	698.342
3.84359	679.062	697.97
3.85553	678.683	697.598
3.86747	678.304	697.225
3.8794	677.925	696.853
3.89134	677.546	696.48
3.90327	677.167	696.107
3.91521	676.787	695.734
3.92715	676.408	695.36
3.93908	676.028	694.987
3.95102	675.649	694.613
3.96296	675.269	694.24
3.97489	674.889	693.866
3.98683	674.509	693.492
3.99877	674.129	693.117
4.0107	673.749	692.743
4.02264	673.369	692.369
4.03458	672.989	691.994
4.04651	672.608	691.619
4.05845	672.228	691.244
4.07039	671.847	690.869
4.08232	671.466	690.494
4.09426	671.086	690.119
4.1062	670.705	689.743
4.11813	670.324	689.368
4.13007	669.943	688.992
4.14201	669.562	688.616
4.15394	669.18	688.24
4.16588	668.799	687.864
4.17782	668.418	687.488
4.18975	668.036	687.112
4.20169	667.655	686.735
4.21363	667.273	686.358
4.22556	666.891	685.982
4.2375	666.509	685.605
4.24944	666.127	685.228
4.26137	665.745	684.851
4.27331	665.363	684.473
4.28525	664.981	684.096
4.29718	664.599	683.719
4.30912	664.217	683.341
4.32106	663.834	682.963
4.33299	663.452	682.585
4.34493	663.069	682.207
4.35687	662.687	681.829
4.3688	662.304	681.451
4.38074	661.921	681.073
4.39268	661.538	680.694
4.40461	661.156	680.316
4.41655	660.773	679.937
4.42849	660.39	679.558
4.44042	660.006	679.18
4.45236	659.623	678.801
4.4643	659.24	678.421
4.47623	658.857	678.042
4.48817	658.473	677.663
4.50011	658.09	677.284
4.51204	657.706	676.904
4.52398	657.323	676.524
4.53592	656.939	676.145
4.54785	656.555	675.765
4.55979	656.172	675.385
4.57173	655.788	675.005
4.58366	655.404	674.625
4.5956	655.02	674.245
4.60754	654.636	673.864
4.61947	654.252	673.484
4.63141	653.868	673.103
4.64335	653.483	672.723
4.65528	653.099	672.342
4.66722	652.715	671.961
4.67916	652.33	671.58
4.69109	651.946	671.199
4.70303	651.562	670.818
4.71497	651.177	670.437
4.7269	650.792	670.056
4.73884	650.408	669.675
4.75078	650.023	669.293
4.76271	649.638	668.912
4.77465	649.253	668.53
4.78658	648.869	668.148
4.79852	648.484	667.767
4.81046	648.099	667.385
4.82239	647.714	667.003
4.83433	647.329	666.621
4.84627	646.944	666.239
4.8582	646.558	665.857
4.87014	646.173	665.474
4.88208	645.788	665.092
4.89401	645.403	664.71
4.90595	645.017	664.327
4.91789	644.632	663.945
4.92982	644.246	663.562
4.94176	643.861	663.179
4.9537	643.475	662.796
4.96563	643.09	662.413
4.97757	642.704	662.031
4.98951	642.319	661.648
5.00144	641.933	661.264
5.01338	641.547	660.881
5.02532	641.161	660.498
5.03725	640.776	660.115
5.04919	640.39	659.731
5.06113	640.004	659.348
5.07306	639.618	658.964
5.085	639.232	658.581
5.09694	638.846	658.197
5.10887	638.46	657.814
5.12081	638.074	657.43
5.13275	637.688	657.046
5.14468	637.302	656.662
5.15662	636.915	656.278
5.16856	636.529	655.894
5.18049	636.143	655.51
5.19243	635.757	655.126
5.20437	635.37	654.742
5.2163	634.984	654.357
5.22824	634.597	653.973
5.24018	634.211	653.589
5.25211	633.825	653.204
5.26405	633.438	652.82
5.27599	633.052	652.435
5.28792	632.665	652.051
5.29986	632.278	651.666
5.3118	631.892	651.281
5.32373	631.505	650.896
5.33567	631.119	650.512
5.34761	630.732	650.127
5.35954	630.345	649.742
5.37148	629.958	649.357
5.38342	629.572	648.972
5.39535	629.185	648.587
5.40729	628.798	648.202
5.41923	628.411	647.816
5.43116	628.024	647.431
5.4431	627.637	647.046
5.45504	627.25	646.661
5.46697	626.864	646.275
5.47891	626.477	645.89
5.49085	626.09	645.504
5.50278	625.703	645.119
5.51472	625.315	644.733
5.52666	624.928	644.348
5.53859	624.541	643.962
5.55053	624.154	643.576
5.56247	623.767	643.191
5.5744	623.38	642.805
5.58634	622.993	642.419
5.59828	622.606	642.033
5.61021	622.218	641.647
5.62215	621.831	641.261
5.63408	621.444	640.875
5.64602	621.057	640.489
5.65796	620.669	640.103
5.66989	620.282	639.717
5.68183	619.895	639.331
5.69377	619.507	638.945
5.7057	619.12	638.559
5.71764	618.732	638.173
5.72958	618.345	637.786
5.74151	617.958	637.4
5.75345	617.57	637.014
5.76539	617.183	636.627
5.77732	616.795	636.241
5.78926	616.408	635.854
5.8012	616.02	635.468
5.81313	615.633	635.081
5.82507	615.245	634.695
5.83701	614.858	634.308
5.84894	614.47	633.922
5.86088	614.082	633.535
5.87282	613.695	633.148
5.88475	613.307	632.762
5.89669	612.92	632.375
5.90863	612.532	631.988
5.92056	612.144	631.602
5.9325	611.757	631.215
5.94444	611.369	630.828
5.95637	610.981	630.441
5.96831	610.594	630.054
5.98025	610.206	629.667
5.99218	609.818	629.28
6.00412	609.43	628.893
6.01606	609.043	628.506
6.02799	608.655	628.119
6.03993	608.267	627.732
6.05187	607.879	627.345
6.0638	607.492	626.958
6.07574	607.104	626.571
6.08768	606.716	626.184
6.09961	606.328	625.797
6.11155	605.94	625.41
6.12349	605.552	625.022
6.13542	605.164	624.635
6.14736	604.777	624.248
6.1593	604.389	623.861
6.17123	604.001	623.473
6.18317	603.613	623.086
6.19511	603.225	622.699
6.20704	602.837	622.311
6.21898	602.449	621.924
6.23092	602.061	621.537
6.24285	601.673	621.149
6.25479	601.285	620.762
6.26673	600.897	620.374
6.27866	600.509	619.987
6.2906	600.121	619.599
6.30254	599.733	619.212
6.31447	599.345	618.824
6.32641	598.957	618.437
6.33835	598.569	618.049
6.35028	598.181	617.662
6.36222	597.793	617.274
6.37416	597.405	616.887
6.38609	597.017	616.499
6.39803	596.629	616.111
6.40997	596.241	615.724
6.4219	595.853	615.336
6.43384	595.465	614.948
6.44578	595.077	614.561
6.45771	594.688	614.173
6.46965	594.3	613.785
6.48159	593.912	613.398
6.49352	593.524	613.01
6.50546	593.136	612.622
6.51739	592.748	612.234
6.52933	592.36	611.847
6.54127	591.971	611.459
6.5532	591.583	611.071
6.56514	591.195	610.683
6.57708	590.807	610.295
6.58901	590.419	609.907
6.60095	590.03	609.52
6.61289	589.642	609.132
6.62482	589.254	608.744
6.63676	588.866	608.356
6.6487	588.478	607.968
6.66063	588.089	607.58
6.67257	587.701	607.192
6.68451	587.313	606.804
6.69644	586.925	606.416
6.70838	586.536	606.028
6.72032	586.148	605.641
6.73225	585.76	605.253
6.74419	585.371	604.865
6.75613	584.983	604.477
6.76806	584.595	604.089
6.78	584.206	603.701
6.79194	583.818	603.313
6.80387	583.43	602.925
6.81581	583.041	602.537
6.82775	582.653	602.148
6.83968	582.265	601.76
6.85162	581.876	601.372
6.86356	581.488	600.984
6.87549	581.099	600.596
6.88743	580.711	600.208
6.89937	580.323	599.82
6.9113	579.934	599.432
6.92324	579.546	599.044
6.93518	579.157	598.656
6.94711	578.769	598.268
6.95905	578.38	597.879
6.97099	577.992	597.491
6.98292	577.603	597.103
6.99486	577.215	596.715
7.0068	576.827	596.327
7.01873	576.438	595.939
7.03067	576.049	595.551
7.04261	575.661	595.162
7.05454	575.272	594.774
7.06648	574.884	594.386
7.07842	574.495	593.998
7.09035	574.107	593.61
7.10229	573.718	593.221
7.11423	573.33	592.833
7.12616	572.941	592.445
7.1381	572.552	592.057
7.15004	572.164	591.668
7.16197	571.775	591.28
7.17391	571.386	590.892
7.18585	570.998	590.504
7.19778	570.609	590.115
7.20972	570.22	589.727
7.22166	569.832	589.339
7.23359	569.443	588.95
7.24553	569.054	588.562
7.25747	568.666	588.174
7.2694	568.277	587.785
7.28134	567.888	587.397
7.29328	567.499	587.009
7.30521	567.11	586.62
7.31715	566.722	586.232
7.32909	566.333	585.844
7.34102	565.944	585.455
7.35296	565.555	585.067
7.36489	565.166	584.679
7.37683	564.777	584.29
7.38877	564.389	583.902
7.4007	564	583.513
7.41264	563.611	583.125
7.42458	563.222	582.737
7.43651	562.833	582.348
7.44845	562.444	581.96
7.46039	562.055	581.571
7.47232	561.666	581.183
7.48426	561.277	580.794
7.4962	560.888	580.406
7.50813	560.499	580.017
7.52007	560.11	579.629
7.53201	559.721	579.241
7.54394	559.331	578.852
7.55588	558.942	578.464
7.56782	558.553	578.075
7.57975	558.164	577.686
7.59169	557.775	577.298
7.60363	557.386	576.909
7.61556	556.996	576.521
7.6275	556.607	576.132
7.63944	556.218	575.744
7.65137	555.829	575.355
7.66331	555.439	574.967
7.67525	555.05	574.578
7.68718	554.661	574.189
7.69912	554.271	573.801
7.71106	553.882	573.412
7.72299	553.493	573.023
7.73493	553.103	572.635
7.74687	552.714	572.246
7.7588	552.324	571.858
7.77074	551.935	571.469
7.78268	551.545	571.08
7.79461	551.156	570.691
7.80655	550.766	570.303
7.81849	550.377	569.914
7.83042	549.987	569.525
7.84236	549.598	569.137
7.8543	549.208	568.748
7.86623	548.818	568.359
7.87817	548.429	567.97
7.89011	548.039	567.581
7.90204	547.649	567.193
7.91398	547.259	566.804
7.92592	546.869	566.415
7.93785	546.48	566.026
7.94979	546.09	565.637
7.96173	545.7	565.248
7.97366	545.31	564.859
7.9856	544.92	564.471
7.99754	544.53	564.082
8.00947	544.14	563.693
8.02141	543.75	563.304
8.03335	543.36	562.915
8.04528	542.97	562.526
8.05722	542.58	562.137
8.06916	542.19	561.748
8.08109	541.8	561.359
8.09303	541.409	560.97
8.10497	541.019	560.581
8.1169	540.629	560.192
8.12884	540.239	559.803
8.14078	539.848	559.414
8.15271	539.458	559.024
8.16465	539.068	558.635
8.17659	538.677	558.246
8.18852	538.287	557.857
8.20046	537.896	557.468
8.2124	537.506	557.079
8.22433	537.115	556.689
8.23627	536.725	556.3
8.2482	536.334	555.911
8.26014	535.944	555.522
8.27208	535.553	555.132
8.28401	535.162	554.743
8.29595	534.772	554.354
8.30789	534.381	553.964
8.31982	533.99	553.575
8.33176	533.599	553.185
8.3437	533.208	552.796
8.35563	532.817	552.407
8.36757	532.427	552.017
8.37951	532.036	551.628
8.39144	531.645	551.238
8.40338	531.254	550.849
8.41532	530.862	550.459
8.42725	530.471	550.07
8.43919	530.08	549.68
8.45113	529.689	549.29
8.46306	529.298	548.901
8.475	528.906	548.511
8.48694	528.515	548.121
8.49887	528.124	547.732
8.51081	527.732	547.342
8.52275	527.341	546.952
8.53468	526.95	546.562
8.54662	526.558	546.173
8.55856	526.166	545.783
8.57049	525.775	545.393
8.58243	525.383	545.003
8.59437	524.992	544.613
8.6063	524.6	544.223
8.61824	524.208	543.833
8.63018	523.816	543.443
8.64211	523.425	543.053
8.65405	523.033	542.663
8.66599	522.641	542.273
8.67792	522.249	541.883
8.68986	521.857	541.493
8.7018	521.465	541.103
8.71373	521.073	540.712
8.72567	520.681	540.322
8.73761	520.288	539.932
8.74954	519.896	539.542
8.76148	519.504	539.151
8.77342	519.112	538.761
8.78535	518.719	538.371
8.79729	518.327	537.98
8.80923	517.935	537.59
8.82116	517.542	537.199
8.8331	517.15	536.809
8.84504	516.757	536.418
8.85697	516.364	536.028
8.86891	515.972	535.637
8.88085	515.579	535.247
8.89278	515.186	534.856
8.90472	514.793	534.465
8.91666	514.401	534.075
8.92859	514.008	533.684
8.94053	513.615	533.293
8.95247	513.222	532.902
8.9644	512.829	532.511
8.97634	512.436	532.12
8.98828	512.043	531.73
9.00021	511.649	531.339
9.01215	511.256	530.948
9.02409	510.863	530.557
9.03602	510.47	530.165
9.04796	510.076	529.774
9.0599	509.683	529.383
9.07183	509.29	528.992
9.08377	508.896	528.601
9.0957	508.502	528.21
9.10764	508.109	527.818
9.11958	507.715	527.427
9.13151	507.322	527.036
9.14345	506.928	526.644
9.15539	506.534	526.253
9.16732	506.14	525.861
9.17926	505.746	525.47
9.1912	505.352	525.078
9.20313	504.959	524.687
9.21507	504.564	524.295
9.22701	504.17	523.903
9.23894	503.776	523.512
9.25088	503.382	523.12
9.26282	502.988	522.728
9.27475	502.594	522.336
9.28669	502.199	521.944
9.29863	501.805	521.552
9.31056	501.411	521.16
9.3225	501.016	520.768
9.33444	500.622	520.376
9.34637	500.227	519.984
9.35831	499.833	519.592
9.37025	499.438	519.2
9.38218	499.043	518.808
9.39412	498.648	518.415
9.40606	498.254	518.023
9.41799	497.859	517.631
9.42993	497.464	517.238
9.44187	497.069	516.846
9.4538	496.674	516.453
9.46574	496.279	516.061
9.47768	495.884	515.668
9.48961	495.489	515.276
9.50155	495.094	514.883
9.51349	494.698	514.49
9.52542	494.303	514.098
9.53736	493.908	513.705
9.5493	493.513	513.312
9.56123	493.117	512.919
9.57317	492.722	512.526
9.58511	492.326	512.133
9.59704	491.931	511.74
9.60898	491.535	511.347
9.62092	491.14	510.954
9.63285	490.744	510.561
9.64479	490.348	510.168
9.65673	489.952	509.774
9.66866	489.557	509.381
9.6806	489.161	508.988
9.69254	488.765	508.594
9.70447	488.369	508.201
9.71641	487.973	507.807
9.72835	487.577	507.414
9.74028	487.181	507.02
9.75222	486.785	506.627
9.76416	486.389	506.233
9.77609	485.992	505.839
9.78803	485.596	505.445
9.79997	485.2	505.052
9.8119	484.804	504.658
9.82384	484.407	504.264
9.83578	484.011	503.87
9.84771	483.614	503.476
9.85965	483.218	503.082
9.87159	482.821	502.688
9.88352	482.425	502.294
9.89546	482.028	501.899
9.9074	481.632	501.505
9.91933	481.235	501.111
9.93127	480.838	500.717
9.94321	480.442	500.322
9.95514	480.045	499.928
9.96708	479.648	499.533
9.97901	479.251	499.139
9.99095	478.854	498.744
10.0029	478.457	498.35
10.0148	478.06	497.955
10.0268	477.663	497.56
10.0387	477.266	497.165
10.0506	476.869	496.771
10.0626	476.472	496.376
10.0745	476.075	495.981
10.0864	475.678	495.586
10.0984	475.281	495.191
10.1103	474.884	494.796
10.1223	474.487	494.401
10.1342	474.089	494.006
10.1461	473.692	493.61
10.1581	473.295	493.215
10.17	472.897	492.82
10.1819	472.5	492.425
10.1939	472.103	492.029
10.2058	471.705	491.634
10.2177	471.308	491.238
10.2297	470.91	490.843
10.2416	470.513	490.447
10.2536	470.116	490.052
10.2655	469.718	489.656
10.2774	469.321	489.26
10.2894	468.923	488.865
10.3013	468.525	488.469
10.3132	468.128	488.073
10.3252	467.73	487.677
10.3371	467.333	487.281
10.3491	466.935	486.886
10.361	466.537	486.49
10.3729	466.14	486.094
10.3849	465.742	485.697
10.3968	465.345	485.301
10.4087	464.947	484.905
10.4207	464.549	484.509
10.4326	464.151	484.113
10.4445	463.754	483.717
10.4565	463.356	483.32
10.4684	462.958	482.924
10.4804	462.561	482.528
10.4923	462.163	482.131
10.5042	461.765	481.735
10.5162	461.368	481.338
10.5281	460.97	480.942
10.54	460.572	480.545
10.552	460.174	480.149
10.5639	459.777	479.752
10.5758	459.379	479.355
10.5878	458.981	478.959
10.5997	458.584	478.562
10.6117	458.186	478.165
10.6236	457.788	477.768
10.6355	457.391	477.371
10.6475	456.993	476.975
10.6594	456.595	476.578
10.6713	456.198	476.181
10.6833	455.8	475.784
10.6952	455.403	475.387
10.7071	455.005	474.99
10.7191	454.607	474.593
10.731	454.21	474.196
10.743	453.812	473.799
10.7549	453.415	473.401
10.7668	453.017	473.004
10.7788	452.62	472.607
10.7907	452.223	472.21
10.8026	451.825	471.813
10.8146	451.428	471.415
10.8265	451.03	471.018
10.8385	450.633	470.621
10.8504	450.236	470.224
10.8623	449.839	469.826
10.8743	449.441	469.429
10.8862	449.044	469.031
10.8981	448.647	468.634
10.9101	448.25	468.237
10.922	447.853	467.839
10.9339	447.456	467.442
10.9459	447.059	467.044
10.9578	446.662	466.647
10.9698	446.265	466.249
10.9817	445.869	465.852
10.9936	445.472	465.454
11.0056	445.075	465.057
11.0175	444.679	464.659
11.0294	444.282	464.262
11.0414	443.885	463.864
11.0533	443.489	463.467
11.0652	443.093	463.069
11.0772	442.696	462.671
11.0891	442.3	462.274
11.1011	441.904	461.876
11.113	441.508	461.479
11.1249	441.111	461.081
11.1369	440.715	460.684
11.1488	440.32	460.286
11.1607	439.924	459.888
11.1727	439.528	459.491
11.1846	439.132	459.093
11.1966	438.737	458.696
11.2085	438.341	458.298
11.2204	437.946	457.901
11.2324	437.55	457.503
11.2443	437.155	457.106
11.2562	436.76	456.708
11.2682	436.365	456.31
11.2801	435.97	455.913
11.292	435.575	455.516
11.304	435.18	455.118
11.3159	434.785	454.721
11.3279	434.391	454.323
11.3398	433.996	453.926
11.3517	433.602	453.528
11.3637	433.207	453.131
11.3756	432.813	452.734
11.3875	432.419	452.336
11.3995	432.025	451.939
11.4114	431.631	451.542
11.4233	431.238	451.144
11.4353	430.844	450.747
11.4472	430.45	450.35
11.4592	430.057	449.953
11.4711	429.664	449.556
11.483	429.271	449.159
11.495	428.878	448.762
11.5069	428.485	448.365
11.5188	428.092	447.968
11.5308	427.7	447.571
11.5427	427.307	447.174
11.5546	426.915	446.777
11.5666	426.523	446.38
11.5785	426.131	445.984
11.5905	425.739	445.587
11.6024	425.347	445.19
11.6143	424.956	444.794
11.6263	424.564	444.397
11.6382	424.173	444.001
11.6501	423.782	443.604
11.6621	423.391	443.208
11.674	423	442.811
11.686	422.61	442.415
11.6979	422.219	442.019
11.7098	421.829	441.623
11.7218	421.439	441.227
11.7337	421.049	440.831
11.7456	420.659	440.435
11.7576	420.27	440.039
11.7695	419.88	439.643
11.7814	419.491	439.248
11.7934	419.102	438.852
11.8053	418.713	438.456
11.8173	418.325	438.061
11.8292	417.936	437.666
11.8411	417.548	437.27
11.8531	417.16	436.875
11.865	416.772	436.48
11.8769	416.385	436.085
11.8889	415.997	435.69
11.9008	415.61	435.295
11.9127	415.223	434.9
11.9247	414.836	434.506
11.9366	414.45	434.111
11.9486	414.063	433.717
11.9605	413.677	433.322
11.9724	413.292	432.928
11.9844	412.906	432.534
11.9963	412.521	432.14
12.0082	412.135	431.746
12.0202	411.75	431.352
12.0321	411.366	430.959
12.0441	410.981	430.565
12.056	410.597	430.172
12.0679	410.213	429.778
12.0799	409.829	429.385
12.0918	409.446	428.992
12.1037	409.063	428.599
12.1157	408.68	428.206
12.1276	408.297	427.814
12.1395	407.915	427.421
12.1515	407.533	427.029
12.1634	407.151	426.636
12.1754	406.769	426.244
12.1873	406.388	425.852
12.1992	406.007	425.46
12.2112	405.626	425.069
12.2231	405.246	424.677
12.235	404.866	424.286
12.247	404.486	423.895
12.2589	404.106	423.503
12.2708	403.727	423.113
12.2828	403.348	422.722
12.2947	402.969	422.331
12.3067	402.591	421.941
12.3186	402.213	421.551
12.3305	401.835	421.16
12.3425	401.457	420.771
12.3544	401.08	420.381
12.3663	400.704	419.991
12.3783	400.327	419.602
12.3902	399.951	419.213
12.4021	399.575	418.824
12.4141	399.2	418.435
12.426	398.824	418.046
12.438	398.45	417.658
12.4499	398.075	417.27
12.4618	397.701	416.882
12.4738	397.327	416.494
12.4857	396.954	416.106
12.4976	396.581	415.719
12.5096	396.208	415.332
12.5215	395.835	414.945
12.5335	395.463	414.558
12.5454	395.092	414.171
12.5573	394.72	413.785
12.5693	394.35	413.399
12.5812	393.979	413.013
12.5931	393.609	412.627
12.6051	393.239	412.242
12.617	392.87	411.857
12.6289	392.501	411.472
12.6409	392.132	411.087
12.6528	391.764	410.702
12.6648	391.396	410.318
12.6767	391.029	409.934
12.6886	390.662	409.55
12.7006	390.295	409.167
12.7125	389.929	408.784
12.7244	389.563	408.401
12.7364	389.197	408.018
12.7483	388.833	407.635
12.7602	388.468	407.253
12.7722	388.104	406.871
12.7841	387.74	406.49
12.7961	387.377	406.108
12.808	387.014	405.727
12.8199	386.652	405.346
12.8319	386.29	404.966
12.8438	385.928	404.586
12.8557	385.567	404.206
12.8677	385.206	403.826
12.8796	384.846	403.447
12.8916	384.487	403.067
12.9035	384.127	402.689
12.9154	383.768	402.31
12.9274	383.41	401.932
12.9393	383.052	401.554
12.9512	382.695	401.177
12.9632	382.338	400.799
12.9751	381.981	400.422
12.987	381.626	400.046
12.999	381.27	399.67
13.0109	380.915	399.294
13.0229	380.561	398.918
13.0348	380.207	398.543
13.0467	379.853	398.168
13.0587	379.5	397.793
13.0706	379.147	397.419
13.0825	378.795	397.045
13.0945	378.444	396.671
13.1064	378.093	396.298
13.1183	377.743	395.925
13.1303	377.393	395.553
13.1422	377.043	395.181
13.1542	376.694	394.809
13.1661	376.346	394.437
13.178	375.998	394.066
13.19	375.651	393.696
13.2019	375.304	393.325
13.2138	374.958	392.955
13.2258	374.612	392.586
13.2377	374.267	392.217
13.2496	373.922	391.848
13.2616	373.578	391.48
13.2735	373.235	391.112
13.2855	372.892	390.744
13.2974	372.549	390.377
13.3093	372.208	390.01
13.3213	371.866	389.644
13.3332	371.526	389.278
13.3451	371.185	388.912
13.3571	370.846	388.547
13.369	370.507	388.182
13.381	370.169	387.818
13.3929	369.831	387.454
13.4048	369.494	387.091
13.4168	369.157	386.728
13.4287	368.821	386.365
13.4406	368.486	386.003
13.4526	368.151	385.641
13.4645	367.817	385.28
13.4764	367.483	384.919
13.4884	367.15	384.559
13.5003	366.818	384.199
13.5123	366.486	383.839
13.5242	366.155	383.48
13.5361	365.824	383.122
13.5481	365.494	382.764
13.56	365.165	382.406
13.5719	364.837	382.049
13.5839	364.509	381.692
13.5958	364.181	381.336
13.6077	363.854	380.981
13.6197	363.528	380.625
13.6316	363.203	380.271
13.6436	362.878	379.916
13.6555	362.554	379.563
13.6674	362.23	379.209
13.6794	361.908	378.857
13.6913	361.585	378.505
13.7032	361.264	378.153
13.7152	360.943	377.802
13.7271	360.623	377.451
13.7391	360.303	377.101
13.751	359.985	376.751
13.7629	359.666	376.402
13.7749	359.349	376.053
13.7868	359.032	375.705
13.7987	358.716	375.358
13.8107	358.401	375.011
13.8226	358.086	374.664
13.8345	357.772	374.318
13.8465	357.458	373.973
13.8584	357.146	373.628
13.8704	356.834	373.284
13.8823	356.523	372.94
13.8942	356.212	372.597
13.9062	355.902	372.254
13.9181	355.593	371.912
13.93	355.285	371.571
13.942	354.977	371.23
13.9539	354.67	370.89
13.9658	354.364	370.55
13.9778	354.058	370.211
13.9897	353.753	369.872
14.0017	353.449	369.534
14.0136	353.146	369.197
14.0255	352.843	368.86
14.0375	352.541	368.524
14.0494	352.24	368.188
14.0613	351.94	367.853
14.0733	351.64	367.518
14.0852	351.341	367.185
14.0971	351.043	366.851
14.1091	350.745	366.519
14.121	350.449	366.187
14.133	350.153	365.855
14.1449	349.857	365.525
14.1568	349.563	365.194
14.1688	349.269	364.865
14.1807	348.976	364.536
14.1926	348.684	364.208
14.2046	348.393	363.88
14.2165	348.102	363.553
14.2285	347.813	363.227
14.2404	347.523	362.901
14.2523	347.235	362.576
14.2643	346.948	362.252
14.2762	346.661	361.928
14.2881	346.375	361.605
14.3001	346.09	361.283
14.312	345.805	360.961
14.3239	345.522	360.64
14.3359	345.239	360.319
14.3478	344.957	360
14.3598	344.676	359.681
14.3717	344.396	359.362
14.3836	344.116	359.044
14.3956	343.837	358.727
14.4075	343.559	358.411
14.4194	343.282	358.095
14.4314	343.005	357.78
14.4433	342.73	357.466
14.4552	342.455	357.152
14.4672	342.181	356.84
14.4791	341.908	356.527
14.4911	341.636	356.216
14.503	341.364	355.905
14.5149	341.093	355.595
14.5269	340.823	355.286
14.5388	340.554	354.977
14.5507	340.286	354.669
14.5627	340.019	354.362
14.5746	339.752	354.055
14.5866	339.486	353.749
14.5985	339.221	353.444
14.6104	338.957	353.14
14.6224	338.694	352.837
14.6343	338.432	352.534
14.6462	338.17	352.232
14.6582	337.909	351.93
14.6701	337.649	351.63
14.682	337.39	351.33
14.694	337.132	351.03
14.7059	336.874	350.732
14.7179	336.618	350.434
14.7298	336.362	350.137
14.7417	336.107	349.841
14.7537	335.853	349.546
14.7656	335.6	349.251
14.7775	335.348	348.957
14.7895	335.096	348.664
14.8014	334.846	348.372
14.8133	334.596	348.08
14.8253	334.347	347.79
14.8372	334.099	347.5
14.8492	333.852	347.21
14.8611	333.605	346.922
14.873	333.36	346.634
14.885	333.115	346.347
14.8969	332.871	346.061
14.9088	332.628	345.776
14.9208	332.386	345.491
14.9327	332.145	345.208
14.9446	331.905	344.925
14.9566	331.665	344.642
14.9685	331.427	344.361
14.9805	331.189	344.08
14.9924	330.952	343.801
15.0043	330.716	343.522
15.0163	330.481	343.244
15.0282	330.247	342.966
15.0401	330.014	342.69
15.0521	329.781	342.414
15.064	329.549	342.139
15.076	329.319	341.865
15.0879	329.089	341.591
15.0998	328.86	341.319
15.1118	328.632	341.047
15.1237	328.404	340.776
15.1356	328.178	340.506
15.1476	327.953	340.237
15.1595	327.728	339.969
15.1714	327.504	339.701
15.1834	327.281	339.435
15.1953	327.059	339.169
15.2073	326.838	338.904
15.2192	326.618	338.639
15.2311	326.399	338.376
15.2431	326.18	338.113
15.255	325.963	337.852
15.2669	325.746	337.591
15.2789	325.53	337.331
15.2908	325.315	337.072
15.3027	325.101	336.813
15.3147	324.888	336.556
15.3266	324.675	336.299
15.3386	324.464	336.043
15.3505	324.253	335.788
15.3624	324.044	335.534
15.3744	323.835	335.281
15.3863	323.627	335.029
15.3982	323.42	334.777
15.4102	323.214	334.526
15.4221	323.009	334.277
15.4341	322.804	334.028
15.446	322.601	333.78
15.4579	322.398	333.532
15.4699	322.196	333.286
15.4818	321.996	333.04
15.4937	321.796	332.796
15.5057	321.596	332.552
15.5176	321.398	332.309
15.5295	321.201	332.067
15.5415	321.004	331.826
15.5534	320.809	331.585
15.5654	320.614	331.346
15.5773	320.42	331.107
15.5892	320.227	330.87
15.6012	320.035	330.633
15.6131	319.844	330.397
15.625	319.654	330.162
15.637	319.464	329.927
15.6489	319.276	329.694
15.6608	319.088	329.462
15.6728	318.901	329.23
15.6847	318.715	328.999
15.6967	318.53	328.769
15.7086	318.346	328.54
15.7205	318.163	328.312
15.7325	317.98	328.085
15.7444	317.799	327.859
15.7563	317.618	327.633
15.7683	317.438	327.409
15.7802	317.259	327.185
15.7921	317.081	326.962
15.8041	316.904	326.74
15.816	316.728	326.519
15.828	316.552	326.299
15.8399	316.377	326.08
15.8518	316.204	325.862
15.8638	316.031	325.644
15.8757	315.859	325.428
15.8876	315.687	325.212
15.8996	315.517	324.997
15.9115	315.348	324.783
15.9235	315.179	324.57
15.9354	315.011	324.358
15.9473	314.844	324.147
15.9593	314.678	323.936
15.9712	314.513	323.727
15.9831	314.349	323.518
15.9951	314.185	323.31
16.007	314.023	323.103
16.0189	313.861	322.897
16.0309	313.7	322.692
16.0428	313.54	322.488
16.0548	313.381	322.285
16.0667	313.222	322.082
16.0786	313.065	321.881
16.0906	312.908	321.68
16.1025	312.752	321.48
16.1144	312.597	321.281
16.1264	312.443	321.083
16.1383	312.289	320.886
16.1502	312.137	320.69
16.1622	311.985	320.495
16.1741	311.834	320.3
16.1861	311.684	320.107
16.198	311.535	319.914
16.2099	311.387	319.722
16.2219	311.239	319.531
16.2338	311.092	319.341
16.2457	310.946	319.152
16.2577	310.801	318.964
16.2696	310.657	318.776
16.2816	310.513	318.59
16.2935	310.371	318.404
16.3054	310.229	318.219
16.3174	310.088	318.035
16.3293	309.948	317.852
16.3412	309.808	317.67
16.3532	309.67	317.489
16.3651	309.532	317.309
16.377	309.395	317.129
16.389	309.259	316.95
16.4009	309.123	316.773
16.4129	308.989	316.596
16.4248	308.855	316.42
16.4367	308.722	316.245
16.4487	308.59	316.07
16.4606	308.458	315.897
16.4725	308.328	315.724
16.4845	308.198	315.553
16.4964	308.069	315.382
16.5083	307.94	315.212
16.5203	307.813	315.043
16.5322	307.686	314.875
16.5442	307.56	314.707
16.5561	307.435	314.541
16.568	307.311	314.375
16.58	307.187	314.21
16.5919	307.064	314.046
16.6038	306.942	313.883
16.6158	306.821	313.721
16.6277	306.7	313.56
16.6396	306.58	313.399
16.6516	306.461	313.24
16.6635	306.343	313.081
16.6755	306.225	312.923
16.6874	306.109	312.766
16.6993	305.993	312.61
16.7113	305.877	312.454
16.7232	305.763	312.3
16.7351	305.649	312.146
16.7471	305.536	311.993
16.759	305.424	311.841
16.771	305.312	311.69
16.7829	305.201	311.539
16.7948	305.091	311.39
16.8068	304.981	311.241
16.8187	304.873	311.093
16.8306	304.765	310.946
16.8426	304.658	310.8
16.8545	304.551	310.655
16.8664	304.445	310.51
16.8784	304.34	310.366
16.8903	304.236	310.223
16.9023	304.132	310.081
16.9142	304.029	309.94
16.9261	303.927	309.8
16.9381	303.825	309.66
16.95	303.724	309.521
16.9619	303.624	309.383
16.9739	303.525	309.246
16.9858	303.426	309.109
16.9977	303.328	308.974
17.0097	303.231	308.839
17.0216	303.134	308.705
17.0336	303.038	308.572
17.0455	302.942	308.439
17.0574	302.848	308.308
17.0694	302.754	308.177
17.0813	302.66	308.047
17.0932	302.568	307.918
17.1052	302.476	307.789
17.1171	302.384	307.662
17.1291	302.294	307.535
17.141	302.204	307.409
17.1529	302.114	307.284
17.1649	302.025	307.159
17.1768	301.937	307.035
17.1887	301.85	306.912
17.2007	301.763	306.79
17.2126	301.677	306.669
17.2245	301.592	306.548
17.2365	301.507	306.428
17.2484	301.423	306.309
17.2604	301.339	306.191
17.2723	301.256	306.073
17.2842	301.174	305.956
17.2962	301.092	305.84
17.3081	301.011	305.725
17.32	300.93	305.61
17.332	300.85	305.497
17.3439	300.771	305.383
17.3558	300.693	305.271
17.3678	300.615	305.159
17.3797	300.537	305.049
17.3917	300.46	304.939
17.4036	300.384	304.829
17.4155	300.308	304.72
17.4275	300.233	304.613
17.4394	300.159	304.505
17.4513	300.085	304.399
17.4633	300.012	304.293
17.4752	299.939	304.188
17.4871	299.867	304.084
17.4991	299.795	303.98
17.511	299.724	303.877
17.523	299.654	303.775
17.5349	299.584	303.674
17.5468	299.515	303.573
17.5588	299.446	303.473
17.5707	299.378	303.373
17.5826	299.311	303.275
17.5946	299.243	303.177
17.6065	299.177	303.08
17.6185	299.111	302.983
17.6304	299.046	302.887
17.6423	298.981	302.792
17.6543	298.917	302.697
17.6662	298.853	302.603
17.6781	298.79	302.51
17.6901	298.727	302.418
17.702	298.665	302.326
17.7139	298.603	302.235
17.7259	298.542	302.144
17.7378	298.481	302.054
17.7498	298.421	301.965
17.7617	298.362	301.877
17.7736	298.303	301.789
17.7856	298.244	301.702
17.7975	298.186	301.615
17.8094	298.128	301.529
17.8214	298.071	301.444
17.8333	298.015	301.359
17.8452	297.959	301.275
17.8572	297.903	301.192
17.8691	297.848	301.109
17.8811	297.793	301.027
17.893	297.739	300.946
17.9049	297.686	300.865
17.9169	297.633	300.785
17.9288	297.58	300.705
17.9407	297.528	300.626
17.9527	297.476	300.548
17.9646	297.425	300.47
17.9766	297.374	300.393
17.9885	297.324	300.316
18.0004	297.274	300.24
18.0124	297.224	300.165
18.0243	297.175	300.09
18.0362	297.127	300.016
18.0482	297.079	299.943
18.0601	297.031	299.87
18.072	296.984	299.797
18.084	296.937	299.726
18.0959	296.891	299.654
18.1079	296.845	299.584
18.1198	296.799	299.514
18.1317	296.754	299.444
18.1437	296.71	299.375
18.1556	296.666	299.307
18.1675	296.622	299.239
18.1795	296.579	299.172
18.1914	296.536	299.105
18.2033	296.493	299.039
18.2153	296.451	298.974
18.2272	296.409	298.909
18.2392	296.368	298.844
18.2511	296.327	298.78
18.263	296.287	298.717
18.275	296.246	298.654
18.2869	296.207	298.592
18.2988	296.167	298.53
18.3108	296.128	298.469
18.3227	296.09	298.408
18.3346	296.052	298.348
18.3466	296.014	298.288
18.3585	295.977	298.229
18.3705	295.939	298.171
18.3824	295.903	298.113
18.3943	295.867	298.055
18.4063	295.831	297.998
18.4182	295.795	297.941
18.4301	295.76	297.885
18.4421	295.725	297.83
18.454	295.69	297.774
18.466	295.656	297.72
18.4779	295.622	297.666
18.4898	295.589	297.612
18.5018	295.556	297.559
18.5137	295.523	297.506
18.5256	295.491	297.454
18.5376	295.459	297.402
18.5495	295.427	297.351
18.5614	295.395	297.3
18.5734	295.364	297.25
18.5853	295.334	297.2
18.5973	295.303	297.151
18.6092	295.273	297.102
18.6211	295.243	297.053
18.6331	295.214	297.005
18.645	295.185	296.958
18.6569	295.156	296.911
18.6689	295.127	296.864
18.6808	295.099	296.818
18.6927	295.071	296.772
18.7047	295.044	296.727
18.7166	295.016	296.682
18.7286	294.989	296.637
18.7405	294.962	296.593
18.7524	294.936	296.549
18.7644	294.91	296.506
18.7763	294.884	296.463
18.7882	294.858	296.421
18.8002	294.833	296.379
18.8121	294.808	296.337
18.8241	294.783	296.296
18.836	294.759	296.255
18.8479	294.735	296.215
18.8599	294.711	296.175
18.8718	294.687	296.136
18.8837	294.664	296.096
18.8957	294.641	296.058
18.9076	294.618	296.019
18.9195	294.595	295.981
18.9315	294.573	295.944
18.9434	294.551	295.906
18.9554	294.529	295.869
18.9673	294.508	295.833
18.9792	294.486	295.797
18.9912	294.465	295.761
19.0031	294.445	295.726
19.015	294.424	295.691
19.027	294.404	295.656
19.0389	294.384	295.622
19.0508	294.364	295.588
19.0628	294.344	295.554
19.0747	294.325	295.521
19.0867	294.306	295.488
19.0986	294.287	295.456
19.1105	294.268	295.423
19.1225	294.25	295.392
19.1344	294.231	295.36
19.1463	294.213	295.329
19.1583	294.196	295.298
19.1702	294.178	295.267
19.1821	294.161	295.237
19.1941	294.143	295.207
19.206	294.127	295.178
19.218	294.11	295.149
19.2299	294.093	295.12
19.2418	294.077	295.091
19.2538	294.061	295.063
19.2657	294.045	295.035
19.2776	294.029	295.007
19.2896	294.014	294.98
19.3015	293.998	294.953
19.3135	293.983	294.926
19.3254	293.968	294.9
19.3373	293.953	294.874
19.3493	293.939	294.848
19.3612	293.925	294.822
19.3731	293.91	294.797
19.3851	293.896	294.772
19.397	293.882	294.747
19.4089	293.869	294.723
19.4209	293.855	294.698
19.4328	293.842	294.675
19.4448	293.829	294.651
19.4567	293.816	294.628
19.4686	293.803	294.605
19.4806	293.79	294.582
19.4925	293.778	294.559
19.5044	293.766	294.537
19.5164	293.754	294.515
19.5283	293.742	294.493
19.5402	293.73	294.472
19.5522	293.718	294.451
19.5641	293.707	294.43
19.5761	293.695	294.409
19.588	293.684	294.388
19.5999	293.673	294.368
19.6119	293.662	294.348
19.6238	293.651	294.328
19.6357	293.641	294.309
19.6477	293.63	294.29
19.6596	293.62	294.27
19.6716	293.61	294.252
19.6835	293.6	294.233
19.6954	293.59	294.215
19.7074	293.58	294.197
19.7193	293.571	294.179
19.7312	293.561	294.161
19.7432	293.552	294.143
19.7551	293.543	294.126
19.767	293.534	294.109
19.779	293.525	294.092
19.7909	293.516	294.076
19.8029	293.507	294.059
19.8148	293.498	294.043
19.8267	293.49	294.027
19.8387	293.482	294.011
19.8506	293.473	293.996
19.8625	293.465	293.98
19.8745	293.457	293.965
19.8864	293.449	293.95
19.8983	293.442	293.935
19.9103	293.434	293.921
19.9222	293.427	293.906
19.9342	293.419	293.892
19.9461	293.412	293.878
19.958	293.405	293.864
19.97	293.398	293.85
19.9819	293.391	293.837
19.9938	293.384	293.824
20.0058	293.377	293.81
20.0177	293.37	293.797
20.0296	293.364	293.785
20.0416	293.357	293.772
20.0535	293.351	293.76
20.0655	293.345	293.747
20.0774	293.338	293.735
20.0893	293.332	293.723
20.1013	293.326	293.711
20.1132	293.32	293.7
20.1251	293.315	293.688
20.1371	293.309	293.677
20.149	293.303	293.666
20.161	293.298	293.655
20.1729	293.292	293.644
20.1848	293.287	293.633
20.1968	293.281	293.623
20.2087	293.276	293.612
20.2206	293.271	293.602
20.2326	293.266	293.592
20.2445	293.261	293.582
20.2564	293.256	293.572
20.2684	293.251	293.562
20.2803	293.247	293.553
20.2923	293.242	293.543
20.3042	293.237	293.534
20.3161	293.233	293.525
20.3281	293.228	293.516
20.34	293.224	293.507
20.3519	293.22	293.498
20.3639	293.216	293.489
20.3758	293.211	293.481
20.3877	293.207	293.473
20.3997	293.203	293.464
20.4116	293.199	293.456
20.4236	293.196	293.448
20.4355	293.192	293.44
20.4474	293.188	293.432
20.4594	293.184	293.425
20.4713	293.181	293.417
20.4832	293.177	293.41
20.4952	293.174	293.402
20.5071	293.17	293.395
20.5191	293.167	293.388
20.531	293.163	293.381
20.5429	293.16	293.374
20.5549	293.157	293.367
20.5668	293.154	293.361
20.5787	293.151	293.354
20.5907	293.148	293.348
20.6026	293.145	293.341
20.6145	293.142	293.335
20.6265	293.139	293.329
20.6384	293.136	293.323
20.6504	293.133	293.317
20.6623	293.13	293.311
20.6742	293.128	293.305
20.6862	293.125	293.299
20.6981	293.122	293.294
20.71	293.12	293.288
20.722	293.117	293.283
20.7339	293.115	293.277
20.7458	293.112	293.272
20.7578	293.11	293.267
20.7697	293.108	293.262
20.7817	293.105	293.257
20.7936	293.103	293.252
20.8055	293.101	293.247
20.8175	293.099	293.242
20.8294	293.097	293.237
20.8413	293.095	293.233
20.8533	293.092	293.228
20.8652	293.09	293.224
20.8771	293.088	293.219
20.8891	293.087	293.215
20.901	293.085	293.211
20.913	293.083	293.206
20.9249	293.081	293.202
20.9368	293.079	293.198
20.9488	293.077	293.194
20.9607	293.076	293.19
20.9726	293.074	293.187
20.9846	293.072	293.183
20.9965	293.071	293.179
21.0085	293.069	293.175
21.0204	293.068	293.172
21.0323	293.066	293.168
21.0443	293.064	293.165
21.0562	293.063	293.162
21.0681	293.062	293.158
21.0801	293.06	293.155
21.092	293.059	293.152
21.1039	293.057	293.148
21.1159	293.056	293.145
21.1278	293.055	293.142
21.1398	293.053	293.139
21.1517	293.052	293.136
21.1636	293.051	293.133
21.1756	293.05	293.131
21.1875	293.049	293.128
21.1994	293.047	293.125
21.2114	293.046	293.122
21.2233	293.045	293.12
21.2352	293.044	293.117
21.2472	293.043	293.115
21.2591	293.042	293.112
21.2711	293.041	293.11
21.283	293.04	293.107
21.2949	293.039	293.105
21.3069	293.038	293.103
21.3188	293.037	293.1
21.3307	293.036	293.098
21.3427	293.035	293.096
21.3546	293.034	293.094
21.3666	293.034	293.092
21.3785	293.033	293.09
21.3904	293.032	293.088
21.4024	293.031	293.086
21.4143	293.03	293.084
21.4262	293.03	293.082
21.4382	293.029	293.08
21.4501	293.028	293.078
21.462	293.027	293.076
21.474	293.027	293.075
21.4859	293.026	293.073
21.4979	293.025	293.071
21.5098	293.025	293.069
21.5217	293.024	293.068
21.5337	293.023	293.066
21.5456	293.023	293.065
21.5575	293.022	293.063
21.5695	293.022	293.062
21.5814	293.021	293.06
21.5933	293.02	293.059
21.6053	293.02	293.057
21.6172	293.019	293.056
21.6292	293.019	293.055
21.6411	293.018	293.053
21.653	293.018	293.052
21.665	293.017	293.051
21.6769	293.017	293.049
21.6888	293.016	293.048
21.7008	293.016	293.047
21.7127	293.016	293.046
21.7246	293.015	293.045
21.7366	293.015	293.044
21.7485	293.014	293.043
21.7605	293.014	293.041
21.7724	293.013	293.04
21.7843	293.013	293.039
21.7963	293.013	293.038
21.8082	293.012	293.037
21.8201	293.012	293.036
21.8321	293.012	293.035
21.844	293.011	293.035
21.856	293.011	293.034
21.8679	293.011	293.033
21.8798	293.01	293.032
21.8918	293.01	293.031
21.9037	293.01	293.03
21.9156	293.009	293.029
21.9276	293.009	293.029
21.9395	293.009	293.028
21.9514	293.009	293.027
21.9634	293.008	293.026
21.9753	293.008	293.026
21.9873	293.008	293.025
21.9992	293.008	293.024
22.0111	293.007	293.024
22.0231	293.007	293.023
22.035	293.007	293.022
22.0469	293.007	293.022
22.0589	293.007	293.021
22.0708	293.006	293.021
22.0827	293.006	293.02
22.0947	293.006	293.019
22.1066	293.006	293.019
22.1186	293.006	293.018
22.1305	293.005	293.018
22.1424	293.005	293.017
22.1544	293.005	293.017
22.1663	293.005	293.016
22.1782	293.005	293.016
22.1902	293.005	293.015
22.2021	293.004	293.015
22.2141	293.004	293.015
22.226	293.004	293.014
22.2379	293.004	293.014
22.2499	293.004	293.013
22.2618	293.004	293.013
22.2737	293.004	293.013
22.2857	293.003	293.012
22.2976	293.003	293.012
22.3095	293.003	293.011
22.3215	293.003	293.011
22.3334	293.003	293.011
22.3454	293.003	293.01
22.3573	293.003	293.01
22.3692	293.003	293.01
22.3812	293.003	293.009
22.3931	293.003	293.009
22.405	293.002	293.009
22.417	293.002	293.009
22.4289	293.002	293.008
22.4408	293.002	293.008
22.4528	293.002	293.008
22.4647	293.002	293.008
22.4767	293.002	293.007
22.4886	293.002	293.007
22.5005	293.002	293.007
22.5125	293.002	293.007
22.5244	293.002	293.006
22.5363	293.002	293.006
22.5483	293.002	293.006
22.5602	293.001	293.006
22.5721	293.001	293.006
22.5841	293.001	293.005
22.596	293.001	293.005
22.608	293.001	293.005
22.6199	293.001	293.005
22.6318	293.001	293.005
22.6438	293.001	293.005
22.6557	293.001	293.004
22.6676	293.001	293.004
22.6796	293.001	293.004
22.6915	293.001	293.004
22.7035	293.001	293.004
22.7154	293.001	293.004
22.7273	293.001	293.004
22.7393	293.001	293.003
22.7512	293.001	293.003
22.7631	293.001	293.003
22.7751	293.001	293.003
22.787	293.001	293.003
22.7989	293.001	293.003
22.8109	293.001	293.003
22.8228	293.001	293.003
22.8348	293.001	293.002
22.8467	293.001	293.002
22.8586	293.001	293.002
22.8706	293.001	293.002
22.8825	293	293.002
22.8944	293	293.002
22.9064	293	293.002
22.9183	293	293.002
22.9302	293	293.002
22.9422	293	293.002
22.9541	293	293.002
22.9661	293	293.002
22.978	293	293.002
22.9899	293	293.001
23.0019	293	293.001
23.0138	293	293.001
23.0257	293	293.001
23.0377	293	293.001
23.0496	293	293.001
23.0616	293	293.001
23.0735	293	293.001
23.0854	293	293.001
23.0974	293	293.001
23.1093	293	293.001
23.1212	293	293.001
23.1332	293	293.001
23.1451	293	293.001
23.157	293	293.001
23.169	293	293.001
23.1809	293	293.001
23.1929	293	293.001
23.2048	293	293.001
23.2167	293	293.001
23.2287	293	293.001
23.2406	293	293.001
23.2525	293	293.001
23.2645	293	293.001
23.2764	293	293
23.2883	293	293
23.3003	293	293
23.3122	293	293
23.3242	293	293
23.3361	293	293
23.348	293	293
23.36	293	293
23.3719	293	293
23.3838	293	293
23.3958	293	293
23.4077	293	293
23.4196	293	293
23.4316	293	293
23.4435	293	293
23.4555	293	293
23.4674	293	293
23.4793	293	293
23.4913	293	293
23.5032	293	293
23.5151	293	293
23.5271	293	293
23.539	293	293
23.551	293	293
23.5629	293	293
23.5748	293	293
23.5868	293	293
23.5987	293	293
23.6106	293	293
23.6226	293	293
23.6345	293	293
23.6464	293	293
23.6584	293	293
23.6703	293	293
23.6823	293	293
23.6942	293	293
23.7061	293	293
23.7181	293	293
23.73	293	293
23.7419	293	293
23.7539	293	293
23.7658	293	293
23.7777	293	293
23.7897	293	293
23.8016	293	293
23.8136	293	293
23.8255	293	293
23.8374	293	293
23.8494	293	293
23.8613	293	293
23.8732	293	293
