0	873	873
0.0119366	873	873
0.0238732	873	873
0.0358099	873	873
0.0477465	873	873
0.0596831	873	873
0.0716197	873	873
0.0835563	873	873
0.095493	873	873
0.10743	873	873
0.119366	873	873
0.131303	873	873
0.143239	873	873
0.155176	873	873
0.167113	873	873
0.179049	873	873
0.190986	873	873
0.202923	873	873
0.214859	873	873
0.226796	873	873
0.238732	873	873
0.250669	873	873
0.262606	873	873
0.274542	873	873
0.286479	873	873
0.298416	873	873
0.310352	873	873
0.322289	873	873
0.334225	873	873
0.346162	873	873
0.358099	873	873
0.370035	873	873
0.381972	873	873
0.393908	873	873
0.405845	873	873
0.417782	873	873
0.429718	873	873
0.441655	873	873
0.453592	873	873
0.465528	873	873
0.477465	873	873
0.489401	873	873
0.501338	873	873
0.513275	873	873
0.525211	873	873
0.537148	873	873
0.549085	873	873
0.561021	873	873
0.572958	873	873
0.584894	873	873
0.596831	873	873
0.608768	873	873
0.620704	873	873
0.632641	873	873
0.644578	873	873
0.656514	873	873
0.668451	873	873
0.680387	873	873
0.692324	873	873
0.704261	873	873
0.716197	873	873
0.728134	873	873
0.74007	873	873
0.752007	873	873
0.763944	872.999	872.999
0.77588	872.999	872.999
0.787817	872.999	872.999
0.799754	872.999	872.999
0.81169	872.999	872.999
0.823627	872.999	872.999
0.835563	872.999	872.999
0.8475	872.999	872.999
0.859437	872.999	872.999
0.871373	872.999	872.999
0.88331	872.999	872.999
0.895247	872.999	872.999
0.907183	872.999	872.999
0.91912	872.999	872.999
0.931056	872.999	872.999
0.942993	872.999	872.999
0.95493	872.999	872.999
0.966866	872.999	872.999
0.978803	872.999	872.999
0.99074	872.999	872.999
1.00268	872.999	872.999
1.01461	872.999	872.999
1.02655	872.999	872.999
1.03849	872.999	872.999
1.05042	872.999	872.999
1.06236	872.999	872.999
1.0743	872.998	872.998
1.08623	872.998	872.998
1.09817	872.998	872.998
1.11011	872.998	872.998
1.12204	872.998	872.998
1.13398	872.998	872.998
1.14592	872.998	872.998
1.15785	872.998	872.998
1.16979	872.998	872.998
1.18173	872.998	872.998
1.19366	872.998	872.998
1.2056	872.998	872.998
1.21754	872.998	872.998
1.22947	872.997	872.997
1.24141	872.997	872.997
1.25335	872.997	872.997
1.26528	872.997	872.997
1.27722	872.997	872.997
1.28916	872.997	872.997
1.30109	872.997	872.997
1.31303	872.997	872.997
1.32496	872.997	872.997
1.3369	872.997	872.997
1.34884	872.996	872.996
1.36077	872.996	872.996
1.37271	872.996	872.996
1.38465	872.996	872.996
1.39658	872.996	872.996
1.40852	872.996	872.996
1.42046	872.996	872.996
1.43239	872.995	872.995
1.44433	872.995	872.995
1.45627	872.995	872.995
1.4682	872.995	872.995
1.48014	872.995	872.995
1.49208	872.995	872.995
1.50401	872.994	872.994
1.51595	872.994	872.994
1.52789	872.994	872.994
1.53982	872.994	872.994
1.55176	872.994	872.994
1.5637	872.993	872.993
1.57563	872.993	872.993
1.58757	872.993	872.993
1.59951	872.993	872.993
1.61144	872.993	872.993
1.62338	872.992	872.992
1.63532	872.992	872.992
1.64725	872.992	872.992
1.65919	872.992	872.992
1.67113	872.991	872.991
1.68306	872.991	872.991
1.695	872.991	872.991
1.70694	872.99	872.99
1.71887	872.99	872.99
1.73081	872.99	872.99
1.74275	872.99	872.99
1.75468	872.989	872.989
1.76662	872.989	872.989
1.77856	872.989	872.989
1.79049	872.988	872.988
1.80243	872.988	872.988
1.81437	872.988	872.988
1.8263	872.987	872.987
1.83824	872.987	872.987
1.85018	872.986	872.986
1.86211	872.986	872.986
1.87405	872.986	872.986
1.88599	872.985	872.985
1.89792	872.985	872.985
1.90986	872.984	872.984
1.9218	872.984	872.984
1.93373	872.983	872.983
1.94567	872.983	872.983
1.95761	872.982	872.982
1.96954	872.982	872.982
1.98148	872.981	872.981
1.99342	872.981	872.981
2.00535	872.98	872.98
2.01729	872.98	872.98
2.02923	872.979	872.979
2.04116	872.979	872.979
2.0531	872.978	872.978
2.06504	872.977	872.977
2.07697	872.977	872.977
2.08891	872.976	872.976
2.10085	872.976	872.976
2.11278	872.975	872.975
2.12472	872.974	872.974
2.13666	872.974	872.974
2.14859	872.973	872.973
2.16053	872.972	872.972
2.17246	872.971	872.971
2.1844	872.971	872.971
2.19634	872.97	872.97
2.20827	872.969	872.969
2.22021	872.968	872.968
2.23215	872.967	872.967
2.24408	872.967	872.967
2.25602	872.966	872.966
2.26796	872.965	872.965
2.27989	872.964	872.964
2.29183	872.963	872.963
2.30377	872.962	872.962
2.3157	872.961	872.961
2.32764	872.96	872.96
2.33958	872.959	872.959
2.35151	872.958	872.958
2.36345	872.957	872.957
2.37539	872.956	872.956
2.38732	872.955	872.955
2.39926	872.954	872.954
2.4112	872.953	872.953
2.42313	872.951	872.951
2.43507	872.95	872.95
2.44701	872.949	872.949
2.45894	872.948	872.948
2.47088	872.947	872.947
2.48282	872.945	872.945
2.49475	872.944	872.944
2.50669	872.943	872.943
2.51863	872.941	872.941
2.53056	872.94	872.94
2.5425	872.938	872.938
2.55444	872.937	872.937
2.56637	872.935	872.935
2.57831	872.934	872.934
2.59025	872.932	872.932
2.60218	872.931	872.931
2.61412	872.929	872.929
2.62606	872.927	872.927
2.63799	872.926	872.926
2.64993	872.924	872.924
2.66187	872.922	872.922
2.6738	872.921	872.921
2.68574	872.919	872.919
2.69768	872.917	872.917
2.70961	872.915	872.915
2.72155	872.913	872.913
2.73349	872.911	872.911
2.74542	872.909	872.909
2.75736	872.907	872.907
2.7693	872.905	872.905
2.78123	872.903	872.903
2.79317	872.901	872.901
2.80511	872.898	872.898
2.81704	872.896	872.896
2.82898	872.894	872.894
2.84092	872.892	872.892
2.85285	872.889	872.889
2.86479	872.887	872.887
2.87673	872.884	872.884
2.88866	872.882	872.882
2.9006	872.879	872.879
2.91254	872.877	872.877
2.92447	872.874	872.874
2.93641	872.871	872.871
2.94835	872.869	872.869
2.96028	872.866	872.866
2.97222	872.863	872.863
2.98416	872.86	872.86
2.99609	872.857	872.857
3.00803	872.854	872.854
3.01997	872.851	872.851
3.0319	872.848	872.848
3.04384	872.845	872.845
3.05577	872.841	872.841
3.06771	872.838	872.838
3.07965	872.835	872.835
3.09158	872.831	872.831
3.10352	872.828	872.828
3.11546	872.824	872.824
3.12739	872.821	872.821
3.13933	872.817	872.817
3.15127	872.813	872.814
3.1632	872.81	872.81
3.17514	872.806	872.806
3.18708	872.802	872.802
3.19901	872.798	872.798
3.21095	872.794	872.794
3.22289	872.79	872.79
3.23482	872.786	872.786
3.24676	872.781	872.781
3.2587	872.777	872.777
3.27063	872.773	872.773
3.28257	872.768	872.768
3.29451	872.764	872.764
3.30644	872.759	872.759
3.31838	872.754	872.754
3.33032	872.75	872.75
3.34225	872.745	872.745
3.35419	872.74	872.74
3.36613	872.735	872.735
3.37806	872.73	872.73
3.39	872.724	872.724
3.40194	872.719	872.719
3.41387	872.714	872.714
3.42581	872.708	872.708
3.43775	872.703	872.703
3.44968	872.697	872.697
3.46162	872.692	872.692
3.47356	872.686	872.686
3.48549	872.68	872.68
3.49743	872.674	872.674
3.50937	872.668	872.668
3.5213	872.662	872.662
3.53324	872.655	872.655
3.54518	872.649	872.649
3.55711	872.643	872.643
3.56905	872.636	872.636
3.58099	872.629	872.629
3.59292	872.622	872.623
3.60486	872.616	872.616
3.6168	872.609	872.609
3.62873	872.602	872.602
3.64067	872.594	872.594
3.65261	872.587	872.587
3.66454	872.58	872.58
3.67648	872.572	872.572
3.68842	872.564	872.564
3.70035	872.557	872.557
3.71229	872.549	872.549
3.72423	872.541	872.541
3.73616	872.533	872.533
3.7481	872.524	872.524
3.76004	872.516	872.516
3.77197	872.508	872.508
3.78391	872.499	872.499
3.79585	872.49	872.49
3.80778	872.481	872.481
3.81972	872.472	872.472
3.83166	872.463	872.463
3.84359	872.454	872.454
3.85553	872.444	872.445
3.86747	872.435	872.435
3.8794	872.425	872.425
3.89134	872.415	872.415
3.90327	872.405	872.406
3.91521	872.395	872.395
3.92715	872.385	872.385
3.93908	872.375	872.375
3.95102	872.364	872.364
3.96296	872.354	872.354
3.97489	872.343	872.343
3.98683	872.332	872.332
3.99877	872.321	872.321
4.0107	872.309	872.309
4.02264	872.298	872.298
4.03458	872.286	872.286
4.04651	872.274	872.274
4.05845	872.262	872.263
4.07039	872.25	872.25
4.08232	872.238	872.238
4.09426	872.226	872.226
4.1062	872.213	872.213
4.11813	872.2	872.2
4.13007	872.187	872.187
4.14201	872.174	872.174
4.15394	872.161	872.161
4.16588	872.147	872.147
4.17782	872.134	872.134
4.18975	872.12	872.12
4.20169	872.106	872.106
4.21363	872.092	872.092
4.22556	872.077	872.077
4.2375	872.063	872.063
4.24944	872.048	872.048
4.26137	872.033	872.033
4.27331	872.018	872.018
4.28525	872.002	872.002
4.29718	871.987	871.987
4.30912	871.971	871.971
4.32106	871.955	871.955
4.33299	871.939	871.939
4.34493	871.922	871.922
4.35687	871.906	871.906
4.3688	871.889	871.889
4.38074	871.872	871.872
4.39268	871.854	871.854
4.40461	871.837	871.837
4.41655	871.819	871.819
4.42849	871.801	871.801
4.44042	871.783	871.783
4.45236	871.765	871.765
4.4643	871.746	871.746
4.47623	871.727	871.727
4.48817	871.708	871.708
4.50011	871.689	871.689
4.51204	871.669	871.669
4.52398	871.649	871.65
4.53592	871.629	871.63
4.54785	871.609	871.609
4.55979	871.589	871.589
4.57173	871.568	871.568
4.58366	871.547	871.547
4.5956	871.525	871.526
4.60754	871.504	871.504
4.61947	871.482	871.482
4.63141	871.46	871.46
4.64335	871.438	871.438
4.65528	871.415	871.415
4.66722	871.392	871.392
4.67916	871.369	871.369
4.69109	871.346	871.346
4.70303	871.322	871.322
4.71497	871.298	871.298
4.7269	871.274	871.274
4.73884	871.249	871.249
4.75078	871.224	871.224
4.76271	871.199	871.199
4.77465	871.174	871.174
4.78658	871.148	871.148
4.79852	871.122	871.122
4.81046	871.096	871.096
4.82239	871.069	871.069
4.83433	871.042	871.042
4.84627	871.015	871.015
4.8582	870.987	870.987
4.87014	870.959	870.96
4.88208	870.931	870.931
4.89401	870.903	870.903
4.90595	870.874	870.874
4.91789	870.845	870.845
4.92982	870.815	870.816
4.94176	870.786	870.786
4.9537	870.756	870.756
4.96563	870.725	870.725
4.97757	870.694	870.694
4.98951	870.663	870.663
5.00144	870.632	870.632
5.01338	870.6	870.6
5.02532	870.568	870.568
5.03725	870.535	870.535
5.04919	870.502	870.503
5.06113	870.469	870.469
5.07306	870.436	870.436
5.085	870.402	870.402
5.09694	870.367	870.367
5.10887	870.333	870.333
5.12081	870.298	870.298
5.13275	870.262	870.262
5.14468	870.226	870.227
5.15662	870.19	870.19
5.16856	870.154	870.154
5.18049	870.117	870.117
5.19243	870.079	870.08
5.20437	870.042	870.042
5.2163	870.004	870.004
5.22824	869.965	869.965
5.24018	869.926	869.926
5.25211	869.887	869.887
5.26405	869.847	869.847
5.27599	869.807	869.807
5.28792	869.767	869.767
5.29986	869.726	869.726
5.3118	869.684	869.684
5.32373	869.642	869.643
5.33567	869.6	869.6
5.34761	869.558	869.558
5.35954	869.515	869.515
5.37148	869.471	869.471
5.38342	869.427	869.427
5.39535	869.383	869.383
5.40729	869.338	869.338
5.41923	869.293	869.293
5.43116	869.247	869.247
5.4431	869.201	869.201
5.45504	869.154	869.154
5.46697	869.107	869.107
5.47891	869.06	869.06
5.49085	869.012	869.012
5.50278	868.963	868.963
5.51472	868.914	868.914
5.52666	868.865	868.865
5.53859	868.815	868.815
5.55053	868.765	868.765
5.56247	868.714	868.714
5.5744	868.662	868.663
5.58634	868.611	868.611
5.59828	868.558	868.558
5.61021	868.505	868.506
5.62215	868.452	868.452
5.63408	868.398	868.399
5.64602	868.344	868.344
5.65796	868.289	868.289
5.66989	868.234	868.234
5.68183	868.178	868.178
5.69377	868.122	868.122
5.7057	868.065	868.065
5.71764	868.007	868.008
5.72958	867.95	867.95
5.74151	867.891	867.891
5.75345	867.832	867.832
5.76539	867.773	867.773
5.77732	867.712	867.713
5.78926	867.652	867.652
5.8012	867.591	867.591
5.81313	867.529	867.529
5.82507	867.467	867.467
5.83701	867.404	867.404
5.84894	867.341	867.341
5.86088	867.277	867.277
5.87282	867.212	867.212
5.88475	867.147	867.147
5.89669	867.081	867.082
5.90863	867.015	867.015
5.92056	866.948	866.949
5.9325	866.881	866.881
5.94444	866.813	866.813
5.95637	866.744	866.745
5.96831	866.675	866.675
5.98025	866.605	866.606
5.99218	866.535	866.535
6.00412	866.464	866.464
6.01606	866.393	866.393
6.02799	866.32	866.321
6.03993	866.248	866.248
6.05187	866.174	866.174
6.0638	866.1	866.1
6.07574	866.025	866.026
6.08768	865.95	865.95
6.09961	865.874	865.875
6.11155	865.798	865.798
6.12349	865.721	865.721
6.13542	865.643	865.643
6.14736	865.564	865.565
6.1593	865.485	865.485
6.17123	865.405	865.406
6.18317	865.325	865.325
6.19511	865.244	865.244
6.20704	865.162	865.162
6.21898	865.08	865.08
6.23092	864.997	864.997
6.24285	864.913	864.913
6.25479	864.829	864.829
6.26673	864.744	864.744
6.27866	864.658	864.658
6.2906	864.571	864.572
6.30254	864.484	864.485
6.31447	864.396	864.397
6.32641	864.308	864.308
6.33835	864.219	864.219
6.35028	864.129	864.129
6.36222	864.038	864.039
6.37416	863.947	863.947
6.38609	863.855	863.855
6.39803	863.762	863.763
6.40997	863.669	863.669
6.4219	863.575	863.575
6.43384	863.48	863.48
6.44578	863.384	863.384
6.45771	863.288	863.288
6.46965	863.191	863.191
6.48159	863.093	863.093
6.49352	862.994	862.995
6.50546	862.895	862.895
6.51739	862.795	862.795
6.52933	862.694	862.695
6.54127	862.593	862.593
6.5532	862.491	862.491
6.56514	862.388	862.388
6.57708	862.284	862.284
6.58901	862.179	862.18
6.60095	862.074	862.074
6.61289	861.968	861.968
6.62482	861.861	861.861
6.63676	861.753	861.754
6.6487	861.645	861.645
6.66063	861.536	861.536
6.67257	861.426	861.426
6.68451	861.315	861.315
6.69644	861.203	861.204
6.70838	861.091	861.091
6.72032	860.978	860.978
6.73225	860.864	860.864
6.74419	860.749	860.749
6.75613	860.634	860.634
6.76806	860.517	860.518
6.78	860.4	860.4
6.79194	860.282	860.282
6.80387	860.163	860.164
6.81581	860.044	860.044
6.82775	859.923	859.923
6.83968	859.802	859.802
6.85162	859.68	859.68
6.86356	859.557	859.557
6.87549	859.433	859.433
6.88743	859.308	859.309
6.89937	859.183	859.183
6.9113	859.057	859.057
6.92324	858.929	858.93
6.93518	858.801	858.802
6.94711	858.673	858.673
6.95905	858.543	858.543
6.97099	858.412	858.413
6.98292	858.281	858.281
6.99486	858.149	858.149
7.0068	858.015	858.016
7.01873	857.881	857.882
7.03067	857.746	857.747
7.04261	857.611	857.611
7.05454	857.474	857.474
7.06648	857.336	857.337
7.07842	857.198	857.198
7.09035	857.059	857.059
7.10229	856.918	856.919
7.11423	856.777	856.778
7.12616	856.635	856.636
7.1381	856.492	856.493
7.15004	856.349	856.349
7.16197	856.204	856.204
7.17391	856.058	856.059
7.18585	855.912	855.912
7.19778	855.764	855.765
7.20972	855.616	855.616
7.22166	855.467	855.467
7.23359	855.317	855.317
7.24553	855.166	855.166
7.25747	855.014	855.014
7.2694	854.861	854.861
7.28134	854.707	854.707
7.29328	854.552	854.553
7.30521	854.396	854.397
7.31715	854.24	854.24
7.32909	854.082	854.083
7.34102	853.924	853.924
7.35296	853.764	853.765
7.36489	853.604	853.604
7.37683	853.443	853.443
7.38877	853.28	853.281
7.4007	853.117	853.117
7.41264	852.953	852.953
7.42458	852.788	852.788
7.43651	852.622	852.622
7.44845	852.455	852.455
7.46039	852.287	852.287
7.47232	852.118	852.118
7.48426	851.948	851.948
7.4962	851.777	851.777
7.50813	851.605	851.605
7.52007	851.432	851.432
7.53201	851.258	851.259
7.54394	851.083	851.084
7.55588	850.908	850.908
7.56782	850.731	850.731
7.57975	850.553	850.554
7.59169	850.375	850.375
7.60363	850.195	850.195
7.61556	850.014	850.015
7.6275	849.833	849.833
7.63944	849.65	849.65
7.65137	849.466	849.467
7.66331	849.282	849.282
7.67525	849.096	849.096
7.68718	848.91	848.91
7.69912	848.722	848.722
7.71106	848.533	848.534
7.72299	848.344	848.344
7.73493	848.153	848.153
7.74687	847.961	847.962
7.7588	847.769	847.769
7.77074	847.575	847.576
7.78268	847.381	847.381
7.79461	847.185	847.185
7.80655	846.988	846.989
7.81849	846.791	846.791
7.83042	846.592	846.592
7.84236	846.392	846.393
7.8543	846.192	846.192
7.86623	845.99	845.99
7.87817	845.787	845.788
7.89011	845.583	845.584
7.90204	845.379	845.379
7.91398	845.173	845.173
7.92592	844.966	844.966
7.93785	844.758	844.759
7.94979	844.549	844.55
7.96173	844.34	844.34
7.97366	844.129	844.129
7.9856	843.917	843.917
7.99754	843.704	843.704
8.00947	843.49	843.49
8.02141	843.275	843.275
8.03335	843.059	843.059
8.04528	842.841	842.842
8.05722	842.623	842.624
8.06916	842.404	842.405
8.08109	842.184	842.184
8.09303	841.963	841.963
8.10497	841.74	841.741
8.1169	841.517	841.517
8.12884	841.293	841.293
8.14078	841.067	841.068
8.15271	840.841	840.841
8.16465	840.613	840.614
8.17659	840.385	840.385
8.18852	840.155	840.156
8.20046	839.925	839.925
8.2124	839.693	839.694
8.22433	839.46	839.461
8.23627	839.227	839.227
8.2482	838.992	838.992
8.26014	838.756	838.756
8.27208	838.519	838.52
8.28401	838.281	838.282
8.29595	838.042	838.043
8.30789	837.802	837.803
8.31982	837.561	837.562
8.33176	837.319	837.32
8.3437	837.076	837.076
8.35563	836.832	836.832
8.36757	836.587	836.587
8.37951	836.34	836.341
8.39144	836.093	836.093
8.40338	835.845	835.845
8.41532	835.595	835.596
8.42725	835.345	835.345
8.43919	835.093	835.094
8.45113	834.841	834.841
8.46306	834.587	834.588
8.475	834.332	834.333
8.48694	834.077	834.077
8.49887	833.82	833.82
8.51081	833.562	833.563
8.52275	833.303	833.304
8.53468	833.044	833.044
8.54662	832.783	832.783
8.55856	832.521	832.521
8.57049	832.258	832.258
8.58243	831.994	831.994
8.59437	831.728	831.729
8.6063	831.462	831.463
8.61824	831.195	831.195
8.63018	830.927	830.927
8.64211	830.658	830.658
8.65405	830.387	830.388
8.66599	830.116	830.116
8.67792	829.844	829.844
8.68986	829.57	829.57
8.7018	829.296	829.296
8.71373	829.02	829.02
8.72567	828.744	828.744
8.73761	828.466	828.466
8.74954	828.187	828.188
8.76148	827.908	827.908
8.77342	827.627	827.627
8.78535	827.345	827.346
8.79729	827.062	827.063
8.80923	826.779	826.779
8.82116	826.494	826.494
8.8331	826.208	826.208
8.84504	825.921	825.922
8.85697	825.633	825.634
8.86891	825.344	825.345
8.88085	825.054	825.055
8.89278	824.763	824.764
8.90472	824.471	824.472
8.91666	824.178	824.179
8.92859	823.884	823.885
8.94053	823.589	823.59
8.95247	823.293	823.294
8.9644	822.996	822.996
8.97634	822.698	822.698
8.98828	822.399	822.399
9.00021	822.099	822.099
9.01215	821.798	821.798
9.02409	821.495	821.496
9.03602	821.192	821.193
9.04796	820.888	820.888
9.0599	820.583	820.583
9.07183	820.277	820.277
9.08377	819.969	819.97
9.0957	819.661	819.662
9.10764	819.352	819.353
9.11958	819.042	819.042
9.13151	818.731	818.731
9.14345	818.419	818.419
9.15539	818.105	818.106
9.16732	817.791	817.792
9.17926	817.476	817.477
9.1912	817.16	817.16
9.20313	816.843	816.843
9.21507	816.525	816.525
9.22701	816.206	816.206
9.23894	815.886	815.886
9.25088	815.565	815.565
9.26282	815.243	815.243
9.27475	814.92	814.92
9.28669	814.596	814.596
9.29863	814.271	814.271
9.31056	813.945	813.945
9.3225	813.618	813.618
9.33444	813.29	813.291
9.34637	812.961	812.962
9.35831	812.632	812.632
9.37025	812.301	812.301
9.38218	811.969	811.97
9.39412	811.637	811.637
9.40606	811.303	811.304
9.41799	810.969	810.969
9.42993	810.633	810.634
9.44187	810.297	810.297
9.4538	809.96	809.96
9.46574	809.621	809.622
9.47768	809.282	809.283
9.48961	808.942	808.942
9.50155	808.601	808.601
9.51349	808.259	808.259
9.52542	807.916	807.917
9.53736	807.572	807.573
9.5493	807.228	807.228
9.56123	806.882	806.882
9.57317	806.535	806.536
9.58511	806.188	806.188
9.59704	805.839	805.84
9.60898	805.49	805.491
9.62092	805.14	805.14
9.63285	804.789	804.789
9.64479	804.437	804.437
9.65673	804.084	804.084
9.66866	803.73	803.731
9.6806	803.375	803.376
9.69254	803.02	803.02
9.70447	802.663	802.664
9.71641	802.306	802.306
9.72835	801.948	801.948
9.74028	801.589	801.589
9.75222	801.229	801.229
9.76416	800.868	800.868
9.77609	800.506	800.507
9.78803	800.144	800.144
9.79997	799.78	799.781
9.8119	799.416	799.416
9.82384	799.051	799.051
9.83578	798.685	798.685
9.84771	798.318	798.318
9.85965	797.95	797.951
9.87159	797.582	797.582
9.88352	797.213	797.213
9.89546	796.842	796.843
9.9074	796.471	796.472
9.91933	796.099	796.1
9.93127	795.727	795.727
9.94321	795.353	795.354
9.95514	794.979	794.979
9.96708	794.604	794.604
9.97901	794.228	794.228
9.99095	793.851	793.851
10.0029	793.474	793.474
10.0148	793.095	793.095
10.0268	792.716	792.716
10.0387	792.336	792.336
10.0506	791.955	791.956
10.0626	791.574	791.574
10.0745	791.191	791.192
10.0864	790.808	790.809
10.0984	790.424	790.425
10.1103	790.04	790.04
10.1223	789.654	789.655
10.1342	789.268	789.268
10.1461	788.881	788.881
10.1581	788.493	788.494
10.17	788.105	788.105
10.1819	787.716	787.716
10.1939	787.326	787.326
10.2058	786.935	786.935
10.2177	786.543	786.544
10.2297	786.151	786.151
10.2416	785.758	785.758
10.2536	785.365	785.365
10.2655	784.97	784.97
10.2774	784.575	784.575
10.2894	784.179	784.179
10.3013	783.782	783.783
10.3132	783.385	783.385
10.3252	782.987	782.987
10.3371	782.588	782.589
10.3491	782.189	782.189
10.361	781.789	781.789
10.3729	781.388	781.388
10.3849	780.987	780.987
10.3968	780.584	780.585
10.4087	780.182	780.182
10.4207	779.778	779.778
10.4326	779.374	779.374
10.4445	778.969	778.969
10.4565	778.563	778.564
10.4684	778.157	778.157
10.4804	777.75	777.75
10.4923	777.343	777.343
10.5042	776.934	776.935
10.5162	776.526	776.526
10.5281	776.116	776.116
10.54	775.706	775.706
10.552	775.295	775.295
10.5639	774.884	774.884
10.5758	774.472	774.472
10.5878	774.059	774.059
10.5997	773.646	773.646
10.6117	773.232	773.232
10.6236	772.817	772.818
10.6355	772.402	772.402
10.6475	771.987	771.987
10.6594	771.57	771.57
10.6713	771.153	771.153
10.6833	770.736	770.736
10.6952	770.318	770.318
10.7071	769.899	769.899
10.7191	769.48	769.48
10.731	769.06	769.06
10.743	768.639	768.64
10.7549	768.218	768.219
10.7668	767.797	767.797
10.7788	767.375	767.375
10.7907	766.952	766.952
10.8026	766.529	766.529
10.8146	766.105	766.105
10.8265	765.681	765.681
10.8385	765.256	765.256
10.8504	764.83	764.831
10.8623	764.404	764.405
10.8743	763.978	763.978
10.8862	763.551	763.551
10.8981	763.123	763.124
10.9101	762.695	762.696
10.922	762.267	762.267
10.9339	761.838	761.838
10.9459	761.408	761.408
10.9578	760.978	760.978
10.9698	760.548	760.548
10.9817	760.117	760.117
10.9936	759.685	759.685
11.0056	759.253	759.253
11.0175	758.821	758.821
11.0294	758.388	758.388
11.0414	757.954	757.954
11.0533	757.52	757.52
11.0652	757.086	757.086
11.0772	756.651	756.651
11.0891	756.216	756.216
11.1011	755.78	755.78
11.113	755.344	755.344
11.1249	754.907	754.907
11.1369	754.47	754.47
11.1488	754.032	754.033
11.1607	753.595	753.595
11.1727	753.156	753.156
11.1846	752.717	752.718
11.1966	752.278	752.278
11.2085	751.839	751.839
11.2204	751.398	751.399
11.2324	750.958	750.958
11.2443	750.517	750.517
11.2562	750.076	750.076
11.2682	749.634	749.634
11.2801	749.192	749.192
11.292	748.75	748.75
11.304	748.307	748.307
11.3159	747.864	747.864
11.3279	747.42	747.42
11.3398	746.976	746.976
11.3517	746.532	746.532
11.3637	746.087	746.088
11.3756	745.642	745.642
11.3875	745.197	745.197
11.3995	744.751	744.751
11.4114	744.305	744.305
11.4233	743.859	743.859
11.4353	743.412	743.412
11.4472	742.965	742.965
11.4592	742.517	742.518
11.4711	742.07	742.07
11.483	741.622	741.622
11.495	741.173	741.173
11.5069	740.725	740.725
11.5188	740.276	740.276
11.5308	739.826	739.826
11.5427	739.377	739.377
11.5546	738.927	738.927
11.5666	738.476	738.477
11.5785	738.026	738.026
11.5905	737.575	737.575
11.6024	737.124	737.124
11.6143	736.673	736.673
11.6263	736.221	736.221
11.6382	735.769	735.769
11.6501	735.317	735.317
11.6621	734.864	734.865
11.674	734.412	734.412
11.686	733.959	733.959
11.6979	733.506	733.506
11.7098	733.052	733.052
11.7218	732.598	732.598
11.7337	732.144	732.144
11.7456	731.69	731.69
11.7576	731.236	731.236
11.7695	730.781	730.781
11.7814	730.326	730.326
11.7934	729.871	729.871
11.8053	729.416	729.416
11.8173	728.96	728.96
11.8292	728.504	728.504
11.8411	728.048	728.048
11.8531	727.592	727.592
11.865	727.136	727.136
11.8769	726.679	726.679
11.8889	726.222	726.222
11.9008	725.765	725.766
11.9127	725.308	725.308
11.9247	724.851	724.851
11.9366	724.393	724.393
11.9486	723.936	723.936
11.9605	723.478	723.478
11.9724	723.02	723.02
11.9844	722.562	722.562
11.9963	722.103	722.103
12.0082	721.645	721.645
12.0202	721.186	721.186
12.0321	720.727	720.727
12.0441	720.268	720.268
12.056	719.809	719.809
12.0679	719.35	719.35
12.0799	718.89	718.89
12.0918	718.431	718.431
12.1037	717.971	717.971
12.1157	717.511	717.511
12.1276	717.051	717.051
12.1395	716.591	716.591
12.1515	716.131	716.131
12.1634	715.671	715.671
12.1754	715.21	715.21
12.1873	714.75	714.75
12.1992	714.289	714.289
12.2112	713.829	713.829
12.2231	713.368	713.368
12.235	712.907	712.907
12.247	712.446	712.446
12.2589	711.985	711.985
12.2708	711.524	711.524
12.2828	711.062	711.062
12.2947	710.601	710.601
12.3067	710.14	710.14
12.3186	709.678	709.678
12.3305	709.216	709.216
12.3425	708.755	708.755
12.3544	708.293	708.293
12.3663	707.831	707.831
12.3783	707.37	707.37
12.3902	706.908	706.908
12.4021	706.446	706.446
12.4141	705.984	705.984
12.426	705.522	705.522
12.438	705.06	705.06
12.4499	704.598	704.598
12.4618	704.136	704.136
12.4738	703.673	703.673
12.4857	703.211	703.211
12.4976	702.749	702.749
12.5096	702.287	702.287
12.5215	701.824	701.824
12.5335	701.362	701.362
12.5454	700.9	700.9
12.5573	700.438	700.438
12.5693	699.975	699.975
12.5812	699.513	699.513
12.5931	699.051	699.051
12.6051	698.588	698.588
12.617	698.126	698.126
12.6289	697.663	697.663
12.6409	697.201	697.201
12.6528	696.739	696.739
12.6648	696.276	696.276
12.6767	695.814	695.814
12.6886	695.352	695.352
12.7006	694.89	694.89
12.7125	694.427	694.427
12.7244	693.965	693.965
12.7364	693.503	693.503
12.7483	693.041	693.041
12.7602	692.579	692.579
12.7722	692.116	692.116
12.7841	691.654	691.654
12.7961	691.192	691.192
12.808	690.73	690.73
12.8199	690.268	690.268
12.8319	689.807	689.807
12.8438	689.345	689.345
12.8557	688.883	688.883
12.8677	688.421	688.421
12.8796	687.959	687.959
12.8916	687.498	687.498
12.9035	687.036	687.036
12.9154	686.575	686.575
12.9274	686.113	686.113
12.9393	685.652	685.652
12.9512	685.191	685.191
12.9632	684.729	684.729
12.9751	684.268	684.268
12.987	683.807	683.807
12.999	683.346	683.346
13.0109	682.885	682.885
13.0229	682.424	682.424
13.0348	681.964	681.964
13.0467	681.503	681.503
13.0587	681.042	681.042
13.0706	680.582	680.582
13.0825	680.121	680.121
13.0945	679.661	679.661
13.1064	679.201	679.201
13.1183	678.741	678.741
13.1303	678.281	678.281
13.1422	677.821	677.821
13.1542	677.361	677.361
13.1661	676.902	676.901
13.178	676.442	676.442
13.19	675.982	675.982
13.2019	675.523	675.523
13.2138	675.064	675.064
13.2258	674.605	674.605
13.2377	674.146	674.146
13.2496	673.687	673.687
13.2616	673.228	673.228
13.2735	672.77	672.769
13.2855	672.311	672.311
13.2974	671.853	671.853
13.3093	671.394	671.394
13.3213	670.936	670.936
13.3332	670.478	670.478
13.3451	670.021	670.02
13.3571	669.563	669.563
13.369	669.105	669.105
13.381	668.648	668.648
13.3929	668.191	668.19
13.4048	667.733	667.733
13.4168	667.276	667.276
13.4287	666.82	666.819
13.4406	666.363	666.363
13.4526	665.906	665.906
13.4645	665.45	665.45
13.4764	664.994	664.994
13.4884	664.538	664.538
13.5003	664.082	664.082
13.5123	663.626	663.626
13.5242	663.17	663.17
13.5361	662.715	662.715
13.5481	662.259	662.259
13.56	661.804	661.804
13.5719	661.349	661.349
13.5839	660.895	660.895
13.5958	660.44	660.44
13.6077	659.985	659.985
13.6197	659.531	659.531
13.6316	659.077	659.077
13.6436	658.623	658.623
13.6555	658.169	658.169
13.6674	657.716	657.716
13.6794	657.262	657.262
13.6913	656.809	656.809
13.7032	656.356	656.356
13.7152	655.903	655.903
13.7271	655.45	655.45
13.7391	654.998	654.998
13.751	654.546	654.546
13.7629	654.093	654.093
13.7749	653.641	653.641
13.7868	653.19	653.19
13.7987	652.738	652.738
13.8107	652.287	652.287
13.8226	651.836	651.835
13.8345	651.385	651.384
13.8465	650.934	650.934
13.8584	650.483	650.483
13.8704	650.033	650.033
13.8823	649.582	649.582
13.8942	649.132	649.132
13.9062	648.683	648.682
13.9181	648.233	648.233
13.93	647.783	647.783
13.942	647.334	647.334
13.9539	646.885	646.885
13.9658	646.436	646.436
13.9778	645.988	645.988
13.9897	645.539	645.539
14.0017	645.091	645.091
14.0136	644.643	644.643
14.0255	644.195	644.195
14.0375	643.748	643.748
14.0494	643.3	643.3
14.0613	642.853	642.853
14.0733	642.406	642.406
14.0852	641.959	641.959
14.0971	641.513	641.513
14.1091	641.067	641.067
14.121	640.621	640.62
14.133	640.175	640.175
14.1449	639.729	639.729
14.1568	639.284	639.283
14.1688	638.838	638.838
14.1807	638.393	638.393
14.1926	637.948	637.948
14.2046	637.504	637.504
14.2165	637.059	637.059
14.2285	636.615	636.615
14.2404	636.171	636.171
14.2523	635.728	635.728
14.2643	635.284	635.284
14.2762	634.841	634.841
14.2881	634.398	634.398
14.3001	633.955	633.955
14.312	633.513	633.513
14.3239	633.07	633.07
14.3359	632.628	632.628
14.3478	632.186	632.186
14.3598	631.745	631.744
14.3717	631.303	631.303
14.3836	630.862	630.862
14.3956	630.421	630.421
14.4075	629.98	629.98
14.4194	629.54	629.54
14.4314	629.099	629.099
14.4433	628.659	628.659
14.4552	628.219	628.219
14.4672	627.78	627.78
14.4791	627.34	627.34
14.4911	626.901	626.901
14.503	626.462	626.462
14.5149	626.024	626.024
14.5269	625.585	625.585
14.5388	625.147	625.147
14.5507	624.709	624.709
14.5627	624.271	624.271
14.5746	623.834	623.834
14.5866	623.397	623.397
14.5985	622.96	622.96
14.6104	622.523	622.523
14.6224	622.086	622.086
14.6343	621.65	621.65
14.6462	621.214	621.214
14.6582	620.778	620.778
14.6701	620.343	620.342
14.682	619.907	619.907
14.694	619.472	619.472
14.7059	619.037	619.037
14.7179	618.602	618.602
14.7298	618.168	618.168
14.7417	617.734	617.734
14.7537	617.3	617.3
14.7656	616.866	616.866
14.7775	616.433	616.433
14.7895	616	616
14.8014	615.567	615.567
14.8133	615.134	615.134
14.8253	614.701	614.701
14.8372	614.269	614.269
14.8492	613.837	613.837
14.8611	613.406	613.405
14.873	612.974	612.974
14.885	612.543	612.543
14.8969	612.112	612.112
14.9088	611.681	611.681
14.9208	611.25	611.25
14.9327	610.82	610.82
14.9446	610.39	610.39
14.9566	609.96	609.96
14.9685	609.531	609.53
14.9805	609.101	609.101
14.9924	608.672	608.672
15.0043	608.243	608.243
15.0163	607.815	607.815
15.0282	607.386	607.386
15.0401	606.958	606.958
15.0521	606.53	606.53
15.064	606.103	606.103
15.076	605.675	605.675
15.0879	605.248	605.248
15.0998	604.821	604.821
15.1118	604.395	604.395
15.1237	603.968	603.968
15.1356	603.542	603.542
15.1476	603.116	603.116
15.1595	602.69	602.69
15.1714	602.265	602.265
15.1834	601.84	601.84
15.1953	601.415	601.415
15.2073	600.99	600.99
15.2192	600.566	600.566
15.2311	600.141	600.141
15.2431	599.717	599.717
15.255	599.294	599.294
15.2669	598.87	598.87
15.2789	598.447	598.447
15.2908	598.024	598.024
15.3027	597.601	597.601
15.3147	597.179	597.179
15.3266	596.756	596.756
15.3386	596.334	596.334
15.3505	595.913	595.913
15.3624	595.491	595.491
15.3744	595.07	595.07
15.3863	594.649	594.649
15.3982	594.228	594.228
15.4102	593.807	593.807
15.4221	593.387	593.387
15.4341	592.967	592.967
15.446	592.547	592.547
15.4579	592.127	592.127
15.4699	591.708	591.708
15.4818	591.289	591.289
15.4937	590.87	590.87
15.5057	590.451	590.451
15.5176	590.033	590.033
15.5295	589.615	589.615
15.5415	589.197	589.197
15.5534	588.779	588.779
15.5654	588.362	588.362
15.5773	587.945	587.945
15.5892	587.528	587.528
15.6012	587.111	587.111
15.6131	586.695	586.694
15.625	586.278	586.278
15.637	585.862	585.862
15.6489	585.447	585.446
15.6608	585.031	585.031
15.6728	584.616	584.616
15.6847	584.201	584.201
15.6967	583.786	583.786
15.7086	583.371	583.371
15.7205	582.957	582.957
15.7325	582.543	582.543
15.7444	582.129	582.129
15.7563	581.716	581.716
15.7683	581.302	581.302
15.7802	580.889	580.889
15.7921	580.476	580.476
15.8041	580.064	580.063
15.816	579.651	579.651
15.828	579.239	579.239
15.8399	578.827	578.827
15.8518	578.415	578.415
15.8638	578.004	578.004
15.8757	577.593	577.593
15.8876	577.182	577.182
15.8996	576.771	576.771
15.9115	576.36	576.36
15.9235	575.95	575.95
15.9354	575.54	575.54
15.9473	575.13	575.13
15.9593	574.721	574.721
15.9712	574.311	574.311
15.9831	573.902	573.902
15.9951	573.493	573.493
16.007	573.085	573.085
16.0189	572.676	572.676
16.0309	572.268	572.268
16.0428	571.86	571.86
16.0548	571.453	571.453
16.0667	571.045	571.045
16.0786	570.638	570.638
16.0906	570.231	570.231
16.1025	569.824	569.824
16.1144	569.418	569.418
16.1264	569.011	569.011
16.1383	568.605	568.605
16.1502	568.199	568.199
16.1622	567.794	567.794
16.1741	567.388	567.388
16.1861	566.983	566.983
16.198	566.578	566.578
16.2099	566.174	566.174
16.2219	565.769	565.769
16.2338	565.365	565.365
16.2457	564.961	564.961
16.2577	564.557	564.557
16.2696	564.154	564.154
16.2816	563.751	563.75
16.2935	563.347	563.347
16.3054	562.945	562.945
16.3174	562.542	562.542
16.3293	562.14	562.14
16.3412	561.737	561.737
16.3532	561.336	561.335
16.3651	560.934	560.934
16.377	560.532	560.532
16.389	560.131	560.131
16.4009	559.73	559.73
16.4129	559.329	559.329
16.4248	558.929	558.929
16.4367	558.528	558.528
16.4487	558.128	558.128
16.4606	557.728	557.728
16.4725	557.329	557.329
16.4845	556.929	556.929
16.4964	556.53	556.53
16.5083	556.131	556.131
16.5203	555.732	555.732
16.5322	555.334	555.334
16.5442	554.936	554.936
16.5561	554.538	554.537
16.568	554.14	554.14
16.58	553.742	553.742
16.5919	553.345	553.345
16.6038	552.948	552.947
16.6158	552.551	552.55
16.6277	552.154	552.154
16.6396	551.757	551.757
16.6516	551.361	551.361
16.6635	550.965	550.965
16.6755	550.569	550.569
16.6874	550.174	550.173
16.6993	549.778	549.778
16.7113	549.383	549.383
16.7232	548.988	548.988
16.7351	548.593	548.593
16.7471	548.199	548.199
16.759	547.804	547.804
16.771	547.41	547.41
16.7829	547.017	547.017
16.7948	546.623	546.623
16.8068	546.23	546.229
16.8187	545.836	545.836
16.8306	545.443	545.443
16.8426	545.051	545.051
16.8545	544.658	544.658
16.8664	544.266	544.266
16.8784	543.874	543.874
16.8903	543.482	543.482
16.9023	543.09	543.09
16.9142	542.699	542.699
16.9261	542.308	542.308
16.9381	541.917	541.917
16.95	541.526	541.526
16.9619	541.135	541.135
16.9739	540.745	540.745
16.9858	540.355	540.355
16.9977	539.965	539.965
17.0097	539.575	539.575
17.0216	539.186	539.186
17.0336	538.797	538.797
17.0455	538.408	538.408
17.0574	538.019	538.019
17.0694	537.63	537.63
17.0813	537.242	537.242
17.0932	536.854	536.854
17.1052	536.466	536.466
17.1171	536.078	536.078
17.1291	535.691	535.691
17.141	535.303	535.303
17.1529	534.916	534.916
17.1649	534.529	534.529
17.1768	534.143	534.143
17.1887	533.756	533.756
17.2007	533.37	533.37
17.2126	532.984	532.984
17.2245	532.598	532.598
17.2365	532.213	532.213
17.2484	531.828	531.827
17.2604	531.442	531.442
17.2723	531.058	531.057
17.2842	530.673	530.673
17.2962	530.288	530.288
17.3081	529.904	529.904
17.32	529.52	529.52
17.332	529.136	529.136
17.3439	528.753	528.753
17.3558	528.369	528.369
17.3678	527.986	527.986
17.3797	527.603	527.603
17.3917	527.22	527.22
17.4036	526.838	526.838
17.4155	526.455	526.455
17.4275	526.073	526.073
17.4394	525.691	525.691
17.4513	525.31	525.31
17.4633	524.928	524.928
17.4752	524.547	524.547
17.4871	524.166	524.166
17.4991	523.785	523.785
17.511	523.404	523.404
17.523	523.024	523.024
17.5349	522.644	522.644
17.5468	522.264	522.264
17.5588	521.884	521.884
17.5707	521.505	521.504
17.5826	521.125	521.125
17.5946	520.746	520.746
17.6065	520.367	520.367
17.6185	519.988	519.988
17.6304	519.61	519.61
17.6423	519.232	519.232
17.6543	518.854	518.854
17.6662	518.476	518.476
17.6781	518.098	518.098
17.6901	517.721	517.721
17.702	517.344	517.343
17.7139	516.967	516.966
17.7259	516.59	516.59
17.7378	516.213	516.213
17.7498	515.837	515.837
17.7617	515.461	515.461
17.7736	515.085	515.085
17.7856	514.709	514.709
17.7975	514.334	514.333
17.8094	513.958	513.958
17.8214	513.583	513.583
17.8333	513.208	513.208
17.8452	512.834	512.834
17.8572	512.459	512.459
17.8691	512.085	512.085
17.8811	511.711	511.711
17.893	511.337	511.337
17.9049	510.964	510.964
17.9169	510.59	510.59
17.9288	510.217	510.217
17.9407	509.844	509.844
17.9527	509.471	509.471
17.9646	509.099	509.099
17.9766	508.727	508.726
17.9885	508.354	508.354
18.0004	507.983	507.982
18.0124	507.611	507.611
18.0243	507.239	507.239
18.0362	506.868	506.868
18.0482	506.497	506.497
18.0601	506.126	506.126
18.072	505.756	505.756
18.084	505.385	505.385
18.0959	505.015	505.015
18.1079	504.645	504.645
18.1198	504.275	504.275
18.1317	503.906	503.906
18.1437	503.537	503.537
18.1556	503.168	503.167
18.1675	502.799	502.799
18.1795	502.43	502.43
18.1914	502.062	502.061
18.2033	501.693	501.693
18.2153	501.325	501.325
18.2272	500.957	500.957
18.2392	500.59	500.59
18.2511	500.222	500.222
18.263	499.855	499.855
18.275	499.488	499.488
18.2869	499.122	499.121
18.2988	498.755	498.755
18.3108	498.389	498.389
18.3227	498.023	498.023
18.3346	497.657	497.657
18.3466	497.291	497.291
18.3585	496.926	496.926
18.3705	496.56	496.56
18.3824	496.195	496.195
18.3943	495.831	495.83
18.4063	495.466	495.466
18.4182	495.102	495.101
18.4301	494.737	494.737
18.4421	494.373	494.373
18.454	494.01	494.01
18.466	493.646	493.646
18.4779	493.283	493.283
18.4898	492.92	492.92
18.5018	492.557	492.557
18.5137	492.194	492.194
18.5256	491.832	491.832
18.5376	491.47	491.47
18.5495	491.108	491.108
18.5614	490.746	490.746
18.5734	490.384	490.384
18.5853	490.023	490.023
18.5973	489.662	489.662
18.6092	489.301	489.301
18.6211	488.94	488.94
18.6331	488.58	488.58
18.645	488.22	488.22
18.6569	487.86	487.86
18.6689	487.5	487.5
18.6808	487.14	487.14
18.6927	486.781	486.781
18.7047	486.422	486.422
18.7166	486.063	486.063
18.7286	485.704	485.704
18.7405	485.346	485.346
18.7524	484.988	484.987
18.7644	484.63	484.629
18.7763	484.272	484.272
18.7882	483.914	483.914
18.8002	483.557	483.557
18.8121	483.2	483.2
18.8241	482.843	482.843
18.836	482.486	482.486
18.8479	482.129	482.129
18.8599	481.773	481.773
18.8718	481.417	481.417
18.8837	481.061	481.061
18.8957	480.706	480.706
18.9076	480.35	480.35
18.9195	479.995	479.995
18.9315	479.64	479.64
18.9434	479.286	479.286
18.9554	478.931	478.931
18.9673	478.577	478.577
18.9792	478.223	478.223
18.9912	477.869	477.869
19.0031	477.516	477.515
19.015	477.162	477.162
19.027	476.809	476.809
19.0389	476.456	476.456
19.0508	476.104	476.103
19.0628	475.751	475.751
19.0747	475.399	475.399
19.0867	475.047	475.047
19.0986	474.695	474.695
19.1105	474.344	474.344
19.1225	473.992	473.992
19.1344	473.641	473.641
19.1463	473.29	473.29
19.1583	472.94	472.94
19.1702	472.589	472.589
19.1821	472.239	472.239
19.1941	471.889	471.889
19.206	471.54	471.54
19.218	471.19	471.19
19.2299	470.841	470.841
19.2418	470.492	470.492
19.2538	470.143	470.143
19.2657	469.795	469.794
19.2776	469.446	469.446
19.2896	469.098	469.098
19.3015	468.75	468.75
19.3135	468.403	468.403
19.3254	468.055	468.055
19.3373	467.708	467.708
19.3493	467.361	467.361
19.3612	467.015	467.015
19.3731	466.668	466.668
19.3851	466.322	466.322
19.397	465.976	465.976
19.4089	465.63	465.63
19.4209	465.285	465.285
19.4328	464.939	464.939
19.4448	464.594	464.594
19.4567	464.25	464.25
19.4686	463.905	463.905
19.4806	463.561	463.561
19.4925	463.217	463.217
19.5044	462.873	462.873
19.5164	462.529	462.529
19.5283	462.186	462.186
19.5402	461.843	461.843
19.5522	461.5	461.5
19.5641	461.157	461.157
19.5761	460.815	460.815
19.588	460.472	460.472
19.5999	460.131	460.13
19.6119	459.789	459.789
19.6238	459.447	459.447
19.6357	459.106	459.106
19.6477	458.765	458.765
19.6596	458.424	458.424
19.6716	458.084	458.084
19.6835	457.744	457.744
19.6954	457.404	457.404
19.7074	457.064	457.064
19.7193	456.724	456.724
19.7312	456.385	456.385
19.7432	456.046	456.046
19.7551	455.707	455.707
19.767	455.369	455.369
19.779	455.031	455.031
19.7909	454.693	454.692
19.8029	454.355	454.355
19.8148	454.017	454.017
19.8267	453.68	453.68
19.8387	453.343	453.343
19.8506	453.006	453.006
19.8625	452.67	452.669
19.8745	452.333	452.333
19.8864	451.997	451.997
19.8983	451.661	451.661
19.9103	451.326	451.326
19.9222	450.991	450.99
19.9342	450.655	450.655
19.9461	450.321	450.321
19.958	449.986	449.986
19.97	449.652	449.652
19.9819	449.318	449.318
19.9938	448.984	448.984
20.0058	448.65	448.65
20.0177	448.317	448.317
20.0296	447.984	447.984
20.0416	447.651	447.651
20.0535	447.319	447.319
20.0655	446.987	446.987
20.0774	446.655	446.655
20.0893	446.323	446.323
20.1013	445.991	445.991
20.1132	445.66	445.66
20.1251	445.329	445.329
20.1371	444.999	444.998
20.149	444.668	444.668
20.161	444.338	444.338
20.1729	444.008	444.008
20.1848	443.678	443.678
20.1968	443.349	443.349
20.2087	443.02	443.02
20.2206	442.691	442.691
20.2326	442.362	442.362
20.2445	442.034	442.034
20.2564	441.706	441.706
20.2684	441.378	441.378
20.2803	441.05	441.05
20.2923	440.723	440.723
20.3042	440.396	440.396
20.3161	440.069	440.069
20.3281	439.743	439.743
20.34	439.416	439.416
20.3519	439.09	439.09
20.3639	438.765	438.765
20.3758	438.439	438.439
20.3877	438.114	438.114
20.3997	437.789	437.789
20.4116	437.465	437.464
20.4236	437.14	437.14
20.4355	436.816	436.816
20.4474	436.492	436.492
20.4594	436.169	436.169
20.4713	435.845	435.845
20.4832	435.522	435.522
20.4952	435.2	435.2
20.5071	434.877	434.877
20.5191	434.555	434.555
20.531	434.233	434.233
20.5429	433.912	433.911
20.5549	433.59	433.59
20.5668	433.269	433.269
20.5787	432.948	432.948
20.5907	432.628	432.628
20.6026	432.307	432.307
20.6145	431.987	431.987
20.6265	431.668	431.668
20.6384	431.348	431.348
20.6504	431.029	431.029
20.6623	430.71	430.71
20.6742	430.392	430.392
20.6862	430.073	430.073
20.6981	429.755	429.755
20.71	429.438	429.438
20.722	429.12	429.12
20.7339	428.803	428.803
20.7458	428.486	428.486
20.7578	428.17	428.169
20.7697	427.853	427.853
20.7817	427.537	427.537
20.7936	427.221	427.221
20.8055	426.906	426.906
20.8175	426.591	426.591
20.8294	426.276	426.276
20.8413	425.961	425.961
20.8533	425.647	425.647
20.8652	425.333	425.333
20.8771	425.019	425.019
20.8891	424.706	424.706
20.901	424.393	424.393
20.913	424.08	424.08
20.9249	423.767	423.767
20.9368	423.455	423.455
20.9488	423.143	423.143
20.9607	422.831	422.831
20.9726	422.52	422.52
20.9846	422.209	422.209
20.9965	421.898	421.898
21.0085	421.587	421.587
21.0204	421.277	421.277
21.0323	420.967	420.967
21.0443	420.658	420.658
21.0562	420.348	420.348
21.0681	420.039	420.039
21.0801	419.731	419.731
21.092	419.422	419.422
21.1039	419.114	419.114
21.1159	418.806	418.806
21.1278	418.499	418.499
21.1398	418.192	418.191
21.1517	417.885	417.884
21.1636	417.578	417.578
21.1756	417.272	417.272
21.1875	416.966	416.966
21.1994	416.66	416.66
21.2114	416.355	416.354
21.2233	416.049	416.049
21.2352	415.745	415.745
21.2472	415.44	415.44
21.2591	415.136	415.136
21.2711	414.832	414.832
21.283	414.529	414.529
21.2949	414.225	414.225
21.3069	413.922	413.922
21.3188	413.62	413.62
21.3307	413.318	413.317
21.3427	413.016	413.015
21.3546	412.714	412.714
21.3666	412.412	412.412
21.3785	412.111	412.111
21.3904	411.811	411.811
21.4024	411.51	411.51
21.4143	411.21	411.21
21.4262	410.91	410.91
21.4382	410.611	410.611
21.4501	410.312	410.312
21.462	410.013	410.013
21.474	409.714	409.714
21.4859	409.416	409.416
21.4979	409.118	409.118
21.5098	408.821	408.82
21.5217	408.523	408.523
21.5337	408.226	408.226
21.5456	407.93	407.93
21.5575	407.634	407.633
21.5695	407.338	407.337
21.5814	407.042	407.042
21.5933	406.747	406.746
21.6053	406.452	406.451
21.6172	406.157	406.157
21.6292	405.863	405.862
21.6411	405.569	405.568
21.653	405.275	405.275
21.665	404.982	404.981
21.6769	404.689	404.688
21.6888	404.396	404.396
21.7008	404.103	404.103
21.7127	403.811	403.811
21.7246	403.52	403.52
21.7366	403.228	403.228
21.7485	402.937	402.937
21.7605	402.647	402.646
21.7724	402.356	402.356
21.7843	402.066	402.066
21.7963	401.776	401.776
21.8082	401.487	401.487
21.8201	401.198	401.198
21.8321	400.909	400.909
21.844	400.621	400.621
21.856	400.333	400.333
21.8679	400.045	400.045
21.8798	399.758	399.758
21.8918	399.471	399.471
21.9037	399.184	399.184
21.9156	398.898	398.898
21.9276	398.612	398.612
21.9395	398.326	398.326
21.9514	398.041	398.041
21.9634	397.756	397.756
21.9753	397.471	397.471
21.9873	397.187	397.187
21.9992	396.903	396.903
22.0111	396.62	396.62
22.0231	396.336	396.336
22.035	396.054	396.053
22.0469	395.771	395.771
22.0589	395.489	395.489
22.0708	395.207	395.207
22.0827	394.926	394.925
22.0947	394.644	394.644
22.1066	394.364	394.363
22.1186	394.083	394.083
22.1305	393.803	393.803
22.1424	393.523	393.523
22.1544	393.244	393.244
22.1663	392.965	392.965
22.1782	392.686	392.686
22.1902	392.408	392.408
22.2021	392.13	392.13
22.2141	391.852	391.852
22.226	391.575	391.575
22.2379	391.298	391.298
22.2499	391.022	391.022
22.2618	390.746	390.745
22.2737	390.47	390.47
22.2857	390.194	390.194
22.2976	389.919	389.919
22.3095	389.644	389.644
22.3215	389.37	389.37
22.3334	389.096	389.096
22.3454	388.822	388.822
22.3573	388.549	388.549
22.3692	388.276	388.276
22.3812	388.004	388.004
22.3931	387.731	387.731
22.405	387.46	387.46
22.417	387.188	387.188
22.4289	386.917	386.917
22.4408	386.646	386.646
22.4528	386.376	386.376
22.4647	386.106	386.106
22.4767	385.836	385.836
22.4886	385.567	385.567
22.5005	385.298	385.298
22.5125	385.03	385.03
22.5244	384.762	384.762
22.5363	384.494	384.494
22.5483	384.227	384.226
22.5602	383.96	383.959
22.5721	383.693	383.693
22.5841	383.427	383.427
22.596	383.161	383.161
22.608	382.895	382.895
22.6199	382.63	382.63
22.6318	382.365	382.365
22.6438	382.101	382.101
22.6557	381.837	381.837
22.6676	381.573	381.573
22.6796	381.31	381.31
22.6915	381.047	381.047
22.7035	380.785	380.785
22.7154	380.523	380.523
22.7273	380.261	380.261
22.7393	380	380
22.7512	379.739	379.739
22.7631	379.478	379.478
22.7751	379.218	379.218
22.787	378.958	378.958
22.7989	378.699	378.699
22.8109	378.44	378.44
22.8228	378.181	378.181
22.8348	377.923	377.923
22.8467	377.665	377.665
22.8586	377.408	377.407
22.8706	377.151	377.15
22.8825	376.894	376.894
22.8944	376.638	376.637
22.9064	376.382	376.381
22.9183	376.126	376.126
22.9302	375.871	375.871
22.9422	375.616	375.616
22.9541	375.362	375.362
22.9661	375.108	375.108
22.978	374.854	374.854
22.9899	374.601	374.601
23.0019	374.348	374.348
23.0138	374.096	374.096
23.0257	373.844	373.844
23.0377	373.593	373.592
23.0496	373.341	373.341
23.0616	373.091	373.09
23.0735	372.84	372.84
23.0854	372.59	372.59
23.0974	372.341	372.341
23.1093	372.091	372.091
23.1212	371.843	371.843
23.1332	371.594	371.594
23.1451	371.346	371.346
23.157	371.099	371.099
23.169	370.852	370.851
23.1809	370.605	370.605
23.1929	370.358	370.358
23.2048	370.112	370.112
23.2167	369.867	369.867
23.2287	369.622	369.622
23.2406	369.377	369.377
23.2525	369.133	369.133
23.2645	368.889	368.889
23.2764	368.645	368.645
23.2883	368.402	368.402
23.3003	368.159	368.159
23.3122	367.917	367.917
23.3242	367.675	367.675
23.3361	367.434	367.434
23.348	367.193	367.192
23.36	366.952	366.952
23.3719	366.712	366.712
23.3838	366.472	366.472
23.3958	366.232	366.232
23.4077	365.993	365.993
23.4196	365.755	365.755
23.4316	365.517	365.517
23.4435	365.279	365.279
23.4555	365.042	365.041
23.4674	364.805	364.805
23.4793	364.568	364.568
23.4913	364.332	364.332
23.5032	364.097	364.097
23.5151	363.862	363.861
23.5271	363.627	363.627
23.539	363.393	363.393
23.551	363.16	363.159
23.5629	362.927	362.927
23.5748	362.695	362.695
23.5868	362.464	362.463
23.5987	362.234	362.233
23.6106	362.005	362.004
23.6226	361.778	361.777
23.6345	361.552	361.551
23.6464	361.329	361.328
23.6584	361.108	361.107
23.6703	360.89	360.889
23.6823	360.677	360.675
23.6942	360.468	360.466
23.7061	360.264	360.261
23.7181	360.067	360.064
23.73	359.877	359.873
23.7419	359.695	359.692
23.7539	359.524	359.52
23.7658	359.363	359.359
23.7777	359.215	359.21
23.7897	359.081	359.075
23.8016	358.961	358.955
23.8136	358.858	358.851
23.8255	358.772	358.765
23.8374	358.704	358.696
23.8494	358.654	358.647
23.8613	358.625	358.617
23.8732	358.615	358.607
