0	785.592	785.603
0.0119366	785.579	785.589
0.0238732	785.539	785.549
0.0358099	785.472	785.482
0.0477465	785.38	785.389
0.0596831	785.264	785.272
0.0716197	785.125	785.133
0.0835563	784.964	784.972
0.095493	784.784	784.791
0.10743	784.587	784.593
0.119366	784.374	784.379
0.131303	784.147	784.151
0.143239	783.908	783.912
0.155176	783.658	783.662
0.167113	783.4	783.403
0.179049	783.134	783.136
0.190986	782.862	782.864
0.202923	782.585	782.586
0.214859	782.303	782.305
0.226796	782.019	782.02
0.238732	781.731	781.732
0.250669	781.441	781.442
0.262606	781.15	781.15
0.274542	780.857	780.857
0.286479	780.563	780.563
0.298416	780.267	780.268
0.310352	779.971	779.971
0.322289	779.674	779.675
0.334225	779.377	779.377
0.346162	779.079	779.079
0.358099	778.78	778.78
0.370035	778.481	778.481
0.381972	778.181	778.181
0.393908	777.881	777.881
0.405845	777.581	777.581
0.417782	777.28	777.28
0.429718	776.978	776.978
0.441655	776.676	776.676
0.453592	776.374	776.374
0.465528	776.071	776.071
0.477465	775.768	775.768
0.489401	775.464	775.464
0.501338	775.16	775.16
0.513275	774.855	774.856
0.525211	774.55	774.551
0.537148	774.245	774.245
0.549085	773.939	773.939
0.561021	773.633	773.633
0.572958	773.326	773.326
0.584894	773.019	773.019
0.596831	772.712	772.712
0.608768	772.404	772.404
0.620704	772.095	772.095
0.632641	771.787	771.787
0.644578	771.477	771.477
0.656514	771.168	771.168
0.668451	770.858	770.858
0.680387	770.547	770.547
0.692324	770.236	770.236
0.704261	769.925	769.925
0.716197	769.613	769.613
0.728134	769.301	769.301
0.74007	768.989	768.989
0.752007	768.676	768.676
0.763944	768.362	768.362
0.77588	768.048	768.049
0.787817	767.734	767.734
0.799754	767.42	767.42
0.81169	767.105	767.105
0.823627	766.789	766.79
0.835563	766.474	766.474
0.8475	766.157	766.158
0.859437	765.841	765.841
0.871373	765.524	765.524
0.88331	765.206	765.207
0.895247	764.889	764.889
0.907183	764.57	764.571
0.91912	764.252	764.252
0.931056	763.933	763.933
0.942993	763.614	763.614
0.95493	763.294	763.294
0.966866	762.974	762.974
0.978803	762.653	762.653
0.99074	762.332	762.332
1.00268	762.011	762.011
1.01461	761.689	761.69
1.02655	761.367	761.367
1.03849	761.045	761.045
1.05042	760.722	760.722
1.06236	760.399	760.399
1.0743	760.075	760.075
1.08623	759.751	759.752
1.09817	759.427	759.427
1.11011	759.102	759.103
1.12204	758.777	758.777
1.13398	758.452	758.452
1.14592	758.126	758.126
1.15785	757.8	757.8
1.16979	757.473	757.474
1.18173	757.146	757.147
1.19366	756.819	756.819
1.2056	756.492	756.492
1.21754	756.164	756.164
1.22947	755.835	755.835
1.24141	755.506	755.507
1.25335	755.177	755.178
1.26528	754.848	754.848
1.27722	754.518	754.518
1.28916	754.188	754.188
1.30109	753.857	753.858
1.31303	753.527	753.527
1.32496	753.195	753.196
1.3369	752.864	752.864
1.34884	752.532	752.532
1.36077	752.2	752.2
1.37271	751.867	751.867
1.38465	751.534	751.534
1.39658	751.201	751.201
1.40852	750.867	750.867
1.42046	750.533	750.533
1.43239	750.199	750.199
1.44433	749.864	749.864
1.45627	749.529	749.529
1.4682	749.194	749.194
1.48014	748.858	748.858
1.49208	748.522	748.522
1.50401	748.186	748.186
1.51595	747.849	747.849
1.52789	747.512	747.512
1.53982	747.175	747.175
1.55176	746.837	746.837
1.5637	746.499	746.499
1.57563	746.161	746.161
1.58757	745.822	745.822
1.59951	745.483	745.483
1.61144	745.144	745.144
1.62338	744.804	744.805
1.63532	744.465	744.465
1.64725	744.124	744.124
1.65919	743.784	743.784
1.67113	743.443	743.443
1.68306	743.102	743.102
1.695	742.76	742.76
1.70694	742.418	742.419
1.71887	742.076	742.076
1.73081	741.734	741.734
1.74275	741.391	741.391
1.75468	741.048	741.048
1.76662	740.705	740.705
1.77856	740.361	740.361
1.79049	740.017	740.017
1.80243	739.673	739.673
1.81437	739.328	739.329
1.8263	738.984	738.984
1.83824	738.638	738.639
1.85018	738.293	738.293
1.86211	737.947	737.947
1.87405	737.601	737.601
1.88599	737.255	737.255
1.89792	736.908	736.908
1.90986	736.561	736.561
1.9218	736.214	736.214
1.93373	735.867	735.867
1.94567	735.519	735.519
1.95761	735.171	735.171
1.96954	734.823	734.823
1.98148	734.474	734.474
1.99342	734.125	734.125
2.00535	733.776	733.776
2.01729	733.426	733.427
2.02923	733.077	733.077
2.04116	732.727	732.727
2.0531	732.376	732.376
2.06504	732.026	732.026
2.07697	731.675	731.675
2.08891	731.324	731.324
2.10085	730.972	730.973
2.11278	730.621	730.621
2.12472	730.269	730.269
2.13666	729.917	729.917
2.14859	729.564	729.564
2.16053	729.212	729.212
2.17246	728.859	728.859
2.1844	728.505	728.506
2.19634	728.152	728.152
2.20827	727.798	727.798
2.22021	727.444	727.444
2.23215	727.09	727.09
2.24408	726.735	726.736
2.25602	726.381	726.381
2.26796	726.026	726.026
2.27989	725.67	725.67
2.29183	725.315	725.315
2.30377	724.959	724.959
2.3157	724.603	724.603
2.32764	724.247	724.247
2.33958	723.89	723.89
2.35151	723.533	723.534
2.36345	723.176	723.177
2.37539	722.819	722.819
2.38732	722.462	722.462
2.39926	722.104	722.104
2.4112	721.746	721.746
2.42313	721.388	721.388
2.43507	721.029	721.03
2.44701	720.671	720.671
2.45894	720.312	720.312
2.47088	719.953	719.953
2.48282	719.593	719.593
2.49475	719.234	719.234
2.50669	718.874	718.874
2.51863	718.514	718.514
2.53056	718.154	718.154
2.5425	717.793	717.793
2.55444	717.432	717.432
2.56637	717.071	717.072
2.57831	716.71	716.71
2.59025	716.349	716.349
2.60218	715.987	715.987
2.61412	715.625	715.626
2.62606	715.263	715.264
2.63799	714.901	714.901
2.64993	714.539	714.539
2.66187	714.176	714.176
2.6738	713.813	713.813
2.68574	713.45	713.45
2.69768	713.087	713.087
2.70961	712.723	712.723
2.72155	712.359	712.36
2.73349	711.996	711.996
2.74542	711.631	711.631
2.75736	711.267	711.267
2.7693	710.902	710.903
2.78123	710.538	710.538
2.79317	710.173	710.173
2.80511	709.808	709.808
2.81704	709.442	709.442
2.82898	709.077	709.077
2.84092	708.711	708.711
2.85285	708.345	708.345
2.86479	707.979	707.979
2.87673	707.613	707.613
2.88866	707.246	707.246
2.9006	706.879	706.88
2.91254	706.513	706.513
2.92447	706.145	706.146
2.93641	705.778	705.778
2.94835	705.411	705.411
2.96028	705.043	705.043
2.97222	704.675	704.675
2.98416	704.307	704.307
2.99609	703.939	703.939
3.00803	703.571	703.571
3.01997	703.202	703.202
3.0319	702.833	702.834
3.04384	702.465	702.465
3.05577	702.096	702.096
3.06771	701.726	701.726
3.07965	701.357	701.357
3.09158	700.987	700.987
3.10352	700.618	700.618
3.11546	700.248	700.248
3.12739	699.877	699.878
3.13933	699.507	699.507
3.15127	699.137	699.137
3.1632	698.766	698.766
3.17514	698.395	698.395
3.18708	698.024	698.025
3.19901	697.653	697.653
3.21095	697.282	697.282
3.22289	696.911	696.911
3.23482	696.539	696.539
3.24676	696.167	696.167
3.2587	695.795	695.796
3.27063	695.423	695.424
3.28257	695.051	695.051
3.29451	694.679	694.679
3.30644	694.306	694.306
3.31838	693.934	693.934
3.33032	693.561	693.561
3.34225	693.188	693.188
3.35419	692.815	692.815
3.36613	692.442	692.442
3.37806	692.068	692.068
3.39	691.695	691.695
3.40194	691.321	691.321
3.41387	690.947	690.947
3.42581	690.573	690.573
3.43775	690.199	690.199
3.44968	689.825	689.825
3.46162	689.45	689.45
3.47356	689.076	689.076
3.48549	688.701	688.701
3.49743	688.326	688.326
3.50937	687.951	687.951
3.5213	687.576	687.576
3.53324	687.201	687.201
3.54518	686.825	686.825
3.55711	686.45	686.45
3.56905	686.074	686.074
3.58099	685.699	685.699
3.59292	685.323	685.323
3.60486	684.947	684.947
3.6168	684.57	684.571
3.62873	684.194	684.194
3.64067	683.818	683.818
3.65261	683.441	683.441
3.66454	683.065	683.065
3.67648	682.688	682.688
3.68842	682.311	682.311
3.70035	681.934	681.934
3.71229	681.557	681.557
3.72423	681.18	681.18
3.73616	680.802	680.802
3.7481	680.425	680.425
3.76004	680.047	680.047
3.77197	679.669	679.669
3.78391	679.291	679.291
3.79585	678.913	678.914
3.80778	678.535	678.535
3.81972	678.157	678.157
3.83166	677.779	677.779
3.84359	677.401	677.401
3.85553	677.022	677.022
3.86747	676.643	676.643
3.8794	676.265	676.265
3.89134	675.886	675.886
3.90327	675.507	675.507
3.91521	675.128	675.128
3.92715	674.749	674.749
3.93908	674.369	674.369
3.95102	673.99	673.99
3.96296	673.611	673.611
3.97489	673.231	673.231
3.98683	672.851	672.851
3.99877	672.472	672.472
4.0107	672.092	672.092
4.02264	671.712	671.712
4.03458	671.332	671.332
4.04651	670.952	670.952
4.05845	670.571	670.571
4.07039	670.191	670.191
4.08232	669.811	669.811
4.09426	669.43	669.43
4.1062	669.049	669.049
4.11813	668.669	668.669
4.13007	668.288	668.288
4.14201	667.907	667.907
4.15394	667.526	667.526
4.16588	667.145	667.145
4.17782	666.764	666.764
4.18975	666.383	666.383
4.20169	666.001	666.001
4.21363	665.62	665.62
4.22556	665.238	665.238
4.2375	664.857	664.857
4.24944	664.475	664.475
4.26137	664.093	664.093
4.27331	663.711	663.712
4.28525	663.33	663.33
4.29718	662.948	662.948
4.30912	662.566	662.566
4.32106	662.183	662.183
4.33299	661.801	661.801
4.34493	661.419	661.419
4.35687	661.036	661.036
4.3688	660.654	660.654
4.38074	660.271	660.272
4.39268	659.889	659.889
4.40461	659.506	659.506
4.41655	659.123	659.123
4.42849	658.741	658.741
4.44042	658.358	658.358
4.45236	657.975	657.975
4.4643	657.592	657.592
4.47623	657.209	657.209
4.48817	656.825	656.826
4.50011	656.442	656.442
4.51204	656.059	656.059
4.52398	655.676	655.676
4.53592	655.292	655.292
4.54785	654.909	654.909
4.55979	654.525	654.525
4.57173	654.141	654.141
4.58366	653.758	653.758
4.5956	653.374	653.374
4.60754	652.99	652.99
4.61947	652.606	652.606
4.63141	652.222	652.222
4.64335	651.838	651.838
4.65528	651.454	651.454
4.66722	651.07	651.07
4.67916	650.686	650.686
4.69109	650.302	650.302
4.70303	649.917	649.917
4.71497	649.533	649.533
4.7269	649.149	649.149
4.73884	648.764	648.764
4.75078	648.38	648.38
4.76271	647.995	647.995
4.77465	647.611	647.611
4.78658	647.226	647.226
4.79852	646.841	646.841
4.81046	646.456	646.456
4.82239	646.072	646.072
4.83433	645.687	645.687
4.84627	645.302	645.302
4.8582	644.917	644.917
4.87014	644.532	644.532
4.88208	644.147	644.147
4.89401	643.762	643.762
4.90595	643.376	643.376
4.91789	642.991	642.991
4.92982	642.606	642.606
4.94176	642.221	642.221
4.9537	641.835	641.835
4.96563	641.45	641.45
4.97757	641.064	641.064
4.98951	640.679	640.679
5.00144	640.293	640.293
5.01338	639.908	639.908
5.02532	639.522	639.522
5.03725	639.136	639.136
5.04919	638.751	638.751
5.06113	638.365	638.365
5.07306	637.979	637.979
5.085	637.593	637.593
5.09694	637.208	637.208
5.10887	636.822	636.822
5.12081	636.436	636.436
5.13275	636.05	636.05
5.14468	635.664	635.664
5.15662	635.278	635.278
5.16856	634.892	634.892
5.18049	634.505	634.506
5.19243	634.119	634.119
5.20437	633.733	633.733
5.2163	633.347	633.347
5.22824	632.961	632.961
5.24018	632.574	632.574
5.25211	632.188	632.188
5.26405	631.802	631.802
5.27599	631.415	631.415
5.28792	631.029	631.029
5.29986	630.642	630.642
5.3118	630.256	630.256
5.32373	629.869	629.869
5.33567	629.483	629.483
5.34761	629.096	629.096
5.35954	628.71	628.71
5.37148	628.323	628.323
5.38342	627.936	627.936
5.39535	627.55	627.55
5.40729	627.163	627.163
5.41923	626.776	626.776
5.43116	626.389	626.389
5.4431	626.003	626.003
5.45504	625.616	625.616
5.46697	625.229	625.229
5.47891	624.842	624.842
5.49085	624.455	624.455
5.50278	624.068	624.068
5.51472	623.681	623.681
5.52666	623.294	623.294
5.53859	622.907	622.907
5.55053	622.52	622.52
5.56247	622.133	622.133
5.5744	621.746	621.746
5.58634	621.359	621.359
5.59828	620.972	620.972
5.61021	620.584	620.584
5.62215	620.197	620.197
5.63408	619.81	619.81
5.64602	619.423	619.423
5.65796	619.036	619.036
5.66989	618.648	618.648
5.68183	618.261	618.261
5.69377	617.874	617.874
5.7057	617.486	617.486
5.71764	617.099	617.099
5.72958	616.712	616.712
5.74151	616.324	616.324
5.75345	615.937	615.937
5.76539	615.549	615.55
5.77732	615.162	615.162
5.78926	614.775	614.775
5.8012	614.387	614.387
5.81313	614	614
5.82507	613.612	613.612
5.83701	613.225	613.225
5.84894	612.837	612.837
5.86088	612.449	612.449
5.87282	612.062	612.062
5.88475	611.674	611.674
5.89669	611.287	611.287
5.90863	610.899	610.899
5.92056	610.511	610.511
5.9325	610.124	610.124
5.94444	609.736	609.736
5.95637	609.348	609.348
5.96831	608.961	608.961
5.98025	608.573	608.573
5.99218	608.185	608.185
6.00412	607.797	607.797
6.01606	607.41	607.41
6.02799	607.022	607.022
6.03993	606.634	606.634
6.05187	606.246	606.246
6.0638	605.858	605.858
6.07574	605.471	605.471
6.08768	605.083	605.083
6.09961	604.695	604.695
6.11155	604.307	604.307
6.12349	603.919	603.919
6.13542	603.531	603.531
6.14736	603.143	603.143
6.1593	602.755	602.755
6.17123	602.367	602.367
6.18317	601.979	601.979
6.19511	601.591	601.591
6.20704	601.203	601.203
6.21898	600.815	600.815
6.23092	600.427	600.427
6.24285	600.039	600.039
6.25479	599.651	599.651
6.26673	599.263	599.263
6.27866	598.875	598.875
6.2906	598.487	598.487
6.30254	598.099	598.099
6.31447	597.711	597.711
6.32641	597.323	597.323
6.33835	596.935	596.935
6.35028	596.547	596.547
6.36222	596.159	596.159
6.37416	595.77	595.77
6.38609	595.382	595.382
6.39803	594.994	594.994
6.40997	594.606	594.606
6.4219	594.218	594.218
6.43384	593.83	593.83
6.44578	593.441	593.441
6.45771	593.053	593.053
6.46965	592.665	592.665
6.48159	592.277	592.277
6.49352	591.888	591.888
6.50546	591.5	591.5
6.51739	591.112	591.112
6.52933	590.724	590.724
6.54127	590.335	590.335
6.5532	589.947	589.947
6.56514	589.559	589.559
6.57708	589.17	589.17
6.58901	588.782	588.782
6.60095	588.394	588.394
6.61289	588.005	588.005
6.62482	587.617	587.617
6.63676	587.229	587.229
6.6487	586.84	586.84
6.66063	586.452	586.452
6.67257	586.063	586.063
6.68451	585.675	585.675
6.69644	585.287	585.287
6.70838	584.898	584.898
6.72032	584.51	584.51
6.73225	584.121	584.121
6.74419	583.733	583.733
6.75613	583.344	583.344
6.76806	582.956	582.956
6.78	582.567	582.567
6.79194	582.179	582.179
6.80387	581.79	581.79
6.81581	581.402	581.402
6.82775	581.013	581.013
6.83968	580.625	580.625
6.85162	580.236	580.236
6.86356	579.847	579.847
6.87549	579.459	579.459
6.88743	579.07	579.07
6.89937	578.682	578.682
6.9113	578.293	578.293
6.92324	577.904	577.904
6.93518	577.516	577.516
6.94711	577.127	577.127
6.95905	576.738	576.739
6.97099	576.35	576.35
6.98292	575.961	575.961
6.99486	575.572	575.572
7.0068	575.184	575.184
7.01873	574.795	574.795
7.03067	574.406	574.406
7.04261	574.018	574.018
7.05454	573.629	573.629
7.06648	573.24	573.24
7.07842	572.851	572.851
7.09035	572.462	572.462
7.10229	572.074	572.074
7.11423	571.685	571.685
7.12616	571.296	571.296
7.1381	570.907	570.907
7.15004	570.518	570.518
7.16197	570.129	570.129
7.17391	569.74	569.74
7.18585	569.352	569.352
7.19778	568.963	568.963
7.20972	568.574	568.574
7.22166	568.185	568.185
7.23359	567.796	567.796
7.24553	567.407	567.407
7.25747	567.018	567.018
7.2694	566.629	566.629
7.28134	566.24	566.24
7.29328	565.851	565.851
7.30521	565.462	565.462
7.31715	565.073	565.073
7.32909	564.684	564.684
7.34102	564.295	564.295
7.35296	563.905	563.905
7.36489	563.516	563.516
7.37683	563.127	563.127
7.38877	562.738	562.738
7.4007	562.349	562.349
7.41264	561.96	561.96
7.42458	561.57	561.57
7.43651	561.181	561.181
7.44845	560.792	560.792
7.46039	560.403	560.403
7.47232	560.014	560.014
7.48426	559.624	559.624
7.4962	559.235	559.235
7.50813	558.846	558.846
7.52007	558.456	558.456
7.53201	558.067	558.067
7.54394	557.677	557.678
7.55588	557.288	557.288
7.56782	556.899	556.899
7.57975	556.509	556.509
7.59169	556.12	556.12
7.60363	555.73	555.73
7.61556	555.341	555.341
7.6275	554.951	554.951
7.63944	554.562	554.562
7.65137	554.172	554.172
7.66331	553.783	553.783
7.67525	553.393	553.393
7.68718	553.003	553.003
7.69912	552.614	552.614
7.71106	552.224	552.224
7.72299	551.834	551.834
7.73493	551.445	551.445
7.74687	551.055	551.055
7.7588	550.665	550.665
7.77074	550.276	550.276
7.78268	549.886	549.886
7.79461	549.496	549.496
7.80655	549.106	549.106
7.81849	548.716	548.716
7.83042	548.326	548.326
7.84236	547.936	547.936
7.8543	547.546	547.547
7.86623	547.157	547.157
7.87817	546.767	546.767
7.89011	546.377	546.377
7.90204	545.987	545.987
7.91398	545.596	545.596
7.92592	545.206	545.206
7.93785	544.816	544.816
7.94979	544.426	544.426
7.96173	544.036	544.036
7.97366	543.646	543.646
7.9856	543.256	543.256
7.99754	542.865	542.865
8.00947	542.475	542.475
8.02141	542.085	542.085
8.03335	541.695	541.695
8.04528	541.304	541.304
8.05722	540.914	540.914
8.06916	540.523	540.523
8.08109	540.133	540.133
8.09303	539.743	539.743
8.10497	539.352	539.352
8.1169	538.962	538.962
8.12884	538.571	538.571
8.14078	538.181	538.181
8.15271	537.79	537.79
8.16465	537.399	537.399
8.17659	537.009	537.009
8.18852	536.618	536.618
8.20046	536.227	536.227
8.2124	535.837	535.837
8.22433	535.446	535.446
8.23627	535.055	535.055
8.2482	534.664	534.664
8.26014	534.273	534.273
8.27208	533.882	533.882
8.28401	533.491	533.491
8.29595	533.1	533.1
8.30789	532.709	532.71
8.31982	532.318	532.318
8.33176	531.927	531.927
8.3437	531.536	531.536
8.35563	531.145	531.145
8.36757	530.754	530.754
8.37951	530.363	530.363
8.39144	529.972	529.972
8.40338	529.58	529.58
8.41532	529.189	529.189
8.42725	528.798	528.798
8.43919	528.406	528.407
8.45113	528.015	528.015
8.46306	527.624	527.624
8.475	527.232	527.232
8.48694	526.841	526.841
8.49887	526.449	526.449
8.51081	526.058	526.058
8.52275	525.666	525.666
8.53468	525.274	525.274
8.54662	524.883	524.883
8.55856	524.491	524.491
8.57049	524.099	524.099
8.58243	523.708	523.708
8.59437	523.316	523.316
8.6063	522.924	522.924
8.61824	522.532	522.532
8.63018	522.14	522.14
8.64211	521.748	521.748
8.65405	521.356	521.356
8.66599	520.964	520.964
8.67792	520.572	520.572
8.68986	520.18	520.18
8.7018	519.788	519.788
8.71373	519.396	519.396
8.72567	519.004	519.004
8.73761	518.611	518.611
8.74954	518.219	518.219
8.76148	517.827	517.827
8.77342	517.434	517.434
8.78535	517.042	517.042
8.79729	516.65	516.65
8.80923	516.257	516.257
8.82116	515.865	515.865
8.8331	515.472	515.472
8.84504	515.079	515.079
8.85697	514.687	514.687
8.86891	514.294	514.294
8.88085	513.901	513.901
8.89278	513.509	513.509
8.90472	513.116	513.116
8.91666	512.723	512.723
8.92859	512.33	512.33
8.94053	511.937	511.937
8.95247	511.544	511.544
8.9644	511.152	511.152
8.97634	510.758	510.759
8.98828	510.365	510.365
9.00021	509.972	509.972
9.01215	509.579	509.579
9.02409	509.186	509.186
9.03602	508.793	508.793
9.04796	508.4	508.4
9.0599	508.006	508.006
9.07183	507.613	507.613
9.08377	507.22	507.22
9.0957	506.826	506.826
9.10764	506.433	506.433
9.11958	506.039	506.039
9.13151	505.646	505.646
9.14345	505.252	505.252
9.15539	504.859	504.859
9.16732	504.465	504.465
9.17926	504.071	504.071
9.1912	503.678	503.678
9.20313	503.284	503.284
9.21507	502.89	502.89
9.22701	502.496	502.496
9.23894	502.102	502.103
9.25088	501.709	501.709
9.26282	501.315	501.315
9.27475	500.921	500.921
9.28669	500.527	500.527
9.29863	500.133	500.133
9.31056	499.739	499.739
9.3225	499.344	499.344
9.33444	498.95	498.95
9.34637	498.556	498.556
9.35831	498.162	498.162
9.37025	497.768	497.768
9.38218	497.373	497.373
9.39412	496.979	496.979
9.40606	496.585	496.585
9.41799	496.19	496.19
9.42993	495.796	495.796
9.44187	495.401	495.401
9.4538	495.007	495.007
9.46574	494.612	494.612
9.47768	494.217	494.217
9.48961	493.823	493.823
9.50155	493.428	493.428
9.51349	493.033	493.034
9.52542	492.639	492.639
9.53736	492.244	492.244
9.5493	491.849	491.849
9.56123	491.454	491.454
9.57317	491.059	491.06
9.58511	490.665	490.665
9.59704	490.27	490.27
9.60898	489.875	489.875
9.62092	489.48	489.48
9.63285	489.085	489.085
9.64479	488.69	488.69
9.65673	488.295	488.295
9.66866	487.899	487.899
9.6806	487.504	487.504
9.69254	487.109	487.109
9.70447	486.714	486.714
9.71641	486.319	486.319
9.72835	485.923	485.923
9.74028	485.528	485.528
9.75222	485.133	485.133
9.76416	484.737	484.737
9.77609	484.342	484.342
9.78803	483.947	483.947
9.79997	483.551	483.551
9.8119	483.156	483.156
9.82384	482.76	482.76
9.83578	482.365	482.365
9.84771	481.969	481.969
9.85965	481.574	481.574
9.87159	481.178	481.178
9.88352	480.783	480.783
9.89546	480.387	480.387
9.9074	479.991	479.991
9.91933	479.596	479.596
9.93127	479.2	479.2
9.94321	478.804	478.804
9.95514	478.409	478.409
9.96708	478.013	478.013
9.97901	477.617	477.617
9.99095	477.221	477.221
10.0029	476.825	476.825
10.0148	476.43	476.43
10.0268	476.034	476.034
10.0387	475.638	475.638
10.0506	475.242	475.242
10.0626	474.846	474.846
10.0745	474.45	474.45
10.0864	474.055	474.055
10.0984	473.659	473.659
10.1103	473.263	473.263
10.1223	472.867	472.867
10.1342	472.471	472.471
10.1461	472.075	472.075
10.1581	471.679	471.679
10.17	471.283	471.283
10.1819	470.887	470.887
10.1939	470.491	470.491
10.2058	470.095	470.095
10.2177	469.699	469.699
10.2297	469.303	469.303
10.2416	468.907	468.907
10.2536	468.511	468.511
10.2655	468.115	468.115
10.2774	467.719	467.719
10.2894	467.323	467.323
10.3013	466.927	466.927
10.3132	466.531	466.531
10.3252	466.135	466.135
10.3371	465.739	465.739
10.3491	465.343	465.343
10.361	464.947	464.947
10.3729	464.552	464.551
10.3849	464.156	464.156
10.3968	463.76	463.76
10.4087	463.364	463.364
10.4207	462.968	462.968
10.4326	462.572	462.572
10.4445	462.176	462.176
10.4565	461.78	461.78
10.4684	461.384	461.384
10.4804	460.988	460.988
10.4923	460.593	460.593
10.5042	460.197	460.197
10.5162	459.801	459.801
10.5281	459.405	459.405
10.54	459.01	459.01
10.552	458.614	458.614
10.5639	458.218	458.218
10.5758	457.823	457.823
10.5878	457.427	457.427
10.5997	457.031	457.031
10.6117	456.636	456.636
10.6236	456.24	456.24
10.6355	455.845	455.845
10.6475	455.449	455.449
10.6594	455.054	455.054
10.6713	454.658	454.658
10.6833	454.263	454.263
10.6952	453.868	453.868
10.7071	453.472	453.472
10.7191	453.077	453.077
10.731	452.682	452.682
10.743	452.287	452.287
10.7549	451.891	451.891
10.7668	451.496	451.496
10.7788	451.101	451.101
10.7907	450.706	450.706
10.8026	450.311	450.311
10.8146	449.917	449.917
10.8265	449.522	449.522
10.8385	449.127	449.127
10.8504	448.732	448.732
10.8623	448.338	448.338
10.8743	447.943	447.943
10.8862	447.548	447.548
10.8981	447.154	447.154
10.9101	446.759	446.759
10.922	446.365	446.365
10.9339	445.971	445.971
10.9459	445.577	445.577
10.9578	445.182	445.182
10.9698	444.788	444.788
10.9817	444.394	444.394
10.9936	444	444
11.0056	443.607	443.607
11.0175	443.213	443.213
11.0294	442.819	442.819
11.0414	442.425	442.425
11.0533	442.032	442.032
11.0652	441.638	441.638
11.0772	441.245	441.245
11.0891	440.852	440.852
11.1011	440.459	440.459
11.113	440.065	440.065
11.1249	439.672	439.672
11.1369	439.28	439.279
11.1488	438.887	438.887
11.1607	438.494	438.494
11.1727	438.101	438.101
11.1846	437.709	437.709
11.1966	437.316	437.316
11.2085	436.924	436.924
11.2204	436.532	436.532
11.2324	436.14	436.14
11.2443	435.748	435.748
11.2562	435.356	435.356
11.2682	434.964	434.964
11.2801	434.572	434.572
11.292	434.181	434.181
11.304	433.79	433.789
11.3159	433.398	433.398
11.3279	433.007	433.007
11.3398	432.616	432.616
11.3517	432.225	432.225
11.3637	431.834	431.834
11.3756	431.444	431.444
11.3875	431.053	431.053
11.3995	430.663	430.663
11.4114	430.273	430.273
11.4233	429.882	429.882
11.4353	429.493	429.492
11.4472	429.103	429.103
11.4592	428.713	428.713
11.4711	428.324	428.323
11.483	427.934	427.934
11.495	427.545	427.545
11.5069	427.156	427.156
11.5188	426.767	426.767
11.5308	426.378	426.378
11.5427	425.99	425.99
11.5546	425.601	425.601
11.5666	425.213	425.213
11.5785	424.825	424.825
11.5905	424.437	424.437
11.6024	424.049	424.049
11.6143	423.662	423.662
11.6263	423.274	423.274
11.6382	422.887	422.887
11.6501	422.5	422.5
11.6621	422.113	422.113
11.674	421.726	421.726
11.686	421.34	421.34
11.6979	420.954	420.954
11.7098	420.568	420.568
11.7218	420.182	420.182
11.7337	419.796	419.796
11.7456	419.411	419.41
11.7576	419.025	419.025
11.7695	418.64	418.64
11.7814	418.255	418.255
11.7934	417.871	417.871
11.8053	417.486	417.486
11.8173	417.102	417.102
11.8292	416.718	416.718
11.8411	416.334	416.334
11.8531	415.95	415.95
11.865	415.567	415.567
11.8769	415.184	415.184
11.8889	414.801	414.801
11.9008	414.418	414.418
11.9127	414.036	414.036
11.9247	413.654	413.654
11.9366	413.272	413.272
11.9486	412.89	412.89
11.9605	412.509	412.508
11.9724	412.127	412.127
11.9844	411.746	411.746
11.9963	411.366	411.365
12.0082	410.985	410.985
12.0202	410.605	410.605
12.0321	410.225	410.225
12.0441	409.845	409.845
12.056	409.466	409.466
12.0679	409.087	409.086
12.0799	408.708	408.708
12.0918	408.329	408.329
12.1037	407.951	407.951
12.1157	407.573	407.572
12.1276	407.195	407.195
12.1395	406.817	406.817
12.1515	406.44	406.44
12.1634	406.063	406.063
12.1754	405.686	405.686
12.1873	405.31	405.31
12.1992	404.934	404.934
12.2112	404.558	404.558
12.2231	404.183	404.183
12.235	403.808	403.808
12.247	403.433	403.433
12.2589	403.058	403.058
12.2708	402.684	402.684
12.2828	402.31	402.31
12.2947	401.937	401.937
12.3067	401.563	401.563
12.3186	401.19	401.19
12.3305	400.818	400.818
12.3425	400.446	400.445
12.3544	400.074	400.073
12.3663	399.702	399.702
12.3783	399.331	399.331
12.3902	398.96	398.96
12.4021	398.589	398.589
12.4141	398.219	398.219
12.426	397.849	397.849
12.438	397.48	397.479
12.4499	397.11	397.11
12.4618	396.742	396.741
12.4738	396.373	396.373
12.4857	396.005	396.005
12.4976	395.637	395.637
12.5096	395.27	395.27
12.5215	394.903	394.903
12.5335	394.536	394.536
12.5454	394.17	394.17
12.5573	393.804	393.804
12.5693	393.439	393.439
12.5812	393.074	393.073
12.5931	392.709	392.709
12.6051	392.345	392.344
12.617	391.981	391.98
12.6289	391.617	391.617
12.6409	391.254	391.254
12.6528	390.891	390.891
12.6648	390.529	390.529
12.6767	390.167	390.167
12.6886	389.806	389.805
12.7006	389.445	389.444
12.7125	389.084	389.084
12.7244	388.724	388.724
12.7364	388.364	388.364
12.7483	388.005	388.004
12.7602	387.646	387.645
12.7722	387.287	387.287
12.7841	386.929	386.929
12.7961	386.571	386.571
12.808	386.214	386.214
12.8199	385.857	385.857
12.8319	385.501	385.501
12.8438	385.145	385.145
12.8557	384.79	384.79
12.8677	384.435	384.435
12.8796	384.08	384.08
12.8916	383.726	383.726
12.9035	383.373	383.373
12.9154	383.02	383.02
12.9274	382.667	382.667
12.9393	382.315	382.315
12.9512	381.963	381.963
12.9632	381.612	381.612
12.9751	381.262	381.261
12.987	380.911	380.911
12.999	380.562	380.561
13.0109	380.212	380.212
13.0229	379.864	379.864
13.0348	379.515	379.515
13.0467	379.168	379.168
13.0587	378.82	378.82
13.0706	378.474	378.474
13.0825	378.128	378.127
13.0945	377.782	377.782
13.1064	377.437	377.436
13.1183	377.092	377.092
13.1303	376.748	376.748
13.1422	376.404	376.404
13.1542	376.061	376.061
13.1661	375.719	375.718
13.178	375.377	375.376
13.19	375.035	375.035
13.2019	374.694	374.694
13.2138	374.354	374.353
13.2258	374.014	374.014
13.2377	373.674	373.674
13.2496	373.336	373.335
13.2616	372.997	372.997
13.2735	372.66	372.66
13.2855	372.323	372.322
13.2974	371.986	371.986
13.3093	371.65	371.65
13.3213	371.315	371.314
13.3332	370.98	370.98
13.3451	370.646	370.645
13.3571	370.312	370.312
13.369	369.979	369.979
13.381	369.646	369.646
13.3929	369.314	369.314
13.4048	368.983	368.983
13.4168	368.652	368.652
13.4287	368.322	368.322
13.4406	367.992	367.992
13.4526	367.663	367.663
13.4645	367.335	367.335
13.4764	367.007	367.007
13.4884	366.68	366.68
13.5003	366.353	366.353
13.5123	366.027	366.027
13.5242	365.702	365.702
13.5361	365.377	365.377
13.5481	365.053	365.053
13.56	364.73	364.729
13.5719	364.407	364.406
13.5839	364.084	364.084
13.5958	363.763	363.763
13.6077	363.442	363.442
13.6197	363.122	363.121
13.6316	362.802	362.802
13.6436	362.483	362.482
13.6555	362.164	362.164
13.6674	361.847	361.846
13.6794	361.529	361.529
13.6913	361.213	361.213
13.7032	360.897	360.897
13.7152	360.582	360.582
13.7271	360.267	360.267
13.7391	359.954	359.953
13.751	359.64	359.64
13.7629	359.328	359.328
13.7749	359.016	359.016
13.7868	358.705	358.705
13.7987	358.394	358.394
13.8107	358.084	358.084
13.8226	357.775	357.775
13.8345	357.467	357.467
13.8465	357.159	357.159
13.8584	356.852	356.852
13.8704	356.545	356.545
13.8823	356.24	356.239
13.8942	355.935	355.934
13.9062	355.63	355.63
13.9181	355.327	355.326
13.93	355.024	355.024
13.942	354.722	354.721
13.9539	354.42	354.42
13.9658	354.119	354.119
13.9778	353.819	353.819
13.9897	353.52	353.519
14.0017	353.221	353.221
14.0136	352.923	352.923
14.0255	352.626	352.625
14.0375	352.329	352.329
14.0494	352.033	352.033
14.0613	351.738	351.738
14.0733	351.444	351.444
14.0852	351.15	351.15
14.0971	350.857	350.857
14.1091	350.565	350.565
14.121	350.274	350.274
14.133	349.983	349.983
14.1449	349.693	349.693
14.1568	349.404	349.404
14.1688	349.116	349.115
14.1807	348.828	348.828
14.1926	348.541	348.541
14.2046	348.255	348.254
14.2165	347.969	347.969
14.2285	347.684	347.684
14.2404	347.4	347.4
14.2523	347.117	347.117
14.2643	346.835	346.835
14.2762	346.553	346.553
14.2881	346.272	346.272
14.3001	345.992	345.992
14.312	345.713	345.712
14.3239	345.434	345.434
14.3359	345.156	345.156
14.3478	344.879	344.879
14.3598	344.603	344.603
14.3717	344.327	344.327
14.3836	344.053	344.052
14.3956	343.779	343.778
14.4075	343.505	343.505
14.4194	343.233	343.233
14.4314	342.961	342.961
14.4433	342.691	342.69
14.4552	342.421	342.42
14.4672	342.151	342.151
14.4791	341.883	341.883
14.4911	341.615	341.615
14.503	341.348	341.348
14.5149	341.082	341.082
14.5269	340.817	340.817
14.5388	340.553	340.552
14.5507	340.289	340.289
14.5627	340.026	340.026
14.5746	339.764	339.764
14.5866	339.503	339.502
14.5985	339.242	339.242
14.6104	338.983	338.982
14.6224	338.724	338.723
14.6343	338.466	338.465
14.6462	338.208	338.208
14.6582	337.952	337.952
14.6701	337.696	337.696
14.682	337.442	337.441
14.694	337.188	337.187
14.7059	336.935	336.934
14.7179	336.682	336.682
14.7298	336.431	336.43
14.7417	336.18	336.18
14.7537	335.93	335.93
14.7656	335.681	335.681
14.7775	335.433	335.433
14.7895	335.186	335.185
14.8014	334.939	334.939
14.8133	334.693	334.693
14.8253	334.448	334.448
14.8372	334.204	334.204
14.8492	333.961	333.961
14.8611	333.719	333.718
14.873	333.477	333.477
14.885	333.236	333.236
14.8969	332.997	332.996
14.9088	332.758	332.757
14.9208	332.519	332.519
14.9327	332.282	332.282
14.9446	332.045	332.045
14.9566	331.81	331.809
14.9685	331.575	331.574
14.9805	331.341	331.34
14.9924	331.108	331.107
15.0043	330.875	330.875
15.0163	330.644	330.643
15.0282	330.413	330.413
15.0401	330.183	330.183
15.0521	329.954	329.954
15.064	329.726	329.726
15.076	329.499	329.499
15.0879	329.272	329.272
15.0998	329.047	329.046
15.1118	328.822	328.822
15.1237	328.598	328.598
15.1356	328.375	328.375
15.1476	328.153	328.153
15.1595	327.932	327.931
15.1714	327.711	327.711
15.1834	327.491	327.491
15.1953	327.273	327.272
15.2073	327.055	327.054
15.2192	326.838	326.837
15.2311	326.621	326.621
15.2431	326.406	326.406
15.255	326.191	326.191
15.2669	325.978	325.977
15.2789	325.765	325.765
15.2908	325.553	325.553
15.3027	325.342	325.341
15.3147	325.131	325.131
15.3266	324.922	324.922
15.3386	324.713	324.713
15.3505	324.506	324.505
15.3624	324.299	324.298
15.3744	324.093	324.092
15.3863	323.888	323.887
15.3982	323.683	323.683
15.4102	323.48	323.48
15.4221	323.277	323.277
15.4341	323.075	323.075
15.446	322.875	322.874
15.4579	322.675	322.674
15.4699	322.475	322.475
15.4818	322.277	322.277
15.4937	322.079	322.079
15.5057	321.883	321.882
15.5176	321.687	321.687
15.5295	321.492	321.492
15.5415	321.298	321.298
15.5534	321.105	321.104
15.5654	320.912	320.912
15.5773	320.721	320.72
15.5892	320.53	320.53
15.6012	320.34	320.34
15.6131	320.151	320.151
15.625	319.963	319.963
15.637	319.776	319.775
15.6489	319.589	319.589
15.6608	319.404	319.403
15.6728	319.219	319.219
15.6847	319.035	319.035
15.6967	318.852	318.852
15.7086	318.67	318.669
15.7205	318.488	318.488
15.7325	318.308	318.307
15.7444	318.128	318.128
15.7563	317.949	317.949
15.7683	317.771	317.771
15.7802	317.594	317.594
15.7921	317.418	317.417
15.8041	317.242	317.242
15.816	317.067	317.067
15.828	316.894	316.893
15.8399	316.721	316.72
15.8518	316.548	316.548
15.8638	316.377	316.377
15.8757	316.207	316.206
15.8876	316.037	316.037
15.8996	315.868	315.868
15.9115	315.7	315.7
15.9235	315.533	315.533
15.9354	315.367	315.366
15.9473	315.201	315.201
15.9593	315.036	315.036
15.9712	314.873	314.872
15.9831	314.71	314.709
15.9951	314.547	314.547
16.007	314.386	314.386
16.0189	314.225	314.225
16.0309	314.066	314.065
16.0428	313.907	313.906
16.0548	313.749	313.748
16.0667	313.591	313.591
16.0786	313.435	313.435
16.0906	313.279	313.279
16.1025	313.124	313.124
16.1144	312.97	312.97
16.1264	312.817	312.817
16.1383	312.665	312.664
16.1502	312.513	312.513
16.1622	312.362	312.362
16.1741	312.212	312.212
16.1861	312.063	312.063
16.198	311.915	311.914
16.2099	311.767	311.767
16.2219	311.62	311.62
16.2338	311.474	311.474
16.2457	311.329	311.329
16.2577	311.185	311.184
16.2696	311.041	311.041
16.2816	310.898	310.898
16.2935	310.756	310.756
16.3054	310.615	310.615
16.3174	310.474	310.474
16.3293	310.335	310.335
16.3412	310.196	310.196
16.3532	310.058	310.058
16.3651	309.92	309.92
16.377	309.784	309.784
16.389	309.648	309.648
16.4009	309.513	309.513
16.4129	309.379	309.379
16.4248	309.245	309.245
16.4367	309.113	309.113
16.4487	308.981	308.981
16.4606	308.85	308.849
16.4725	308.719	308.719
16.4845	308.59	308.589
16.4964	308.461	308.461
16.5083	308.333	308.332
16.5203	308.205	308.205
16.5322	308.079	308.079
16.5442	307.953	307.953
16.5561	307.828	307.828
16.568	307.704	307.703
16.58	307.58	307.58
16.5919	307.457	307.457
16.6038	307.335	307.335
16.6158	307.214	307.213
16.6277	307.093	307.093
16.6396	306.973	306.973
16.6516	306.854	306.854
16.6635	306.736	306.735
16.6755	306.618	306.618
16.6874	306.501	306.501
16.6993	306.385	306.385
16.7113	306.269	306.269
16.7232	306.155	306.154
16.7351	306.041	306.04
16.7471	305.927	305.927
16.759	305.815	305.814
16.771	305.703	305.702
16.7829	305.592	305.591
16.7948	305.481	305.481
16.8068	305.371	305.371
16.8187	305.262	305.262
16.8306	305.154	305.154
16.8426	305.046	305.046
16.8545	304.939	304.939
16.8664	304.833	304.833
16.8784	304.727	304.727
16.8903	304.623	304.622
16.9023	304.518	304.518
16.9142	304.415	304.415
16.9261	304.312	304.312
16.9381	304.21	304.21
16.95	304.109	304.108
16.9619	304.008	304.008
16.9739	303.908	303.907
16.9858	303.808	303.808
16.9977	303.71	303.709
17.0097	303.611	303.611
17.0216	303.514	303.514
17.0336	303.417	303.417
17.0455	303.321	303.321
17.0574	303.226	303.226
17.0694	303.131	303.131
17.0813	303.037	303.037
17.0932	302.944	302.943
17.1052	302.851	302.851
17.1171	302.759	302.758
17.1291	302.667	302.667
17.141	302.576	302.576
17.1529	302.486	302.486
17.1649	302.396	302.396
17.1768	302.307	302.307
17.1887	302.219	302.219
17.2007	302.131	302.131
17.2126	302.044	302.044
17.2245	301.958	301.958
17.2365	301.872	301.872
17.2484	301.787	301.787
17.2604	301.702	301.702
17.2723	301.618	301.618
17.2842	301.535	301.535
17.2962	301.452	301.452
17.3081	301.37	301.37
17.32	301.289	301.289
17.332	301.208	301.208
17.3439	301.128	301.127
17.3558	301.048	301.048
17.3678	300.969	300.968
17.3797	300.89	300.89
17.3917	300.812	300.812
17.4036	300.735	300.735
17.4155	300.658	300.658
17.4275	300.582	300.582
17.4394	300.506	300.506
17.4513	300.431	300.431
17.4633	300.357	300.357
17.4752	300.283	300.283
17.4871	300.21	300.209
17.4991	300.137	300.137
17.511	300.065	300.064
17.523	299.993	299.993
17.5349	299.922	299.922
17.5468	299.851	299.851
17.5588	299.781	299.781
17.5707	299.712	299.712
17.5826	299.643	299.643
17.5946	299.575	299.575
17.6065	299.507	299.507
17.6185	299.44	299.44
17.6304	299.373	299.373
17.6423	299.307	299.307
17.6543	299.241	299.241
17.6662	299.176	299.176
17.6781	299.112	299.111
17.6901	299.048	299.047
17.702	298.984	298.984
17.7139	298.921	298.921
17.7259	298.859	298.858
17.7378	298.797	298.796
17.7498	298.735	298.735
17.7617	298.674	298.674
17.7736	298.614	298.613
17.7856	298.554	298.553
17.7975	298.494	298.494
17.8094	298.435	298.435
17.8214	298.377	298.377
17.8333	298.319	298.319
17.8452	298.261	298.261
17.8572	298.204	298.204
17.8691	298.148	298.148
17.8811	298.092	298.092
17.893	298.036	298.036
17.9049	297.981	297.981
17.9169	297.926	297.926
17.9288	297.872	297.872
17.9407	297.819	297.818
17.9527	297.765	297.765
17.9646	297.713	297.713
17.9766	297.66	297.66
17.9885	297.609	297.608
18.0004	297.557	297.557
18.0124	297.506	297.506
18.0243	297.456	297.456
18.0362	297.406	297.406
18.0482	297.356	297.356
18.0601	297.307	297.307
18.072	297.258	297.258
18.084	297.21	297.21
18.0959	297.162	297.162
18.1079	297.115	297.115
18.1198	297.068	297.068
18.1317	297.021	297.021
18.1437	296.975	296.975
18.1556	296.93	296.929
18.1675	296.884	296.884
18.1795	296.839	296.839
18.1914	296.795	296.795
18.2033	296.751	296.751
18.2153	296.707	296.707
18.2272	296.664	296.664
18.2392	296.621	296.621
18.2511	296.579	296.579
18.263	296.537	296.537
18.275	296.495	296.495
18.2869	296.454	296.454
18.2988	296.413	296.413
18.3108	296.372	296.372
18.3227	296.332	296.332
18.3346	296.293	296.293
18.3466	296.253	296.253
18.3585	296.214	296.214
18.3705	296.176	296.176
18.3824	296.138	296.137
18.3943	296.1	296.1
18.4063	296.062	296.062
18.4182	296.025	296.025
18.4301	295.988	295.988
18.4421	295.952	295.952
18.454	295.916	295.916
18.466	295.88	295.88
18.4779	295.845	295.845
18.4898	295.81	295.81
18.5018	295.775	295.775
18.5137	295.741	295.741
18.5256	295.707	295.707
18.5376	295.674	295.674
18.5495	295.64	295.64
18.5614	295.607	295.607
18.5734	295.575	295.575
18.5853	295.543	295.542
18.5973	295.511	295.511
18.6092	295.479	295.479
18.6211	295.448	295.448
18.6331	295.417	295.417
18.645	295.386	295.386
18.6569	295.356	295.356
18.6689	295.326	295.326
18.6808	295.296	295.296
18.6927	295.267	295.267
18.7047	295.238	295.237
18.7166	295.209	295.209
18.7286	295.18	295.18
18.7405	295.152	295.152
18.7524	295.124	295.124
18.7644	295.097	295.096
18.7763	295.069	295.069
18.7882	295.042	295.042
18.8002	295.016	295.015
18.8121	294.989	294.989
18.8241	294.963	294.963
18.836	294.937	294.937
18.8479	294.911	294.911
18.8599	294.886	294.886
18.8718	294.861	294.861
18.8837	294.836	294.836
18.8957	294.812	294.812
18.9076	294.788	294.787
18.9195	294.764	294.764
18.9315	294.74	294.74
18.9434	294.716	294.716
18.9554	294.693	294.693
18.9673	294.67	294.67
18.9792	294.648	294.648
18.9912	294.625	294.625
19.0031	294.603	294.603
19.015	294.581	294.581
19.027	294.56	294.559
19.0389	294.538	294.538
19.0508	294.517	294.517
19.0628	294.496	294.496
19.0747	294.475	294.475
19.0867	294.455	294.455
19.0986	294.435	294.434
19.1105	294.415	294.414
19.1225	294.395	294.395
19.1344	294.375	294.375
19.1463	294.356	294.356
19.1583	294.337	294.337
19.1702	294.318	294.318
19.1821	294.299	294.299
19.1941	294.281	294.281
19.206	294.263	294.263
19.218	294.245	294.245
19.2299	294.227	294.227
19.2418	294.209	294.209
19.2538	294.192	294.192
19.2657	294.175	294.175
19.2776	294.158	294.158
19.2896	294.141	294.141
19.3015	294.124	294.124
19.3135	294.108	294.108
19.3254	294.092	294.092
19.3373	294.076	294.076
19.3493	294.06	294.06
19.3612	294.045	294.045
19.3731	294.029	294.029
19.3851	294.014	294.014
19.397	293.999	293.999
19.4089	293.984	293.984
19.4209	293.97	293.97
19.4328	293.955	293.955
19.4448	293.941	293.941
19.4567	293.927	293.927
19.4686	293.913	293.913
19.4806	293.899	293.899
19.4925	293.886	293.885
19.5044	293.872	293.872
19.5164	293.859	293.859
19.5283	293.846	293.846
19.5402	293.833	293.833
19.5522	293.82	293.82
19.5641	293.808	293.808
19.5761	293.795	293.795
19.588	293.783	293.783
19.5999	293.771	293.771
19.6119	293.759	293.759
19.6238	293.747	293.747
19.6357	293.736	293.735
19.6477	293.724	293.724
19.6596	293.713	293.713
19.6716	293.702	293.702
19.6835	293.691	293.69
19.6954	293.68	293.68
19.7074	293.669	293.669
19.7193	293.658	293.658
19.7312	293.648	293.648
19.7432	293.638	293.637
19.7551	293.627	293.627
19.767	293.617	293.617
19.779	293.607	293.607
19.7909	293.598	293.598
19.8029	293.588	293.588
19.8148	293.578	293.578
19.8267	293.569	293.569
19.8387	293.56	293.56
19.8506	293.551	293.551
19.8625	293.542	293.542
19.8745	293.533	293.533
19.8864	293.524	293.524
19.8983	293.515	293.515
19.9103	293.507	293.507
19.9222	293.499	293.499
19.9342	293.49	293.49
19.9461	293.482	293.482
19.958	293.474	293.474
19.97	293.466	293.466
19.9819	293.458	293.458
19.9938	293.451	293.451
20.0058	293.443	293.443
20.0177	293.436	293.436
20.0296	293.428	293.428
20.0416	293.421	293.421
20.0535	293.414	293.414
20.0655	293.407	293.407
20.0774	293.4	293.4
20.0893	293.393	293.393
20.1013	293.386	293.386
20.1132	293.379	293.379
20.1251	293.373	293.373
20.1371	293.366	293.366
20.149	293.36	293.36
20.161	293.354	293.354
20.1729	293.348	293.347
20.1848	293.341	293.341
20.1968	293.335	293.335
20.2087	293.329	293.329
20.2206	293.324	293.324
20.2326	293.318	293.318
20.2445	293.312	293.312
20.2564	293.307	293.307
20.2684	293.301	293.301
20.2803	293.296	293.296
20.2923	293.29	293.29
20.3042	293.285	293.285
20.3161	293.28	293.28
20.3281	293.275	293.275
20.34	293.27	293.27
20.3519	293.265	293.265
20.3639	293.26	293.26
20.3758	293.256	293.255
20.3877	293.251	293.251
20.3997	293.246	293.246
20.4116	293.242	293.242
20.4236	293.237	293.237
20.4355	293.233	293.233
20.4474	293.228	293.228
20.4594	293.224	293.224
20.4713	293.22	293.22
20.4832	293.216	293.216
20.4952	293.212	293.212
20.5071	293.208	293.208
20.5191	293.204	293.204
20.531	293.2	293.2
20.5429	293.196	293.196
20.5549	293.192	293.192
20.5668	293.189	293.189
20.5787	293.185	293.185
20.5907	293.182	293.182
20.6026	293.178	293.178
20.6145	293.175	293.175
20.6265	293.171	293.171
20.6384	293.168	293.168
20.6504	293.165	293.165
20.6623	293.161	293.161
20.6742	293.158	293.158
20.6862	293.155	293.155
20.6981	293.152	293.152
20.71	293.149	293.149
20.722	293.146	293.146
20.7339	293.143	293.143
20.7458	293.14	293.14
20.7578	293.137	293.137
20.7697	293.135	293.135
20.7817	293.132	293.132
20.7936	293.129	293.129
20.8055	293.127	293.127
20.8175	293.124	293.124
20.8294	293.122	293.122
20.8413	293.119	293.119
20.8533	293.117	293.117
20.8652	293.114	293.114
20.8771	293.112	293.112
20.8891	293.11	293.11
20.901	293.107	293.107
20.913	293.105	293.105
20.9249	293.103	293.103
20.9368	293.101	293.101
20.9488	293.099	293.099
20.9607	293.097	293.096
20.9726	293.094	293.094
20.9846	293.092	293.092
20.9965	293.09	293.09
21.0085	293.089	293.089
21.0204	293.087	293.087
21.0323	293.085	293.085
21.0443	293.083	293.083
21.0562	293.081	293.081
21.0681	293.079	293.079
21.0801	293.078	293.078
21.092	293.076	293.076
21.1039	293.074	293.074
21.1159	293.073	293.073
21.1278	293.071	293.071
21.1398	293.07	293.07
21.1517	293.068	293.068
21.1636	293.067	293.067
21.1756	293.065	293.065
21.1875	293.064	293.064
21.1994	293.062	293.062
21.2114	293.061	293.061
21.2233	293.059	293.059
21.2352	293.058	293.058
21.2472	293.057	293.057
21.2591	293.055	293.055
21.2711	293.054	293.054
21.283	293.053	293.053
21.2949	293.052	293.052
21.3069	293.051	293.051
21.3188	293.049	293.049
21.3307	293.048	293.048
21.3427	293.047	293.047
21.3546	293.046	293.046
21.3666	293.045	293.045
21.3785	293.044	293.044
21.3904	293.043	293.043
21.4024	293.042	293.042
21.4143	293.041	293.041
21.4262	293.04	293.04
21.4382	293.039	293.039
21.4501	293.038	293.038
21.462	293.037	293.037
21.474	293.036	293.036
21.4859	293.035	293.035
21.4979	293.034	293.034
21.5098	293.034	293.034
21.5217	293.033	293.033
21.5337	293.032	293.032
21.5456	293.031	293.031
21.5575	293.03	293.03
21.5695	293.03	293.03
21.5814	293.029	293.029
21.5933	293.028	293.028
21.6053	293.027	293.027
21.6172	293.027	293.027
21.6292	293.026	293.026
21.6411	293.025	293.025
21.653	293.025	293.025
21.665	293.024	293.024
21.6769	293.024	293.024
21.6888	293.023	293.023
21.7008	293.022	293.022
21.7127	293.022	293.022
21.7246	293.021	293.021
21.7366	293.021	293.021
21.7485	293.02	293.02
21.7605	293.02	293.02
21.7724	293.019	293.019
21.7843	293.019	293.019
21.7963	293.018	293.018
21.8082	293.018	293.018
21.8201	293.017	293.017
21.8321	293.017	293.017
21.844	293.016	293.016
21.856	293.016	293.016
21.8679	293.015	293.015
21.8798	293.015	293.015
21.8918	293.015	293.015
21.9037	293.014	293.014
21.9156	293.014	293.014
21.9276	293.013	293.013
21.9395	293.013	293.013
21.9514	293.013	293.013
21.9634	293.012	293.012
21.9753	293.012	293.012
21.9873	293.012	293.012
21.9992	293.011	293.011
22.0111	293.011	293.011
22.0231	293.011	293.011
22.035	293.01	293.01
22.0469	293.01	293.01
22.0589	293.01	293.01
22.0708	293.009	293.009
22.0827	293.009	293.009
22.0947	293.009	293.009
22.1066	293.009	293.009
22.1186	293.008	293.008
22.1305	293.008	293.008
22.1424	293.008	293.008
22.1544	293.008	293.008
22.1663	293.007	293.007
22.1782	293.007	293.007
22.1902	293.007	293.007
22.2021	293.007	293.007
22.2141	293.007	293.007
22.226	293.006	293.006
22.2379	293.006	293.006
22.2499	293.006	293.006
22.2618	293.006	293.006
22.2737	293.006	293.006
22.2857	293.005	293.005
22.2976	293.005	293.005
22.3095	293.005	293.005
22.3215	293.005	293.005
22.3334	293.005	293.005
22.3454	293.005	293.005
22.3573	293.005	293.005
22.3692	293.004	293.004
22.3812	293.004	293.004
22.3931	293.004	293.004
22.405	293.004	293.004
22.417	293.004	293.004
22.4289	293.004	293.004
22.4408	293.004	293.004
22.4528	293.003	293.003
22.4647	293.003	293.003
22.4767	293.003	293.003
22.4886	293.003	293.003
22.5005	293.003	293.003
22.5125	293.003	293.003
22.5244	293.003	293.003
22.5363	293.003	293.003
22.5483	293.003	293.003
22.5602	293.003	293.003
22.5721	293.002	293.002
22.5841	293.002	293.002
22.596	293.002	293.002
22.608	293.002	293.002
22.6199	293.002	293.002
22.6318	293.002	293.002
22.6438	293.002	293.002
22.6557	293.002	293.002
22.6676	293.002	293.002
22.6796	293.002	293.002
22.6915	293.002	293.002
22.7035	293.002	293.002
22.7154	293.002	293.002
22.7273	293.002	293.002
22.7393	293.001	293.001
22.7512	293.001	293.001
22.7631	293.001	293.001
22.7751	293.001	293.001
22.787	293.001	293.001
22.7989	293.001	293.001
22.8109	293.001	293.001
22.8228	293.001	293.001
22.8348	293.001	293.001
22.8467	293.001	293.001
22.8586	293.001	293.001
22.8706	293.001	293.001
22.8825	293.001	293.001
22.8944	293.001	293.001
22.9064	293.001	293.001
22.9183	293.001	293.001
22.9302	293.001	293.001
22.9422	293.001	293.001
22.9541	293.001	293.001
22.9661	293.001	293.001
22.978	293.001	293.001
22.9899	293.001	293.001
23.0019	293.001	293.001
23.0138	293.001	293.001
23.0257	293.001	293.001
23.0377	293.001	293.001
23.0496	293	293
23.0616	293	293
23.0735	293	293
23.0854	293	293
23.0974	293	293
23.1093	293	293
23.1212	293	293
23.1332	293	293
23.1451	293	293
23.157	293	293
23.169	293	293
23.1809	293	293
23.1929	293	293
23.2048	293	293
23.2167	293	293
23.2287	293	293
23.2406	293	293
23.2525	293	293
23.2645	293	293
23.2764	293	293
23.2883	293	293
23.3003	293	293
23.3122	293	293
23.3242	293	293
23.3361	293	293
23.348	293	293
23.36	293	293
23.3719	293	293
23.3838	293	293
23.3958	293	293
23.4077	293	293
23.4196	293	293
23.4316	293	293
23.4435	293	293
23.4555	293	293
23.4674	293	293
23.4793	293	293
23.4913	293	293
23.5032	293	293
23.5151	293	293
23.5271	293	293
23.539	293	293
23.551	293	293
23.5629	293	293
23.5748	293	293
23.5868	293	293
23.5987	293	293
23.6106	293	293
23.6226	293	293
23.6345	293	293
23.6464	293	293
23.6584	293	293
23.6703	293	293
23.6823	293	293
23.6942	293	293
23.7061	293	293
23.7181	293	293
23.73	293	293
23.7419	293	293
23.7539	293	293
23.7658	293	293
23.7777	293	293
23.7897	293	293
23.8016	293	293
23.8136	293	293
23.8255	293	293
23.8374	293	293
23.8494	293	293
23.8613	293	293
23.8732	293	293
