0	873	873
0.0119366	873	873
0.0238732	873	873
0.0358099	873	873
0.0477465	873	873
0.0596831	873	873
0.0716197	873	873
0.0835563	873	873
0.095493	873	873
0.10743	873	873
0.119366	873	873
0.131303	873	873
0.143239	873	873
0.155176	873	873
0.167113	873	873
0.179049	873	873
0.190986	873	873
0.202923	873	873
0.214859	873	873
0.226796	873	873
0.238732	873	873
0.250669	873	873
0.262606	873	873
0.274542	873	873
0.286479	873	873
0.298416	873	873
0.310352	873	873
0.322289	873	873
0.334225	873	873
0.346162	873	873
0.358099	873	873
0.370035	873	873
0.381972	873	873
0.393908	873	873
0.405845	873	873
0.417782	873	873
0.429718	873	873
0.441655	873	873
0.453592	873	873
0.465528	873	873
0.477465	873	873
0.489401	873	873
0.501338	873	873
0.513275	873	873
0.525211	873	873
0.537148	873	873
0.549085	873	873
0.561021	873	873
0.572958	873	873
0.584894	873	873
0.596831	873	873
0.608768	873	873
0.620704	873	873
0.632641	873	873
0.644578	873	873
0.656514	873	873
0.668451	873	873
0.680387	873	873
0.692324	873	873
0.704261	873	873
0.716197	873	873
0.728134	873	873
0.74007	873	873
0.752007	873	873
0.763944	873	873
0.77588	873	873
0.787817	873	873
0.799754	873	873
0.81169	873	873
0.823627	873	873
0.835563	873	873
0.8475	872.999	872.999
0.859437	872.999	872.999
0.871373	872.999	872.999
0.88331	872.999	872.999
0.895247	872.999	872.999
0.907183	872.999	872.999
0.91912	872.999	872.999
0.931056	872.999	872.999
0.942993	872.999	872.999
0.95493	872.999	872.999
0.966866	872.999	872.999
0.978803	872.999	872.999
0.99074	872.999	872.999
1.00268	872.999	872.999
1.01461	872.999	872.999
1.02655	872.999	872.999
1.03849	872.999	872.999
1.05042	872.999	872.999
1.06236	872.999	872.999
1.0743	872.999	872.999
1.08623	872.999	872.999
1.09817	872.999	872.999
1.11011	872.999	872.999
1.12204	872.999	872.999
1.13398	872.999	872.999
1.14592	872.999	872.999
1.15785	872.998	872.998
1.16979	872.998	872.998
1.18173	872.998	872.998
1.19366	872.998	872.998
1.2056	872.998	872.998
1.21754	872.998	872.998
1.22947	872.998	872.998
1.24141	872.998	872.998
1.25335	872.998	872.998
1.26528	872.998	872.998
1.27722	872.998	872.998
1.28916	872.998	872.998
1.30109	872.998	872.998
1.31303	872.998	872.998
1.32496	872.997	872.997
1.3369	872.997	872.997
1.34884	872.997	872.997
1.36077	872.997	872.997
1.37271	872.997	872.997
1.38465	872.997	872.997
1.39658	872.997	872.997
1.40852	872.997	872.997
1.42046	872.997	872.997
1.43239	872.997	872.997
1.44433	872.996	872.996
1.45627	872.996	872.996
1.4682	872.996	872.996
1.48014	872.996	872.996
1.49208	872.996	872.996
1.50401	872.996	872.996
1.51595	872.996	872.996
1.52789	872.995	872.995
1.53982	872.995	872.995
1.55176	872.995	872.995
1.5637	872.995	872.995
1.57563	872.995	872.995
1.58757	872.995	872.995
1.59951	872.994	872.994
1.61144	872.994	872.994
1.62338	872.994	872.994
1.63532	872.994	872.994
1.64725	872.994	872.994
1.65919	872.994	872.994
1.67113	872.993	872.993
1.68306	872.993	872.993
1.695	872.993	872.993
1.70694	872.993	872.993
1.71887	872.992	872.992
1.73081	872.992	872.992
1.74275	872.992	872.992
1.75468	872.992	872.992
1.76662	872.991	872.991
1.77856	872.991	872.991
1.79049	872.991	872.991
1.80243	872.991	872.991
1.81437	872.99	872.99
1.8263	872.99	872.99
1.83824	872.99	872.99
1.85018	872.99	872.99
1.86211	872.989	872.989
1.87405	872.989	872.989
1.88599	872.989	872.989
1.89792	872.988	872.988
1.90986	872.988	872.988
1.9218	872.988	872.988
1.93373	872.987	872.987
1.94567	872.987	872.987
1.95761	872.986	872.986
1.96954	872.986	872.986
1.98148	872.986	872.986
1.99342	872.985	872.985
2.00535	872.985	872.985
2.01729	872.984	872.984
2.02923	872.984	872.984
2.04116	872.984	872.984
2.0531	872.983	872.983
2.06504	872.983	872.983
2.07697	872.982	872.982
2.08891	872.982	872.982
2.10085	872.981	872.981
2.11278	872.981	872.981
2.12472	872.98	872.98
2.13666	872.98	872.98
2.14859	872.979	872.979
2.16053	872.978	872.978
2.17246	872.978	872.978
2.1844	872.977	872.977
2.19634	872.977	872.977
2.20827	872.976	872.976
2.22021	872.975	872.975
2.23215	872.975	872.975
2.24408	872.974	872.974
2.25602	872.974	872.974
2.26796	872.973	872.973
2.27989	872.972	872.972
2.29183	872.971	872.971
2.30377	872.971	872.971
2.3157	872.97	872.97
2.32764	872.969	872.969
2.33958	872.968	872.968
2.35151	872.968	872.968
2.36345	872.967	872.967
2.37539	872.966	872.966
2.38732	872.965	872.965
2.39926	872.964	872.964
2.4112	872.963	872.963
2.42313	872.962	872.962
2.43507	872.962	872.961
2.44701	872.961	872.961
2.45894	872.96	872.96
2.47088	872.959	872.959
2.48282	872.958	872.958
2.49475	872.957	872.957
2.50669	872.956	872.956
2.51863	872.954	872.954
2.53056	872.953	872.953
2.5425	872.952	872.952
2.55444	872.951	872.951
2.56637	872.95	872.95
2.57831	872.949	872.949
2.59025	872.948	872.948
2.60218	872.946	872.946
2.61412	872.945	872.945
2.62606	872.944	872.944
2.63799	872.942	872.942
2.64993	872.941	872.941
2.66187	872.94	872.94
2.6738	872.938	872.938
2.68574	872.937	872.937
2.69768	872.936	872.936
2.70961	872.934	872.934
2.72155	872.933	872.933
2.73349	872.931	872.931
2.74542	872.929	872.929
2.75736	872.928	872.928
2.7693	872.926	872.926
2.78123	872.925	872.925
2.79317	872.923	872.923
2.80511	872.921	872.921
2.81704	872.919	872.919
2.82898	872.918	872.918
2.84092	872.916	872.916
2.85285	872.914	872.914
2.86479	872.912	872.912
2.87673	872.91	872.91
2.88866	872.908	872.908
2.9006	872.906	872.906
2.91254	872.904	872.904
2.92447	872.902	872.902
2.93641	872.9	872.9
2.94835	872.898	872.898
2.96028	872.896	872.896
2.97222	872.893	872.893
2.98416	872.891	872.891
2.99609	872.889	872.889
3.00803	872.887	872.887
3.01997	872.884	872.884
3.0319	872.882	872.882
3.04384	872.879	872.879
3.05577	872.877	872.877
3.06771	872.874	872.874
3.07965	872.872	872.872
3.09158	872.869	872.869
3.10352	872.866	872.866
3.11546	872.863	872.863
3.12739	872.861	872.861
3.13933	872.858	872.858
3.15127	872.855	872.855
3.1632	872.852	872.852
3.17514	872.849	872.849
3.18708	872.846	872.846
3.19901	872.843	872.843
3.21095	872.84	872.84
3.22289	872.836	872.836
3.23482	872.833	872.833
3.24676	872.83	872.83
3.2587	872.826	872.826
3.27063	872.823	872.823
3.28257	872.82	872.819
3.29451	872.816	872.816
3.30644	872.812	872.812
3.31838	872.809	872.809
3.33032	872.805	872.805
3.34225	872.801	872.801
3.35419	872.797	872.797
3.36613	872.793	872.793
3.37806	872.789	872.789
3.39	872.785	872.785
3.40194	872.781	872.781
3.41387	872.777	872.777
3.42581	872.773	872.773
3.43775	872.769	872.768
3.44968	872.764	872.764
3.46162	872.76	872.76
3.47356	872.755	872.755
3.48549	872.751	872.75
3.49743	872.746	872.746
3.50937	872.741	872.741
3.5213	872.736	872.736
3.53324	872.731	872.731
3.54518	872.726	872.726
3.55711	872.721	872.721
3.56905	872.716	872.716
3.58099	872.711	872.711
3.59292	872.706	872.706
3.60486	872.7	872.7
3.6168	872.695	872.695
3.62873	872.689	872.689
3.64067	872.684	872.683
3.65261	872.678	872.678
3.66454	872.672	872.672
3.67648	872.666	872.666
3.68842	872.66	872.66
3.70035	872.654	872.654
3.71229	872.648	872.648
3.72423	872.642	872.641
3.73616	872.635	872.635
3.7481	872.629	872.629
3.76004	872.622	872.622
3.77197	872.616	872.615
3.78391	872.609	872.609
3.79585	872.602	872.602
3.80778	872.595	872.595
3.81972	872.588	872.588
3.83166	872.581	872.581
3.84359	872.574	872.573
3.85553	872.566	872.566
3.86747	872.559	872.559
3.8794	872.551	872.551
3.89134	872.544	872.543
3.90327	872.536	872.536
3.91521	872.528	872.528
3.92715	872.52	872.52
3.93908	872.512	872.511
3.95102	872.503	872.503
3.96296	872.495	872.495
3.97489	872.487	872.486
3.98683	872.478	872.478
3.99877	872.469	872.469
4.0107	872.46	872.46
4.02264	872.451	872.451
4.03458	872.442	872.442
4.04651	872.433	872.433
4.05845	872.424	872.423
4.07039	872.414	872.414
4.08232	872.404	872.404
4.09426	872.395	872.394
4.1062	872.385	872.385
4.11813	872.375	872.375
4.13007	872.365	872.364
4.14201	872.354	872.354
4.15394	872.344	872.344
4.16588	872.333	872.333
4.17782	872.323	872.322
4.18975	872.312	872.311
4.20169	872.301	872.3
4.21363	872.29	872.289
4.22556	872.278	872.278
4.2375	872.267	872.267
4.24944	872.255	872.255
4.26137	872.243	872.243
4.27331	872.232	872.231
4.28525	872.219	872.219
4.29718	872.207	872.207
4.30912	872.195	872.194
4.32106	872.182	872.182
4.33299	872.17	872.169
4.34493	872.157	872.156
4.35687	872.144	872.143
4.3688	872.13	872.13
4.38074	872.117	872.117
4.39268	872.103	872.103
4.40461	872.09	872.089
4.41655	872.076	872.075
4.42849	872.062	872.061
4.44042	872.047	872.047
4.45236	872.033	872.033
4.4643	872.018	872.018
4.47623	872.004	872.003
4.48817	871.989	871.988
4.50011	871.973	871.973
4.51204	871.958	871.958
4.52398	871.943	871.942
4.53592	871.927	871.926
4.54785	871.911	871.91
4.55979	871.895	871.894
4.57173	871.878	871.878
4.58366	871.862	871.861
4.5956	871.845	871.845
4.60754	871.828	871.828
4.61947	871.811	871.811
4.63141	871.794	871.793
4.64335	871.776	871.776
4.65528	871.758	871.758
4.66722	871.74	871.74
4.67916	871.722	871.722
4.69109	871.704	871.703
4.70303	871.685	871.685
4.71497	871.666	871.666
4.7269	871.647	871.647
4.73884	871.628	871.627
4.75078	871.608	871.608
4.76271	871.589	871.588
4.77465	871.569	871.568
4.78658	871.548	871.548
4.79852	871.528	871.527
4.81046	871.507	871.507
4.82239	871.486	871.486
4.83433	871.465	871.464
4.84627	871.444	871.443
4.8582	871.422	871.421
4.87014	871.4	871.399
4.88208	871.378	871.377
4.89401	871.356	871.355
4.90595	871.333	871.332
4.91789	871.31	871.309
4.92982	871.287	871.286
4.94176	871.263	871.263
4.9537	871.24	871.239
4.96563	871.216	871.215
4.97757	871.191	871.191
4.98951	871.167	871.166
5.00144	871.142	871.142
5.01338	871.117	871.116
5.02532	871.092	871.091
5.03725	871.066	871.066
5.04919	871.04	871.04
5.06113	871.014	871.014
5.07306	870.988	870.987
5.085	870.961	870.96
5.09694	870.934	870.933
5.10887	870.907	870.906
5.12081	870.879	870.878
5.13275	870.851	870.851
5.14468	870.823	870.822
5.15662	870.795	870.794
5.16856	870.766	870.765
5.18049	870.737	870.736
5.19243	870.707	870.707
5.20437	870.678	870.677
5.2163	870.648	870.647
5.22824	870.617	870.616
5.24018	870.587	870.586
5.25211	870.556	870.555
5.26405	870.524	870.524
5.27599	870.493	870.492
5.28792	870.461	870.46
5.29986	870.429	870.428
5.3118	870.396	870.395
5.32373	870.363	870.362
5.33567	870.33	870.329
5.34761	870.296	870.295
5.35954	870.262	870.261
5.37148	870.228	870.227
5.38342	870.193	870.192
5.39535	870.158	870.157
5.40729	870.123	870.122
5.41923	870.087	870.086
5.43116	870.051	870.05
5.4431	870.015	870.014
5.45504	869.978	869.977
5.46697	869.941	869.94
5.47891	869.904	869.903
5.49085	869.866	869.865
5.50278	869.828	869.827
5.51472	869.789	869.788
5.52666	869.75	869.749
5.53859	869.711	869.71
5.55053	869.671	869.67
5.56247	869.631	869.63
5.5744	869.591	869.589
5.58634	869.55	869.548
5.59828	869.508	869.507
5.61021	869.467	869.466
5.62215	869.425	869.423
5.63408	869.382	869.381
5.64602	869.339	869.338
5.65796	869.296	869.295
5.66989	869.253	869.251
5.68183	869.208	869.207
5.69377	869.164	869.163
5.7057	869.119	869.118
5.71764	869.074	869.072
5.72958	869.028	869.027
5.74151	868.982	868.981
5.75345	868.935	868.934
5.76539	868.888	868.887
5.77732	868.841	868.84
5.78926	868.793	868.792
5.8012	868.745	868.743
5.81313	868.696	868.695
5.82507	868.647	868.645
5.83701	868.597	868.596
5.84894	868.547	868.546
5.86088	868.497	868.495
5.87282	868.446	868.444
5.88475	868.394	868.393
5.89669	868.343	868.341
5.90863	868.29	868.289
5.92056	868.238	868.236
5.9325	868.184	868.183
5.94444	868.131	868.129
5.95637	868.076	868.075
5.96831	868.022	868.02
5.98025	867.967	867.965
5.99218	867.911	867.909
6.00412	867.855	867.853
6.01606	867.798	867.797
6.02799	867.741	867.74
6.03993	867.684	867.682
6.05187	867.626	867.624
6.0638	867.567	867.566
6.07574	867.508	867.507
6.08768	867.449	867.447
6.09961	867.389	867.387
6.11155	867.328	867.327
6.12349	867.267	867.266
6.13542	867.206	867.204
6.14736	867.144	867.142
6.1593	867.081	867.079
6.17123	867.018	867.016
6.18317	866.955	866.953
6.19511	866.891	866.889
6.20704	866.826	866.824
6.21898	866.761	866.759
6.23092	866.695	866.693
6.24285	866.629	866.627
6.25479	866.562	866.56
6.26673	866.495	866.493
6.27866	866.427	866.425
6.2906	866.359	866.357
6.30254	866.29	866.288
6.31447	866.22	866.218
6.32641	866.15	866.148
6.33835	866.08	866.078
6.35028	866.009	866.006
6.36222	865.937	865.935
6.37416	865.865	865.862
6.38609	865.792	865.79
6.39803	865.718	865.716
6.40997	865.645	865.642
6.4219	865.57	865.568
6.43384	865.495	865.493
6.44578	865.419	865.417
6.45771	865.343	865.341
6.46965	865.266	865.264
6.48159	865.189	865.186
6.49352	865.111	865.108
6.50546	865.032	865.03
6.51739	864.953	864.95
6.52933	864.873	864.871
6.54127	864.793	864.79
6.5532	864.712	864.709
6.56514	864.63	864.628
6.57708	864.548	864.545
6.58901	864.465	864.463
6.60095	864.382	864.379
6.61289	864.298	864.295
6.62482	864.213	864.21
6.63676	864.128	864.125
6.6487	864.042	864.039
6.66063	863.955	863.953
6.67257	863.868	863.865
6.68451	863.78	863.778
6.69644	863.692	863.689
6.70838	863.603	863.6
6.72032	863.513	863.51
6.73225	863.423	863.42
6.74419	863.332	863.329
6.75613	863.24	863.238
6.76806	863.148	863.145
6.78	863.055	863.052
6.79194	862.962	862.959
6.80387	862.868	862.865
6.81581	862.773	862.77
6.82775	862.677	862.674
6.83968	862.581	862.578
6.85162	862.484	862.481
6.86356	862.387	862.384
6.87549	862.288	862.285
6.88743	862.19	862.186
6.89937	862.09	862.087
6.9113	861.99	861.987
6.92324	861.889	861.886
6.93518	861.788	861.784
6.94711	861.685	861.682
6.95905	861.582	861.579
6.97099	861.479	861.475
6.98292	861.374	861.371
6.99486	861.269	861.266
7.0068	861.164	861.16
7.01873	861.057	861.054
7.03067	860.95	860.947
7.04261	860.843	860.839
7.05454	860.734	860.731
7.06648	860.625	860.621
7.07842	860.515	860.511
7.09035	860.404	860.401
7.10229	860.293	860.289
7.11423	860.181	860.177
7.12616	860.068	860.065
7.1381	859.955	859.951
7.15004	859.841	859.837
7.16197	859.726	859.722
7.17391	859.61	859.606
7.18585	859.494	859.49
7.19778	859.377	859.373
7.20972	859.259	859.255
7.22166	859.14	859.136
7.23359	859.021	859.017
7.24553	858.901	858.897
7.25747	858.78	858.776
7.2694	858.659	858.655
7.28134	858.536	858.532
7.29328	858.413	858.409
7.30521	858.29	858.286
7.31715	858.165	858.161
7.32909	858.04	858.036
7.34102	857.914	857.91
7.35296	857.787	857.783
7.36489	857.66	857.656
7.37683	857.531	857.527
7.38877	857.402	857.398
7.4007	857.273	857.268
7.41264	857.142	857.138
7.42458	857.011	857.006
7.43651	856.879	856.874
7.44845	856.746	856.741
7.46039	856.612	856.608
7.47232	856.478	856.473
7.48426	856.343	856.338
7.4962	856.207	856.202
7.50813	856.07	856.065
7.52007	855.932	855.928
7.53201	855.794	855.79
7.54394	855.655	855.65
7.55588	855.515	855.51
7.56782	855.374	855.37
7.57975	855.233	855.228
7.59169	855.091	855.086
7.60363	854.948	854.943
7.61556	854.804	854.799
7.6275	854.659	854.655
7.63944	854.514	854.509
7.65137	854.368	854.363
7.66331	854.221	854.216
7.67525	854.073	854.068
7.68718	853.924	853.919
7.69912	853.775	853.77
7.71106	853.625	853.62
7.72299	853.474	853.469
7.73493	853.322	853.317
7.74687	853.169	853.164
7.7588	853.016	853.011
7.77074	852.861	852.856
7.78268	852.706	852.701
7.79461	852.551	852.545
7.80655	852.394	852.389
7.81849	852.236	852.231
7.83042	852.078	852.073
7.84236	851.919	851.913
7.8543	851.759	851.753
7.86623	851.598	851.593
7.87817	851.436	851.431
7.89011	851.274	851.268
7.90204	851.111	851.105
7.91398	850.947	850.941
7.92592	850.782	850.776
7.93785	850.616	850.61
7.94979	850.449	850.444
7.96173	850.282	850.276
7.97366	850.114	850.108
7.9856	849.945	849.939
7.99754	849.775	849.769
8.00947	849.604	849.598
8.02141	849.432	849.427
8.03335	849.26	849.254
8.04528	849.087	849.081
8.05722	848.913	848.907
8.06916	848.738	848.732
8.08109	848.562	848.556
8.09303	848.385	848.379
8.10497	848.208	848.202
8.1169	848.029	848.023
8.12884	847.85	847.844
8.14078	847.67	847.664
8.15271	847.49	847.483
8.16465	847.308	847.302
8.17659	847.125	847.119
8.18852	846.942	846.936
8.20046	846.758	846.752
8.2124	846.573	846.566
8.22433	846.387	846.38
8.23627	846.2	846.194
8.2482	846.012	846.006
8.26014	845.824	845.818
8.27208	845.635	845.628
8.28401	845.445	845.438
8.29595	845.254	845.247
8.30789	845.062	845.055
8.31982	844.869	844.862
8.33176	844.675	844.669
8.3437	844.481	844.474
8.35563	844.286	844.279
8.36757	844.09	844.083
8.37951	843.893	843.886
8.39144	843.695	843.688
8.40338	843.496	843.489
8.41532	843.297	843.29
8.42725	843.096	843.089
8.43919	842.895	842.888
8.45113	842.693	842.686
8.46306	842.49	842.483
8.475	842.286	842.279
8.48694	842.082	842.075
8.49887	841.876	841.869
8.51081	841.67	841.663
8.52275	841.463	841.455
8.53468	841.254	841.247
8.54662	841.046	841.038
8.55856	840.836	840.829
8.57049	840.625	840.618
8.58243	840.414	840.406
8.59437	840.201	840.194
8.6063	839.988	839.981
8.61824	839.774	839.767
8.63018	839.559	839.552
8.64211	839.343	839.336
8.65405	839.127	839.119
8.66599	838.909	838.902
8.67792	838.691	838.684
8.68986	838.472	838.464
8.7018	838.252	838.244
8.71373	838.031	838.023
8.72567	837.809	837.802
8.73761	837.587	837.579
8.74954	837.363	837.356
8.76148	837.139	837.131
8.77342	836.914	836.906
8.78535	836.688	836.68
8.79729	836.461	836.453
8.80923	836.233	836.226
8.82116	836.005	835.997
8.8331	835.776	835.768
8.84504	835.545	835.537
8.85697	835.314	835.306
8.86891	835.082	835.074
8.88085	834.85	834.842
8.89278	834.616	834.608
8.90472	834.382	834.374
8.91666	834.146	834.138
8.92859	833.91	833.902
8.94053	833.673	833.665
8.95247	833.436	833.427
8.9644	833.197	833.189
8.97634	832.958	832.949
8.98828	832.717	832.709
9.00021	832.476	832.468
9.01215	832.234	832.226
9.02409	831.991	831.983
9.03602	831.748	831.739
9.04796	831.503	831.495
9.0599	831.258	831.249
9.07183	831.012	831.003
9.08377	830.765	830.756
9.0957	830.517	830.508
9.10764	830.268	830.26
9.11958	830.019	830.01
9.13151	829.769	829.76
9.14345	829.517	829.509
9.15539	829.266	829.257
9.16732	829.013	829.004
9.17926	828.759	828.75
9.1912	828.505	828.496
9.20313	828.25	828.241
9.21507	827.994	827.985
9.22701	827.737	827.728
9.23894	827.479	827.47
9.25088	827.221	827.212
9.26282	826.961	826.952
9.27475	826.701	826.692
9.28669	826.44	826.431
9.29863	826.179	826.169
9.31056	825.916	825.907
9.3225	825.653	825.644
9.33444	825.389	825.379
9.34637	825.124	825.114
9.35831	824.858	824.849
9.37025	824.591	824.582
9.38218	824.324	824.315
9.39412	824.056	824.047
9.40606	823.787	823.778
9.41799	823.517	823.508
9.42993	823.247	823.237
9.44187	822.976	822.966
9.4538	822.703	822.694
9.46574	822.431	822.421
9.47768	822.157	822.147
9.48961	821.883	821.873
9.50155	821.607	821.598
9.51349	821.331	821.322
9.52542	821.055	821.045
9.53736	820.777	820.767
9.5493	820.499	820.489
9.56123	820.22	820.21
9.57317	819.94	819.93
9.58511	819.659	819.649
9.59704	819.378	819.368
9.60898	819.095	819.086
9.62092	818.813	818.803
9.63285	818.529	818.519
9.64479	818.244	818.234
9.65673	817.959	817.949
9.66866	817.673	817.663
9.6806	817.387	817.376
9.69254	817.099	817.089
9.70447	816.811	816.801
9.71641	816.522	816.512
9.72835	816.232	816.222
9.74028	815.942	815.931
9.75222	815.65	815.64
9.76416	815.359	815.348
9.77609	815.066	815.056
9.78803	814.772	814.762
9.79997	814.478	814.468
9.8119	814.183	814.173
9.82384	813.888	813.877
9.83578	813.592	813.581
9.84771	813.294	813.284
9.85965	812.997	812.986
9.87159	812.698	812.688
9.88352	812.399	812.388
9.89546	812.099	812.088
9.9074	811.798	811.788
9.91933	811.497	811.486
9.93127	811.195	811.184
9.94321	810.892	810.882
9.95514	810.589	810.578
9.96708	810.285	810.274
9.97901	809.98	809.969
9.99095	809.674	809.663
10.0029	809.368	809.357
10.0148	809.061	809.05
10.0268	808.753	808.742
10.0387	808.445	808.434
10.0506	808.136	808.125
10.0626	807.826	807.815
10.0745	807.516	807.505
10.0864	807.205	807.194
10.0984	806.893	806.882
10.1103	806.581	806.57
10.1223	806.268	806.257
10.1342	805.954	805.943
10.1461	805.64	805.628
10.1581	805.325	805.313
10.17	805.009	804.998
10.1819	804.692	804.681
10.1939	804.375	804.364
10.2058	804.058	804.046
10.2177	803.739	803.728
10.2297	803.42	803.409
10.2416	803.101	803.089
10.2536	802.781	802.769
10.2655	802.46	802.448
10.2774	802.138	802.127
10.2894	801.816	801.804
10.3013	801.493	801.482
10.3132	801.17	801.158
10.3252	800.846	800.834
10.3371	800.521	800.509
10.3491	800.196	800.184
10.361	799.87	799.858
10.3729	799.543	799.532
10.3849	799.216	799.204
10.3968	798.888	798.877
10.4087	798.56	798.548
10.4207	798.231	798.219
10.4326	797.901	797.89
10.4445	797.571	797.559
10.4565	797.24	797.229
10.4684	796.909	796.897
10.4804	796.577	796.565
10.4923	796.245	796.233
10.5042	795.912	795.9
10.5162	795.578	795.566
10.5281	795.244	795.232
10.54	794.909	794.897
10.552	794.573	794.561
10.5639	794.237	794.225
10.5758	793.901	793.889
10.5878	793.564	793.552
10.5997	793.226	793.214
10.6117	792.888	792.876
10.6236	792.549	792.537
10.6355	792.21	792.197
10.6475	791.87	791.857
10.6594	791.529	791.517
10.6713	791.188	791.176
10.6833	790.847	790.834
10.6952	790.505	790.492
10.7071	790.162	790.15
10.7191	789.819	789.806
10.731	789.475	789.463
10.743	789.131	789.119
10.7549	788.786	788.774
10.7668	788.441	788.428
10.7788	788.095	788.083
10.7907	787.749	787.736
10.8026	787.402	787.39
10.8146	787.055	787.042
10.8265	786.707	786.694
10.8385	786.359	786.346
10.8504	786.01	785.997
10.8623	785.661	785.648
10.8743	785.311	785.298
10.8862	784.96	784.948
10.8981	784.61	784.597
10.9101	784.258	784.246
10.922	783.907	783.894
10.9339	783.554	783.542
10.9459	783.202	783.189
10.9578	782.848	782.836
10.9698	782.495	782.482
10.9817	782.141	782.128
10.9936	781.786	781.773
11.0056	781.431	781.418
11.0175	781.075	781.063
11.0294	780.719	780.707
11.0414	780.363	780.35
11.0533	780.006	779.993
11.0652	779.649	779.636
11.0772	779.291	779.278
11.0891	778.933	778.92
11.1011	778.574	778.561
11.113	778.215	778.202
11.1249	777.856	777.842
11.1369	777.496	777.483
11.1488	777.135	777.122
11.1607	776.774	776.761
11.1727	776.413	776.4
11.1846	776.051	776.038
11.1966	775.689	775.676
11.2085	775.327	775.314
11.2204	774.964	774.951
11.2324	774.601	774.588
11.2443	774.237	774.224
11.2562	773.873	773.86
11.2682	773.508	773.495
11.2801	773.144	773.13
11.292	772.778	772.765
11.304	772.413	772.399
11.3159	772.046	772.033
11.3279	771.68	771.667
11.3398	771.313	771.3
11.3517	770.946	770.933
11.3637	770.578	770.565
11.3756	770.21	770.197
11.3875	769.842	769.829
11.3995	769.473	769.46
11.4114	769.104	769.091
11.4233	768.735	768.722
11.4353	768.365	768.352
11.4472	767.995	767.982
11.4592	767.625	767.611
11.4711	767.254	767.24
11.483	766.883	766.869
11.495	766.511	766.498
11.5069	766.139	766.126
11.5188	765.767	765.753
11.5308	765.394	765.381
11.5427	765.022	765.008
11.5546	764.648	764.635
11.5666	764.275	764.261
11.5785	763.901	763.887
11.5905	763.527	763.513
11.6024	763.152	763.139
11.6143	762.778	762.764
11.6263	762.402	762.389
11.6382	762.027	762.013
11.6501	761.651	761.638
11.6621	761.275	761.262
11.674	760.899	760.885
11.686	760.522	760.509
11.6979	760.145	760.132
11.7098	759.768	759.754
11.7218	759.391	759.377
11.7337	759.013	758.999
11.7456	758.635	758.621
11.7576	758.256	758.243
11.7695	757.878	757.864
11.7814	757.499	757.485
11.7934	757.12	757.106
11.8053	756.74	756.726
11.8173	756.36	756.346
11.8292	755.98	755.966
11.8411	755.6	755.586
11.8531	755.219	755.206
11.865	754.839	754.825
11.8769	754.458	754.444
11.8889	754.076	754.062
11.9008	753.695	753.681
11.9127	753.313	753.299
11.9247	752.931	752.917
11.9366	752.549	752.535
11.9486	752.166	752.152
11.9605	751.783	751.769
11.9724	751.4	751.386
11.9844	751.017	751.003
11.9963	750.634	750.62
12.0082	750.25	750.236
12.0202	749.866	749.852
12.0321	749.482	749.468
12.0441	749.097	749.083
12.056	748.713	748.699
12.0679	748.328	748.314
12.0799	747.943	747.929
12.0918	747.558	747.544
12.1037	747.172	747.158
12.1157	746.787	746.772
12.1276	746.401	746.387
12.1395	746.015	746.001
12.1515	745.628	745.614
12.1634	745.242	745.228
12.1754	744.855	744.841
12.1873	744.468	744.454
12.1992	744.081	744.067
12.2112	743.694	743.68
12.2231	743.307	743.293
12.235	742.919	742.905
12.247	742.531	742.517
12.2589	742.144	742.129
12.2708	741.755	741.741
12.2828	741.367	741.353
12.2947	740.979	740.964
12.3067	740.59	740.576
12.3186	740.201	740.187
12.3305	739.812	739.798
12.3425	739.423	739.409
12.3544	739.034	739.02
12.3663	738.644	738.63
12.3783	738.255	738.24
12.3902	737.865	737.851
12.4021	737.475	737.461
12.4141	737.085	737.071
12.426	736.695	736.681
12.438	736.304	736.29
12.4499	735.914	735.9
12.4618	735.523	735.509
12.4738	735.133	735.118
12.4857	734.742	734.727
12.4976	734.351	734.336
12.5096	733.959	733.945
12.5215	733.568	733.554
12.5335	733.177	733.162
12.5454	732.785	732.771
12.5573	732.393	732.379
12.5693	732.002	731.987
12.5812	731.61	731.595
12.5931	731.218	731.203
12.6051	730.825	730.811
12.617	730.433	730.419
12.6289	730.041	730.026
12.6409	729.648	729.634
12.6528	729.256	729.241
12.6648	728.863	728.848
12.6767	728.47	728.456
12.6886	728.077	728.063
12.7006	727.684	727.67
12.7125	727.291	727.276
12.7244	726.898	726.883
12.7364	726.504	726.49
12.7483	726.111	726.096
12.7602	725.717	725.703
12.7722	725.324	725.309
12.7841	724.93	724.916
12.7961	724.536	724.522
12.808	724.142	724.128
12.8199	723.748	723.734
12.8319	723.354	723.34
12.8438	722.96	722.946
12.8557	722.566	722.552
12.8677	722.172	722.157
12.8796	721.777	721.763
12.8916	721.383	721.368
12.9035	720.988	720.974
12.9154	720.594	720.579
12.9274	720.199	720.185
12.9393	719.804	719.79
12.9512	719.41	719.395
12.9632	719.015	719
12.9751	718.62	718.605
12.987	718.225	718.21
12.999	717.83	717.815
13.0109	717.435	717.42
13.0229	717.04	717.025
13.0348	716.644	716.63
13.0467	716.249	716.235
13.0587	715.854	715.839
13.0706	715.459	715.444
13.0825	715.063	715.049
13.0945	714.668	714.653
13.1064	714.272	714.258
13.1183	713.877	713.862
13.1303	713.481	713.466
13.1422	713.085	713.071
13.1542	712.69	712.675
13.1661	712.294	712.279
13.178	711.898	711.884
13.19	711.502	711.488
13.2019	711.106	711.092
13.2138	710.711	710.696
13.2258	710.315	710.3
13.2377	709.919	709.904
13.2496	709.523	709.508
13.2616	709.127	709.112
13.2735	708.731	708.716
13.2855	708.335	708.32
13.2974	707.939	707.924
13.3093	707.542	707.528
13.3213	707.146	707.132
13.3332	706.75	706.736
13.3451	706.354	706.339
13.3571	705.958	705.943
13.369	705.562	705.547
13.381	705.165	705.151
13.3929	704.769	704.754
13.4048	704.373	704.358
13.4168	703.976	703.962
13.4287	703.58	703.566
13.4406	703.184	703.169
13.4526	702.787	702.773
13.4645	702.391	702.377
13.4764	701.995	701.98
13.4884	701.598	701.584
13.5003	701.202	701.187
13.5123	700.806	700.791
13.5242	700.409	700.395
13.5361	700.013	699.998
13.5481	699.616	699.602
13.56	699.22	699.205
13.5719	698.824	698.809
13.5839	698.427	698.413
13.5958	698.031	698.016
13.6077	697.634	697.62
13.6197	697.238	697.223
13.6316	696.842	696.827
13.6436	696.445	696.431
13.6555	696.049	696.034
13.6674	695.652	695.638
13.6794	695.256	695.242
13.6913	694.86	694.845
13.7032	694.463	694.449
13.7152	694.067	694.052
13.7271	693.671	693.656
13.7391	693.274	693.26
13.751	692.878	692.863
13.7629	692.482	692.467
13.7749	692.085	692.071
13.7868	691.689	691.674
13.7987	691.293	691.278
13.8107	690.896	690.882
13.8226	690.5	690.486
13.8345	690.104	690.089
13.8465	689.708	689.693
13.8584	689.312	689.297
13.8704	688.915	688.901
13.8823	688.519	688.505
13.8942	688.123	688.108
13.9062	687.727	687.712
13.9181	687.331	687.316
13.93	686.935	686.92
13.942	686.539	686.524
13.9539	686.142	686.128
13.9658	685.746	685.732
13.9778	685.35	685.336
13.9897	684.954	684.94
14.0017	684.558	684.544
14.0136	684.163	684.148
14.0255	683.767	683.752
14.0375	683.371	683.356
14.0494	682.975	682.96
14.0613	682.579	682.564
14.0733	682.183	682.169
14.0852	681.787	681.773
14.0971	681.392	681.377
14.1091	680.996	680.981
14.121	680.6	680.586
14.133	680.205	680.19
14.1449	679.809	679.794
14.1568	679.413	679.399
14.1688	679.018	679.003
14.1807	678.622	678.608
14.1926	678.227	678.212
14.2046	677.831	677.817
14.2165	677.436	677.421
14.2285	677.04	677.026
14.2404	676.645	676.63
14.2523	676.249	676.235
14.2643	675.854	675.84
14.2762	675.459	675.444
14.2881	675.064	675.049
14.3001	674.668	674.654
14.312	674.273	674.259
14.3239	673.878	673.863
14.3359	673.483	673.468
14.3478	673.088	673.073
14.3598	672.693	672.678
14.3717	672.298	672.283
14.3836	671.903	671.888
14.3956	671.508	671.493
14.4075	671.113	671.098
14.4194	670.718	670.703
14.4314	670.323	670.309
14.4433	669.928	669.914
14.4552	669.533	669.519
14.4672	669.139	669.124
14.4791	668.744	668.73
14.4911	668.349	668.335
14.503	667.955	667.94
14.5149	667.56	667.546
14.5269	667.166	667.151
14.5388	666.771	666.757
14.5507	666.377	666.362
14.5627	665.982	665.968
14.5746	665.588	665.573
14.5866	665.194	665.179
14.5985	664.799	664.785
14.6104	664.405	664.39
14.6224	664.011	663.996
14.6343	663.617	663.602
14.6462	663.222	663.208
14.6582	662.828	662.814
14.6701	662.434	662.42
14.682	662.04	662.026
14.694	661.646	661.632
14.7059	661.252	661.238
14.7179	660.858	660.844
14.7298	660.464	660.45
14.7417	660.071	660.056
14.7537	659.677	659.662
14.7656	659.283	659.269
14.7775	658.889	658.875
14.7895	658.496	658.481
14.8014	658.102	658.088
14.8133	657.708	657.694
14.8253	657.315	657.3
14.8372	656.921	656.907
14.8492	656.528	656.513
14.8611	656.134	656.12
14.873	655.741	655.727
14.885	655.348	655.333
14.8969	654.954	654.94
14.9088	654.561	654.547
14.9208	654.168	654.153
14.9327	653.775	653.76
14.9446	653.382	653.367
14.9566	652.988	652.974
14.9685	652.595	652.581
14.9805	652.202	652.188
14.9924	651.809	651.795
15.0043	651.416	651.402
15.0163	651.024	651.009
15.0282	650.631	650.616
15.0401	650.238	650.223
15.0521	649.845	649.831
15.064	649.452	649.438
15.076	649.06	649.045
15.0879	648.667	648.653
15.0998	648.274	648.26
15.1118	647.882	647.867
15.1237	647.489	647.475
15.1356	647.097	647.082
15.1476	646.704	646.69
15.1595	646.312	646.297
15.1714	645.919	645.905
15.1834	645.527	645.513
15.1953	645.135	645.12
15.2073	644.742	644.728
15.2192	644.35	644.336
15.2311	643.958	643.944
15.2431	643.566	643.551
15.255	643.174	643.159
15.2669	642.782	642.767
15.2789	642.39	642.375
15.2908	641.998	641.983
15.3027	641.606	641.591
15.3147	641.214	641.199
15.3266	640.822	640.807
15.3386	640.43	640.415
15.3505	640.038	640.024
15.3624	639.646	639.632
15.3744	639.254	639.24
15.3863	638.863	638.848
15.3982	638.471	638.457
15.4102	638.079	638.065
15.4221	637.688	637.673
15.4341	637.296	637.282
15.446	636.905	636.89
15.4579	636.513	636.499
15.4699	636.122	636.107
15.4818	635.73	635.716
15.4937	635.339	635.325
15.5057	634.948	634.933
15.5176	634.556	634.542
15.5295	634.165	634.151
15.5415	633.774	633.759
15.5534	633.382	633.368
15.5654	632.991	632.977
15.5773	632.6	632.586
15.5892	632.209	632.195
15.6012	631.818	631.803
15.6131	631.427	631.412
15.625	631.036	631.021
15.637	630.645	630.63
15.6489	630.254	630.239
15.6608	629.863	629.848
15.6728	629.472	629.458
15.6847	629.081	629.067
15.6967	628.69	628.676
15.7086	628.299	628.285
15.7205	627.909	627.894
15.7325	627.518	627.503
15.7444	627.127	627.113
15.7563	626.736	626.722
15.7683	626.346	626.331
15.7802	625.955	625.941
15.7921	625.565	625.55
15.8041	625.174	625.16
15.816	624.783	624.769
15.828	624.393	624.379
15.8399	624.002	623.988
15.8518	623.612	623.598
15.8638	623.222	623.207
15.8757	622.831	622.817
15.8876	622.441	622.426
15.8996	622.05	622.036
15.9115	621.66	621.646
15.9235	621.27	621.256
15.9354	620.88	620.865
15.9473	620.489	620.475
15.9593	620.099	620.085
15.9712	619.709	619.695
15.9831	619.319	619.304
15.9951	618.929	618.914
16.007	618.539	618.524
16.0189	618.149	618.134
16.0309	617.758	617.744
16.0428	617.368	617.354
16.0548	616.978	616.964
16.0667	616.588	616.574
16.0786	616.199	616.184
16.0906	615.809	615.794
16.1025	615.419	615.404
16.1144	615.029	615.014
16.1264	614.639	614.625
16.1383	614.249	614.235
16.1502	613.859	613.845
16.1622	613.47	613.455
16.1741	613.08	613.065
16.1861	612.69	612.676
16.198	612.3	612.286
16.2099	611.911	611.896
16.2219	611.521	611.507
16.2338	611.131	611.117
16.2457	610.742	610.727
16.2577	610.352	610.338
16.2696	609.962	609.948
16.2816	609.573	609.559
16.2935	609.183	609.169
16.3054	608.794	608.78
16.3174	608.404	608.39
16.3293	608.015	608.001
16.3412	607.625	607.611
16.3532	607.236	607.222
16.3651	606.847	606.832
16.377	606.457	606.443
16.389	606.068	606.053
16.4009	605.678	605.664
16.4129	605.289	605.275
16.4248	604.9	604.885
16.4367	604.51	604.496
16.4487	604.121	604.107
16.4606	603.732	603.717
16.4725	603.343	603.328
16.4845	602.953	602.939
16.4964	602.564	602.55
16.5083	602.175	602.161
16.5203	601.786	601.771
16.5322	601.397	601.382
16.5442	601.007	600.993
16.5561	600.618	600.604
16.568	600.229	600.215
16.58	599.84	599.826
16.5919	599.451	599.437
16.6038	599.062	599.048
16.6158	598.673	598.659
16.6277	598.284	598.269
16.6396	597.895	597.88
16.6516	597.506	597.491
16.6635	597.117	597.102
16.6755	596.728	596.713
16.6874	596.339	596.325
16.6993	595.95	595.936
16.7113	595.561	595.547
16.7232	595.172	595.158
16.7351	594.783	594.769
16.7471	594.394	594.38
16.759	594.005	593.991
16.771	593.617	593.602
16.7829	593.228	593.213
16.7948	592.839	592.825
16.8068	592.45	592.436
16.8187	592.061	592.047
16.8306	591.672	591.658
16.8426	591.284	591.269
16.8545	590.895	590.881
16.8664	590.506	590.492
16.8784	590.117	590.103
16.8903	589.729	589.714
16.9023	589.34	589.326
16.9142	588.951	588.937
16.9261	588.563	588.548
16.9381	588.174	588.16
16.95	587.785	587.771
16.9619	587.397	587.382
16.9739	587.008	586.994
16.9858	586.619	586.605
16.9977	586.231	586.217
17.0097	585.842	585.828
17.0216	585.454	585.439
17.0336	585.065	585.051
17.0455	584.677	584.662
17.0574	584.288	584.274
17.0694	583.899	583.885
17.0813	583.511	583.497
17.0932	583.122	583.108
17.1052	582.734	582.72
17.1171	582.345	582.331
17.1291	581.957	581.943
17.141	581.569	581.554
17.1529	581.18	581.166
17.1649	580.792	580.777
17.1768	580.403	580.389
17.1887	580.015	580.001
17.2007	579.626	579.612
17.2126	579.238	579.224
17.2245	578.85	578.835
17.2365	578.461	578.447
17.2484	578.073	578.059
17.2604	577.685	577.67
17.2723	577.296	577.282
17.2842	576.908	576.894
17.2962	576.52	576.505
17.3081	576.131	576.117
17.32	575.743	575.729
17.332	575.355	575.341
17.3439	574.967	574.952
17.3558	574.578	574.564
17.3678	574.19	574.176
17.3797	573.802	573.788
17.3917	573.414	573.399
17.4036	573.025	573.011
17.4155	572.637	572.623
17.4275	572.249	572.235
17.4394	571.861	571.847
17.4513	571.473	571.458
17.4633	571.085	571.07
17.4752	570.696	570.682
17.4871	570.308	570.294
17.4991	569.92	569.906
17.511	569.532	569.518
17.523	569.144	569.13
17.5349	568.756	568.742
17.5468	568.368	568.354
17.5588	567.98	567.966
17.5707	567.592	567.578
17.5826	567.204	567.19
17.5946	566.816	566.801
17.6065	566.428	566.414
17.6185	566.04	566.026
17.6304	565.652	565.638
17.6423	565.264	565.25
17.6543	564.876	564.862
17.6662	564.488	564.474
17.6781	564.1	564.086
17.6901	563.712	563.698
17.702	563.324	563.31
17.7139	562.936	562.922
17.7259	562.549	562.534
17.7378	562.161	562.146
17.7498	561.773	561.759
17.7617	561.385	561.371
17.7736	560.997	560.983
17.7856	560.609	560.595
17.7975	560.222	560.207
17.8094	559.834	559.82
17.8214	559.446	559.432
17.8333	559.058	559.044
17.8452	558.671	558.656
17.8572	558.283	558.269
17.8691	557.895	557.881
17.8811	557.508	557.493
17.893	557.12	557.106
17.9049	556.732	556.718
17.9169	556.345	556.33
17.9288	555.957	555.943
17.9407	555.57	555.555
17.9527	555.182	555.168
17.9646	554.794	554.78
17.9766	554.407	554.393
17.9885	554.019	554.005
18.0004	553.632	553.618
18.0124	553.244	553.23
18.0243	552.857	552.843
18.0362	552.469	552.455
18.0482	552.082	552.068
18.0601	551.695	551.68
18.072	551.307	551.293
18.084	550.92	550.906
18.0959	550.532	550.518
18.1079	550.145	550.131
18.1198	549.758	549.744
18.1317	549.371	549.356
18.1437	548.983	548.969
18.1556	548.596	548.582
18.1675	548.209	548.195
18.1795	547.822	547.807
18.1914	547.434	547.42
18.2033	547.047	547.033
18.2153	546.66	546.646
18.2272	546.273	546.259
18.2392	545.886	545.872
18.2511	545.499	545.485
18.263	545.112	545.098
18.275	544.725	544.71
18.2869	544.338	544.323
18.2988	543.951	543.937
18.3108	543.564	543.55
18.3227	543.177	543.163
18.3346	542.79	542.776
18.3466	542.403	542.389
18.3585	542.016	542.002
18.3705	541.629	541.615
18.3824	541.243	541.228
18.3943	540.856	540.842
18.4063	540.469	540.455
18.4182	540.082	540.068
18.4301	539.696	539.681
18.4421	539.309	539.295
18.454	538.922	538.908
18.466	538.536	538.522
18.4779	538.149	538.135
18.4898	537.763	537.748
18.5018	537.376	537.362
18.5137	536.99	536.975
18.5256	536.603	536.589
18.5376	536.217	536.202
18.5495	535.83	535.816
18.5614	535.444	535.43
18.5734	535.058	535.043
18.5853	534.671	534.657
18.5973	534.285	534.271
18.6092	533.899	533.885
18.6211	533.513	533.498
18.6331	533.126	533.112
18.645	532.74	532.726
18.6569	532.354	532.34
18.6689	531.968	531.954
18.6808	531.582	531.568
18.6927	531.196	531.182
18.7047	530.81	530.796
18.7166	530.424	530.41
18.7286	530.038	530.024
18.7405	529.653	529.638
18.7524	529.267	529.253
18.7644	528.881	528.867
18.7763	528.495	528.481
18.7882	528.11	528.095
18.8002	527.724	527.71
18.8121	527.338	527.324
18.8241	526.953	526.939
18.836	526.567	526.553
18.8479	526.182	526.168
18.8599	525.796	525.782
18.8718	525.411	525.397
18.8837	525.026	525.011
18.8957	524.64	524.626
18.9076	524.255	524.241
18.9195	523.87	523.856
18.9315	523.485	523.471
18.9434	523.1	523.085
18.9554	522.715	522.7
18.9673	522.33	522.315
18.9792	521.945	521.93
18.9912	521.56	521.545
19.0031	521.175	521.161
19.015	520.79	520.776
19.027	520.405	520.391
19.0389	520.02	520.006
19.0508	519.636	519.622
19.0628	519.251	519.237
19.0747	518.867	518.852
19.0867	518.482	518.468
19.0986	518.098	518.083
19.1105	517.713	517.699
19.1225	517.329	517.315
19.1344	516.945	516.93
19.1463	516.56	516.546
19.1583	516.176	516.162
19.1702	515.792	515.778
19.1821	515.408	515.394
19.1941	515.024	515.01
19.206	514.64	514.626
19.218	514.256	514.242
19.2299	513.872	513.858
19.2418	513.488	513.474
19.2538	513.105	513.091
19.2657	512.721	512.707
19.2776	512.337	512.323
19.2896	511.954	511.94
19.3015	511.57	511.556
19.3135	511.187	511.173
19.3254	510.804	510.79
19.3373	510.42	510.406
19.3493	510.037	510.023
19.3612	509.654	509.64
19.3731	509.271	509.257
19.3851	508.888	508.874
19.397	508.505	508.491
19.4089	508.122	508.108
19.4209	507.739	507.725
19.4328	507.357	507.343
19.4448	506.974	506.96
19.4567	506.591	506.577
19.4686	506.209	506.195
19.4806	505.827	505.812
19.4925	505.444	505.43
19.5044	505.062	505.048
19.5164	504.68	504.666
19.5283	504.298	504.283
19.5402	503.915	503.901
19.5522	503.534	503.519
19.5641	503.152	503.138
19.5761	502.77	502.756
19.588	502.388	502.374
19.5999	502.006	501.992
19.6119	501.625	501.611
19.6238	501.243	501.229
19.6357	500.862	500.848
19.6477	500.481	500.467
19.6596	500.099	500.085
19.6716	499.718	499.704
19.6835	499.337	499.323
19.6954	498.956	498.942
19.7074	498.575	498.561
19.7193	498.194	498.18
19.7312	497.814	497.8
19.7432	497.433	497.419
19.7551	497.053	497.039
19.767	496.672	496.658
19.779	496.292	496.278
19.7909	495.912	495.897
19.8029	495.531	495.517
19.8148	495.151	495.137
19.8267	494.771	494.757
19.8387	494.391	494.377
19.8506	494.012	493.998
19.8625	493.632	493.618
19.8745	493.252	493.238
19.8864	492.873	492.859
19.8983	492.493	492.479
19.9103	492.114	492.1
19.9222	491.735	491.721
19.9342	491.356	491.342
19.9461	490.977	490.963
19.958	490.598	490.584
19.97	490.219	490.205
19.9819	489.841	489.827
19.9938	489.462	489.448
20.0058	489.084	489.07
20.0177	488.705	488.691
20.0296	488.327	488.313
20.0416	487.949	487.935
20.0535	487.571	487.557
20.0655	487.193	487.179
20.0774	486.815	486.801
20.0893	486.438	486.424
20.1013	486.06	486.046
20.1132	485.683	485.669
20.1251	485.305	485.291
20.1371	484.928	484.914
20.149	484.551	484.537
20.161	484.174	484.16
20.1729	483.797	483.783
20.1848	483.421	483.407
20.1968	483.044	483.03
20.2087	482.667	482.654
20.2206	482.291	482.277
20.2326	481.915	481.901
20.2445	481.539	481.525
20.2564	481.163	481.149
20.2684	480.787	480.773
20.2803	480.411	480.397
20.2923	480.036	480.022
20.3042	479.66	479.646
20.3161	479.285	479.271
20.3281	478.91	478.896
20.34	478.535	478.521
20.3519	478.16	478.146
20.3639	477.785	477.771
20.3758	477.41	477.396
20.3877	477.036	477.022
20.3997	476.661	476.647
20.4116	476.287	476.273
20.4236	475.913	475.899
20.4355	475.539	475.525
20.4474	475.165	475.151
20.4594	474.792	474.778
20.4713	474.418	474.404
20.4832	474.045	474.031
20.4952	473.671	473.658
20.5071	473.298	473.284
20.5191	472.925	472.912
20.531	472.553	472.539
20.5429	472.18	472.166
20.5549	471.807	471.794
20.5668	471.435	471.421
20.5787	471.063	471.049
20.5907	470.691	470.677
20.6026	470.319	470.305
20.6145	469.947	469.934
20.6265	469.576	469.562
20.6384	469.204	469.191
20.6504	468.833	468.819
20.6623	468.462	468.448
20.6742	468.091	468.077
20.6862	467.72	467.707
20.6981	467.35	467.336
20.71	466.979	466.966
20.722	466.609	466.595
20.7339	466.239	466.225
20.7458	465.869	465.855
20.7578	465.499	465.485
20.7697	465.13	465.116
20.7817	464.76	464.746
20.7936	464.391	464.377
20.8055	464.022	464.008
20.8175	463.653	463.639
20.8294	463.284	463.271
20.8413	462.916	462.902
20.8533	462.547	462.534
20.8652	462.179	462.165
20.8771	461.811	461.797
20.8891	461.443	461.43
20.901	461.076	461.062
20.913	460.708	460.694
20.9249	460.341	460.327
20.9368	459.974	459.96
20.9488	459.607	459.593
20.9607	459.24	459.226
20.9726	458.874	458.86
20.9846	458.507	458.494
20.9965	458.141	458.127
21.0085	457.775	457.761
21.0204	457.409	457.396
21.0323	457.044	457.03
21.0443	456.678	456.665
21.0562	456.313	456.3
21.0681	455.948	455.935
21.0801	455.583	455.57
21.092	455.219	455.205
21.1039	454.854	454.841
21.1159	454.49	454.477
21.1278	454.126	454.113
21.1398	453.762	453.749
21.1517	453.399	453.385
21.1636	453.035	453.022
21.1756	452.672	452.659
21.1875	452.309	452.296
21.1994	451.947	451.933
21.2114	451.584	451.571
21.2233	451.222	451.208
21.2352	450.86	450.846
21.2472	450.498	450.484
21.2591	450.136	450.123
21.2711	449.775	449.761
21.283	449.413	449.4
21.2949	449.052	449.039
21.3069	448.691	448.678
21.3188	448.331	448.318
21.3307	447.971	447.957
21.3427	447.61	447.597
21.3546	447.251	447.237
21.3666	446.891	446.877
21.3785	446.531	446.518
21.3904	446.172	446.159
21.4024	445.813	445.8
21.4143	445.454	445.441
21.4262	445.096	445.083
21.4382	444.738	444.724
21.4501	444.38	444.366
21.462	444.022	444.008
21.474	443.664	443.651
21.4859	443.307	443.293
21.4979	442.95	442.936
21.5098	442.593	442.579
21.5217	442.236	442.223
21.5337	441.88	441.866
21.5456	441.524	441.51
21.5575	441.168	441.154
21.5695	440.812	440.799
21.5814	440.457	440.443
21.5933	440.102	440.088
21.6053	439.747	439.733
21.6172	439.392	439.379
21.6292	439.038	439.024
21.6411	438.683	438.67
21.653	438.33	438.316
21.665	437.976	437.963
21.6769	437.623	437.609
21.6888	437.269	437.256
21.7008	436.917	436.903
21.7127	436.564	436.551
21.7246	436.212	436.199
21.7366	435.86	435.847
21.7485	435.508	435.495
21.7605	435.156	435.143
21.7724	434.805	434.792
21.7843	434.454	434.441
21.7963	434.103	434.09
21.8082	433.753	433.74
21.8201	433.403	433.39
21.8321	433.053	433.04
21.844	432.703	432.69
21.856	432.354	432.341
21.8679	432.005	431.992
21.8798	431.656	431.643
21.8918	431.308	431.295
21.9037	430.959	430.946
21.9156	430.611	430.598
21.9276	430.264	430.251
21.9395	429.916	429.903
21.9514	429.569	429.556
21.9634	429.222	429.209
21.9753	428.876	428.863
21.9873	428.53	428.517
21.9992	428.184	428.171
22.0111	427.838	427.825
22.0231	427.493	427.48
22.035	427.148	427.135
22.0469	426.803	426.79
22.0589	426.459	426.446
22.0708	426.114	426.101
22.0827	425.77	425.758
22.0947	425.427	425.414
22.1066	425.084	425.071
22.1186	424.741	424.728
22.1305	424.398	424.385
22.1424	424.056	424.043
22.1544	423.714	423.701
22.1663	423.372	423.359
22.1782	423.031	423.018
22.1902	422.69	422.677
22.2021	422.349	422.336
22.2141	422.008	421.996
22.226	421.668	421.655
22.2379	421.328	421.316
22.2499	420.989	420.976
22.2618	420.65	420.637
22.2737	420.311	420.298
22.2857	419.972	419.959
22.2976	419.634	419.621
22.3095	419.296	419.283
22.3215	418.958	418.946
22.3334	418.621	418.609
22.3454	418.284	418.272
22.3573	417.948	417.935
22.3692	417.611	417.599
22.3812	417.275	417.263
22.3931	416.94	416.927
22.405	416.605	416.592
22.417	416.27	416.257
22.4289	415.935	415.922
22.4408	415.601	415.588
22.4528	415.267	415.254
22.4647	414.933	414.921
22.4767	414.6	414.588
22.4886	414.267	414.255
22.5005	413.935	413.922
22.5125	413.602	413.59
22.5244	413.271	413.258
22.5363	412.939	412.927
22.5483	412.608	412.595
22.5602	412.277	412.265
22.5721	411.947	411.934
22.5841	411.616	411.604
22.596	411.287	411.274
22.608	410.957	410.945
22.6199	410.628	410.616
22.6318	410.3	410.287
22.6438	409.971	409.959
22.6557	409.643	409.631
22.6676	409.316	409.303
22.6796	408.988	408.976
22.6915	408.662	408.649
22.7035	408.335	408.323
22.7154	408.009	407.997
22.7273	407.683	407.671
22.7393	407.358	407.346
22.7512	407.033	407.021
22.7631	406.708	406.696
22.7751	406.384	406.372
22.787	406.06	406.048
22.7989	405.736	405.724
22.8109	405.413	405.401
22.8228	405.09	405.078
22.8348	404.768	404.756
22.8467	404.446	404.434
22.8586	404.124	404.112
22.8706	403.803	403.791
22.8825	403.482	403.47
22.8944	403.162	403.15
22.9064	402.842	402.83
22.9183	402.522	402.51
22.9302	402.203	402.191
22.9422	401.884	401.872
22.9541	401.565	401.553
22.9661	401.247	401.235
22.978	400.929	400.917
22.9899	400.612	400.6
23.0019	400.295	400.283
23.0138	399.978	399.966
23.0257	399.662	399.65
23.0377	399.346	399.334
23.0496	399.031	399.019
23.0616	398.716	398.704
23.0735	398.401	398.39
23.0854	398.087	398.075
23.0974	397.773	397.762
23.1093	397.46	397.448
23.1212	397.147	397.135
23.1332	396.835	396.823
23.1451	396.522	396.511
23.157	396.211	396.199
23.169	395.899	395.888
23.1809	395.588	395.577
23.1929	395.278	395.266
23.2048	394.968	394.956
23.2167	394.658	394.647
23.2287	394.349	394.337
23.2406	394.04	394.029
23.2525	393.732	393.72
23.2645	393.424	393.412
23.2764	393.116	393.105
23.2883	392.809	392.798
23.3003	392.502	392.491
23.3122	392.196	392.185
23.3242	391.89	391.879
23.3361	391.585	391.573
23.348	391.28	391.268
23.36	390.975	390.964
23.3719	390.671	390.66
23.3838	390.367	390.356
23.3958	390.064	390.053
23.4077	389.761	389.75
23.4196	389.459	389.448
23.4316	389.157	389.146
23.4435	388.856	388.844
23.4555	388.554	388.543
23.4674	388.254	388.242
23.4793	387.954	387.942
23.4913	387.654	387.643
23.5032	387.355	387.343
23.5151	387.056	387.044
23.5271	386.757	386.746
23.539	386.459	386.448
23.551	386.162	386.15
23.5629	385.865	385.853
23.5748	385.568	385.557
23.5868	385.272	385.261
23.5987	384.976	384.965
23.6106	384.681	384.67
23.6226	384.386	384.375
23.6345	384.092	384.081
23.6464	383.798	383.787
23.6584	383.505	383.494
23.6703	383.212	383.201
23.6823	382.92	382.909
23.6942	382.629	382.618
23.7061	382.34	382.328
23.7181	382.052	382.04
23.73	381.766	381.754
23.7419	381.485	381.472
23.7539	381.208	381.194
23.7658	380.939	380.924
23.7777	380.679	380.664
23.7897	380.434	380.417
23.8016	380.206	380.187
23.8136	380.001	379.98
23.8255	379.824	379.801
23.8374	379.68	379.655
23.8494	379.573	379.547
23.8613	379.507	379.48
23.8732	379.485	379.457
