0	873	872.999
0.0119366	873	872.999
0.0238732	873	872.999
0.0358099	873	872.999
0.0477465	873	872.999
0.0596831	873	872.999
0.0716197	873	872.999
0.0835563	873	872.999
0.095493	873	872.999
0.10743	873	872.999
0.119366	873	872.999
0.131303	873	872.999
0.143239	873	872.999
0.155176	873	872.999
0.167113	873	872.999
0.179049	873	872.999
0.190986	873	872.998
0.202923	873	872.998
0.214859	873	872.998
0.226796	873	872.998
0.238732	873	872.998
0.250669	873	872.998
0.262606	873	872.998
0.274542	873	872.997
0.286479	873	872.997
0.298416	873	872.997
0.310352	873	872.997
0.322289	873	872.997
0.334225	873	872.997
0.346162	872.999	872.996
0.358099	872.999	872.996
0.370035	872.999	872.996
0.381972	872.999	872.996
0.393908	872.999	872.995
0.405845	872.999	872.995
0.417782	872.999	872.995
0.429718	872.999	872.995
0.441655	872.999	872.994
0.453592	872.999	872.994
0.465528	872.999	872.994
0.477465	872.999	872.993
0.489401	872.999	872.993
0.501338	872.999	872.993
0.513275	872.999	872.992
0.525211	872.999	872.992
0.537148	872.998	872.991
0.549085	872.998	872.991
0.561021	872.998	872.991
0.572958	872.998	872.99
0.584894	872.998	872.99
0.596831	872.998	872.989
0.608768	872.998	872.989
0.620704	872.998	872.988
0.632641	872.998	872.988
0.644578	872.997	872.987
0.656514	872.997	872.987
0.668451	872.997	872.986
0.680387	872.997	872.985
0.692324	872.997	872.985
0.704261	872.997	872.984
0.716197	872.997	872.984
0.728134	872.996	872.983
0.74007	872.996	872.982
0.752007	872.996	872.981
0.763944	872.996	872.981
0.77588	872.996	872.98
0.787817	872.995	872.979
0.799754	872.995	872.978
0.81169	872.995	872.977
0.823627	872.995	872.976
0.835563	872.994	872.976
0.8475	872.994	872.975
0.859437	872.994	872.974
0.871373	872.994	872.973
0.88331	872.993	872.972
0.895247	872.993	872.971
0.907183	872.993	872.969
0.91912	872.992	872.968
0.931056	872.992	872.967
0.942993	872.992	872.966
0.95493	872.991	872.965
0.966866	872.991	872.964
0.978803	872.991	872.962
0.99074	872.99	872.961
1.00268	872.99	872.96
1.01461	872.989	872.958
1.02655	872.989	872.957
1.03849	872.989	872.955
1.05042	872.988	872.954
1.06236	872.988	872.952
1.0743	872.987	872.95
1.08623	872.987	872.949
1.09817	872.986	872.947
1.11011	872.986	872.945
1.12204	872.985	872.944
1.13398	872.984	872.942
1.14592	872.984	872.94
1.15785	872.983	872.938
1.16979	872.983	872.936
1.18173	872.982	872.934
1.19366	872.981	872.932
1.2056	872.981	872.93
1.21754	872.98	872.927
1.22947	872.979	872.925
1.24141	872.978	872.923
1.25335	872.978	872.921
1.26528	872.977	872.918
1.27722	872.976	872.916
1.28916	872.975	872.913
1.30109	872.974	872.91
1.31303	872.973	872.908
1.32496	872.972	872.905
1.3369	872.971	872.902
1.34884	872.97	872.899
1.36077	872.969	872.896
1.37271	872.968	872.893
1.38465	872.967	872.89
1.39658	872.966	872.887
1.40852	872.965	872.884
1.42046	872.964	872.881
1.43239	872.963	872.877
1.44433	872.962	872.874
1.45627	872.96	872.87
1.4682	872.959	872.867
1.48014	872.958	872.863
1.49208	872.956	872.859
1.50401	872.955	872.855
1.51595	872.953	872.851
1.52789	872.952	872.847
1.53982	872.951	872.843
1.55176	872.949	872.839
1.5637	872.947	872.835
1.57563	872.946	872.83
1.58757	872.944	872.826
1.59951	872.942	872.821
1.61144	872.941	872.817
1.62338	872.939	872.812
1.63532	872.937	872.807
1.64725	872.935	872.802
1.65919	872.933	872.797
1.67113	872.931	872.792
1.68306	872.929	872.786
1.695	872.927	872.781
1.70694	872.925	872.775
1.71887	872.923	872.77
1.73081	872.921	872.764
1.74275	872.918	872.758
1.75468	872.916	872.752
1.76662	872.914	872.746
1.77856	872.911	872.74
1.79049	872.909	872.734
1.80243	872.906	872.727
1.81437	872.904	872.72
1.8263	872.901	872.714
1.83824	872.898	872.707
1.85018	872.895	872.7
1.86211	872.892	872.693
1.87405	872.89	872.685
1.88599	872.887	872.678
1.89792	872.883	872.67
1.90986	872.88	872.663
1.9218	872.877	872.655
1.93373	872.874	872.647
1.94567	872.871	872.639
1.95761	872.867	872.631
1.96954	872.864	872.622
1.98148	872.86	872.613
1.99342	872.856	872.605
2.00535	872.853	872.596
2.01729	872.849	872.587
2.02923	872.845	872.577
2.04116	872.841	872.568
2.0531	872.837	872.559
2.06504	872.833	872.549
2.07697	872.829	872.539
2.08891	872.824	872.529
2.10085	872.82	872.518
2.11278	872.816	872.508
2.12472	872.811	872.497
2.13666	872.806	872.486
2.14859	872.802	872.475
2.16053	872.797	872.464
2.17246	872.792	872.453
2.1844	872.787	872.441
2.19634	872.781	872.429
2.20827	872.776	872.417
2.22021	872.771	872.405
2.23215	872.765	872.393
2.24408	872.76	872.38
2.25602	872.754	872.367
2.26796	872.748	872.354
2.27989	872.742	872.341
2.29183	872.736	872.328
2.30377	872.73	872.314
2.3157	872.724	872.3
2.32764	872.718	872.286
2.33958	872.711	872.271
2.35151	872.704	872.257
2.36345	872.698	872.242
2.37539	872.691	872.227
2.38732	872.684	872.212
2.39926	872.677	872.196
2.4112	872.669	872.18
2.42313	872.662	872.164
2.43507	872.655	872.148
2.44701	872.647	872.131
2.45894	872.639	872.114
2.47088	872.631	872.097
2.48282	872.623	872.08
2.49475	872.615	872.062
2.50669	872.606	872.044
2.51863	872.598	872.026
2.53056	872.589	872.008
2.5425	872.58	871.989
2.55444	872.571	871.97
2.56637	872.562	871.951
2.57831	872.553	871.931
2.59025	872.543	871.911
2.60218	872.534	871.891
2.61412	872.524	871.871
2.62606	872.514	871.85
2.63799	872.504	871.829
2.64993	872.493	871.807
2.66187	872.483	871.786
2.6738	872.472	871.764
2.68574	872.461	871.741
2.69768	872.45	871.719
2.70961	872.439	871.696
2.72155	872.428	871.673
2.73349	872.416	871.649
2.74542	872.404	871.625
2.75736	872.392	871.601
2.7693	872.38	871.576
2.78123	872.368	871.551
2.79317	872.355	871.526
2.80511	872.342	871.5
2.81704	872.329	871.474
2.82898	872.316	871.448
2.84092	872.303	871.421
2.85285	872.289	871.394
2.86479	872.275	871.366
2.87673	872.261	871.338
2.88866	872.247	871.31
2.9006	872.232	871.282
2.91254	872.217	871.253
2.92447	872.202	871.223
2.93641	872.187	871.193
2.94835	872.172	871.163
2.96028	872.156	871.133
2.97222	872.14	871.102
2.98416	872.124	871.07
2.99609	872.108	871.039
3.00803	872.091	871.006
3.01997	872.074	870.974
3.0319	872.057	870.941
3.04384	872.039	870.907
3.05577	872.022	870.874
3.06771	872.004	870.839
3.07965	871.986	870.805
3.09158	871.967	870.769
3.10352	871.948	870.734
3.11546	871.929	870.698
3.12739	871.91	870.661
3.13933	871.89	870.624
3.15127	871.87	870.587
3.1632	871.85	870.549
3.17514	871.83	870.511
3.18708	871.809	870.472
3.19901	871.788	870.433
3.21095	871.767	870.393
3.22289	871.745	870.353
3.23482	871.723	870.312
3.24676	871.701	870.271
3.2587	871.678	870.229
3.27063	871.655	870.187
3.28257	871.632	870.144
3.29451	871.609	870.101
3.30644	871.585	870.057
3.31838	871.561	870.013
3.33032	871.536	869.968
3.34225	871.511	869.923
3.35419	871.486	869.877
3.36613	871.46	869.831
3.37806	871.435	869.784
3.39	871.408	869.737
3.40194	871.382	869.689
3.41387	871.355	869.64
3.42581	871.328	869.591
3.43775	871.3	869.542
3.44968	871.272	869.492
3.46162	871.244	869.441
3.47356	871.215	869.39
3.48549	871.186	869.338
3.49743	871.156	869.286
3.50937	871.126	869.233
3.5213	871.096	869.179
3.53324	871.065	869.125
3.54518	871.034	869.071
3.55711	871.003	869.015
3.56905	870.971	868.96
3.58099	870.939	868.903
3.59292	870.906	868.846
3.60486	870.873	868.788
3.6168	870.84	868.73
3.62873	870.806	868.671
3.64067	870.771	868.612
3.65261	870.737	868.552
3.66454	870.701	868.491
3.67648	870.666	868.429
3.68842	870.63	868.367
3.70035	870.593	868.305
3.71229	870.556	868.241
3.72423	870.519	868.177
3.73616	870.481	868.113
3.7481	870.443	868.048
3.76004	870.404	867.982
3.77197	870.365	867.915
3.78391	870.325	867.848
3.79585	870.285	867.78
3.80778	870.245	867.711
3.81972	870.204	867.642
3.83166	870.162	867.572
3.84359	870.12	867.501
3.85553	870.077	867.43
3.86747	870.034	867.358
3.8794	869.991	867.285
3.89134	869.947	867.212
3.90327	869.902	867.138
3.91521	869.857	867.063
3.92715	869.812	866.987
3.93908	869.766	866.911
3.95102	869.719	866.834
3.96296	869.672	866.756
3.97489	869.625	866.678
3.98683	869.576	866.598
3.99877	869.528	866.519
4.0107	869.478	866.438
4.02264	869.429	866.356
4.03458	869.378	866.274
4.04651	869.328	866.191
4.05845	869.276	866.108
4.07039	869.224	866.023
4.08232	869.172	865.938
4.09426	869.119	865.852
4.1062	869.065	865.765
4.11813	869.011	865.678
4.13007	868.956	865.589
4.14201	868.901	865.5
4.15394	868.845	865.41
4.16588	868.788	865.319
4.17782	868.731	865.228
4.18975	868.673	865.136
4.20169	868.615	865.043
4.21363	868.556	864.949
4.22556	868.496	864.854
4.2375	868.436	864.758
4.24944	868.375	864.662
4.26137	868.314	864.565
4.27331	868.252	864.467
4.28525	868.189	864.368
4.29718	868.126	864.268
4.30912	868.062	864.168
4.32106	867.997	864.067
4.33299	867.932	863.964
4.34493	867.866	863.861
4.35687	867.8	863.757
4.3688	867.732	863.653
4.38074	867.665	863.547
4.39268	867.596	863.441
4.40461	867.527	863.333
4.41655	867.457	863.225
4.42849	867.387	863.116
4.44042	867.315	863.006
4.45236	867.244	862.895
4.4643	867.171	862.784
4.47623	867.098	862.671
4.48817	867.024	862.558
4.50011	866.949	862.443
4.51204	866.874	862.328
4.52398	866.798	862.212
4.53592	866.721	862.095
4.54785	866.643	861.977
4.55979	866.565	861.858
4.57173	866.486	861.738
4.58366	866.407	861.617
4.5956	866.326	861.496
4.60754	866.245	861.373
4.61947	866.163	861.25
4.63141	866.081	861.125
4.64335	865.997	861
4.65528	865.913	860.874
4.66722	865.828	860.747
4.67916	865.743	860.619
4.69109	865.656	860.49
4.70303	865.569	860.36
4.71497	865.481	860.229
4.7269	865.393	860.097
4.73884	865.303	859.964
4.75078	865.213	859.83
4.76271	865.122	859.695
4.77465	865.03	859.56
4.78658	864.938	859.423
4.79852	864.844	859.285
4.81046	864.75	859.147
4.82239	864.655	859.007
4.83433	864.559	858.867
4.84627	864.463	858.725
4.8582	864.365	858.583
4.87014	864.267	858.439
4.88208	864.168	858.295
4.89401	864.068	858.149
4.90595	863.968	858.003
4.91789	863.866	857.855
4.92982	863.764	857.707
4.94176	863.661	857.558
4.9537	863.557	857.407
4.96563	863.452	857.256
4.97757	863.346	857.103
4.98951	863.24	856.95
5.00144	863.132	856.796
5.01338	863.024	856.64
5.02532	862.915	856.484
5.03725	862.805	856.326
5.04919	862.694	856.168
5.06113	862.582	856.008
5.07306	862.47	855.848
5.085	862.356	855.686
5.09694	862.242	855.524
5.10887	862.127	855.36
5.12081	862.01	855.196
5.13275	861.893	855.03
5.14468	861.776	854.863
5.15662	861.657	854.696
5.16856	861.537	854.527
5.18049	861.416	854.357
5.19243	861.295	854.187
5.20437	861.173	854.015
5.2163	861.049	853.842
5.22824	860.925	853.668
5.24018	860.8	853.493
5.25211	860.674	853.317
5.26405	860.547	853.14
5.27599	860.419	852.962
5.28792	860.29	852.783
5.29986	860.16	852.603
5.3118	860.029	852.422
5.32373	859.898	852.239
5.33567	859.765	852.056
5.34761	859.632	851.872
5.35954	859.497	851.686
5.37148	859.362	851.5
5.38342	859.225	851.313
5.39535	859.088	851.124
5.40729	858.95	850.934
5.41923	858.81	850.744
5.43116	858.67	850.552
5.4431	858.529	850.359
5.45504	858.387	850.165
5.46697	858.244	849.97
5.47891	858.1	849.775
5.49085	857.955	849.578
5.50278	857.809	849.379
5.51472	857.662	849.18
5.52666	857.514	848.98
5.53859	857.365	848.779
5.55053	857.215	848.576
5.56247	857.064	848.373
5.5744	856.912	848.169
5.58634	856.759	847.963
5.59828	856.605	847.756
5.61021	856.45	847.549
5.62215	856.294	847.34
5.63408	856.137	847.13
5.64602	855.979	846.919
5.65796	855.821	846.707
5.66989	855.661	846.494
5.68183	855.5	846.28
5.69377	855.338	846.065
5.7057	855.175	845.849
5.71764	855.011	845.632
5.72958	854.846	845.414
5.74151	854.68	845.194
5.75345	854.513	844.974
5.76539	854.345	844.752
5.77732	854.176	844.53
5.78926	854.006	844.306
5.8012	853.835	844.081
5.81313	853.663	843.855
5.82507	853.489	843.629
5.83701	853.315	843.401
5.84894	853.14	843.172
5.86088	852.964	842.942
5.87282	852.787	842.711
5.88475	852.608	842.479
5.89669	852.429	842.245
5.90863	852.249	842.011
5.92056	852.067	841.776
5.9325	851.885	841.539
5.94444	851.701	841.302
5.95637	851.517	841.063
5.96831	851.331	840.824
5.98025	851.144	840.583
5.99218	850.957	840.342
6.00412	850.768	840.099
6.01606	850.578	839.855
6.02799	850.387	839.61
6.03993	850.196	839.365
6.05187	850.003	839.118
6.0638	849.809	838.87
6.07574	849.614	838.621
6.08768	849.418	838.371
6.09961	849.22	838.12
6.11155	849.022	837.868
6.12349	848.823	837.614
6.13542	848.623	837.36
6.14736	848.421	837.105
6.1593	848.219	836.849
6.17123	848.016	836.591
6.18317	847.811	836.333
6.19511	847.606	836.074
6.20704	847.399	835.813
6.21898	847.191	835.552
6.23092	846.983	835.29
6.24285	846.773	835.026
6.25479	846.562	834.762
6.26673	846.35	834.496
6.27866	846.137	834.23
6.2906	845.923	833.962
6.30254	845.708	833.694
6.31447	845.492	833.424
6.32641	845.275	833.154
6.33835	845.057	832.882
6.35028	844.837	832.61
6.36222	844.617	832.336
6.37416	844.395	832.061
6.38609	844.173	831.786
6.39803	843.949	831.509
6.40997	843.725	831.232
6.4219	843.499	830.953
6.43384	843.273	830.674
6.44578	843.045	830.393
6.45771	842.816	830.112
6.46965	842.586	829.829
6.48159	842.355	829.546
6.49352	842.123	829.262
6.50546	841.89	828.976
6.51739	841.656	828.69
6.52933	841.421	828.403
6.54127	841.185	828.114
6.5532	840.948	827.825
6.56514	840.71	827.535
6.57708	840.47	827.244
6.58901	840.23	826.952
6.60095	839.988	826.658
6.61289	839.746	826.364
6.62482	839.503	826.069
6.63676	839.258	825.774
6.6487	839.012	825.477
6.66063	838.766	825.179
6.67257	838.518	824.88
6.68451	838.27	824.581
6.69644	838.02	824.28
6.70838	837.769	823.979
6.72032	837.517	823.676
6.73225	837.264	823.373
6.74419	837.011	823.069
6.75613	836.756	822.763
6.76806	836.5	822.457
6.78	836.243	822.15
6.79194	835.985	821.843
6.80387	835.726	821.534
6.81581	835.466	821.224
6.82775	835.205	820.914
6.83968	834.943	820.602
6.85162	834.68	820.29
6.86356	834.416	819.977
6.87549	834.151	819.663
6.88743	833.885	819.348
6.89937	833.618	819.032
6.9113	833.349	818.715
6.92324	833.08	818.398
6.93518	832.81	818.079
6.94711	832.539	817.76
6.95905	832.267	817.44
6.97099	831.994	817.119
6.98292	831.72	816.797
6.99486	831.445	816.475
7.0068	831.169	816.151
7.01873	830.892	815.827
7.03067	830.613	815.502
7.04261	830.334	815.176
7.05454	830.054	814.849
7.06648	829.773	814.521
7.07842	829.491	814.193
7.09035	829.208	813.864
7.10229	828.925	813.534
7.11423	828.64	813.203
7.12616	828.354	812.871
7.1381	828.067	812.539
7.15004	827.779	812.206
7.16197	827.49	811.872
7.17391	827.201	811.537
7.18585	826.91	811.201
7.19778	826.618	810.865
7.20972	826.326	810.528
7.22166	826.032	810.19
7.23359	825.738	809.851
7.24553	825.443	809.512
7.25747	825.146	809.172
7.2694	824.849	808.831
7.28134	824.551	808.489
7.29328	824.252	808.147
7.30521	823.952	807.804
7.31715	823.651	807.46
7.32909	823.349	807.115
7.34102	823.046	806.77
7.35296	822.742	806.424
7.36489	822.438	806.077
7.37683	822.132	805.73
7.38877	821.826	805.382
7.4007	821.519	805.033
7.41264	821.21	804.683
7.42458	820.901	804.333
7.43651	820.591	803.982
7.44845	820.281	803.631
7.46039	819.969	803.278
7.47232	819.656	802.925
7.48426	819.343	802.572
7.4962	819.028	802.218
7.50813	818.713	801.863
7.52007	818.397	801.507
7.53201	818.08	801.151
7.54394	817.762	800.794
7.55588	817.443	800.436
7.56782	817.124	800.078
7.57975	816.803	799.719
7.59169	816.482	799.36
7.60363	816.16	799
7.61556	815.837	798.639
7.6275	815.514	798.278
7.63944	815.189	797.916
7.65137	814.864	797.553
7.66331	814.537	797.19
7.67525	814.21	796.826
7.68718	813.883	796.462
7.69912	813.554	796.097
7.71106	813.224	795.731
7.72299	812.894	795.365
7.73493	812.563	794.999
7.74687	812.231	794.631
7.7588	811.899	794.264
7.77074	811.565	793.895
7.78268	811.231	793.526
7.79461	810.896	793.157
7.80655	810.56	792.787
7.81849	810.224	792.416
7.83042	809.886	792.045
7.84236	809.548	791.673
7.8543	809.209	791.301
7.86623	808.87	790.928
7.87817	808.53	790.555
7.89011	808.188	790.181
7.90204	807.847	789.807
7.91398	807.504	789.432
7.92592	807.161	789.057
7.93785	806.817	788.681
7.94979	806.472	788.305
7.96173	806.127	787.928
7.97366	805.78	787.551
7.9856	805.434	787.173
7.99754	805.086	786.795
8.00947	804.738	786.416
8.02141	804.389	786.037
8.03335	804.039	785.657
8.04528	803.689	785.277
8.05722	803.337	784.897
8.06916	802.986	784.516
8.08109	802.633	784.134
8.09303	802.28	783.752
8.10497	801.926	783.37
8.1169	801.572	782.987
8.12884	801.217	782.604
8.14078	800.861	782.221
8.15271	800.505	781.837
8.16465	800.148	781.452
8.17659	799.79	781.067
8.18852	799.432	780.682
8.20046	799.073	780.296
8.2124	798.713	779.91
8.22433	798.353	779.524
8.23627	797.992	779.137
8.2482	797.63	778.75
8.26014	797.268	778.362
8.27208	796.906	777.974
8.28401	796.542	777.586
8.29595	796.179	777.197
8.30789	795.814	776.808
8.31982	795.449	776.419
8.33176	795.083	776.029
8.3437	794.717	775.639
8.35563	794.35	775.248
8.36757	793.983	774.858
8.37951	793.615	774.467
8.39144	793.246	774.075
8.40338	792.877	773.683
8.41532	792.508	773.291
8.42725	792.138	772.899
8.43919	791.767	772.506
8.45113	791.396	772.113
8.46306	791.024	771.719
8.475	790.651	771.326
8.48694	790.279	770.932
8.49887	789.905	770.537
8.51081	789.531	770.143
8.52275	789.157	769.748
8.53468	788.782	769.353
8.54662	788.407	768.957
8.55856	788.031	768.562
8.57049	787.654	768.166
8.58243	787.277	767.77
8.59437	786.9	767.373
8.6063	786.522	766.976
8.61824	786.144	766.579
8.63018	785.765	766.182
8.64211	785.386	765.785
8.65405	785.006	765.387
8.66599	784.626	764.989
8.67792	784.245	764.591
8.68986	783.864	764.192
8.7018	783.482	763.793
8.71373	783.1	763.395
8.72567	782.718	762.995
8.73761	782.335	762.596
8.74954	781.952	762.197
8.76148	781.568	761.797
8.77342	781.184	761.397
8.78535	780.799	760.997
8.79729	780.414	760.596
8.80923	780.029	760.196
8.82116	779.643	759.795
8.8331	779.257	759.394
8.84504	778.871	758.993
8.85697	778.484	758.592
8.86891	778.096	758.19
8.88085	777.709	757.788
8.89278	777.32	757.387
8.90472	776.932	756.985
8.91666	776.543	756.583
8.92859	776.154	756.18
8.94053	775.764	755.778
8.95247	775.374	755.375
8.9644	774.984	754.972
8.97634	774.594	754.569
8.98828	774.203	754.166
9.00021	773.811	753.763
9.01215	773.42	753.36
9.02409	773.028	752.956
9.03602	772.636	752.553
9.04796	772.243	752.149
9.0599	771.85	751.745
9.07183	771.457	751.341
9.08377	771.063	750.937
9.0957	770.67	750.533
9.10764	770.275	750.129
9.11958	769.881	749.724
9.13151	769.486	749.32
9.14345	769.091	748.915
9.15539	768.696	748.511
9.16732	768.3	748.106
9.17926	767.905	747.701
9.1912	767.508	747.296
9.20313	767.112	746.891
9.21507	766.715	746.486
9.22701	766.319	746.08
9.23894	765.921	745.675
9.25088	765.524	745.27
9.26282	765.126	744.864
9.27475	764.728	744.459
9.28669	764.33	744.053
9.29863	763.932	743.648
9.31056	763.533	743.242
9.3225	763.134	742.836
9.33444	762.735	742.43
9.34637	762.336	742.024
9.35831	761.937	741.618
9.37025	761.537	741.212
9.38218	761.137	740.806
9.39412	760.737	740.4
9.40606	760.336	739.994
9.41799	759.936	739.588
9.42993	759.535	739.182
9.44187	759.134	738.776
9.4538	758.733	738.369
9.46574	758.332	737.963
9.47768	757.93	737.557
9.48961	757.529	737.151
9.50155	757.127	736.744
9.51349	756.725	736.338
9.52542	756.323	735.932
9.53736	755.92	735.525
9.5493	755.518	735.119
9.56123	755.115	734.712
9.57317	754.712	734.306
9.58511	754.309	733.9
9.59704	753.906	733.493
9.60898	753.503	733.087
9.62092	753.1	732.68
9.63285	752.696	732.274
9.64479	752.293	731.868
9.65673	751.889	731.461
9.66866	751.485	731.055
9.6806	751.081	730.648
9.69254	750.677	730.242
9.70447	750.273	729.836
9.71641	749.868	729.429
9.72835	749.464	729.023
9.74028	749.059	728.617
9.75222	748.654	728.21
9.76416	748.25	727.804
9.77609	747.845	727.398
9.78803	747.44	726.992
9.79997	747.035	726.586
9.8119	746.629	726.18
9.82384	746.224	725.773
9.83578	745.819	725.367
9.84771	745.413	724.961
9.85965	745.008	724.555
9.87159	744.602	724.149
9.88352	744.197	723.744
9.89546	743.791	723.338
9.9074	743.385	722.932
9.91933	742.979	722.526
9.93127	742.573	722.12
9.94321	742.167	721.715
9.95514	741.761	721.309
9.96708	741.355	720.904
9.97901	740.949	720.498
9.99095	740.543	720.093
10.0029	740.137	719.687
10.0148	739.731	719.282
10.0268	739.324	718.877
10.0387	738.918	718.471
10.0506	738.511	718.066
10.0626	738.105	717.661
10.0745	737.699	717.256
10.0864	737.292	716.851
10.0984	736.886	716.446
10.1103	736.479	716.041
10.1223	736.073	715.637
10.1342	735.666	715.232
10.1461	735.259	714.827
10.1581	734.853	714.423
10.17	734.446	714.018
10.1819	734.04	713.614
10.1939	733.633	713.209
10.2058	733.226	712.805
10.2177	732.82	712.401
10.2297	732.413	711.997
10.2416	732.007	711.593
10.2536	731.6	711.189
10.2655	731.193	710.785
10.2774	730.787	710.381
10.2894	730.38	709.978
10.3013	729.973	709.574
10.3132	729.567	709.17
10.3252	729.16	708.767
10.3371	728.754	708.364
10.3491	728.347	707.96
10.361	727.941	707.557
10.3729	727.534	707.154
10.3849	727.128	706.751
10.3968	726.721	706.348
10.4087	726.315	705.945
10.4207	725.909	705.542
10.4326	725.502	705.14
10.4445	725.096	704.737
10.4565	724.69	704.335
10.4684	724.284	703.932
10.4804	723.877	703.53
10.4923	723.471	703.128
10.5042	723.065	702.726
10.5162	722.659	702.324
10.5281	722.253	701.922
10.54	721.847	701.52
10.552	721.441	701.118
10.5639	721.035	700.717
10.5758	720.629	700.315
10.5878	720.224	699.914
10.5997	719.818	699.512
10.6117	719.412	699.111
10.6236	719.007	698.71
10.6355	718.601	698.309
10.6475	718.196	697.908
10.6594	717.79	697.507
10.6713	717.385	697.106
10.6833	716.979	696.706
10.6952	716.574	696.305
10.7071	716.169	695.905
10.7191	715.764	695.504
10.731	715.359	695.104
10.743	714.954	694.704
10.7549	714.549	694.304
10.7668	714.144	693.904
10.7788	713.739	693.504
10.7907	713.335	693.104
10.8026	712.93	692.705
10.8146	712.526	692.305
10.8265	712.121	691.906
10.8385	711.717	691.506
10.8504	711.312	691.107
10.8623	710.908	690.708
10.8743	710.504	690.309
10.8862	710.1	689.91
10.8981	709.696	689.511
10.9101	709.292	689.113
10.922	708.888	688.714
10.9339	708.485	688.315
10.9459	708.081	687.917
10.9578	707.677	687.519
10.9698	707.274	687.12
10.9817	706.871	686.722
10.9936	706.467	686.324
11.0056	706.064	685.926
11.0175	705.661	685.529
11.0294	705.258	685.131
11.0414	704.855	684.733
11.0533	704.452	684.336
11.0652	704.049	683.938
11.0772	703.647	683.541
11.0891	703.244	683.144
11.1011	702.842	682.747
11.113	702.439	682.35
11.1249	702.037	681.953
11.1369	701.635	681.556
11.1488	701.233	681.159
11.1607	700.831	680.763
11.1727	700.429	680.366
11.1846	700.027	679.97
11.1966	699.625	679.573
11.2085	699.224	679.177
11.2204	698.822	678.781
11.2324	698.421	678.385
11.2443	698.02	677.989
11.2562	697.618	677.593
11.2682	697.217	677.198
11.2801	696.816	676.802
11.292	696.415	676.406
11.304	696.015	676.011
11.3159	695.614	675.616
11.3279	695.213	675.22
11.3398	694.813	674.825
11.3517	694.412	674.43
11.3637	694.012	674.035
11.3756	693.612	673.64
11.3875	693.212	673.245
11.3995	692.812	672.851
11.4114	692.412	672.456
11.4233	692.012	672.061
11.4353	691.612	671.667
11.4472	691.213	671.273
11.4592	690.813	670.878
11.4711	690.414	670.484
11.483	690.015	670.09
11.495	689.615	669.696
11.5069	689.216	669.302
11.5188	688.817	668.908
11.5308	688.419	668.515
11.5427	688.02	668.121
11.5546	687.621	667.728
11.5666	687.223	667.334
11.5785	686.824	666.941
11.5905	686.426	666.547
11.6024	686.028	666.154
11.6143	685.629	665.761
11.6263	685.231	665.368
11.6382	684.833	664.975
11.6501	684.436	664.582
11.6621	684.038	664.189
11.674	683.64	663.797
11.686	683.243	663.404
11.6979	682.845	663.011
11.7098	682.448	662.619
11.7218	682.051	662.226
11.7337	681.654	661.834
11.7456	681.257	661.442
11.7576	680.86	661.05
11.7695	680.463	660.658
11.7814	680.066	660.266
11.7934	679.67	659.874
11.8053	679.273	659.482
11.8173	678.877	659.09
11.8292	678.48	658.698
11.8411	678.084	658.307
11.8531	677.688	657.915
11.865	677.292	657.523
11.8769	676.896	657.132
11.8889	676.5	656.741
11.9008	676.104	656.349
11.9127	675.709	655.958
11.9247	675.313	655.567
11.9366	674.918	655.176
11.9486	674.522	654.785
11.9605	674.127	654.394
11.9724	673.732	654.003
11.9844	673.337	653.612
11.9963	672.942	653.221
12.0082	672.547	652.83
12.0202	672.152	652.44
12.0321	671.758	652.049
12.0441	671.363	651.659
12.056	670.968	651.268
12.0679	670.574	650.878
12.0799	670.18	650.487
12.0918	669.785	650.097
12.1037	669.391	649.707
12.1157	668.997	649.317
12.1276	668.603	648.927
12.1395	668.209	648.537
12.1515	667.816	648.147
12.1634	667.422	647.757
12.1754	667.028	647.367
12.1873	666.635	646.977
12.1992	666.241	646.587
12.2112	665.848	646.197
12.2231	665.455	645.808
12.235	665.061	645.418
12.247	664.668	645.029
12.2589	664.275	644.639
12.2708	663.882	644.25
12.2828	663.49	643.86
12.2947	663.097	643.471
12.3067	662.704	643.081
12.3186	662.311	642.692
12.3305	661.919	642.303
12.3425	661.526	641.914
12.3544	661.134	641.525
12.3663	660.742	641.136
12.3783	660.35	640.746
12.3902	659.957	640.357
12.4021	659.565	639.968
12.4141	659.173	639.58
12.426	658.781	639.191
12.438	658.39	638.802
12.4499	657.998	638.413
12.4618	657.606	638.024
12.4738	657.214	637.636
12.4857	656.823	637.247
12.4976	656.431	636.858
12.5096	656.04	636.47
12.5215	655.649	636.081
12.5335	655.257	635.692
12.5454	654.866	635.304
12.5573	654.475	634.916
12.5693	654.084	634.527
12.5812	653.693	634.139
12.5931	653.302	633.75
12.6051	652.911	633.362
12.617	652.52	632.974
12.6289	652.13	632.585
12.6409	651.739	632.197
12.6528	651.348	631.809
12.6648	650.958	631.421
12.6767	650.567	631.033
12.6886	650.177	630.645
12.7006	649.787	630.256
12.7125	649.396	629.868
12.7244	649.006	629.48
12.7364	648.616	629.092
12.7483	648.226	628.704
12.7602	647.836	628.316
12.7722	647.446	627.928
12.7841	647.056	627.541
12.7961	646.666	627.153
12.808	646.276	626.765
12.8199	645.886	626.377
12.8319	645.497	625.989
12.8438	645.107	625.601
12.8557	644.717	625.214
12.8677	644.328	624.826
12.8796	643.938	624.438
12.8916	643.549	624.05
12.9035	643.159	623.663
12.9154	642.77	623.275
12.9274	642.381	622.887
12.9393	641.991	622.5
12.9512	641.602	622.112
12.9632	641.213	621.724
12.9751	640.824	621.337
12.987	640.435	620.949
12.999	640.046	620.562
13.0109	639.657	620.174
13.0229	639.268	619.787
13.0348	638.879	619.399
13.0467	638.49	619.012
13.0587	638.101	618.624
13.0706	637.712	618.237
13.0825	637.323	617.849
13.0945	636.935	617.462
13.1064	636.546	617.074
13.1183	636.157	616.687
13.1303	635.769	616.299
13.1422	635.38	615.912
13.1542	634.992	615.524
13.1661	634.603	615.137
13.178	634.215	614.75
13.19	633.826	614.362
13.2019	633.438	613.975
13.2138	633.05	613.587
13.2258	632.661	613.2
13.2377	632.273	612.813
13.2496	631.885	612.425
13.2616	631.497	612.038
13.2735	631.109	611.651
13.2855	630.72	611.263
13.2974	630.332	610.876
13.3093	629.944	610.489
13.3213	629.556	610.101
13.3332	629.168	609.714
13.3451	628.78	609.327
13.3571	628.392	608.939
13.369	628.004	608.552
13.381	627.616	608.165
13.3929	627.228	607.777
13.4048	626.84	607.39
13.4168	626.453	607.003
13.4287	626.065	606.615
13.4406	625.677	606.228
13.4526	625.289	605.841
13.4645	624.901	605.453
13.4764	624.514	605.066
13.4884	624.126	604.679
13.5003	623.738	604.291
13.5123	623.35	603.904
13.5242	622.963	603.517
13.5361	622.575	603.129
13.5481	622.187	602.742
13.56	621.8	602.355
13.5719	621.412	601.967
13.5839	621.025	601.58
13.5958	620.637	601.193
13.6077	620.25	600.805
13.6197	619.862	600.418
13.6316	619.475	600.03
13.6436	619.087	599.643
13.6555	618.7	599.256
13.6674	618.312	598.868
13.6794	617.925	598.481
13.6913	617.537	598.094
13.7032	617.15	597.706
13.7152	616.762	597.319
13.7271	616.375	596.931
13.7391	615.987	596.544
13.751	615.6	596.156
13.7629	615.213	595.769
13.7749	614.825	595.381
13.7868	614.438	594.994
13.7987	614.051	594.607
13.8107	613.663	594.219
13.8226	613.276	593.832
13.8345	612.889	593.444
13.8465	612.501	593.057
13.8584	612.114	592.669
13.8704	611.727	592.281
13.8823	611.339	591.894
13.8942	610.952	591.506
13.9062	610.565	591.119
13.9181	610.177	590.731
13.93	609.79	590.344
13.942	609.403	589.956
13.9539	609.015	589.568
13.9658	608.628	589.181
13.9778	608.241	588.793
13.9897	607.854	588.406
14.0017	607.466	588.018
14.0136	607.079	587.63
14.0255	606.692	587.243
14.0375	606.304	586.855
14.0494	605.917	586.467
14.0613	605.53	586.08
14.0733	605.143	585.692
14.0852	604.755	585.304
14.0971	604.368	584.916
14.1091	603.981	584.529
14.121	603.593	584.141
14.133	603.206	583.753
14.1449	602.819	583.365
14.1568	602.432	582.977
14.1688	602.044	582.59
14.1807	601.657	582.202
14.1926	601.27	581.814
14.2046	600.882	581.426
14.2165	600.495	581.038
14.2285	600.108	580.65
14.2404	599.72	580.262
14.2523	599.333	579.874
14.2643	598.946	579.486
14.2762	598.558	579.099
14.2881	598.171	578.711
14.3001	597.784	578.323
14.312	597.396	577.935
14.3239	597.009	577.547
14.3359	596.622	577.159
14.3478	596.234	576.771
14.3598	595.847	576.383
14.3717	595.459	575.994
14.3836	595.072	575.606
14.3956	594.685	575.218
14.4075	594.297	574.83
14.4194	593.91	574.442
14.4314	593.522	574.054
14.4433	593.135	573.666
14.4552	592.747	573.278
14.4672	592.36	572.889
14.4791	591.972	572.501
14.4911	591.585	572.113
14.503	591.197	571.725
14.5149	590.81	571.337
14.5269	590.422	570.948
14.5388	590.035	570.56
14.5507	589.647	570.172
14.5627	589.26	569.784
14.5746	588.872	569.395
14.5866	588.485	569.007
14.5985	588.097	568.619
14.6104	587.71	568.23
14.6224	587.322	567.842
14.6343	586.934	567.454
14.6462	586.547	567.065
14.6582	586.159	566.677
14.6701	585.771	566.289
14.682	585.384	565.9
14.694	584.996	565.512
14.7059	584.608	565.123
14.7179	584.221	564.735
14.7298	583.833	564.346
14.7417	583.445	563.958
14.7537	583.058	563.569
14.7656	582.67	563.181
14.7775	582.282	562.792
14.7895	581.894	562.404
14.8014	581.506	562.015
14.8133	581.119	561.627
14.8253	580.731	561.238
14.8372	580.343	560.85
14.8492	579.955	560.461
14.8611	579.567	560.072
14.873	579.179	559.684
14.885	578.792	559.295
14.8969	578.404	558.907
14.9088	578.016	558.518
14.9208	577.628	558.129
14.9327	577.24	557.741
14.9446	576.852	557.352
14.9566	576.464	556.963
14.9685	576.076	556.575
14.9805	575.688	556.186
14.9924	575.3	555.797
15.0043	574.912	555.409
15.0163	574.524	555.02
15.0282	574.136	554.631
15.0401	573.748	554.242
15.0521	573.36	553.854
15.064	572.972	553.465
15.076	572.584	553.076
15.0879	572.196	552.687
15.0998	571.807	552.299
15.1118	571.419	551.91
15.1237	571.031	551.521
15.1356	570.643	551.132
15.1476	570.255	550.743
15.1595	569.867	550.355
15.1714	569.478	549.966
15.1834	569.09	549.577
15.1953	568.702	549.188
15.2073	568.314	548.799
15.2192	567.926	548.41
15.2311	567.537	548.021
15.2431	567.149	547.633
15.255	566.761	547.244
15.2669	566.372	546.855
15.2789	565.984	546.466
15.2908	565.596	546.077
15.3027	565.207	545.688
15.3147	564.819	545.299
15.3266	564.431	544.911
15.3386	564.042	544.522
15.3505	563.654	544.133
15.3624	563.265	543.744
15.3744	562.877	543.355
15.3863	562.489	542.966
15.3982	562.1	542.577
15.4102	561.712	542.188
15.4221	561.323	541.799
15.4341	560.935	541.411
15.446	560.546	541.022
15.4579	560.158	540.633
15.4699	559.769	540.244
15.4818	559.381	539.855
15.4937	558.992	539.466
15.5057	558.604	539.077
15.5176	558.215	538.688
15.5295	557.827	538.299
15.5415	557.438	537.911
15.5534	557.05	537.522
15.5654	556.661	537.133
15.5773	556.272	536.744
15.5892	555.884	536.355
15.6012	555.495	535.966
15.6131	555.107	535.577
15.625	554.718	535.189
15.637	554.329	534.8
15.6489	553.941	534.411
15.6608	553.552	534.022
15.6728	553.163	533.633
15.6847	552.775	533.244
15.6967	552.386	532.856
15.7086	551.997	532.467
15.7205	551.609	532.078
15.7325	551.22	531.689
15.7444	550.831	531.3
15.7563	550.443	530.912
15.7683	550.054	530.523
15.7802	549.665	530.134
15.7921	549.276	529.745
15.8041	548.888	529.357
15.816	548.499	528.968
15.828	548.11	528.579
15.8399	547.721	528.191
15.8518	547.333	527.802
15.8638	546.944	527.413
15.8757	546.555	527.025
15.8876	546.166	526.636
15.8996	545.778	526.248
15.9115	545.389	525.859
15.9235	545	525.47
15.9354	544.611	525.082
15.9473	544.223	524.693
15.9593	543.834	524.305
15.9712	543.445	523.916
15.9831	543.056	523.528
15.9951	542.668	523.139
16.007	542.279	522.751
16.0189	541.89	522.362
16.0309	541.501	521.974
16.0428	541.112	521.586
16.0548	540.724	521.197
16.0667	540.335	520.809
16.0786	539.946	520.421
16.0906	539.557	520.032
16.1025	539.169	519.644
16.1144	538.78	519.256
16.1264	538.391	518.868
16.1383	538.002	518.479
16.1502	537.614	518.091
16.1622	537.225	517.703
16.1741	536.836	517.315
16.1861	536.447	516.927
16.198	536.059	516.539
16.2099	535.67	516.151
16.2219	535.281	515.763
16.2338	534.893	515.375
16.2457	534.504	514.987
16.2577	534.115	514.599
16.2696	533.726	514.211
16.2816	533.338	513.823
16.2935	532.949	513.435
16.3054	532.56	513.047
16.3174	532.172	512.66
16.3293	531.783	512.272
16.3412	531.395	511.884
16.3532	531.006	511.497
16.3651	530.617	511.109
16.377	530.229	510.721
16.389	529.84	510.334
16.4009	529.452	509.946
16.4129	529.063	509.559
16.4248	528.674	509.172
16.4367	528.286	508.784
16.4487	527.897	508.397
16.4606	527.509	508.01
16.4725	527.12	507.622
16.4845	526.732	507.235
16.4964	526.343	506.848
16.5083	525.955	506.461
16.5203	525.567	506.074
16.5322	525.178	505.687
16.5442	524.79	505.3
16.5561	524.401	504.913
16.568	524.013	504.526
16.58	523.625	504.139
16.5919	523.236	503.752
16.6038	522.848	503.365
16.6158	522.46	502.979
16.6277	522.072	502.592
16.6396	521.683	502.206
16.6516	521.295	501.819
16.6635	520.907	501.433
16.6755	520.519	501.046
16.6874	520.131	500.66
16.6993	519.742	500.273
16.7113	519.354	499.887
16.7232	518.966	499.501
16.7351	518.578	499.115
16.7471	518.19	498.729
16.759	517.802	498.343
16.771	517.414	497.957
16.7829	517.026	497.571
16.7948	516.639	497.185
16.8068	516.251	496.799
16.8187	515.863	496.413
16.8306	515.475	496.028
16.8426	515.087	495.642
16.8545	514.699	495.257
16.8664	514.312	494.871
16.8784	513.924	494.486
16.8903	513.536	494.1
16.9023	513.149	493.715
16.9142	512.761	493.33
16.9261	512.374	492.945
16.9381	511.986	492.56
16.95	511.599	492.175
16.9619	511.211	491.79
16.9739	510.824	491.405
16.9858	510.436	491.02
16.9977	510.049	490.636
17.0097	509.662	490.251
17.0216	509.275	489.866
17.0336	508.887	489.482
17.0455	508.5	489.098
17.0574	508.113	488.713
17.0694	507.726	488.329
17.0813	507.339	487.945
17.0932	506.952	487.561
17.1052	506.565	487.177
17.1171	506.178	486.793
17.1291	505.791	486.409
17.141	505.405	486.026
17.1529	505.018	485.642
17.1649	504.631	485.258
17.1768	504.244	484.875
17.1887	503.858	484.492
17.2007	503.471	484.108
17.2126	503.085	483.725
17.2245	502.698	483.342
17.2365	502.312	482.959
17.2484	501.926	482.576
17.2604	501.539	482.193
17.2723	501.153	481.811
17.2842	500.767	481.428
17.2962	500.381	481.045
17.3081	499.995	480.663
17.32	499.609	480.281
17.332	499.223	479.899
17.3439	498.837	479.516
17.3558	498.451	479.134
17.3678	498.065	478.753
17.3797	497.68	478.371
17.3917	497.294	477.989
17.4036	496.908	477.607
17.4155	496.523	477.226
17.4275	496.137	476.845
17.4394	495.752	476.463
17.4513	495.367	476.082
17.4633	494.981	475.701
17.4752	494.596	475.32
17.4871	494.211	474.939
17.4991	493.826	474.559
17.511	493.441	474.178
17.523	493.056	473.798
17.5349	492.671	473.417
17.5468	492.286	473.037
17.5588	491.902	472.657
17.5707	491.517	472.277
17.5826	491.133	471.897
17.5946	490.748	471.517
17.6065	490.364	471.138
17.6185	489.979	470.758
17.6304	489.595	470.379
17.6423	489.211	470
17.6543	488.827	469.621
17.6662	488.443	469.242
17.6781	488.059	468.863
17.6901	487.675	468.484
17.702	487.291	468.106
17.7139	486.908	467.727
17.7259	486.524	467.349
17.7378	486.141	466.971
17.7498	485.757	466.593
17.7617	485.374	466.215
17.7736	484.991	465.837
17.7856	484.608	465.459
17.7975	484.225	465.082
17.8094	483.842	464.705
17.8214	483.459	464.327
17.8333	483.076	463.95
17.8452	482.693	463.573
17.8572	482.311	463.197
17.8691	481.928	462.82
17.8811	481.546	462.444
17.893	481.164	462.067
17.9049	480.781	461.691
17.9169	480.399	461.315
17.9288	480.017	460.939
17.9407	479.636	460.564
17.9527	479.254	460.188
17.9646	478.872	459.813
17.9766	478.491	459.438
17.9885	478.109	459.063
18.0004	477.728	458.688
18.0124	477.346	458.313
18.0243	476.965	457.939
18.0362	476.584	457.564
18.0482	476.203	457.19
18.0601	475.823	456.816
18.072	475.442	456.442
18.084	475.061	456.068
18.0959	474.681	455.695
18.1079	474.301	455.321
18.1198	473.92	454.948
18.1317	473.54	454.575
18.1437	473.16	454.202
18.1556	472.78	453.83
18.1675	472.401	453.457
18.1795	472.021	453.085
18.1914	471.642	452.713
18.2033	471.262	452.341
18.2153	470.883	451.969
18.2272	470.504	451.598
18.2392	470.125	451.226
18.2511	469.746	450.855
18.263	469.367	450.484
18.275	468.989	450.113
18.2869	468.61	449.743
18.2988	468.232	449.372
18.3108	467.854	449.002
18.3227	467.476	448.632
18.3346	467.098	448.262
18.3466	466.72	447.893
18.3585	466.342	447.523
18.3705	465.965	447.154
18.3824	465.587	446.785
18.3943	465.21	446.416
18.4063	464.833	446.048
18.4182	464.456	445.679
18.4301	464.079	445.311
18.4421	463.703	444.943
18.454	463.326	444.575
18.466	462.95	444.208
18.4779	462.574	443.84
18.4898	462.198	443.473
18.5018	461.822	443.106
18.5137	461.446	442.74
18.5256	461.07	442.373
18.5376	460.695	442.007
18.5495	460.32	441.641
18.5614	459.945	441.275
18.5734	459.57	440.909
18.5853	459.195	440.544
18.5973	458.82	440.179
18.6092	458.446	439.814
18.6211	458.072	439.449
18.6331	457.697	439.085
18.645	457.324	438.721
18.6569	456.95	438.357
18.6689	456.576	437.993
18.6808	456.203	437.63
18.6927	455.829	437.266
18.7047	455.456	436.903
18.7166	455.083	436.541
18.7286	454.711	436.178
18.7405	454.338	435.816
18.7524	453.966	435.454
18.7644	453.593	435.092
18.7763	453.221	434.73
18.7882	452.85	434.369
18.8002	452.478	434.008
18.8121	452.106	433.647
18.8241	451.735	433.287
18.836	451.364	432.926
18.8479	450.993	432.566
18.8599	450.622	432.207
18.8718	450.252	431.847
18.8837	449.881	431.488
18.8957	449.511	431.129
18.9076	449.141	430.77
18.9195	448.772	430.412
18.9315	448.402	430.054
18.9434	448.033	429.696
18.9554	447.664	429.338
18.9673	447.295	428.981
18.9792	446.926	428.624
18.9912	446.557	428.267
19.0031	446.189	427.91
19.015	445.821	427.554
19.027	445.453	427.198
19.0389	445.085	426.842
19.0508	444.718	426.487
19.0628	444.35	426.132
19.0747	443.983	425.777
19.0867	443.616	425.422
19.0986	443.25	425.068
19.1105	442.883	424.714
19.1225	442.517	424.36
19.1344	442.151	424.007
19.1463	441.785	423.654
19.1583	441.42	423.301
19.1702	441.054	422.948
19.1821	440.689	422.596
19.1941	440.324	422.244
19.206	439.96	421.893
19.218	439.595	421.541
19.2299	439.231	421.19
19.2418	438.867	420.84
19.2538	438.503	420.489
19.2657	438.14	420.139
19.2776	437.777	419.789
19.2896	437.414	419.44
19.3015	437.051	419.091
19.3135	436.688	418.742
19.3254	436.326	418.393
19.3373	435.964	418.045
19.3493	435.602	417.697
19.3612	435.241	417.35
19.3731	434.879	417.002
19.3851	434.518	416.655
19.397	434.158	416.309
19.4089	433.797	415.963
19.4209	433.437	415.617
19.4328	433.077	415.271
19.4448	432.717	414.926
19.4567	432.357	414.581
19.4686	431.998	414.236
19.4806	431.639	413.892
19.4925	431.28	413.548
19.5044	430.922	413.204
19.5164	430.564	412.861
19.5283	430.206	412.518
19.5402	429.848	412.176
19.5522	429.491	411.833
19.5641	429.134	411.491
19.5761	428.777	411.15
19.588	428.42	410.809
19.5999	428.064	410.468
19.6119	427.708	410.127
19.6238	427.352	409.787
19.6357	426.996	409.448
19.6477	426.641	409.108
19.6596	426.286	408.769
19.6716	425.932	408.43
19.6835	425.577	408.092
19.6954	425.223	407.754
19.7074	424.87	407.416
19.7193	424.516	407.079
19.7312	424.163	406.742
19.7432	423.81	406.406
19.7551	423.457	406.07
19.767	423.105	405.734
19.779	422.753	405.399
19.7909	422.401	405.063
19.8029	422.05	404.729
19.8148	421.699	404.395
19.8267	421.348	404.061
19.8387	420.998	403.727
19.8506	420.647	403.394
19.8625	420.298	403.061
19.8745	419.948	402.729
19.8864	419.599	402.397
19.8983	419.25	402.065
19.9103	418.901	401.734
19.9222	418.553	401.403
19.9342	418.205	401.073
19.9461	417.857	400.743
19.958	417.51	400.413
19.97	417.163	400.084
19.9819	416.816	399.755
19.9938	416.47	399.427
20.0058	416.124	399.099
20.0177	415.778	398.771
20.0296	415.432	398.444
20.0416	415.087	398.117
20.0535	414.743	397.791
20.0655	414.398	397.465
20.0774	414.054	397.139
20.0893	413.71	396.814
20.1013	413.367	396.49
20.1132	413.024	396.165
20.1251	412.681	395.841
20.1371	412.339	395.518
20.149	411.997	395.195
20.161	411.655	394.872
20.1729	411.314	394.55
20.1848	410.973	394.228
20.1968	410.632	393.907
20.2087	410.292	393.586
20.2206	409.952	393.265
20.2326	409.612	392.945
20.2445	409.273	392.625
20.2564	408.934	392.306
20.2684	408.595	391.987
20.2803	408.257	391.669
20.2923	407.919	391.351
20.3042	407.582	391.034
20.3161	407.245	390.716
20.3281	406.908	390.4
20.34	406.572	390.084
20.3519	406.236	389.768
20.3639	405.9	389.453
20.3758	405.565	389.138
20.3877	405.23	388.823
20.3997	404.896	388.509
20.4116	404.562	388.196
20.4236	404.228	387.883
20.4355	403.895	387.57
20.4474	403.562	387.258
20.4594	403.229	386.947
20.4713	402.897	386.635
20.4832	402.565	386.325
20.4952	402.234	386.014
20.5071	401.903	385.704
20.5191	401.572	385.395
20.531	401.242	385.086
20.5429	400.912	384.778
20.5549	400.582	384.47
20.5668	400.253	384.162
20.5787	399.925	383.855
20.5907	399.596	383.549
20.6026	399.268	383.242
20.6145	398.941	382.937
20.6265	398.614	382.632
20.6384	398.287	382.327
20.6504	397.961	382.023
20.6623	397.635	381.719
20.6742	397.31	381.416
20.6862	396.985	381.113
20.6981	396.66	380.811
20.71	396.336	380.509
20.722	396.012	380.208
20.7339	395.689	379.907
20.7458	395.366	379.606
20.7578	395.043	379.307
20.7697	394.721	379.007
20.7817	394.399	378.708
20.7936	394.078	378.41
20.8055	393.757	378.112
20.8175	393.437	377.815
20.8294	393.117	377.518
20.8413	392.797	377.221
20.8533	392.478	376.926
20.8652	392.159	376.63
20.8771	391.841	376.335
20.8891	391.523	376.041
20.901	391.206	375.747
20.913	390.889	375.454
20.9249	390.572	375.161
20.9368	390.256	374.868
20.9488	389.94	374.576
20.9607	389.625	374.285
20.9726	389.31	373.994
20.9846	388.996	373.704
20.9965	388.682	373.414
21.0085	388.369	373.125
21.0204	388.056	372.836
21.0323	387.743	372.548
21.0443	387.431	372.26
21.0562	387.12	371.973
21.0681	386.809	371.686
21.0801	386.498	371.4
21.092	386.188	371.114
21.1039	385.878	370.829
21.1159	385.568	370.544
21.1278	385.26	370.26
21.1398	384.951	369.977
21.1517	384.643	369.694
21.1636	384.336	369.411
21.1756	384.029	369.129
21.1875	383.722	368.848
21.1994	383.416	368.567
21.2114	383.111	368.286
21.2233	382.806	368.007
21.2352	382.501	367.727
21.2472	382.197	367.448
21.2591	381.893	367.17
21.2711	381.59	366.893
21.283	381.287	366.615
21.2949	380.985	366.339
21.3069	380.683	366.063
21.3188	380.382	365.787
21.3307	380.081	365.512
21.3427	379.781	365.238
21.3546	379.481	364.964
21.3666	379.181	364.69
21.3785	378.883	364.418
21.3904	378.584	364.145
21.4024	378.286	363.874
21.4143	377.989	363.602
21.4262	377.692	363.332
21.4382	377.396	363.062
21.4501	377.1	362.792
21.462	376.804	362.523
21.474	376.509	362.255
21.4859	376.215	361.987
21.4979	375.921	361.72
21.5098	375.628	361.453
21.5217	375.335	361.187
21.5337	375.043	360.921
21.5456	374.751	360.656
21.5575	374.459	360.392
21.5695	374.168	360.128
21.5814	373.878	359.864
21.5933	373.588	359.601
21.6053	373.299	359.339
21.6172	373.01	359.077
21.6292	372.722	358.816
21.6411	372.434	358.556
21.653	372.147	358.296
21.665	371.86	358.036
21.6769	371.574	357.778
21.6888	371.288	357.519
21.7008	371.003	357.262
21.7127	370.718	357.004
21.7246	370.434	356.748
21.7366	370.15	356.492
21.7485	369.867	356.236
21.7605	369.585	355.982
21.7724	369.303	355.727
21.7843	369.021	355.474
21.7963	368.74	355.221
21.8082	368.46	354.968
21.8201	368.18	354.716
21.8321	367.9	354.465
21.844	367.622	354.214
21.856	367.343	353.964
21.8679	367.065	353.714
21.8798	366.788	353.465
21.8918	366.512	353.216
21.9037	366.235	352.969
21.9156	365.96	352.721
21.9276	365.685	352.474
21.9395	365.41	352.228
21.9514	365.136	351.983
21.9634	364.863	351.738
21.9753	364.59	351.493
21.9873	364.317	351.25
21.9992	364.046	351.006
22.0111	363.774	350.764
22.0231	363.504	350.522
22.035	363.233	350.28
22.0469	362.964	350.039
22.0589	362.695	349.799
22.0708	362.426	349.559
22.0827	362.158	349.32
22.0947	361.891	349.082
22.1066	361.624	348.844
22.1186	361.358	348.607
22.1305	361.092	348.37
22.1424	360.827	348.134
22.1544	360.562	347.898
22.1663	360.298	347.663
22.1782	360.035	347.429
22.1902	359.772	347.195
22.2021	359.509	346.962
22.2141	359.247	346.73
22.226	358.986	346.498
22.2379	358.725	346.266
22.2499	358.465	346.035
22.2618	358.206	345.805
22.2737	357.947	345.576
22.2857	357.688	345.347
22.2976	357.43	345.118
22.3095	357.173	344.891
22.3215	356.916	344.663
22.3334	356.66	344.437
22.3454	356.405	344.211
22.3573	356.15	343.986
22.3692	355.895	343.761
22.3812	355.641	343.537
22.3931	355.388	343.313
22.405	355.135	343.09
22.417	354.883	342.868
22.4289	354.632	342.646
22.4408	354.381	342.425
22.4528	354.13	342.204
22.4647	353.881	341.984
22.4767	353.631	341.765
22.4886	353.383	341.546
22.5005	353.135	341.328
22.5125	352.887	341.111
22.5244	352.64	340.894
22.5363	352.394	340.677
22.5483	352.148	340.462
22.5602	351.903	340.247
22.5721	351.658	340.032
22.5841	351.414	339.818
22.596	351.171	339.605
22.608	350.928	339.392
22.6199	350.686	339.18
22.6318	350.444	338.969
22.6438	350.203	338.758
22.6557	349.963	338.547
22.6676	349.723	338.338
22.6796	349.483	338.129
22.6915	349.245	337.92
22.7035	349.007	337.712
22.7154	348.769	337.505
22.7273	348.532	337.299
22.7393	348.296	337.093
22.7512	348.06	336.887
22.7631	347.825	336.682
22.7751	347.59	336.478
22.787	347.356	336.274
22.7989	347.123	336.071
22.8109	346.89	335.869
22.8228	346.658	335.667
22.8348	346.426	335.466
22.8467	346.195	335.266
22.8586	345.965	335.066
22.8706	345.735	334.866
22.8825	345.506	334.668
22.8944	345.277	334.469
22.9064	345.049	334.272
22.9183	344.822	334.075
22.9302	344.595	333.879
22.9422	344.369	333.683
22.9541	344.143	333.488
22.9661	343.918	333.293
22.978	343.694	333.099
22.9899	343.47	332.906
23.0019	343.247	332.713
23.0138	343.024	332.521
23.0257	342.802	332.33
23.0377	342.581	332.139
23.0496	342.36	331.949
23.0616	342.14	331.759
23.0735	341.92	331.57
23.0854	341.701	331.382
23.0974	341.483	331.194
23.1093	341.265	331.006
23.1212	341.047	330.82
23.1332	340.831	330.634
23.1451	340.615	330.448
23.157	340.399	330.264
23.169	340.185	330.079
23.1809	339.97	329.896
23.1929	339.757	329.713
23.2048	339.544	329.53
23.2167	339.332	329.348
23.2287	339.12	329.167
23.2406	338.909	328.987
23.2525	338.698	328.807
23.2645	338.488	328.627
23.2764	338.279	328.448
23.2883	338.07	328.27
23.3003	337.862	328.093
23.3122	337.654	327.915
23.3242	337.447	327.739
23.3361	337.241	327.563
23.348	337.035	327.388
23.36	336.83	327.213
23.3719	336.626	327.039
23.3838	336.422	326.866
23.3958	336.218	326.693
23.4077	336.016	326.521
23.4196	335.814	326.349
23.4316	335.612	326.178
23.4435	335.411	326.008
23.4555	335.211	325.838
23.4674	335.011	325.669
23.4793	334.812	325.5
23.4913	334.614	325.332
23.5032	334.416	325.164
23.5151	334.219	324.997
23.5271	334.022	324.831
23.539	333.826	324.665
23.551	333.63	324.5
23.5629	333.436	324.336
23.5748	333.241	324.172
23.5868	333.048	324.008
23.5987	332.855	323.846
23.6106	332.662	323.683
23.6226	332.47	323.522
23.6345	332.279	323.361
23.6464	332.089	323.2
23.6584	331.899	323.04
23.6703	331.709	322.881
23.6823	331.52	322.723
23.6942	331.332	322.564
23.7061	331.145	322.407
23.7181	330.958	322.25
23.73	330.771	322.094
23.7419	330.586	321.938
23.7539	330.4	321.783
23.7658	330.216	321.629
23.7777	330.032	321.476
23.7897	329.848	321.324
23.8016	329.666	321.175
23.8136	329.484	321.028
23.8255	329.302	320.887
23.8374	329.122	320.755
23.8494	328.942	320.64
23.8613	328.767	320.555
23.8732	328.682	320.522
