0	873	871.271
0.0119366	872.971	871.258
0.0238732	872.951	871.223
0.0358099	872.931	871.169
0.0477465	872.91	871.1
0.0596831	872.888	871.019
0.0716197	872.866	870.928
0.0835563	872.842	870.828
0.095493	872.817	870.722
0.10743	872.791	870.611
0.119366	872.764	870.494
0.131303	872.736	870.373
0.143239	872.706	870.248
0.155176	872.675	870.119
0.167113	872.643	869.986
0.179049	872.609	869.85
0.190986	872.574	869.71
0.202923	872.537	869.567
0.214859	872.499	869.42
0.226796	872.459	869.27
0.238732	872.418	869.116
0.250669	872.375	868.959
0.262606	872.331	868.798
0.274542	872.285	868.634
0.286479	872.237	868.466
0.298416	872.188	868.294
0.310352	872.136	868.119
0.322289	872.084	867.94
0.334225	872.029	867.757
0.346162	871.972	867.571
0.358099	871.914	867.381
0.370035	871.853	867.187
0.381972	871.791	866.989
0.393908	871.726	866.787
0.405845	871.66	866.581
0.417782	871.592	866.371
0.429718	871.521	866.158
0.441655	871.449	865.94
0.453592	871.374	865.718
0.465528	871.297	865.493
0.477465	871.218	865.263
0.489401	871.137	865.029
0.501338	871.053	864.791
0.513275	870.967	864.548
0.525211	870.879	864.302
0.537148	870.789	864.051
0.549085	870.696	863.796
0.561021	870.6	863.537
0.572958	870.502	863.273
0.584894	870.402	863.005
0.596831	870.299	862.732
0.608768	870.194	862.455
0.620704	870.085	862.174
0.632641	869.975	861.888
0.644578	869.861	861.598
0.656514	869.745	861.303
0.668451	869.626	861.004
0.680387	869.505	860.7
0.692324	869.38	860.392
0.704261	869.253	860.078
0.716197	869.123	859.761
0.728134	868.99	859.438
0.74007	868.854	859.111
0.752007	868.714	858.779
0.763944	868.572	858.443
0.77588	868.427	858.102
0.787817	868.279	857.756
0.799754	868.128	857.405
0.81169	867.974	857.049
0.823627	867.816	856.688
0.835563	867.655	856.323
0.8475	867.491	855.953
0.859437	867.324	855.578
0.871373	867.153	855.198
0.88331	866.979	854.813
0.895247	866.802	854.423
0.907183	866.621	854.028
0.91912	866.437	853.628
0.931056	866.249	853.223
0.942993	866.058	852.814
0.95493	865.863	852.399
0.966866	865.665	851.979
0.978803	865.463	851.554
0.99074	865.258	851.124
1.00268	865.049	850.689
1.01461	864.836	850.249
1.02655	864.619	849.803
1.03849	864.399	849.353
1.05042	864.175	848.898
1.06236	863.947	848.437
1.0743	863.715	847.971
1.08623	863.479	847.5
1.09817	863.24	847.024
1.11011	862.997	846.543
1.12204	862.749	846.057
1.13398	862.498	845.565
1.14592	862.242	845.068
1.15785	861.983	844.566
1.16979	861.72	844.059
1.18173	861.452	843.547
1.19366	861.18	843.029
1.2056	860.904	842.507
1.21754	860.624	841.979
1.22947	860.34	841.445
1.24141	860.052	840.907
1.25335	859.759	840.363
1.26528	859.462	839.815
1.27722	859.161	839.261
1.28916	858.855	838.701
1.30109	858.545	838.137
1.31303	858.231	837.567
1.32496	857.912	836.992
1.3369	857.589	836.412
1.34884	857.261	835.827
1.36077	856.929	835.236
1.37271	856.593	834.64
1.38465	856.252	834.04
1.39658	855.906	833.433
1.40852	855.556	832.822
1.42046	855.201	832.206
1.43239	854.842	831.584
1.44433	854.478	830.957
1.45627	854.109	830.325
1.4682	853.736	829.688
1.48014	853.358	829.046
1.49208	852.976	828.398
1.50401	852.588	827.746
1.51595	852.196	827.088
1.52789	851.8	826.425
1.53982	851.398	825.757
1.55176	850.992	825.085
1.5637	850.581	824.407
1.57563	850.165	823.724
1.58757	849.744	823.035
1.59951	849.319	822.342
1.61144	848.888	821.644
1.62338	848.453	820.941
1.63532	848.013	820.233
1.64725	847.568	819.52
1.65919	847.118	818.802
1.67113	846.663	818.079
1.68306	846.204	817.352
1.695	845.739	816.619
1.70694	845.27	815.881
1.71887	844.795	815.139
1.73081	844.316	814.392
1.74275	843.831	813.64
1.75468	843.342	812.883
1.76662	842.847	812.121
1.77856	842.348	811.355
1.79049	841.843	810.584
1.80243	841.334	809.808
1.81437	840.82	809.028
1.8263	840.3	808.243
1.83824	839.776	807.453
1.85018	839.246	806.659
1.86211	838.712	805.86
1.87405	838.172	805.057
1.88599	837.628	804.249
1.89792	837.078	803.436
1.90986	836.523	802.619
1.9218	835.964	801.798
1.93373	835.399	800.972
1.94567	834.829	800.142
1.95761	834.254	799.307
1.96954	833.675	798.469
1.98148	833.09	797.625
1.99342	832.5	796.778
2.00535	831.905	795.926
2.01729	831.305	795.071
2.02923	830.7	794.211
2.04116	830.09	793.346
2.0531	829.475	792.478
2.06504	828.855	791.606
2.07697	828.23	790.729
2.08891	827.6	789.849
2.10085	826.965	788.965
2.11278	826.325	788.076
2.12472	825.68	787.184
2.13666	825.03	786.288
2.14859	824.375	785.388
2.16053	823.715	784.484
2.17246	823.05	783.577
2.1844	822.38	782.666
2.19634	821.706	781.751
2.20827	821.026	780.832
2.22021	820.342	779.91
2.23215	819.652	778.984
2.24408	818.958	778.055
2.25602	818.259	777.122
2.26796	817.555	776.185
2.27989	816.846	775.246
2.29183	816.132	774.303
2.30377	815.414	773.356
2.3157	814.691	772.406
2.32764	813.963	771.453
2.33958	813.23	770.497
2.35151	812.493	769.537
2.36345	811.75	768.575
2.37539	811.004	767.609
2.38732	810.252	766.64
2.39926	809.496	765.668
2.4112	808.735	764.693
2.42313	807.969	763.715
2.43507	807.199	762.735
2.44701	806.425	761.751
2.45894	805.645	760.765
2.47088	804.862	759.775
2.48282	804.073	758.784
2.49475	803.281	757.789
2.50669	802.483	756.792
2.51863	801.682	755.792
2.53056	800.876	754.789
2.5425	800.065	753.784
2.55444	799.25	752.777
2.56637	798.431	751.767
2.57831	797.607	750.755
2.59025	796.78	749.74
2.60218	795.947	748.723
2.61412	795.111	747.704
2.62606	794.271	746.682
2.63799	793.426	745.659
2.64993	792.577	744.633
2.66187	791.724	743.605
2.6738	790.867	742.576
2.68574	790.006	741.544
2.69768	789.141	740.51
2.70961	788.271	739.474
2.72155	787.398	738.437
2.73349	786.521	737.397
2.74542	785.64	736.356
2.75736	784.755	735.313
2.7693	783.866	734.269
2.78123	782.974	733.223
2.79317	782.078	732.175
2.80511	781.178	731.126
2.81704	780.274	730.075
2.82898	779.366	729.023
2.84092	778.455	727.969
2.85285	777.54	726.914
2.86479	776.622	725.858
2.87673	775.7	724.8
2.88866	774.775	723.741
2.9006	773.846	722.681
2.91254	772.914	721.62
2.92447	771.978	720.557
2.93641	771.04	719.494
2.94835	770.097	718.43
2.96028	769.152	717.364
2.97222	768.203	716.298
2.98416	767.251	715.231
2.99609	766.296	714.163
3.00803	765.337	713.094
3.01997	764.376	712.025
3.0319	763.412	710.955
3.04384	762.444	709.884
3.05577	761.474	708.812
3.06771	760.5	707.74
3.07965	759.524	706.668
3.09158	758.545	705.595
3.10352	757.563	704.521
3.11546	756.579	703.447
3.12739	755.591	702.373
3.13933	754.601	701.298
3.15127	753.608	700.223
3.1632	752.613	699.148
3.17514	751.615	698.073
3.18708	750.615	696.998
3.19901	749.612	695.922
3.21095	748.607	694.846
3.22289	747.599	693.771
3.23482	746.589	692.695
3.24676	745.577	691.62
3.2587	744.562	690.544
3.27063	743.545	689.469
3.28257	742.526	688.394
3.29451	741.505	687.319
3.30644	740.482	686.244
3.31838	739.456	685.17
3.33032	738.429	684.096
3.34225	737.4	683.022
3.35419	736.368	681.949
3.36613	735.335	680.876
3.37806	734.3	679.804
3.39	733.264	678.732
3.40194	732.225	677.661
3.41387	731.185	676.591
3.42581	730.143	675.521
3.43775	729.1	674.452
3.44968	728.055	673.383
3.46162	727.008	672.315
3.47356	725.96	671.248
3.48549	724.911	670.182
3.49743	723.86	669.117
3.50937	722.808	668.052
3.5213	721.754	666.989
3.53324	720.699	665.926
3.54518	719.643	664.865
3.55711	718.586	663.804
3.56905	717.528	662.745
3.58099	716.468	661.687
3.59292	715.408	660.63
3.60486	714.346	659.574
3.6168	713.284	658.519
3.62873	712.221	657.465
3.64067	711.156	656.413
3.65261	710.091	655.362
3.66454	709.026	654.312
3.67648	707.959	653.264
3.68842	706.892	652.217
3.70035	705.824	651.171
3.71229	704.755	650.127
3.72423	703.686	649.084
3.73616	702.617	648.043
3.7481	701.546	647.004
3.76004	700.476	645.966
3.77197	699.405	644.929
3.78391	698.334	643.894
3.79585	697.262	642.861
3.80778	696.19	641.829
3.81972	695.118	640.8
3.83166	694.046	639.771
3.84359	692.973	638.745
3.85553	691.901	637.72
3.86747	690.828	636.698
3.8794	689.755	635.677
3.89134	688.683	634.657
3.90327	687.61	633.64
3.91521	686.537	632.625
3.92715	685.465	631.611
3.93908	684.393	630.6
3.95102	683.321	629.59
3.96296	682.249	628.582
3.97489	681.178	627.577
3.98683	680.106	626.573
3.99877	679.036	625.572
4.0107	677.965	624.572
4.02264	676.895	623.575
4.03458	675.826	622.58
4.04651	674.757	621.587
4.05845	673.689	620.596
4.07039	672.621	619.607
4.08232	671.554	618.62
4.09426	670.488	617.636
4.1062	669.422	616.654
4.11813	668.357	615.674
4.13007	667.293	614.696
4.14201	666.229	613.72
4.15394	665.167	612.747
4.16588	664.105	611.776
4.17782	663.045	610.808
4.18975	661.985	609.842
4.20169	660.926	608.878
4.21363	659.868	607.916
4.22556	658.812	606.957
4.2375	657.756	606.001
4.24944	656.702	605.046
4.26137	655.649	604.094
4.27331	654.597	603.145
4.28525	653.546	602.198
4.29718	652.496	601.253
4.30912	651.448	600.311
4.32106	650.401	599.372
4.33299	649.355	598.434
4.34493	648.311	597.5
4.35687	647.268	596.568
4.3688	646.227	595.638
4.38074	645.187	594.711
4.39268	644.148	593.786
4.40461	643.111	592.864
4.41655	642.076	591.945
4.42849	641.042	591.028
4.44042	640.01	590.114
4.45236	638.98	589.202
4.4643	637.951	588.293
4.47623	636.924	587.386
4.48817	635.898	586.482
4.50011	634.875	585.581
4.51204	633.853	584.682
4.52398	632.833	583.786
4.53592	631.814	582.892
4.54785	630.798	582.001
4.55979	629.784	581.113
4.57173	628.771	580.227
4.58366	627.76	579.344
4.5956	626.751	578.464
4.60754	625.745	577.586
4.61947	624.74	576.711
4.63141	623.737	575.838
4.64335	622.736	574.969
4.65528	621.738	574.101
4.66722	620.741	573.237
4.67916	619.747	572.375
4.69109	618.754	571.516
4.70303	617.764	570.659
4.71497	616.776	569.805
4.7269	615.79	568.954
4.73884	614.806	568.105
4.75078	613.825	567.26
4.76271	612.845	566.416
4.77465	611.868	565.576
4.78658	610.894	564.738
4.79852	609.921	563.902
4.81046	608.951	563.07
4.82239	607.983	562.24
4.83433	607.018	561.412
4.84627	606.055	560.588
4.8582	605.094	559.766
4.87014	604.135	558.946
4.88208	603.179	558.129
4.89401	602.226	557.315
4.90595	601.275	556.504
4.91789	600.326	555.695
4.92982	599.38	554.889
4.94176	598.436	554.085
4.9537	597.495	553.284
4.96563	596.556	552.485
4.97757	595.619	551.69
4.98951	594.686	550.896
5.00144	593.754	550.106
5.01338	592.826	549.318
5.02532	591.899	548.532
5.03725	590.976	547.749
5.04919	590.055	546.969
5.06113	589.136	546.191
5.07306	588.22	545.416
5.085	587.307	544.644
5.09694	586.396	543.873
5.10887	585.488	543.106
5.12081	584.582	542.341
5.13275	583.679	541.578
5.14468	582.779	540.818
5.15662	581.881	540.061
5.16856	580.986	539.306
5.18049	580.094	538.554
5.19243	579.204	537.804
5.20437	578.317	537.056
5.2163	577.433	536.311
5.22824	576.551	535.568
5.24018	575.672	534.828
5.25211	574.796	534.091
5.26405	573.922	533.355
5.27599	573.051	532.623
5.28792	572.183	531.892
5.29986	571.317	531.164
5.3118	570.454	530.439
5.32373	569.594	529.715
5.33567	568.736	528.994
5.34761	567.881	528.276
5.35954	567.029	527.56
5.37148	566.179	526.846
5.38342	565.333	526.135
5.39535	564.489	525.426
5.40729	563.647	524.719
5.41923	562.808	524.014
5.43116	561.972	523.312
5.4431	561.139	522.612
5.45504	560.309	521.915
5.46697	559.481	521.219
5.47891	558.655	520.526
5.49085	557.833	519.835
5.50278	557.013	519.147
5.51472	556.196	518.46
5.52666	555.381	517.776
5.53859	554.569	517.094
5.55053	553.76	516.414
5.56247	552.954	515.737
5.5744	552.15	515.061
5.58634	551.349	514.388
5.59828	550.55	513.717
5.61021	549.755	513.048
5.62215	548.962	512.381
5.63408	548.171	511.716
5.64602	547.383	511.053
5.65796	546.598	510.393
5.66989	545.815	509.734
5.68183	545.035	509.078
5.69377	544.258	508.423
5.7057	543.483	507.771
5.71764	542.711	507.12
5.72958	541.942	506.472
5.74151	541.175	505.826
5.75345	540.41	505.181
5.76539	539.649	504.539
5.77732	538.89	503.899
5.78926	538.133	503.26
5.8012	537.379	502.624
5.81313	536.627	501.989
5.82507	535.878	501.356
5.83701	535.132	500.726
5.84894	534.388	500.097
5.86088	533.647	499.47
5.87282	532.908	498.845
5.88475	532.172	498.222
5.89669	531.438	497.6
5.90863	530.706	496.981
5.92056	529.977	496.363
5.9325	529.251	495.747
5.94444	528.527	495.133
5.95637	527.806	494.521
5.96831	527.086	493.911
5.98025	526.37	493.302
5.99218	525.656	492.695
6.00412	524.944	492.09
6.01606	524.234	491.486
6.02799	523.527	490.885
6.03993	522.823	490.285
6.05187	522.12	489.687
6.0638	521.42	489.09
6.07574	520.723	488.495
6.08768	520.027	487.902
6.09961	519.335	487.31
6.11155	518.644	486.72
6.12349	517.956	486.132
6.13542	517.269	485.546
6.14736	516.586	484.961
6.1593	515.904	484.377
6.17123	515.225	483.795
6.18317	514.548	483.215
6.19511	513.873	482.637
6.20704	513.201	482.059
6.21898	512.53	481.484
6.23092	511.862	480.91
6.24285	511.196	480.338
6.25479	510.532	479.767
6.26673	509.871	479.197
6.27866	509.211	478.629
6.2906	508.554	478.063
6.30254	507.898	477.498
6.31447	507.245	476.935
6.32641	506.594	476.373
6.33835	505.945	475.812
6.35028	505.298	475.253
6.36222	504.653	474.696
6.37416	504.01	474.14
6.38609	503.369	473.585
6.39803	502.73	473.032
6.40997	502.093	472.48
6.4219	501.458	471.929
6.43384	500.826	471.38
6.44578	500.194	470.832
6.45771	499.565	470.286
6.46965	498.938	469.741
6.48159	498.313	469.197
6.49352	497.689	468.655
6.50546	497.068	468.114
6.51739	496.448	467.575
6.52933	495.83	467.036
6.54127	495.214	466.499
6.5532	494.6	465.964
6.56514	493.988	465.429
6.57708	493.377	464.896
6.58901	492.768	464.364
6.60095	492.161	463.834
6.61289	491.556	463.305
6.62482	490.952	462.777
6.63676	490.35	462.25
6.6487	489.75	461.725
6.66063	489.152	461.2
6.67257	488.555	460.677
6.68451	487.96	460.156
6.69644	487.367	459.635
6.70838	486.775	459.116
6.72032	486.185	458.598
6.73225	485.597	458.081
6.74419	485.01	457.565
6.75613	484.425	457.051
6.76806	483.842	456.538
6.78	483.261	456.025
6.79194	482.681	455.515
6.80387	482.102	455.005
6.81581	481.526	454.496
6.82775	480.951	453.989
6.83968	480.378	453.482
6.85162	479.806	452.977
6.86356	479.236	452.473
6.87549	478.668	451.97
6.88743	478.101	451.469
6.89937	477.537	450.968
6.9113	476.973	450.469
6.92324	476.412	449.97
6.93518	475.852	449.473
6.94711	475.294	448.977
6.95905	474.737	448.481
6.97099	474.182	447.987
6.98292	473.629	447.494
6.99486	473.077	447.002
7.0068	472.527	446.511
7.01873	471.979	446.022
7.03067	471.432	445.533
7.04261	470.887	445.045
7.05454	470.343	444.558
7.06648	469.802	444.073
7.07842	469.261	443.588
7.09035	468.722	443.105
7.10229	468.185	442.622
7.11423	467.65	442.14
7.12616	467.115	441.66
7.1381	466.583	441.18
7.15004	466.052	440.702
7.16197	465.522	440.224
7.17391	464.993	439.747
7.18585	464.467	439.272
7.19778	463.941	438.797
7.20972	463.417	438.323
7.22166	462.894	437.851
7.23359	462.373	437.379
7.24553	461.853	436.908
7.25747	461.334	436.438
7.2694	460.816	435.969
7.28134	460.3	435.501
7.29328	459.785	435.034
7.30521	459.271	434.568
7.31715	458.758	434.103
7.32909	458.247	433.639
7.34102	457.736	433.176
7.35296	457.227	432.714
7.36489	456.719	432.252
7.37683	456.212	431.792
7.38877	455.706	431.333
7.4007	455.201	430.874
7.41264	454.697	430.417
7.42458	454.194	429.96
7.43651	453.692	429.504
7.44845	453.191	429.05
7.46039	452.691	428.596
7.47232	452.192	428.143
7.48426	451.695	427.691
7.4962	451.198	427.24
7.50813	450.702	426.79
7.52007	450.206	426.341
7.53201	449.712	425.893
7.54394	449.219	425.445
7.55588	448.727	424.999
7.56782	448.235	424.554
7.57975	447.745	424.109
7.59169	447.256	423.666
7.60363	446.767	423.223
7.61556	446.279	422.781
7.6275	445.792	422.341
7.63944	445.307	421.901
7.65137	444.822	421.462
7.66331	444.337	421.024
7.67525	443.854	420.587
7.68718	443.372	420.151
7.69912	442.891	419.716
7.71106	442.41	419.282
7.72299	441.931	418.849
7.73493	441.452	418.417
7.74687	440.974	417.986
7.7588	440.497	417.555
7.77074	440.021	417.126
7.78268	439.546	416.697
7.79461	439.072	416.27
7.80655	438.599	415.843
7.81849	438.126	415.418
7.83042	437.655	414.993
7.84236	437.184	414.569
7.8543	436.715	414.147
7.86623	436.246	413.725
7.87817	435.778	413.304
7.89011	435.311	412.884
7.90204	434.845	412.465
7.91398	434.38	412.047
7.92592	433.916	411.63
7.93785	433.453	411.214
7.94979	432.99	410.799
7.96173	432.529	410.385
7.97366	432.068	409.971
7.9856	431.609	409.559
7.99754	431.15	409.148
8.00947	430.692	408.737
8.02141	430.235	408.328
8.03335	429.779	407.919
8.04528	429.324	407.512
8.05722	428.87	407.105
8.06916	428.417	406.7
8.08109	427.965	406.295
8.09303	427.513	405.891
8.10497	427.063	405.488
8.1169	426.613	405.087
8.12884	426.165	404.686
8.14078	425.717	404.286
8.15271	425.271	403.887
8.16465	424.825	403.489
8.17659	424.38	403.092
8.18852	423.936	402.696
8.20046	423.493	402.301
8.2124	423.051	401.907
8.22433	422.61	401.513
8.23627	422.17	401.121
8.2482	421.731	400.73
8.26014	421.292	400.34
8.27208	420.855	399.95
8.28401	420.419	399.562
8.29595	419.983	399.174
8.30789	419.549	398.788
8.31982	419.115	398.402
8.33176	418.682	398.018
8.3437	418.251	397.634
8.35563	417.82	397.251
8.36757	417.39	396.87
8.37951	416.961	396.489
8.39144	416.533	396.109
8.40338	416.106	395.73
8.41532	415.68	395.352
8.42725	415.255	394.975
8.43919	414.831	394.599
8.45113	414.408	394.224
8.46306	413.986	393.85
8.475	413.564	393.477
8.48694	413.144	393.105
8.49887	412.725	392.733
8.51081	412.306	392.363
8.52275	411.889	391.994
8.53468	411.472	391.625
8.54662	411.056	391.258
8.55856	410.642	390.891
8.57049	410.228	390.526
8.58243	409.815	390.161
8.59437	409.403	389.798
8.6063	408.993	389.435
8.61824	408.583	389.073
8.63018	408.174	388.712
8.64211	407.766	388.353
8.65405	407.359	387.994
8.66599	406.953	387.636
8.67792	406.547	387.279
8.68986	406.143	386.923
8.7018	405.74	386.568
8.71373	405.338	386.214
8.72567	404.936	385.86
8.73761	404.536	385.508
8.74954	404.137	385.157
8.76148	403.738	384.806
8.77342	403.341	384.457
8.78535	402.944	384.108
8.79729	402.548	383.761
8.80923	402.154	383.414
8.82116	401.76	383.069
8.8331	401.367	382.724
8.84504	400.976	382.38
8.85697	400.585	382.037
8.86891	400.195	381.695
8.88085	399.806	381.354
8.89278	399.418	381.014
8.90472	399.031	380.675
8.91666	398.645	380.337
8.92859	398.26	380
8.94053	397.876	379.664
8.95247	397.492	379.328
8.9644	397.11	378.994
8.97634	396.729	378.66
8.98828	396.349	378.328
9.00021	395.969	377.996
9.01215	395.591	377.666
9.02409	395.213	377.336
9.03602	394.837	377.007
9.04796	394.461	376.679
9.0599	394.087	376.352
9.07183	393.713	376.026
9.08377	393.34	375.701
9.0957	392.968	375.377
9.10764	392.598	375.054
9.11958	392.228	374.731
9.13151	391.859	374.41
9.14345	391.491	374.089
9.15539	391.124	373.77
9.16732	390.758	373.451
9.17926	390.393	373.133
9.1912	390.029	372.817
9.20313	389.665	372.501
9.21507	389.303	372.186
9.22701	388.942	371.872
9.23894	388.581	371.558
9.25088	388.222	371.246
9.26282	387.863	370.935
9.27475	387.506	370.624
9.28669	387.149	370.315
9.29863	386.794	370.006
9.31056	386.439	369.699
9.3225	386.085	369.392
9.33444	385.733	369.086
9.34637	385.381	368.781
9.35831	385.03	368.477
9.37025	384.68	368.174
9.38218	384.331	367.872
9.39412	383.983	367.57
9.40606	383.636	367.27
9.41799	383.289	366.97
9.42993	382.944	366.672
9.44187	382.6	366.374
9.4538	382.256	366.077
9.46574	381.914	365.781
9.47768	381.572	365.486
9.48961	381.232	365.192
9.50155	380.892	364.899
9.51349	380.554	364.606
9.52542	380.216	364.315
9.53736	379.879	364.024
9.5493	379.543	363.735
9.56123	379.208	363.446
9.57317	378.874	363.158
9.58511	378.541	362.871
9.59704	378.209	362.585
9.60898	377.878	362.299
9.62092	377.547	362.015
9.63285	377.218	361.731
9.64479	376.89	361.449
9.65673	376.562	361.167
9.66866	376.235	360.886
9.6806	375.91	360.606
9.69254	375.585	360.327
9.70447	375.261	360.049
9.71641	374.938	359.771
9.72835	374.616	359.495
9.74028	374.295	359.219
9.75222	373.975	358.944
9.76416	373.656	358.67
9.77609	373.338	358.397
9.78803	373.02	358.125
9.79997	372.704	357.854
9.8119	372.388	357.583
9.82384	372.074	357.314
9.83578	371.76	357.045
9.84771	371.447	356.777
9.85965	371.135	356.51
9.87159	370.824	356.244
9.88352	370.514	355.978
9.89546	370.205	355.714
9.9074	369.897	355.45
9.91933	369.59	355.188
9.93127	369.283	354.926
9.94321	368.978	354.665
9.95514	368.673	354.404
9.96708	368.369	354.145
9.97901	368.067	353.886
9.99095	367.765	353.629
10.0029	367.464	353.372
10.0148	367.164	353.116
10.0268	366.865	352.861
10.0387	366.566	352.606
10.0506	366.269	352.353
10.0626	365.972	352.1
10.0745	365.677	351.848
10.0864	365.382	351.597
10.0984	365.088	351.347
10.1103	364.795	351.098
10.1223	364.503	350.849
10.1342	364.212	350.601
10.1461	363.922	350.354
10.1581	363.632	350.108
10.17	363.344	349.863
10.1819	363.056	349.619
10.1939	362.77	349.375
10.2058	362.484	349.132
10.2177	362.199	348.89
10.2297	361.915	348.649
10.2416	361.632	348.409
10.2536	361.349	348.169
10.2655	361.068	347.931
10.2774	360.787	347.693
10.2894	360.508	347.455
10.3013	360.229	347.219
10.3132	359.951	346.984
10.3252	359.674	346.749
10.3371	359.398	346.515
10.3491	359.122	346.282
10.361	358.848	346.049
10.3729	358.574	345.818
10.3849	358.301	345.587
10.3968	358.03	345.357
10.4087	357.759	345.128
10.4207	357.488	344.9
10.4326	357.219	344.672
10.4445	356.951	344.445
10.4565	356.683	344.219
10.4684	356.416	343.994
10.4804	356.15	343.77
10.4923	355.885	343.546
10.5042	355.621	343.323
10.5162	355.358	343.101
10.5281	355.095	342.88
10.54	354.834	342.659
10.552	354.573	342.439
10.5639	354.313	342.22
10.5758	354.054	342.002
10.5878	353.796	341.784
10.5997	353.538	341.568
10.6117	353.282	341.352
10.6236	353.026	341.137
10.6355	352.771	340.922
10.6475	352.517	340.708
10.6594	352.264	340.496
10.6713	352.012	340.283
10.6833	351.76	340.072
10.6952	351.509	339.861
10.7071	351.259	339.651
10.7191	351.01	339.442
10.731	350.762	339.234
10.743	350.515	339.026
10.7549	350.268	338.819
10.7668	350.022	338.613
10.7788	349.777	338.408
10.7907	349.533	338.203
10.8026	349.29	337.999
10.8146	349.047	337.796
10.8265	348.806	337.593
10.8385	348.565	337.391
10.8504	348.325	337.19
10.8623	348.085	336.99
10.8743	347.847	336.791
10.8862	347.609	336.592
10.8981	347.372	336.394
10.9101	347.136	336.196
10.922	346.901	335.999
10.9339	346.667	335.803
10.9459	346.433	335.608
10.9578	346.2	335.414
10.9698	345.968	335.22
10.9817	345.737	335.027
10.9936	345.506	334.834
11.0056	345.277	334.643
11.0175	345.048	334.452
11.0294	344.82	334.262
11.0414	344.592	334.072
11.0533	344.366	333.883
11.0652	344.14	333.695
11.0772	343.915	333.507
11.0891	343.691	333.321
11.1011	343.468	333.135
11.113	343.245	332.949
11.1249	343.023	332.765
11.1369	342.802	332.581
11.1488	342.582	332.397
11.1607	342.362	332.215
11.1727	342.144	332.033
11.1846	341.926	331.852
11.1966	341.708	331.671
11.2085	341.492	331.491
11.2204	341.276	331.312
11.2324	341.061	331.133
11.2443	340.847	330.956
11.2562	340.634	330.778
11.2682	340.421	330.602
11.2801	340.209	330.426
11.292	339.998	330.251
11.304	339.787	330.076
11.3159	339.578	329.903
11.3279	339.369	329.729
11.3398	339.161	329.557
11.3517	338.953	329.385
11.3637	338.747	329.214
11.3756	338.541	329.043
11.3875	338.335	328.873
11.3995	338.131	328.704
11.4114	337.927	328.536
11.4233	337.724	328.368
11.4353	337.522	328.201
11.4472	337.321	328.034
11.4592	337.12	327.868
11.4711	336.92	327.703
11.483	336.72	327.538
11.495	336.522	327.374
11.5069	336.324	327.21
11.5188	336.127	327.048
11.5308	335.93	326.886
11.5427	335.735	326.724
11.5546	335.54	326.563
11.5666	335.345	326.403
11.5785	335.152	326.243
11.5905	334.959	326.084
11.6024	334.767	325.926
11.6143	334.575	325.768
11.6263	334.385	325.611
11.6382	334.195	325.455
11.6501	334.005	325.299
11.6621	333.817	325.143
11.674	333.629	324.989
11.686	333.441	324.835
11.6979	333.255	324.681
11.7098	333.069	324.528
11.7218	332.884	324.376
11.7337	332.699	324.225
11.7456	332.516	324.074
11.7576	332.333	323.923
11.7695	332.15	323.773
11.7814	331.969	323.624
11.7934	331.788	323.476
11.8053	331.607	323.328
11.8173	331.428	323.18
11.8292	331.249	323.033
11.8411	331.07	322.887
11.8531	330.893	322.742
11.865	330.716	322.596
11.8769	330.539	322.452
11.8889	330.364	322.308
11.9008	330.189	322.165
11.9127	330.015	322.022
11.9247	329.841	321.88
11.9366	329.668	321.738
11.9486	329.496	321.597
11.9605	329.324	321.457
11.9724	329.153	321.317
11.9844	328.983	321.178
11.9963	328.813	321.039
12.0082	328.644	320.901
12.0202	328.476	320.763
12.0321	328.308	320.626
12.0441	328.141	320.49
12.056	327.975	320.354
12.0679	327.809	320.219
12.0799	327.644	320.084
12.0918	327.479	319.95
12.1037	327.316	319.816
12.1157	327.152	319.683
12.1276	326.99	319.55
12.1395	326.828	319.418
12.1515	326.667	319.287
12.1634	326.506	319.156
12.1754	326.346	319.026
12.1873	326.187	318.896
12.1992	326.028	318.767
12.2112	325.87	318.638
12.2231	325.712	318.51
12.235	325.555	318.382
12.247	325.399	318.255
12.2589	325.243	318.128
12.2708	325.088	318.002
12.2828	324.934	317.876
12.2947	324.78	317.751
12.3067	324.627	317.627
12.3186	324.474	317.503
12.3305	324.322	317.379
12.3425	324.171	317.256
12.3544	324.02	317.134
12.3663	323.87	317.012
12.3783	323.72	316.891
12.3902	323.571	316.77
12.4021	323.422	316.65
12.4141	323.275	316.53
12.426	323.127	316.41
12.438	322.981	316.291
12.4499	322.835	316.173
12.4618	322.689	316.055
12.4738	322.544	315.938
12.4857	322.4	315.821
12.4976	322.257	315.705
12.5096	322.113	315.589
12.5215	321.971	315.474
12.5335	321.829	315.359
12.5454	321.688	315.244
12.5573	321.547	315.131
12.5693	321.407	315.017
12.5812	321.267	314.904
12.5931	321.128	314.792
12.6051	320.989	314.68
12.617	320.851	314.569
12.6289	320.714	314.458
12.6409	320.577	314.347
12.6528	320.441	314.237
12.6648	320.305	314.128
12.6767	320.17	314.019
12.6886	320.035	313.91
12.7006	319.901	313.802
12.7125	319.768	313.695
12.7244	319.635	313.587
12.7364	319.503	313.481
12.7483	319.371	313.375
12.7602	319.239	313.269
12.7722	319.109	313.163
12.7841	318.978	313.059
12.7961	318.849	312.954
12.808	318.72	312.85
12.8199	318.591	312.747
12.8319	318.463	312.644
12.8438	318.336	312.541
12.8557	318.209	312.439
12.8677	318.082	312.338
12.8796	317.956	312.237
12.8916	317.831	312.136
12.9035	317.706	312.036
12.9154	317.582	311.936
12.9274	317.458	311.836
12.9393	317.335	311.737
12.9512	317.212	311.639
12.9632	317.09	311.541
12.9751	316.968	311.443
12.987	316.847	311.346
12.999	316.726	311.249
13.0109	316.606	311.153
13.0229	316.486	311.057
13.0348	316.367	310.961
13.0467	316.248	310.866
13.0587	316.13	310.772
13.0706	316.012	310.677
13.0825	315.895	310.584
13.0945	315.778	310.49
13.1064	315.662	310.397
13.1183	315.547	310.305
13.1303	315.431	310.213
13.1422	315.317	310.121
13.1542	315.203	310.03
13.1661	315.089	309.939
13.178	314.976	309.848
13.19	314.863	309.758
13.2019	314.751	309.669
13.2138	314.639	309.58
13.2258	314.528	309.491
13.2377	314.417	309.402
13.2496	314.307	309.314
13.2616	314.197	309.227
13.2735	314.088	309.139
13.2855	313.979	309.053
13.2974	313.87	308.966
13.3093	313.762	308.88
13.3213	313.655	308.795
13.3332	313.548	308.709
13.3451	313.441	308.624
13.3571	313.335	308.54
13.369	313.23	308.456
13.381	313.125	308.372
13.3929	313.02	308.289
13.4048	312.916	308.206
13.4168	312.812	308.124
13.4287	312.709	308.041
13.4406	312.606	307.96
13.4526	312.504	307.878
13.4645	312.402	307.797
13.4764	312.3	307.717
13.4884	312.199	307.636
13.5003	312.098	307.556
13.5123	311.998	307.477
13.5242	311.899	307.398
13.5361	311.799	307.319
13.5481	311.701	307.241
13.56	311.602	307.163
13.5719	311.504	307.085
13.5839	311.407	307.008
13.5958	311.31	306.931
13.6077	311.213	306.854
13.6197	311.117	306.778
13.6316	311.021	306.702
13.6436	310.926	306.626
13.6555	310.831	306.551
13.6674	310.736	306.476
13.6794	310.642	306.402
13.6913	310.549	306.328
13.7032	310.455	306.254
13.7152	310.363	306.181
13.7271	310.27	306.108
13.7391	310.178	306.035
13.751	310.087	305.963
13.7629	309.996	305.891
13.7749	309.905	305.819
13.7868	309.815	305.748
13.7987	309.725	305.677
13.8107	309.635	305.606
13.8226	309.546	305.536
13.8345	309.457	305.466
13.8465	309.369	305.396
13.8584	309.281	305.327
13.8704	309.194	305.258
13.8823	309.107	305.189
13.8942	309.02	305.121
13.9062	308.934	305.053
13.9181	308.848	304.985
13.93	308.762	304.918
13.942	308.677	304.85
13.9539	308.593	304.784
13.9658	308.508	304.717
13.9778	308.424	304.651
13.9897	308.341	304.586
14.0017	308.258	304.52
14.0136	308.175	304.455
14.0255	308.092	304.39
14.0375	308.01	304.326
14.0494	307.929	304.262
14.0613	307.847	304.198
14.0733	307.767	304.134
14.0852	307.686	304.071
14.0971	307.606	304.008
14.1091	307.526	303.945
14.121	307.447	303.883
14.133	307.368	303.821
14.1449	307.289	303.759
14.1568	307.211	303.698
14.1688	307.133	303.637
14.1807	307.055	303.576
14.1926	306.978	303.515
14.2046	306.901	303.455
14.2165	306.825	303.395
14.2285	306.749	303.336
14.2404	306.673	303.276
14.2523	306.598	303.217
14.2643	306.523	303.158
14.2762	306.448	303.1
14.2881	306.374	303.042
14.3001	306.3	302.984
14.312	306.226	302.926
14.3239	306.153	302.869
14.3359	306.08	302.812
14.3478	306.007	302.755
14.3598	305.935	302.699
14.3717	305.863	302.643
14.3836	305.791	302.587
14.3956	305.72	302.531
14.4075	305.649	302.476
14.4194	305.579	302.421
14.4314	305.509	302.366
14.4433	305.439	302.311
14.4552	305.369	302.257
14.4672	305.3	302.203
14.4791	305.231	302.149
14.4911	305.163	302.096
14.503	305.094	302.043
14.5149	305.026	301.99
14.5269	304.959	301.937
14.5388	304.892	301.885
14.5507	304.825	301.833
14.5627	304.758	301.781
14.5746	304.692	301.729
14.5866	304.626	301.678
14.5985	304.56	301.627
14.6104	304.495	301.576
14.6224	304.43	301.525
14.6343	304.365	301.475
14.6462	304.301	301.425
14.6582	304.237	301.375
14.6701	304.173	301.326
14.682	304.11	301.277
14.694	304.046	301.227
14.7059	303.984	301.179
14.7179	303.921	301.13
14.7298	303.859	301.082
14.7417	303.797	301.034
14.7537	303.735	300.986
14.7656	303.674	300.938
14.7775	303.613	300.891
14.7895	303.552	300.844
14.8014	303.492	300.797
14.8133	303.432	300.751
14.8253	303.372	300.704
14.8372	303.312	300.658
14.8492	303.253	300.612
14.8611	303.194	300.567
14.873	303.136	300.521
14.885	303.077	300.476
14.8969	303.019	300.431
14.9088	302.961	300.387
14.9208	302.904	300.342
14.9327	302.847	300.298
14.9446	302.79	300.254
14.9566	302.733	300.21
14.9685	302.677	300.166
14.9805	302.621	300.123
14.9924	302.565	300.08
15.0043	302.509	300.037
15.0163	302.454	299.995
15.0282	302.399	299.952
15.0401	302.344	299.91
15.0521	302.29	299.868
15.064	302.236	299.826
15.076	302.182	299.785
15.0879	302.128	299.743
15.0998	302.075	299.702
15.1118	302.022	299.661
15.1237	301.969	299.621
15.1356	301.916	299.58
15.1476	301.864	299.54
15.1595	301.812	299.5
15.1714	301.76	299.46
15.1834	301.709	299.42
15.1953	301.658	299.381
15.2073	301.607	299.342
15.2192	301.556	299.303
15.2311	301.505	299.264
15.2431	301.455	299.225
15.255	301.405	299.187
15.2669	301.356	299.149
15.2789	301.306	299.111
15.2908	301.257	299.073
15.3027	301.208	299.035
15.3147	301.159	298.998
15.3266	301.111	298.961
15.3386	301.063	298.924
15.3505	301.015	298.887
15.3624	300.967	298.85
15.3744	300.92	298.814
15.3863	300.872	298.778
15.3982	300.825	298.742
15.4102	300.779	298.706
15.4221	300.732	298.67
15.4341	300.686	298.635
15.446	300.64	298.6
15.4579	300.594	298.565
15.4699	300.548	298.53
15.4818	300.503	298.495
15.4937	300.458	298.461
15.5057	300.413	298.426
15.5176	300.369	298.392
15.5295	300.324	298.358
15.5415	300.28	298.325
15.5534	300.236	298.291
15.5654	300.192	298.258
15.5773	300.149	298.225
15.5892	300.106	298.192
15.6012	300.063	298.159
15.6131	300.02	298.126
15.625	299.977	298.094
15.637	299.935	298.061
15.6489	299.893	298.029
15.6608	299.851	297.997
15.6728	299.809	297.966
15.6847	299.768	297.934
15.6967	299.727	297.902
15.7086	299.686	297.871
15.7205	299.645	297.84
15.7325	299.604	297.809
15.7444	299.564	297.779
15.7563	299.524	297.748
15.7683	299.484	297.718
15.7802	299.444	297.687
15.7921	299.404	297.657
15.8041	299.365	297.627
15.816	299.326	297.598
15.828	299.287	297.568
15.8399	299.248	297.539
15.8518	299.21	297.509
15.8638	299.171	297.48
15.8757	299.133	297.451
15.8876	299.095	297.423
15.8996	299.058	297.394
15.9115	299.02	297.366
15.9235	298.983	297.337
15.9354	298.946	297.309
15.9473	298.909	297.281
15.9593	298.872	297.253
15.9712	298.836	297.226
15.9831	298.799	297.198
15.9951	298.763	297.171
16.007	298.727	297.144
16.0189	298.691	297.117
16.0309	298.656	297.09
16.0428	298.621	297.063
16.0548	298.585	297.036
16.0667	298.55	297.01
16.0786	298.516	296.984
16.0906	298.481	296.958
16.1025	298.447	296.932
16.1144	298.412	296.906
16.1264	298.378	296.88
16.1383	298.345	296.854
16.1502	298.311	296.829
16.1622	298.277	296.804
16.1741	298.244	296.779
16.1861	298.211	296.754
16.198	298.178	296.729
16.2099	298.145	296.704
16.2219	298.113	296.68
16.2338	298.08	296.655
16.2457	298.048	296.631
16.2577	298.016	296.607
16.2696	297.984	296.583
16.2816	297.952	296.559
16.2935	297.921	296.535
16.3054	297.89	296.512
16.3174	297.858	296.488
16.3293	297.827	296.465
16.3412	297.796	296.442
16.3532	297.766	296.419
16.3651	297.735	296.396
16.377	297.705	296.373
16.389	297.675	296.35
16.4009	297.645	296.328
16.4129	297.615	296.305
16.4248	297.585	296.283
16.4367	297.556	296.261
16.4487	297.526	296.239
16.4606	297.497	296.217
16.4725	297.468	296.195
16.4845	297.439	296.174
16.4964	297.411	296.152
16.5083	297.382	296.131
16.5203	297.354	296.11
16.5322	297.326	296.089
16.5442	297.297	296.068
16.5561	297.27	296.047
16.568	297.242	296.026
16.58	297.214	296.005
16.5919	297.187	295.985
16.6038	297.159	295.964
16.6158	297.132	295.944
16.6277	297.105	295.924
16.6396	297.079	295.904
16.6516	297.052	295.884
16.6635	297.025	295.864
16.6755	296.999	295.845
16.6874	296.973	295.825
16.6993	296.947	295.806
16.7113	296.921	295.786
16.7232	296.895	295.767
16.7351	296.869	295.748
16.7471	296.844	295.729
16.759	296.818	295.71
16.771	296.793	295.691
16.7829	296.768	295.673
16.7948	296.743	295.654
16.8068	296.718	295.636
16.8187	296.694	295.617
16.8306	296.669	295.599
16.8426	296.645	295.581
16.8545	296.621	295.563
16.8664	296.597	295.545
16.8784	296.573	295.527
16.8903	296.549	295.51
16.9023	296.525	295.492
16.9142	296.502	295.475
16.9261	296.478	295.457
16.9381	296.455	295.44
16.95	296.432	295.423
16.9619	296.409	295.406
16.9739	296.386	295.389
16.9858	296.363	295.372
16.9977	296.341	295.355
17.0097	296.318	295.339
17.0216	296.296	295.322
17.0336	296.274	295.306
17.0455	296.252	295.289
17.0574	296.23	295.273
17.0694	296.208	295.257
17.0813	296.186	295.241
17.0932	296.165	295.225
17.1052	296.143	295.209
17.1171	296.122	295.194
17.1291	296.101	295.178
17.141	296.08	295.162
17.1529	296.059	295.147
17.1649	296.038	295.132
17.1768	296.017	295.116
17.1887	295.996	295.101
17.2007	295.976	295.086
17.2126	295.956	295.071
17.2245	295.935	295.056
17.2365	295.915	295.041
17.2484	295.895	295.027
17.2604	295.875	295.012
17.2723	295.856	294.998
17.2842	295.836	294.983
17.2962	295.817	294.969
17.3081	295.797	294.955
17.32	295.778	294.94
17.332	295.759	294.926
17.3439	295.74	294.912
17.3558	295.721	294.898
17.3678	295.702	294.885
17.3797	295.683	294.871
17.3917	295.665	294.857
17.4036	295.646	294.844
17.4155	295.628	294.83
17.4275	295.609	294.817
17.4394	295.591	294.803
17.4513	295.573	294.79
17.4633	295.555	294.777
17.4752	295.537	294.764
17.4871	295.52	294.751
17.4991	295.502	294.738
17.511	295.484	294.725
17.523	295.467	294.713
17.5349	295.45	294.7
17.5468	295.433	294.687
17.5588	295.415	294.675
17.5707	295.398	294.663
17.5826	295.382	294.65
17.5946	295.365	294.638
17.6065	295.348	294.626
17.6185	295.331	294.614
17.6304	295.315	294.602
17.6423	295.299	294.59
17.6543	295.282	294.578
17.6662	295.266	294.566
17.6781	295.25	294.554
17.6901	295.234	294.543
17.702	295.218	294.531
17.7139	295.202	294.52
17.7259	295.187	294.508
17.7378	295.171	294.497
17.7498	295.155	294.486
17.7617	295.14	294.475
17.7736	295.125	294.463
17.7856	295.11	294.452
17.7975	295.094	294.441
17.8094	295.079	294.431
17.8214	295.064	294.42
17.8333	295.05	294.409
17.8452	295.035	294.398
17.8572	295.02	294.388
17.8691	295.006	294.377
17.8811	294.991	294.367
17.893	294.977	294.356
17.9049	294.962	294.346
17.9169	294.948	294.336
17.9288	294.934	294.325
17.9407	294.92	294.315
17.9527	294.906	294.305
17.9646	294.892	294.295
17.9766	294.878	294.285
17.9885	294.865	294.275
18.0004	294.851	294.265
18.0124	294.838	294.256
18.0243	294.824	294.246
18.0362	294.811	294.236
18.0482	294.797	294.227
18.0601	294.784	294.217
18.072	294.771	294.208
18.084	294.758	294.199
18.0959	294.745	294.189
18.1079	294.732	294.18
18.1198	294.72	294.171
18.1317	294.707	294.162
18.1437	294.694	294.153
18.1556	294.682	294.144
18.1675	294.669	294.135
18.1795	294.657	294.126
18.1914	294.645	294.117
18.2033	294.632	294.108
18.2153	294.62	294.1
18.2272	294.608	294.091
18.2392	294.596	294.082
18.2511	294.584	294.074
18.263	294.573	294.065
18.275	294.561	294.057
18.2869	294.549	294.049
18.2988	294.537	294.04
18.3108	294.526	294.032
18.3227	294.514	294.024
18.3346	294.503	294.016
18.3466	294.492	294.008
18.3585	294.481	294
18.3705	294.469	293.992
18.3824	294.458	293.984
18.3943	294.447	293.976
18.4063	294.436	293.968
18.4182	294.425	293.96
18.4301	294.415	293.953
18.4421	294.404	293.945
18.454	294.393	293.938
18.466	294.383	293.93
18.4779	294.372	293.923
18.4898	294.362	293.915
18.5018	294.351	293.908
18.5137	294.341	293.9
18.5256	294.331	293.893
18.5376	294.321	293.886
18.5495	294.31	293.879
18.5614	294.3	293.872
18.5734	294.29	293.865
18.5853	294.281	293.858
18.5973	294.271	293.851
18.6092	294.261	293.844
18.6211	294.251	293.837
18.6331	294.241	293.83
18.645	294.232	293.823
18.6569	294.222	293.816
18.6689	294.213	293.81
18.6808	294.203	293.803
18.6927	294.194	293.797
18.7047	294.185	293.79
18.7166	294.176	293.783
18.7286	294.166	293.777
18.7405	294.157	293.771
18.7524	294.148	293.764
18.7644	294.139	293.758
18.7763	294.13	293.752
18.7882	294.122	293.745
18.8002	294.113	293.739
18.8121	294.104	293.733
18.8241	294.095	293.727
18.836	294.087	293.721
18.8479	294.078	293.715
18.8599	294.07	293.709
18.8718	294.061	293.703
18.8837	294.053	293.697
18.8957	294.045	293.691
18.9076	294.036	293.686
18.9195	294.028	293.68
18.9315	294.02	293.674
18.9434	294.012	293.668
18.9554	294.004	293.663
18.9673	293.996	293.657
18.9792	293.988	293.652
18.9912	293.98	293.646
19.0031	293.972	293.641
19.015	293.964	293.635
19.027	293.957	293.63
19.0389	293.949	293.625
19.0508	293.941	293.619
19.0628	293.934	293.614
19.0747	293.926	293.609
19.0867	293.919	293.604
19.0986	293.911	293.598
19.1105	293.904	293.593
19.1225	293.897	293.588
19.1344	293.89	293.583
19.1463	293.882	293.578
19.1583	293.875	293.573
19.1702	293.868	293.568
19.1821	293.861	293.563
19.1941	293.854	293.558
19.206	293.847	293.554
19.218	293.84	293.549
19.2299	293.833	293.544
19.2418	293.827	293.539
19.2538	293.82	293.535
19.2657	293.813	293.53
19.2776	293.806	293.525
19.2896	293.8	293.521
19.3015	293.793	293.516
19.3135	293.787	293.512
19.3254	293.78	293.507
19.3373	293.774	293.503
19.3493	293.767	293.499
19.3612	293.761	293.494
19.3731	293.755	293.49
19.3851	293.748	293.486
19.397	293.742	293.481
19.4089	293.736	293.477
19.4209	293.73	293.473
19.4328	293.724	293.469
19.4448	293.718	293.464
19.4567	293.712	293.46
19.4686	293.706	293.456
19.4806	293.7	293.452
19.4925	293.694	293.448
19.5044	293.688	293.444
19.5164	293.683	293.44
19.5283	293.677	293.436
19.5402	293.671	293.432
19.5522	293.665	293.429
19.5641	293.66	293.425
19.5761	293.654	293.421
19.588	293.649	293.417
19.5999	293.643	293.413
19.6119	293.638	293.41
19.6238	293.632	293.406
19.6357	293.627	293.402
19.6477	293.622	293.399
19.6596	293.616	293.395
19.6716	293.611	293.392
19.6835	293.606	293.388
19.6954	293.601	293.384
19.7074	293.596	293.381
19.7193	293.591	293.378
19.7312	293.585	293.374
19.7432	293.58	293.371
19.7551	293.575	293.367
19.767	293.57	293.364
19.779	293.566	293.361
19.7909	293.561	293.357
19.8029	293.556	293.354
19.8148	293.551	293.351
19.8267	293.546	293.348
19.8387	293.542	293.344
19.8506	293.537	293.341
19.8625	293.532	293.338
19.8745	293.528	293.335
19.8864	293.523	293.332
19.8983	293.518	293.329
19.9103	293.514	293.326
19.9222	293.509	293.323
19.9342	293.505	293.32
19.9461	293.5	293.317
19.958	293.496	293.314
19.97	293.492	293.311
19.9819	293.487	293.308
19.9938	293.483	293.305
20.0058	293.479	293.302
20.0177	293.475	293.299
20.0296	293.47	293.296
20.0416	293.466	293.294
20.0535	293.462	293.291
20.0655	293.458	293.288
20.0774	293.454	293.285
20.0893	293.45	293.283
20.1013	293.446	293.28
20.1132	293.442	293.277
20.1251	293.438	293.275
20.1371	293.434	293.272
20.149	293.43	293.27
20.161	293.426	293.267
20.1729	293.423	293.264
20.1848	293.419	293.262
20.1968	293.415	293.259
20.2087	293.411	293.257
20.2206	293.408	293.254
20.2326	293.404	293.252
20.2445	293.4	293.25
20.2564	293.397	293.247
20.2684	293.393	293.245
20.2803	293.389	293.242
20.2923	293.386	293.24
20.3042	293.382	293.238
20.3161	293.379	293.235
20.3281	293.375	293.233
20.34	293.372	293.231
20.3519	293.369	293.229
20.3639	293.365	293.226
20.3758	293.362	293.224
20.3877	293.359	293.222
20.3997	293.355	293.22
20.4116	293.352	293.218
20.4236	293.349	293.216
20.4355	293.346	293.213
20.4474	293.342	293.211
20.4594	293.339	293.209
20.4713	293.336	293.207
20.4832	293.333	293.205
20.4952	293.33	293.203
20.5071	293.327	293.201
20.5191	293.324	293.199
20.531	293.321	293.197
20.5429	293.318	293.195
20.5549	293.315	293.193
20.5668	293.312	293.191
20.5787	293.309	293.189
20.5907	293.306	293.188
20.6026	293.303	293.186
20.6145	293.3	293.184
20.6265	293.297	293.182
20.6384	293.295	293.18
20.6504	293.292	293.178
20.6623	293.289	293.177
20.6742	293.286	293.175
20.6862	293.284	293.173
20.6981	293.281	293.171
20.71	293.278	293.17
20.722	293.276	293.168
20.7339	293.273	293.166
20.7458	293.27	293.164
20.7578	293.268	293.163
20.7697	293.265	293.161
20.7817	293.263	293.159
20.7936	293.26	293.158
20.8055	293.258	293.156
20.8175	293.255	293.155
20.8294	293.253	293.153
20.8413	293.25	293.151
20.8533	293.248	293.15
20.8652	293.246	293.148
20.8771	293.243	293.147
20.8891	293.241	293.145
20.901	293.239	293.144
20.913	293.236	293.142
20.9249	293.234	293.141
20.9368	293.232	293.139
20.9488	293.229	293.138
20.9607	293.227	293.136
20.9726	293.225	293.135
20.9846	293.223	293.134
20.9965	293.221	293.132
21.0085	293.218	293.131
21.0204	293.216	293.129
21.0323	293.214	293.128
21.0443	293.212	293.127
21.0562	293.21	293.125
21.0681	293.208	293.124
21.0801	293.206	293.123
21.092	293.204	293.122
21.1039	293.202	293.12
21.1159	293.2	293.119
21.1278	293.198	293.118
21.1398	293.196	293.116
21.1517	293.194	293.115
21.1636	293.192	293.114
21.1756	293.19	293.113
21.1875	293.188	293.112
21.1994	293.186	293.11
21.2114	293.184	293.109
21.2233	293.182	293.108
21.2352	293.181	293.107
21.2472	293.179	293.106
21.2591	293.177	293.105
21.2711	293.175	293.103
21.283	293.173	293.102
21.2949	293.172	293.101
21.3069	293.17	293.1
21.3188	293.168	293.099
21.3307	293.167	293.098
21.3427	293.165	293.097
21.3546	293.163	293.096
21.3666	293.161	293.095
21.3785	293.16	293.094
21.3904	293.158	293.093
21.4024	293.157	293.092
21.4143	293.155	293.091
21.4262	293.153	293.09
21.4382	293.152	293.089
21.4501	293.15	293.088
21.462	293.149	293.087
21.474	293.147	293.086
21.4859	293.146	293.085
21.4979	293.144	293.084
21.5098	293.143	293.083
21.5217	293.141	293.082
21.5337	293.14	293.081
21.5456	293.138	293.08
21.5575	293.137	293.079
21.5695	293.135	293.078
21.5814	293.134	293.078
21.5933	293.133	293.077
21.6053	293.131	293.076
21.6172	293.13	293.075
21.6292	293.128	293.074
21.6411	293.127	293.073
21.653	293.126	293.073
21.665	293.124	293.072
21.6769	293.123	293.071
21.6888	293.122	293.07
21.7008	293.12	293.069
21.7127	293.119	293.069
21.7246	293.118	293.068
21.7366	293.117	293.067
21.7485	293.115	293.066
21.7605	293.114	293.065
21.7724	293.113	293.065
21.7843	293.112	293.064
21.7963	293.111	293.063
21.8082	293.109	293.062
21.8201	293.108	293.062
21.8321	293.107	293.061
21.844	293.106	293.06
21.856	293.105	293.06
21.8679	293.104	293.059
21.8798	293.102	293.058
21.8918	293.101	293.058
21.9037	293.1	293.057
21.9156	293.099	293.056
21.9276	293.098	293.056
21.9395	293.097	293.055
21.9514	293.096	293.054
21.9634	293.095	293.054
21.9753	293.094	293.053
21.9873	293.093	293.052
21.9992	293.092	293.052
22.0111	293.091	293.051
22.0231	293.09	293.051
22.035	293.089	293.05
22.0469	293.088	293.049
22.0589	293.087	293.049
22.0708	293.086	293.048
22.0827	293.085	293.048
22.0947	293.084	293.047
22.1066	293.083	293.047
22.1186	293.082	293.046
22.1305	293.081	293.045
22.1424	293.08	293.045
22.1544	293.079	293.044
22.1663	293.079	293.044
22.1782	293.078	293.043
22.1902	293.077	293.043
22.2021	293.076	293.042
22.2141	293.075	293.042
22.226	293.074	293.041
22.2379	293.073	293.041
22.2499	293.073	293.04
22.2618	293.072	293.04
22.2737	293.071	293.039
22.2857	293.07	293.039
22.2976	293.069	293.038
22.3095	293.069	293.038
22.3215	293.068	293.037
22.3334	293.067	293.037
22.3454	293.066	293.037
22.3573	293.065	293.036
22.3692	293.065	293.036
22.3812	293.064	293.035
22.3931	293.063	293.035
22.405	293.062	293.034
22.417	293.062	293.034
22.4289	293.061	293.033
22.4408	293.06	293.033
22.4528	293.06	293.033
22.4647	293.059	293.032
22.4767	293.058	293.032
22.4886	293.058	293.031
22.5005	293.057	293.031
22.5125	293.056	293.031
22.5244	293.056	293.03
22.5363	293.055	293.03
22.5483	293.054	293.03
22.5602	293.054	293.029
22.5721	293.053	293.029
22.5841	293.052	293.028
22.596	293.052	293.028
22.608	293.051	293.028
22.6199	293.051	293.027
22.6318	293.05	293.027
22.6438	293.049	293.027
22.6557	293.049	293.026
22.6676	293.048	293.026
22.6796	293.048	293.026
22.6915	293.047	293.025
22.7035	293.047	293.025
22.7154	293.046	293.025
22.7273	293.045	293.024
22.7393	293.045	293.024
22.7512	293.044	293.024
22.7631	293.044	293.023
22.7751	293.043	293.023
22.787	293.043	293.023
22.7989	293.042	293.023
22.8109	293.042	293.022
22.8228	293.041	293.022
22.8348	293.041	293.022
22.8467	293.04	293.021
22.8586	293.04	293.021
22.8706	293.039	293.021
22.8825	293.039	293.021
22.8944	293.038	293.02
22.9064	293.038	293.02
22.9183	293.037	293.02
22.9302	293.037	293.02
22.9422	293.036	293.019
22.9541	293.036	293.019
22.9661	293.036	293.019
22.978	293.035	293.019
22.9899	293.035	293.018
23.0019	293.034	293.018
23.0138	293.034	293.018
23.0257	293.033	293.018
23.0377	293.033	293.017
23.0496	293.033	293.017
23.0616	293.032	293.017
23.0735	293.032	293.017
23.0854	293.031	293.016
23.0974	293.031	293.016
23.1093	293.031	293.016
23.1212	293.03	293.016
23.1332	293.03	293.016
23.1451	293.029	293.015
23.157	293.029	293.015
23.169	293.029	293.015
23.1809	293.028	293.015
23.1929	293.028	293.015
23.2048	293.028	293.014
23.2167	293.027	293.014
23.2287	293.027	293.014
23.2406	293.027	293.014
23.2525	293.026	293.014
23.2645	293.026	293.013
23.2764	293.026	293.013
23.2883	293.025	293.013
23.3003	293.025	293.013
23.3122	293.025	293.013
23.3242	293.024	293.012
23.3361	293.024	293.012
23.348	293.024	293.012
23.36	293.023	293.012
23.3719	293.023	293.012
23.3838	293.023	293.012
23.3958	293.022	293.011
23.4077	293.022	293.011
23.4196	293.022	293.011
23.4316	293.022	293.011
23.4435	293.021	293.011
23.4555	293.021	293.011
23.4674	293.021	293.011
23.4793	293.02	293.01
23.4913	293.02	293.01
23.5032	293.02	293.01
23.5151	293.02	293.01
23.5271	293.019	293.01
23.539	293.019	293.01
23.551	293.019	293.01
23.5629	293.019	293.009
23.5748	293.018	293.009
23.5868	293.018	293.009
23.5987	293.018	293.009
23.6106	293.018	293.009
23.6226	293.017	293.009
23.6345	293.017	293.009
23.6464	293.017	293.008
23.6584	293.017	293.008
23.6703	293.017	293.008
23.6823	293.016	293.008
23.6942	293.016	293.008
23.7061	293.016	293.008
23.7181	293.016	293.008
23.73	293.015	293.008
23.7419	293.015	293.008
23.7539	293.015	293.007
23.7658	293.015	293.007
23.7777	293.015	293.007
23.7897	293.014	293.007
23.8016	293.014	293.007
23.8136	293.014	293.007
23.8255	293.014	293.007
23.8374	293.014	293.007
23.8494	293.013	293.007
23.8613	293.013	293.007
23.8732	293.013	293.007
