0	873	872.219
0.0119366	872.987	872.214
0.0238732	872.978	872.197
0.0358099	872.969	872.173
0.0477465	872.959	872.142
0.0596831	872.95	872.105
0.0716197	872.939	872.064
0.0835563	872.929	872.019
0.095493	872.917	871.971
0.10743	872.906	871.92
0.119366	872.893	871.868
0.131303	872.881	871.813
0.143239	872.867	871.756
0.155176	872.853	871.697
0.167113	872.839	871.637
0.179049	872.823	871.575
0.190986	872.807	871.512
0.202923	872.791	871.447
0.214859	872.774	871.38
0.226796	872.756	871.312
0.238732	872.737	871.242
0.250669	872.718	871.171
0.262606	872.697	871.098
0.274542	872.677	871.023
0.286479	872.655	870.946
0.298416	872.633	870.868
0.310352	872.609	870.789
0.322289	872.585	870.707
0.334225	872.561	870.624
0.346162	872.535	870.539
0.358099	872.508	870.452
0.370035	872.481	870.364
0.381972	872.453	870.274
0.393908	872.423	870.182
0.405845	872.393	870.088
0.417782	872.362	869.992
0.429718	872.33	869.895
0.441655	872.297	869.796
0.453592	872.264	869.695
0.465528	872.229	869.592
0.477465	872.193	869.487
0.489401	872.156	869.38
0.501338	872.118	869.271
0.513275	872.079	869.161
0.525211	872.039	869.048
0.537148	871.998	868.933
0.549085	871.955	868.817
0.561021	871.912	868.698
0.572958	871.867	868.578
0.584894	871.822	868.455
0.596831	871.775	868.331
0.608768	871.727	868.204
0.620704	871.678	868.076
0.632641	871.627	867.945
0.644578	871.576	867.812
0.656514	871.523	867.677
0.668451	871.469	867.54
0.680387	871.413	867.401
0.692324	871.357	867.26
0.704261	871.299	867.116
0.716197	871.239	866.971
0.728134	871.179	866.823
0.74007	871.117	866.673
0.752007	871.053	866.521
0.763944	870.988	866.367
0.77588	870.922	866.21
0.787817	870.855	866.052
0.799754	870.786	865.891
0.81169	870.715	865.728
0.823627	870.643	865.562
0.835563	870.57	865.395
0.8475	870.495	865.225
0.859437	870.419	865.052
0.871373	870.341	864.878
0.88331	870.261	864.701
0.895247	870.18	864.522
0.907183	870.098	864.34
0.91912	870.014	864.157
0.931056	869.928	863.971
0.942993	869.841	863.782
0.95493	869.752	863.591
0.966866	869.661	863.398
0.978803	869.569	863.203
0.99074	869.475	863.005
1.00268	869.379	862.805
1.01461	869.282	862.602
1.02655	869.183	862.397
1.03849	869.082	862.19
1.05042	868.979	861.98
1.06236	868.875	861.768
1.0743	868.769	861.553
1.08623	868.661	861.336
1.09817	868.551	861.116
1.11011	868.44	860.895
1.12204	868.327	860.67
1.13398	868.211	860.443
1.14592	868.094	860.214
1.15785	867.975	859.983
1.16979	867.855	859.748
1.18173	867.732	859.512
1.19366	867.607	859.273
1.2056	867.481	859.031
1.21754	867.352	858.787
1.22947	867.222	858.541
1.24141	867.09	858.292
1.25335	866.955	858.041
1.26528	866.819	857.787
1.27722	866.681	857.531
1.28916	866.54	857.272
1.30109	866.398	857.011
1.31303	866.254	856.747
1.32496	866.107	856.481
1.3369	865.959	856.212
1.34884	865.808	855.941
1.36077	865.655	855.667
1.37271	865.501	855.391
1.38465	865.344	855.113
1.39658	865.185	854.832
1.40852	865.024	854.548
1.42046	864.861	854.262
1.43239	864.695	853.974
1.44433	864.528	853.683
1.45627	864.358	853.389
1.4682	864.186	853.094
1.48014	864.012	852.795
1.49208	863.836	852.495
1.50401	863.658	852.191
1.51595	863.477	851.886
1.52789	863.294	851.577
1.53982	863.109	851.267
1.55176	862.922	850.954
1.5637	862.732	850.638
1.57563	862.54	850.321
1.58757	862.346	850
1.59951	862.15	849.678
1.61144	861.951	849.352
1.62338	861.75	849.025
1.63532	861.547	848.695
1.64725	861.342	848.362
1.65919	861.134	848.028
1.67113	860.924	847.691
1.68306	860.712	847.351
1.695	860.497	847.009
1.70694	860.28	846.665
1.71887	860.06	846.318
1.73081	859.839	845.969
1.74275	859.615	845.618
1.75468	859.388	845.264
1.76662	859.159	844.908
1.77856	858.928	844.55
1.79049	858.695	844.189
1.80243	858.459	843.826
1.81437	858.221	843.461
1.8263	857.98	843.094
1.83824	857.737	842.724
1.85018	857.492	842.352
1.86211	857.244	841.977
1.87405	856.994	841.601
1.88599	856.741	841.222
1.89792	856.486	840.841
1.90986	856.229	840.458
1.9218	855.969	840.072
1.93373	855.707	839.685
1.94567	855.443	839.295
1.95761	855.176	838.903
1.96954	854.907	838.509
1.98148	854.635	838.112
1.99342	854.361	837.714
2.00535	854.084	837.314
2.01729	853.805	836.911
2.02923	853.524	836.506
2.04116	853.24	836.099
2.0531	852.954	835.69
2.06504	852.666	835.279
2.07697	852.375	834.866
2.08891	852.082	834.451
2.10085	851.786	834.034
2.11278	851.488	833.615
2.12472	851.187	833.194
2.13666	850.884	832.771
2.14859	850.579	832.346
2.16053	850.272	831.919
2.17246	849.962	831.49
2.1844	849.649	831.06
2.19634	849.334	830.627
2.20827	849.017	830.192
2.22021	848.698	829.756
2.23215	848.376	829.318
2.24408	848.052	828.878
2.25602	847.725	828.436
2.26796	847.396	827.992
2.27989	847.065	827.546
2.29183	846.731	827.099
2.30377	846.395	826.65
2.3157	846.057	826.199
2.32764	845.716	825.746
2.33958	845.373	825.292
2.35151	845.028	824.836
2.36345	844.68	824.379
2.37539	844.33	823.919
2.38732	843.978	823.458
2.39926	843.624	822.996
2.4112	843.267	822.531
2.42313	842.908	822.066
2.43507	842.547	821.598
2.44701	842.183	821.129
2.45894	841.818	820.659
2.47088	841.45	820.187
2.48282	841.079	819.713
2.49475	840.707	819.238
2.50669	840.332	818.762
2.51863	839.956	818.284
2.53056	839.577	817.805
2.5425	839.195	817.324
2.55444	838.812	816.842
2.56637	838.426	816.358
2.57831	838.039	815.873
2.59025	837.649	815.387
2.60218	837.257	814.899
2.61412	836.863	814.41
2.62606	836.467	813.92
2.63799	836.068	813.429
2.64993	835.668	812.936
2.66187	835.265	812.442
2.6738	834.861	811.947
2.68574	834.454	811.451
2.69768	834.046	810.953
2.70961	833.635	810.455
2.72155	833.222	809.955
2.73349	832.808	809.454
2.74542	832.391	808.952
2.75736	831.972	808.449
2.7693	831.552	807.945
2.78123	831.129	807.439
2.79317	830.705	806.933
2.80511	830.278	806.426
2.81704	829.85	805.918
2.82898	829.42	805.408
2.84092	828.988	804.898
2.85285	828.554	804.387
2.86479	828.118	803.875
2.87673	827.68	803.362
2.88866	827.241	802.848
2.9006	826.8	802.334
2.91254	826.357	801.818
2.92447	825.912	801.302
2.93641	825.465	800.785
2.94835	825.017	800.267
2.96028	824.567	799.748
2.97222	824.115	799.229
2.98416	823.662	798.709
2.99609	823.206	798.188
3.00803	822.749	797.667
3.01997	822.291	797.145
3.0319	821.831	796.622
3.04384	821.369	796.098
3.05577	820.906	795.574
3.06771	820.441	795.05
3.07965	819.974	794.524
3.09158	819.506	793.999
3.10352	819.036	793.472
3.11546	818.565	792.946
3.12739	818.093	792.418
3.13933	817.619	791.89
3.15127	817.143	791.362
3.1632	816.666	790.833
3.17514	816.187	790.304
3.18708	815.707	789.775
3.19901	815.226	789.245
3.21095	814.743	788.714
3.22289	814.259	788.183
3.23482	813.774	787.652
3.24676	813.287	787.121
3.2587	812.799	786.589
3.27063	812.31	786.057
3.28257	811.819	785.525
3.29451	811.327	784.993
3.30644	810.834	784.46
3.31838	810.34	783.927
3.33032	809.844	783.394
3.34225	809.348	782.86
3.35419	808.85	782.327
3.36613	808.351	781.793
3.37806	807.85	781.259
3.39	807.349	780.725
3.40194	806.847	780.191
3.41387	806.343	779.657
3.42581	805.839	779.122
3.43775	805.333	778.588
3.44968	804.827	778.054
3.46162	804.319	777.519
3.47356	803.811	776.985
3.48549	803.301	776.45
3.49743	802.791	775.916
3.50937	802.279	775.381
3.5213	801.767	774.847
3.53324	801.254	774.313
3.54518	800.74	773.779
3.55711	800.225	773.244
3.56905	799.709	772.71
3.58099	799.192	772.176
3.59292	798.675	771.643
3.60486	798.157	771.109
3.6168	797.638	770.575
3.62873	797.118	770.042
3.64067	796.598	769.509
3.65261	796.077	768.976
3.66454	795.555	768.443
3.67648	795.033	767.911
3.68842	794.509	767.379
3.70035	793.986	766.847
3.71229	793.461	766.315
3.72423	792.936	765.783
3.73616	792.411	765.252
3.7481	791.885	764.721
3.76004	791.358	764.191
3.77197	790.831	763.66
3.78391	790.303	763.13
3.79585	789.775	762.601
3.80778	789.247	762.072
3.81972	788.717	761.543
3.83166	788.188	761.014
3.84359	787.658	760.486
3.85553	787.128	759.958
3.86747	786.597	759.431
3.8794	786.066	758.904
3.89134	785.534	758.378
3.90327	785.003	757.852
3.91521	784.471	757.326
3.92715	783.938	756.801
3.93908	783.406	756.277
3.95102	782.873	755.753
3.96296	782.339	755.229
3.97489	781.806	754.706
3.98683	781.272	754.183
3.99877	780.739	753.661
4.0107	780.205	753.14
4.02264	779.67	752.619
4.03458	779.136	752.098
4.04651	778.602	751.578
4.05845	778.067	751.059
4.07039	777.532	750.54
4.08232	776.998	750.022
4.09426	776.463	749.504
4.1062	775.928	748.987
4.11813	775.393	748.471
4.13007	774.858	747.955
4.14201	774.323	747.439
4.15394	773.788	746.925
4.16588	773.253	746.411
4.17782	772.719	745.897
4.18975	772.184	745.385
4.20169	771.649	744.873
4.21363	771.114	744.361
4.22556	770.58	743.85
4.2375	770.045	743.34
4.24944	769.511	742.831
4.26137	768.977	742.322
4.27331	768.443	741.814
4.28525	767.909	741.307
4.29718	767.375	740.8
4.30912	766.842	740.294
4.32106	766.308	739.789
4.33299	765.775	739.284
4.34493	765.243	738.78
4.35687	764.71	738.277
4.3688	764.178	737.774
4.38074	763.646	737.273
4.39268	763.114	736.772
4.40461	762.582	736.271
4.41655	762.051	735.772
4.42849	761.52	735.273
4.44042	760.99	734.775
4.45236	760.46	734.277
4.4643	759.93	733.781
4.47623	759.4	733.285
4.48817	758.871	732.79
4.50011	758.343	732.295
4.51204	757.814	731.801
4.52398	757.286	731.309
4.53592	756.759	730.816
4.54785	756.232	730.325
4.55979	755.705	729.834
4.57173	755.179	729.345
4.58366	754.654	728.855
4.5956	754.128	728.367
4.60754	753.604	727.879
4.61947	753.079	727.393
4.63141	752.556	726.907
4.64335	752.032	726.421
4.65528	751.51	725.937
4.66722	750.988	725.453
4.67916	750.466	724.97
4.69109	749.945	724.488
4.70303	749.424	724.006
4.71497	748.905	723.526
4.7269	748.385	723.046
4.73884	747.866	722.567
4.75078	747.348	722.088
4.76271	746.831	721.611
4.77465	746.314	721.134
4.78658	745.797	720.658
4.79852	745.281	720.183
4.81046	744.766	719.708
4.82239	744.252	719.234
4.83433	743.738	718.761
4.84627	743.224	718.289
4.8582	742.712	717.818
4.87014	742.2	717.347
4.88208	741.689	716.877
4.89401	741.178	716.408
4.90595	740.668	715.939
4.91789	740.159	715.471
4.92982	739.65	715.005
4.94176	739.142	714.538
4.9537	738.635	714.073
4.96563	738.129	713.608
4.97757	737.623	713.144
4.98951	737.118	712.681
5.00144	736.614	712.218
5.01338	736.11	711.757
5.02532	735.607	711.296
5.03725	735.105	710.835
5.04919	734.604	710.376
5.06113	734.103	709.917
5.07306	733.603	709.459
5.085	733.104	709.001
5.09694	732.605	708.545
5.10887	732.108	708.089
5.12081	731.611	707.633
5.13275	731.114	707.179
5.14468	730.619	706.725
5.15662	730.124	706.272
5.16856	729.63	705.819
5.18049	729.137	705.367
5.19243	728.645	704.916
5.20437	728.153	704.466
5.2163	727.662	704.016
5.22824	727.172	703.567
5.24018	726.683	703.118
5.25211	726.195	702.671
5.26405	725.707	702.223
5.27599	725.22	701.777
5.28792	724.734	701.331
5.29986	724.248	700.886
5.3118	723.764	700.442
5.32373	723.28	699.998
5.33567	722.797	699.555
5.34761	722.315	699.112
5.35954	721.833	698.67
5.37148	721.353	698.229
5.38342	720.873	697.788
5.39535	720.394	697.348
5.40729	719.915	696.908
5.41923	719.438	696.469
5.43116	718.961	696.031
5.4431	718.485	695.593
5.45504	718.01	695.156
5.46697	717.535	694.72
5.47891	717.062	694.284
5.49085	716.589	693.848
5.50278	716.117	693.414
5.51472	715.646	692.979
5.52666	715.175	692.546
5.53859	714.705	692.113
5.55053	714.236	691.68
5.56247	713.768	691.248
5.5744	713.301	690.816
5.58634	712.834	690.386
5.59828	712.368	689.955
5.61021	711.903	689.525
5.62215	711.439	689.096
5.63408	710.975	688.667
5.64602	710.512	688.239
5.65796	710.05	687.811
5.66989	709.589	687.383
5.68183	709.128	686.957
5.69377	708.668	686.53
5.7057	708.209	686.104
5.71764	707.751	685.679
5.72958	707.293	685.254
5.74151	706.836	684.83
5.75345	706.38	684.406
5.76539	705.925	683.982
5.77732	705.47	683.559
5.78926	705.016	683.136
5.8012	704.563	682.714
5.81313	704.11	682.292
5.82507	703.659	681.871
5.83701	703.208	681.45
5.84894	702.757	681.03
5.86088	702.307	680.61
5.87282	701.858	680.19
5.88475	701.41	679.771
5.89669	700.962	679.352
5.90863	700.515	678.933
5.92056	700.069	678.515
5.9325	699.624	678.098
5.94444	699.179	677.68
5.95637	698.734	677.263
5.96831	698.291	676.847
5.98025	697.848	676.431
5.99218	697.406	676.015
6.00412	696.964	675.599
6.01606	696.523	675.184
6.02799	696.083	674.769
6.03993	695.643	674.355
6.05187	695.204	673.941
6.0638	694.765	673.527
6.07574	694.328	673.114
6.08768	693.89	672.701
6.09961	693.454	672.288
6.11155	693.018	671.875
6.12349	692.582	671.463
6.13542	692.147	671.051
6.14736	691.713	670.64
6.1593	691.28	670.228
6.17123	690.847	669.817
6.18317	690.414	669.407
6.19511	689.982	668.996
6.20704	689.551	668.586
6.21898	689.12	668.176
6.23092	688.69	667.767
6.24285	688.26	667.357
6.25479	687.831	666.948
6.26673	687.402	666.539
6.27866	686.974	666.131
6.2906	686.547	665.722
6.30254	686.12	665.314
6.31447	685.693	664.906
6.32641	685.267	664.499
6.33835	684.841	664.091
6.35028	684.416	663.684
6.36222	683.992	663.277
6.37416	683.568	662.87
6.38609	683.144	662.464
6.39803	682.721	662.057
6.40997	682.298	661.651
6.4219	681.876	661.245
6.43384	681.454	660.839
6.44578	681.033	660.434
6.45771	680.612	660.029
6.46965	680.192	659.623
6.48159	679.772	659.218
6.49352	679.352	658.814
6.50546	678.933	658.409
6.51739	678.514	658.004
6.52933	678.095	657.6
6.54127	677.677	657.196
6.5532	677.26	656.792
6.56514	676.842	656.388
6.57708	676.425	655.985
6.58901	676.009	655.581
6.60095	675.593	655.178
6.61289	675.177	654.774
6.62482	674.761	654.371
6.63676	674.346	653.969
6.6487	673.931	653.566
6.66063	673.517	653.163
6.67257	673.103	652.761
6.68451	672.689	652.358
6.69644	672.276	651.956
6.70838	671.863	651.554
6.72032	671.45	651.152
6.73225	671.037	650.75
6.74419	670.625	650.348
6.75613	670.213	649.947
6.76806	669.802	649.545
6.78	669.391	649.144
6.79194	668.98	648.742
6.80387	668.569	648.341
6.81581	668.159	647.94
6.82775	667.749	647.539
6.83968	667.339	647.138
6.85162	666.93	646.737
6.86356	666.521	646.336
6.87549	666.112	645.936
6.88743	665.704	645.535
6.89937	665.296	645.135
6.9113	664.888	644.734
6.92324	664.481	644.334
6.93518	664.074	643.934
6.94711	663.667	643.534
6.95905	663.261	643.133
6.97099	662.855	642.733
6.98292	662.449	642.333
6.99486	662.044	641.934
7.0068	661.639	641.534
7.01873	661.234	641.134
7.03067	660.829	640.734
7.04261	660.425	640.334
7.05454	660.021	639.935
7.06648	659.617	639.535
7.07842	659.214	639.136
7.09035	658.811	638.736
7.10229	658.408	638.337
7.11423	658.006	637.937
7.12616	657.603	637.538
7.1381	657.201	637.139
7.15004	656.8	636.739
7.16197	656.398	636.34
7.17391	655.997	635.941
7.18585	655.595	635.541
7.19778	655.195	635.142
7.20972	654.794	634.743
7.22166	654.393	634.344
7.23359	653.993	633.945
7.24553	653.593	633.546
7.25747	653.193	633.147
7.2694	652.793	632.748
7.28134	652.393	632.349
7.29328	651.993	631.949
7.30521	651.594	631.55
7.31715	651.194	631.151
7.32909	650.795	630.752
7.34102	650.396	630.354
7.35296	649.997	629.955
7.36489	649.598	629.556
7.37683	649.199	629.157
7.38877	648.8	628.758
7.4007	648.401	628.359
7.41264	648.002	627.96
7.42458	647.603	627.561
7.43651	647.204	627.162
7.44845	646.806	626.764
7.46039	646.407	626.365
7.47232	646.008	625.966
7.48426	645.61	625.567
7.4962	645.211	625.168
7.50813	644.812	624.77
7.52007	644.414	624.371
7.53201	644.015	623.972
7.54394	643.617	623.574
7.55588	643.218	623.175
7.56782	642.819	622.776
7.57975	642.421	622.378
7.59169	642.022	621.979
7.60363	641.623	621.58
7.61556	641.225	621.182
7.6275	640.826	620.783
7.63944	640.427	620.385
7.65137	640.029	619.986
7.66331	639.63	619.588
7.67525	639.231	619.189
7.68718	638.833	618.791
7.69912	638.434	618.392
7.71106	638.035	617.994
7.72299	637.637	617.596
7.73493	637.238	617.197
7.74687	636.839	616.799
7.7588	636.44	616.401
7.77074	636.042	616.003
7.78268	635.643	615.604
7.79461	635.244	615.206
7.80655	634.845	614.808
7.81849	634.446	614.41
7.83042	634.048	614.012
7.84236	633.649	613.614
7.8543	633.25	613.216
7.86623	632.851	612.818
7.87817	632.452	612.42
7.89011	632.054	612.022
7.90204	631.655	611.624
7.91398	631.256	611.227
7.92592	630.857	610.829
7.93785	630.458	610.431
7.94979	630.06	610.033
7.96173	629.661	609.636
7.97366	629.262	609.238
7.9856	628.863	608.84
7.99754	628.464	608.443
8.00947	628.066	608.045
8.02141	627.667	607.648
8.03335	627.268	607.251
8.04528	626.869	606.853
8.05722	626.471	606.456
8.06916	626.072	606.059
8.08109	625.673	605.661
8.09303	625.275	605.264
8.10497	624.876	604.867
8.1169	624.477	604.47
8.12884	624.079	604.073
8.14078	623.68	603.676
8.15271	623.281	603.279
8.16465	622.883	602.882
8.17659	622.484	602.485
8.18852	622.085	602.089
8.20046	621.687	601.692
8.2124	621.288	601.295
8.22433	620.89	600.899
8.23627	620.491	600.502
8.2482	620.093	600.106
8.26014	619.694	599.709
8.27208	619.296	599.313
8.28401	618.898	598.916
8.29595	618.499	598.52
8.30789	618.101	598.124
8.31982	617.703	597.728
8.33176	617.304	597.331
8.3437	616.906	596.935
8.35563	616.508	596.539
8.36757	616.11	596.143
8.37951	615.711	595.748
8.39144	615.313	595.352
8.40338	614.915	594.956
8.41532	614.517	594.56
8.42725	614.119	594.165
8.43919	613.721	593.769
8.45113	613.323	593.373
8.46306	612.925	592.978
8.475	612.527	592.583
8.48694	612.129	592.187
8.49887	611.731	591.792
8.51081	611.334	591.397
8.52275	610.936	591.002
8.53468	610.538	590.607
8.54662	610.14	590.212
8.55856	609.743	589.817
8.57049	609.345	589.422
8.58243	608.948	589.027
8.59437	608.55	588.632
8.6063	608.153	588.237
8.61824	607.755	587.843
8.63018	607.358	587.448
8.64211	606.96	587.054
8.65405	606.563	586.659
8.66599	606.166	586.265
8.67792	605.769	585.871
8.68986	605.371	585.477
8.7018	604.974	585.082
8.71373	604.577	584.688
8.72567	604.18	584.294
8.73761	603.783	583.9
8.74954	603.386	583.507
8.76148	602.989	583.113
8.77342	602.592	582.719
8.78535	602.196	582.326
8.79729	601.799	581.932
8.80923	601.402	581.539
8.82116	601.006	581.145
8.8331	600.609	580.752
8.84504	600.212	580.359
8.85697	599.816	579.965
8.86891	599.42	579.572
8.88085	599.023	579.179
8.89278	598.627	578.786
8.90472	598.231	578.393
8.91666	597.834	578.001
8.92859	597.438	577.608
8.94053	597.042	577.215
8.95247	596.646	576.823
8.9644	596.25	576.43
8.97634	595.854	576.038
8.98828	595.458	575.645
9.00021	595.063	575.253
9.01215	594.667	574.861
9.02409	594.271	574.469
9.03602	593.876	574.077
9.04796	593.48	573.685
9.0599	593.085	573.293
9.07183	592.689	572.901
9.08377	592.294	572.509
9.0957	591.898	572.118
9.10764	591.503	571.726
9.11958	591.108	571.335
9.13151	590.713	570.943
9.14345	590.318	570.552
9.15539	589.923	570.161
9.16732	589.528	569.77
9.17926	589.133	569.379
9.1912	588.738	568.988
9.20313	588.344	568.597
9.21507	587.949	568.206
9.22701	587.554	567.815
9.23894	587.16	567.425
9.25088	586.765	567.034
9.26282	586.371	566.644
9.27475	585.977	566.253
9.28669	585.583	565.863
9.29863	585.188	565.473
9.31056	584.794	565.083
9.3225	584.4	564.693
9.33444	584.006	564.303
9.34637	583.612	563.913
9.35831	583.219	563.523
9.37025	582.825	563.133
9.38218	582.431	562.744
9.39412	582.038	562.354
9.40606	581.644	561.965
9.41799	581.251	561.575
9.42993	580.857	561.186
9.44187	580.464	560.797
9.4538	580.071	560.408
9.46574	579.678	560.019
9.47768	579.285	559.63
9.48961	578.892	559.241
9.50155	578.499	558.852
9.51349	578.106	558.463
9.52542	577.713	558.075
9.53736	577.32	557.686
9.5493	576.928	557.298
9.56123	576.535	556.909
9.57317	576.143	556.521
9.58511	575.75	556.133
9.59704	575.358	555.745
9.60898	574.966	555.357
9.62092	574.574	554.969
9.63285	574.181	554.581
9.64479	573.789	554.194
9.65673	573.398	553.806
9.66866	573.006	553.418
9.6806	572.614	553.031
9.69254	572.222	552.644
9.70447	571.831	552.256
9.71641	571.439	551.869
9.72835	571.048	551.482
9.74028	570.656	551.095
9.75222	570.265	550.708
9.76416	569.874	550.321
9.77609	569.483	549.935
9.78803	569.092	549.548
9.79997	568.701	549.161
9.8119	568.31	548.775
9.82384	567.919	548.389
9.83578	567.529	548.002
9.84771	567.138	547.616
9.85965	566.747	547.23
9.87159	566.357	546.844
9.88352	565.967	546.458
9.89546	565.576	546.072
9.9074	565.186	545.687
9.91933	564.796	545.301
9.93127	564.406	544.915
9.94321	564.016	544.53
9.95514	563.626	544.145
9.96708	563.236	543.759
9.97901	562.847	543.374
9.99095	562.457	542.989
10.0029	562.068	542.604
10.0148	561.678	542.219
10.0268	561.289	541.834
10.0387	560.9	541.449
10.0506	560.51	541.065
10.0626	560.121	540.68
10.0745	559.732	540.296
10.0864	559.343	539.911
10.0984	558.955	539.527
10.1103	558.566	539.143
10.1223	558.177	538.759
10.1342	557.789	538.375
10.1461	557.4	537.991
10.1581	557.012	537.607
10.17	556.623	537.223
10.1819	556.235	536.84
10.1939	555.847	536.456
10.2058	555.459	536.073
10.2177	555.071	535.689
10.2297	554.683	535.306
10.2416	554.296	534.923
10.2536	553.908	534.54
10.2655	553.52	534.157
10.2774	553.133	533.774
10.2894	552.745	533.391
10.3013	552.358	533.008
10.3132	551.971	532.626
10.3252	551.584	532.243
10.3371	551.197	531.861
10.3491	550.81	531.478
10.361	550.423	531.096
10.3729	550.036	530.714
10.3849	549.649	530.332
10.3968	549.263	529.95
10.4087	548.876	529.568
10.4207	548.49	529.186
10.4326	548.103	528.805
10.4445	547.717	528.423
10.4565	547.331	528.041
10.4684	546.945	527.66
10.4804	546.559	527.279
10.4923	546.173	526.897
10.5042	545.787	526.516
10.5162	545.402	526.135
10.5281	545.016	525.754
10.54	544.63	525.373
10.552	544.245	524.993
10.5639	543.86	524.612
10.5758	543.474	524.231
10.5878	543.089	523.851
10.5997	542.704	523.47
10.6117	542.319	523.09
10.6236	541.934	522.71
10.6355	541.55	522.33
10.6475	541.165	521.95
10.6594	540.78	521.57
10.6713	540.396	521.19
10.6833	540.011	520.81
10.6952	539.627	520.43
10.7071	539.243	520.051
10.7191	538.859	519.671
10.731	538.474	519.292
10.743	538.091	518.913
10.7549	537.707	518.533
10.7668	537.323	518.154
10.7788	536.939	517.775
10.7907	536.556	517.396
10.8026	536.172	517.017
10.8146	535.789	516.639
10.8265	535.405	516.26
10.8385	535.022	515.881
10.8504	534.639	515.503
10.8623	534.256	515.125
10.8743	533.873	514.746
10.8862	533.49	514.368
10.8981	533.107	513.99
10.9101	532.725	513.612
10.922	532.342	513.234
10.9339	531.96	512.856
10.9459	531.577	512.479
10.9578	531.195	512.101
10.9698	530.813	511.723
10.9817	530.431	511.346
10.9936	530.049	510.969
11.0056	529.667	510.591
11.0175	529.285	510.214
11.0294	528.903	509.837
11.0414	528.521	509.46
11.0533	528.14	509.083
11.0652	527.758	508.706
11.0772	527.377	508.33
11.0891	526.996	507.953
11.1011	526.614	507.576
11.113	526.233	507.2
11.1249	525.852	506.824
11.1369	525.471	506.447
11.1488	525.091	506.071
11.1607	524.71	505.695
11.1727	524.329	505.319
11.1846	523.949	504.943
11.1966	523.568	504.568
11.2085	523.188	504.192
11.2204	522.808	503.816
11.2324	522.428	503.441
11.2443	522.047	503.066
11.2562	521.667	502.69
11.2682	521.288	502.315
11.2801	520.908	501.94
11.292	520.528	501.565
11.304	520.148	501.19
11.3159	519.769	500.815
11.3279	519.39	500.44
11.3398	519.01	500.066
11.3517	518.631	499.691
11.3637	518.252	499.317
11.3756	517.873	498.942
11.3875	517.494	498.568
11.3995	517.115	498.194
11.4114	516.736	497.82
11.4233	516.357	497.446
11.4353	515.979	497.072
11.4472	515.6	496.698
11.4592	515.222	496.324
11.4711	514.844	495.951
11.483	514.466	495.577
11.495	514.087	495.204
11.5069	513.709	494.831
11.5188	513.331	494.457
11.5308	512.954	494.084
11.5427	512.576	493.711
11.5546	512.198	493.338
11.5666	511.821	492.966
11.5785	511.443	492.593
11.5905	511.066	492.22
11.6024	510.689	491.848
11.6143	510.311	491.475
11.6263	509.934	491.103
11.6382	509.557	490.731
11.6501	509.18	490.358
11.6621	508.804	489.986
11.674	508.427	489.614
11.686	508.05	489.243
11.6979	507.674	488.871
11.7098	507.297	488.499
11.7218	506.921	488.128
11.7337	506.545	487.756
11.7456	506.169	487.385
11.7576	505.793	487.013
11.7695	505.417	486.642
11.7814	505.041	486.271
11.7934	504.665	485.9
11.8053	504.289	485.529
11.8173	503.914	485.159
11.8292	503.538	484.788
11.8411	503.163	484.417
11.8531	502.788	484.047
11.865	502.413	483.676
11.8769	502.037	483.306
11.8889	501.662	482.936
11.9008	501.287	482.566
11.9127	500.913	482.196
11.9247	500.538	481.826
11.9366	500.163	481.456
11.9486	499.789	481.087
11.9605	499.414	480.717
11.9724	499.04	480.348
11.9844	498.666	479.978
11.9963	498.292	479.609
12.0082	497.918	479.24
12.0202	497.544	478.871
12.0321	497.17	478.502
12.0441	496.796	478.133
12.056	496.422	477.764
12.0679	496.049	477.396
12.0799	495.675	477.027
12.0918	495.302	476.659
12.1037	494.929	476.29
12.1157	494.556	475.922
12.1276	494.183	475.554
12.1395	493.81	475.186
12.1515	493.437	474.818
12.1634	493.064	474.45
12.1754	492.691	474.083
12.1873	492.319	473.715
12.1992	491.946	473.348
12.2112	491.574	472.98
12.2231	491.201	472.613
12.235	490.829	472.246
12.247	490.457	471.879
12.2589	490.085	471.512
12.2708	489.713	471.145
12.2828	489.341	470.779
12.2947	488.97	470.412
12.3067	488.598	470.046
12.3186	488.227	469.679
12.3305	487.855	469.313
12.3425	487.484	468.947
12.3544	487.113	468.581
12.3663	486.742	468.215
12.3783	486.371	467.849
12.3902	486	467.483
12.4021	485.629	467.118
12.4141	485.258	466.752
12.426	484.888	466.387
12.438	484.517	466.022
12.4499	484.147	465.657
12.4618	483.776	465.292
12.4738	483.406	464.927
12.4857	483.036	464.562
12.4976	482.666	464.198
12.5096	482.296	463.833
12.5215	481.926	463.469
12.5335	481.557	463.104
12.5454	481.187	462.74
12.5573	480.818	462.376
12.5693	480.448	462.012
12.5812	480.079	461.649
12.5931	479.71	461.285
12.6051	479.341	460.921
12.617	478.972	460.558
12.6289	478.603	460.195
12.6409	478.234	459.831
12.6528	477.866	459.468
12.6648	477.497	459.106
12.6767	477.129	458.743
12.6886	476.761	458.38
12.7006	476.392	458.018
12.7125	476.024	457.655
12.7244	475.656	457.293
12.7364	475.288	456.931
12.7483	474.921	456.569
12.7602	474.553	456.207
12.7722	474.185	455.845
12.7841	473.818	455.483
12.7961	473.451	455.122
12.808	473.083	454.76
12.8199	472.716	454.399
12.8319	472.349	454.038
12.8438	471.982	453.677
12.8557	471.616	453.316
12.8677	471.249	452.956
12.8796	470.882	452.595
12.8916	470.516	452.235
12.9035	470.15	451.874
12.9154	469.783	451.514
12.9274	469.417	451.154
12.9393	469.051	450.794
12.9512	468.685	450.435
12.9632	468.32	450.075
12.9751	467.954	449.716
12.987	467.589	449.356
12.999	467.223	448.997
13.0109	466.858	448.638
13.0229	466.493	448.279
13.0348	466.128	447.92
13.0467	465.763	447.562
13.0587	465.398	447.203
13.0706	465.033	446.845
13.0825	464.669	446.487
13.0945	464.304	446.129
13.1064	463.94	445.771
13.1183	463.575	445.413
13.1303	463.211	445.056
13.1422	462.847	444.699
13.1542	462.484	444.341
13.1661	462.12	443.984
13.178	461.756	443.627
13.19	461.393	443.271
13.2019	461.029	442.914
13.2138	460.666	442.557
13.2258	460.303	442.201
13.2377	459.94	441.845
13.2496	459.577	441.489
13.2616	459.214	441.133
13.2735	458.852	440.778
13.2855	458.489	440.422
13.2974	458.127	440.067
13.3093	457.765	439.712
13.3213	457.403	439.357
13.3332	457.041	439.002
13.3451	456.679	438.647
13.3571	456.317	438.293
13.369	455.956	437.938
13.381	455.594	437.584
13.3929	455.233	437.23
13.4048	454.872	436.876
13.4168	454.511	436.523
13.4287	454.15	436.169
13.4406	453.789	435.816
13.4526	453.428	435.463
13.4645	453.068	435.11
13.4764	452.707	434.757
13.4884	452.347	434.404
13.5003	451.987	434.052
13.5123	451.627	433.7
13.5242	451.267	433.348
13.5361	450.908	432.996
13.5481	450.548	432.644
13.56	450.189	432.293
13.5719	449.83	431.941
13.5839	449.47	431.59
13.5958	449.112	431.239
13.6077	448.753	430.889
13.6197	448.394	430.538
13.6316	448.036	430.188
13.6436	447.677	429.837
13.6555	447.319	429.487
13.6674	446.961	429.138
13.6794	446.603	428.788
13.6913	446.245	428.439
13.7032	445.888	428.089
13.7152	445.53	427.74
13.7271	445.173	427.392
13.7391	444.816	427.043
13.751	444.459	426.695
13.7629	444.102	426.346
13.7749	443.745	425.998
13.7868	443.389	425.651
13.7987	443.032	425.303
13.8107	442.676	424.956
13.8226	442.32	424.609
13.8345	441.964	424.262
13.8465	441.608	423.915
13.8584	441.253	423.568
13.8704	440.898	423.222
13.8823	440.542	422.876
13.8942	440.187	422.53
13.9062	439.832	422.184
13.9181	439.478	421.839
13.93	439.123	421.494
13.942	438.769	421.149
13.9539	438.414	420.804
13.9658	438.06	420.459
13.9778	437.706	420.115
13.9897	437.353	419.771
14.0017	436.999	419.427
14.0136	436.646	419.083
14.0255	436.292	418.74
14.0375	435.939	418.397
14.0494	435.587	418.054
14.0613	435.234	417.711
14.0733	434.881	417.368
14.0852	434.529	417.026
14.0971	434.177	416.684
14.1091	433.825	416.342
14.121	433.473	416.001
14.133	433.122	415.66
14.1449	432.77	415.318
14.1568	432.419	414.978
14.1688	432.068	414.637
14.1807	431.717	414.297
14.1926	431.366	413.957
14.2046	431.016	413.617
14.2165	430.666	413.277
14.2285	430.316	412.938
14.2404	429.966	412.599
14.2523	429.616	412.26
14.2643	429.266	411.922
14.2762	428.917	411.583
14.2881	428.568	411.245
14.3001	428.219	410.907
14.312	427.87	410.57
14.3239	427.522	410.233
14.3359	427.174	409.896
14.3478	426.825	409.559
14.3598	426.477	409.223
14.3717	426.13	408.886
14.3836	425.782	408.55
14.3956	425.435	408.215
14.4075	425.088	407.879
14.4194	424.741	407.544
14.4314	424.394	407.21
14.4433	424.048	406.875
14.4552	423.702	406.541
14.4672	423.356	406.207
14.4791	423.01	405.873
14.4911	422.664	405.54
14.503	422.319	405.207
14.5149	421.974	404.874
14.5269	421.629	404.541
14.5388	421.284	404.209
14.5507	420.94	403.877
14.5627	420.595	403.545
14.5746	420.251	403.214
14.5866	419.907	402.883
14.5985	419.564	402.552
14.6104	419.221	402.222
14.6224	418.877	401.891
14.6343	418.534	401.562
14.6462	418.192	401.232
14.6582	417.849	400.903
14.6701	417.507	400.574
14.682	417.165	400.245
14.694	416.824	399.917
14.7059	416.482	399.589
14.7179	416.141	399.261
14.7298	415.8	398.934
14.7417	415.459	398.607
14.7537	415.119	398.28
14.7656	414.778	397.953
14.7775	414.438	397.627
14.7895	414.098	397.301
14.8014	413.759	396.976
14.8133	413.42	396.651
14.8253	413.081	396.326
14.8372	412.742	396.001
14.8492	412.403	395.677
14.8611	412.065	395.353
14.873	411.727	395.03
14.885	411.389	394.707
14.8969	411.052	394.384
14.9088	410.715	394.061
14.9208	410.378	393.739
14.9327	410.041	393.417
14.9446	409.705	393.096
14.9566	409.369	392.775
14.9685	409.033	392.454
14.9805	408.697	392.134
14.9924	408.362	391.814
15.0043	408.027	391.494
15.0163	407.692	391.175
15.0282	407.357	390.856
15.0401	407.023	390.537
15.0521	406.689	390.219
15.064	406.356	389.901
15.076	406.022	389.583
15.0879	405.689	389.266
15.0998	405.356	388.949
15.1118	405.024	388.633
15.1237	404.691	388.316
15.1356	404.359	388.001
15.1476	404.028	387.685
15.1595	403.696	387.37
15.1714	403.365	387.056
15.1834	403.035	386.741
15.1953	402.704	386.428
15.2073	402.374	386.114
15.2192	402.044	385.801
15.2311	401.714	385.488
15.2431	401.385	385.176
15.255	401.056	384.864
15.2669	400.728	384.552
15.2789	400.399	384.241
15.2908	400.071	383.93
15.3027	399.743	383.62
15.3147	399.416	383.31
15.3266	399.089	383
15.3386	398.762	382.691
15.3505	398.436	382.382
15.3624	398.109	382.074
15.3744	397.784	381.766
15.3863	397.458	381.458
15.3982	397.133	381.151
15.4102	396.808	380.845
15.4221	396.483	380.538
15.4341	396.159	380.232
15.446	395.835	379.927
15.4579	395.512	379.622
15.4699	395.188	379.317
15.4818	394.866	379.013
15.4937	394.543	378.709
15.5057	394.221	378.405
15.5176	393.899	378.102
15.5295	393.577	377.8
15.5415	393.256	377.497
15.5534	392.935	377.196
15.5654	392.615	376.894
15.5773	392.295	376.593
15.5892	391.975	376.293
15.6012	391.655	375.993
15.6131	391.336	375.693
15.625	391.018	375.394
15.637	390.699	375.096
15.6489	390.381	374.797
15.6608	390.063	374.5
15.6728	389.746	374.202
15.6847	389.429	373.905
15.6967	389.113	373.609
15.7086	388.796	373.313
15.7205	388.481	373.017
15.7325	388.165	372.722
15.7444	387.85	372.427
15.7563	387.535	372.133
15.7683	387.221	371.839
15.7802	386.907	371.546
15.7921	386.593	371.253
15.8041	386.28	370.961
15.816	385.967	370.669
15.828	385.655	370.378
15.8399	385.342	370.087
15.8518	385.031	369.796
15.8638	384.719	369.506
15.8757	384.408	369.217
15.8876	384.098	368.927
15.8996	383.788	368.639
15.9115	383.478	368.351
15.9235	383.169	368.063
15.9354	382.86	367.776
15.9473	382.551	367.489
15.9593	382.243	367.203
15.9712	381.935	366.917
15.9831	381.628	366.632
15.9951	381.321	366.347
16.007	381.014	366.063
16.0189	380.708	365.779
16.0309	380.402	365.496
16.0428	380.097	365.213
16.0548	379.792	364.931
16.0667	379.488	364.649
16.0786	379.183	364.368
16.0906	378.88	364.087
16.1025	378.577	363.807
16.1144	378.274	363.527
16.1264	377.971	363.248
16.1383	377.669	362.969
16.1502	377.368	362.691
16.1622	377.067	362.413
16.1741	376.766	362.136
16.1861	376.466	361.859
16.198	376.166	361.583
16.2099	375.866	361.307
16.2219	375.567	361.032
16.2338	375.269	360.758
16.2457	374.971	360.483
16.2577	374.673	360.21
16.2696	374.376	359.937
16.2816	374.079	359.664
16.2935	373.783	359.392
16.3054	373.487	359.121
16.3174	373.192	358.85
16.3293	372.897	358.579
16.3412	372.602	358.309
16.3532	372.308	358.04
16.3651	372.015	357.771
16.377	371.721	357.503
16.389	371.429	357.235
16.4009	371.136	356.968
16.4129	370.845	356.701
16.4248	370.553	356.435
16.4367	370.263	356.169
16.4487	369.972	355.904
16.4606	369.682	355.64
16.4725	369.393	355.376
16.4845	369.104	355.113
16.4964	368.815	354.85
16.5083	368.527	354.587
16.5203	368.24	354.326
16.5322	367.953	354.064
16.5442	367.666	353.804
16.5561	367.38	353.544
16.568	367.095	353.284
16.58	366.809	353.025
16.5919	366.525	352.767
16.6038	366.241	352.509
16.6158	365.957	352.252
16.6277	365.674	351.995
16.6396	365.391	351.739
16.6516	365.109	351.483
16.6635	364.827	351.228
16.6755	364.546	350.974
16.6874	364.265	350.72
16.6993	363.985	350.467
16.7113	363.705	350.214
16.7232	363.426	349.962
16.7351	363.148	349.71
16.7471	362.869	349.459
16.759	362.592	349.209
16.771	362.314	348.959
16.7829	362.038	348.71
16.7948	361.762	348.461
16.8068	361.486	348.213
16.8187	361.211	347.965
16.8306	360.936	347.718
16.8426	360.662	347.472
16.8545	360.389	347.226
16.8664	360.116	346.981
16.8784	359.843	346.736
16.8903	359.571	346.492
16.9023	359.3	346.249
16.9142	359.029	346.006
16.9261	358.758	345.764
16.9381	358.488	345.522
16.95	358.219	345.281
16.9619	357.95	345.041
16.9739	357.682	344.801
16.9858	357.414	344.562
16.9977	357.147	344.323
17.0097	356.88	344.085
17.0216	356.614	343.848
17.0336	356.349	343.611
17.0455	356.083	343.375
17.0574	355.819	343.139
17.0694	355.555	342.904
17.0813	355.292	342.67
17.0932	355.029	342.436
17.1052	354.766	342.203
17.1171	354.505	341.97
17.1291	354.243	341.738
17.141	353.983	341.507
17.1529	353.722	341.276
17.1649	353.463	341.046
17.1768	353.204	340.816
17.1887	352.945	340.587
17.2007	352.688	340.359
17.2126	352.43	340.131
17.2245	352.173	339.904
17.2365	351.917	339.678
17.2484	351.662	339.452
17.2604	351.406	339.227
17.2723	351.152	339.002
17.2842	350.898	338.778
17.2962	350.645	338.555
17.3081	350.392	338.332
17.32	350.14	338.11
17.332	349.888	337.889
17.3439	349.637	337.668
17.3558	349.386	337.448
17.3678	349.136	337.228
17.3797	348.887	337.009
17.3917	348.638	336.791
17.4036	348.39	336.573
17.4155	348.142	336.356
17.4275	347.895	336.139
17.4394	347.649	335.923
17.4513	347.403	335.708
17.4633	347.158	335.494
17.4752	346.913	335.28
17.4871	346.669	335.066
17.4991	346.425	334.854
17.511	346.182	334.642
17.523	345.94	334.43
17.5349	345.698	334.219
17.5468	345.457	334.009
17.5588	345.217	333.8
17.5707	344.977	333.591
17.5826	344.737	333.383
17.5946	344.498	333.175
17.6065	344.26	332.968
17.6185	344.023	332.762
17.6304	343.786	332.556
17.6423	343.549	332.351
17.6543	343.313	332.147
17.6662	343.078	331.943
17.6781	342.844	331.74
17.6901	342.61	331.537
17.702	342.376	331.335
17.7139	342.143	331.134
17.7259	341.911	330.933
17.7378	341.68	330.733
17.7498	341.449	330.534
17.7617	341.218	330.335
17.7736	340.989	330.137
17.7856	340.76	329.94
17.7975	340.531	329.743
17.8094	340.303	329.547
17.8214	340.076	329.352
17.8333	339.849	329.157
17.8452	339.623	328.963
17.8572	339.398	328.769
17.8691	339.173	328.576
17.8811	338.949	328.384
17.893	338.725	328.193
17.9049	338.502	328.002
17.9169	338.28	327.811
17.9288	338.058	327.622
17.9407	337.837	327.433
17.9527	337.617	327.244
17.9646	337.397	327.056
17.9766	337.177	326.869
17.9885	336.959	326.683
18.0004	336.741	326.497
18.0124	336.524	326.312
18.0243	336.307	326.127
18.0362	336.091	325.944
18.0482	335.875	325.76
18.0601	335.66	325.578
18.072	335.446	325.396
18.084	335.233	325.215
18.0959	335.02	325.034
18.1079	334.807	324.854
18.1198	334.595	324.675
18.1317	334.384	324.496
18.1437	334.174	324.318
18.1556	333.964	324.14
18.1675	333.755	323.964
18.1795	333.546	323.787
18.1914	333.338	323.612
18.2033	333.131	323.437
18.2153	332.925	323.263
18.2272	332.719	323.089
18.2392	332.513	322.916
18.2511	332.308	322.744
18.263	332.104	322.573
18.275	331.901	322.402
18.2869	331.698	322.231
18.2988	331.496	322.062
18.3108	331.294	321.892
18.3227	331.093	321.724
18.3346	330.893	321.556
18.3466	330.693	321.389
18.3585	330.494	321.223
18.3705	330.296	321.057
18.3824	330.098	320.892
18.3943	329.901	320.727
18.4063	329.705	320.563
18.4182	329.509	320.4
18.4301	329.314	320.237
18.4421	329.119	320.075
18.454	328.925	319.914
18.466	328.732	319.753
18.4779	328.539	319.593
18.4898	328.347	319.433
18.5018	328.156	319.274
18.5137	327.965	319.116
18.5256	327.775	318.959
18.5376	327.586	318.802
18.5495	327.397	318.645
18.5614	327.209	318.49
18.5734	327.022	318.335
18.5853	326.835	318.18
18.5973	326.649	318.027
18.6092	326.463	317.873
18.6211	326.278	317.721
18.6331	326.094	317.569
18.645	325.91	317.418
18.6569	325.727	317.267
18.6689	325.545	317.117
18.6808	325.363	316.968
18.6927	325.182	316.819
18.7047	325.002	316.671
18.7166	324.822	316.523
18.7286	324.643	316.377
18.7405	324.464	316.23
18.7524	324.287	316.085
18.7644	324.109	315.94
18.7763	323.933	315.795
18.7882	323.757	315.652
18.8002	323.582	315.508
18.8121	323.407	315.366
18.8241	323.233	315.224
18.836	323.06	315.083
18.8479	322.887	314.942
18.8599	322.715	314.802
18.8718	322.543	314.663
18.8837	322.373	314.524
18.8957	322.203	314.386
18.9076	322.033	314.248
18.9195	321.864	314.111
18.9315	321.696	313.975
18.9434	321.528	313.839
18.9554	321.361	313.704
18.9673	321.195	313.569
18.9792	321.029	313.435
18.9912	320.864	313.302
19.0031	320.7	313.169
19.015	320.536	313.037
19.027	320.373	312.906
19.0389	320.211	312.775
19.0508	320.049	312.645
19.0628	319.887	312.515
19.0747	319.727	312.386
19.0867	319.567	312.257
19.0986	319.408	312.13
19.1105	319.249	312.002
19.1225	319.091	311.876
19.1344	318.933	311.749
19.1463	318.777	311.624
19.1583	318.621	311.499
19.1702	318.465	311.375
19.1821	318.31	311.251
19.1941	318.156	311.128
19.206	318.002	311.005
19.218	317.849	310.883
19.2299	317.697	310.762
19.2418	317.545	310.641
19.2538	317.394	310.521
19.2657	317.244	310.402
19.2776	317.094	310.283
19.2896	316.944	310.164
19.3015	316.796	310.046
19.3135	316.648	309.929
19.3254	316.5	309.812
19.3373	316.354	309.696
19.3493	316.208	309.581
19.3612	316.062	309.466
19.3731	315.917	309.351
19.3851	315.773	309.237
19.397	315.629	309.124
19.4089	315.486	309.011
19.4209	315.344	308.899
19.4328	315.202	308.788
19.4448	315.061	308.677
19.4567	314.92	308.566
19.4686	314.781	308.457
19.4806	314.641	308.347
19.4925	314.503	308.239
19.5044	314.364	308.13
19.5164	314.227	308.023
19.5283	314.09	307.916
19.5402	313.954	307.809
19.5522	313.818	307.703
19.5641	313.683	307.598
19.5761	313.549	307.493
19.588	313.415	307.389
19.5999	313.282	307.285
19.6119	313.149	307.182
19.6238	313.017	307.079
19.6357	312.886	306.977
19.6477	312.755	306.876
19.6596	312.625	306.775
19.6716	312.495	306.674
19.6835	312.366	306.574
19.6954	312.238	306.475
19.7074	312.11	306.376
19.7193	311.983	306.278
19.7312	311.856	306.18
19.7432	311.73	306.083
19.7551	311.605	305.986
19.767	311.48	305.89
19.779	311.356	305.794
19.7909	311.232	305.699
19.8029	311.109	305.604
19.8148	310.986	305.51
19.8267	310.865	305.417
19.8387	310.743	305.324
19.8506	310.623	305.231
19.8625	310.502	305.139
19.8745	310.383	305.048
19.8864	310.264	304.957
19.8983	310.146	304.866
19.9103	310.028	304.776
19.9222	309.911	304.687
19.9342	309.794	304.598
19.9461	309.678	304.509
19.958	309.562	304.421
19.97	309.447	304.334
19.9819	309.333	304.247
19.9938	309.219	304.161
20.0058	309.106	304.075
20.0177	308.993	303.989
20.0296	308.881	303.904
20.0416	308.77	303.82
20.0535	308.659	303.736
20.0655	308.549	303.653
20.0774	308.439	303.57
20.0893	308.33	303.487
20.1013	308.221	303.405
20.1132	308.113	303.324
20.1251	308.005	303.243
20.1371	307.898	303.162
20.149	307.792	303.082
20.161	307.686	303.003
20.1729	307.58	302.924
20.1848	307.476	302.845
20.1968	307.371	302.767
20.2087	307.268	302.689
20.2206	307.164	302.612
20.2326	307.062	302.535
20.2445	306.96	302.459
20.2564	306.858	302.383
20.2684	306.757	302.308
20.2803	306.657	302.233
20.2923	306.557	302.159
20.3042	306.458	302.085
20.3161	306.359	302.011
20.3281	306.26	301.938
20.34	306.163	301.866
20.3519	306.065	301.794
20.3639	305.969	301.722
20.3758	305.873	301.651
20.3877	305.777	301.58
20.3997	305.682	301.51
20.4116	305.587	301.44
20.4236	305.493	301.371
20.4355	305.4	301.302
20.4474	305.307	301.233
20.4594	305.214	301.165
20.4713	305.122	301.097
20.4832	305.031	301.03
20.4952	304.94	300.963
20.5071	304.849	300.897
20.5191	304.759	300.831
20.531	304.67	300.765
20.5429	304.581	300.7
20.5549	304.493	300.636
20.5668	304.405	300.571
20.5787	304.317	300.508
20.5907	304.23	300.444
20.6026	304.144	300.381
20.6145	304.058	300.319
20.6265	303.973	300.256
20.6384	303.888	300.195
20.6504	303.803	300.133
20.6623	303.719	300.072
20.6742	303.636	300.012
20.6862	303.553	299.952
20.6981	303.471	299.892
20.71	303.389	299.833
20.722	303.307	299.774
20.7339	303.226	299.715
20.7458	303.146	299.657
20.7578	303.066	299.6
20.7697	302.986	299.542
20.7817	302.907	299.485
20.7936	302.829	299.429
20.8055	302.75	299.373
20.8175	302.673	299.317
20.8294	302.596	299.262
20.8413	302.519	299.207
20.8533	302.443	299.152
20.8652	302.367	299.098
20.8771	302.292	299.044
20.8891	302.217	298.99
20.901	302.142	298.937
20.913	302.068	298.885
20.9249	301.995	298.832
20.9368	301.922	298.78
20.9488	301.849	298.729
20.9607	301.777	298.677
20.9726	301.706	298.626
20.9846	301.634	298.576
20.9965	301.564	298.526
21.0085	301.493	298.476
21.0204	301.423	298.426
21.0323	301.354	298.377
21.0443	301.285	298.329
21.0562	301.217	298.28
21.0681	301.148	298.232
21.0801	301.081	298.185
21.092	301.013	298.137
21.1039	300.947	298.09
21.1159	300.88	298.044
21.1278	300.814	297.997
21.1398	300.749	297.951
21.1517	300.684	297.906
21.1636	300.619	297.86
21.1756	300.555	297.815
21.1875	300.491	297.771
21.1994	300.428	297.726
21.2114	300.365	297.682
21.2233	300.302	297.639
21.2352	300.24	297.596
21.2472	300.178	297.553
21.2591	300.117	297.51
21.2711	300.056	297.468
21.283	299.995	297.426
21.2949	299.935	297.384
21.3069	299.876	297.342
21.3188	299.816	297.301
21.3307	299.757	297.261
21.3427	299.699	297.22
21.3546	299.641	297.18
21.3666	299.583	297.14
21.3785	299.526	297.101
21.3904	299.469	297.062
21.4024	299.412	297.023
21.4143	299.356	296.984
21.4262	299.3	296.946
21.4382	299.245	296.908
21.4501	299.19	296.87
21.462	299.135	296.833
21.474	299.081	296.795
21.4859	299.027	296.759
21.4979	298.974	296.722
21.5098	298.921	296.686
21.5217	298.868	296.65
21.5337	298.816	296.614
21.5456	298.764	296.579
21.5575	298.712	296.544
21.5695	298.661	296.509
21.5814	298.61	296.474
21.5933	298.559	296.44
21.6053	298.509	296.406
21.6172	298.459	296.372
21.6292	298.41	296.339
21.6411	298.361	296.306
21.653	298.312	296.273
21.665	298.264	296.24
21.6769	298.216	296.208
21.6888	298.168	296.176
21.7008	298.121	296.144
21.7127	298.074	296.112
21.7246	298.027	296.081
21.7366	297.981	296.05
21.7485	297.935	296.019
21.7605	297.889	295.989
21.7724	297.844	295.958
21.7843	297.799	295.928
21.7963	297.754	295.898
21.8082	297.71	295.869
21.8201	297.666	295.84
21.8321	297.623	295.811
21.844	297.579	295.782
21.856	297.536	295.753
21.8679	297.494	295.725
21.8798	297.451	295.697
21.8918	297.409	295.669
21.9037	297.368	295.641
21.9156	297.326	295.614
21.9276	297.285	295.587
21.9395	297.244	295.56
21.9514	297.204	295.533
21.9634	297.164	295.507
21.9753	297.124	295.481
21.9873	297.085	295.455
21.9992	297.045	295.429
22.0111	297.007	295.403
22.0231	296.968	295.378
22.035	296.93	295.353
22.0469	296.892	295.328
22.0589	296.854	295.303
22.0708	296.817	295.279
22.0827	296.779	295.255
22.0947	296.743	295.231
22.1066	296.706	295.207
22.1186	296.67	295.183
22.1305	296.634	295.16
22.1424	296.598	295.137
22.1544	296.563	295.114
22.1663	296.528	295.091
22.1782	296.493	295.069
22.1902	296.458	295.046
22.2021	296.424	295.024
22.2141	296.39	295.002
22.226	296.357	294.981
22.2379	296.323	294.959
22.2499	296.29	294.938
22.2618	296.257	294.916
22.2737	296.225	294.896
22.2857	296.192	294.875
22.2976	296.16	294.854
22.3095	296.128	294.834
22.3215	296.097	294.814
22.3334	296.065	294.794
22.3454	296.034	294.774
22.3573	296.004	294.754
22.3692	295.973	294.735
22.3812	295.943	294.715
22.3931	295.913	294.696
22.405	295.883	294.677
22.417	295.853	294.659
22.4289	295.824	294.64
22.4408	295.795	294.622
22.4528	295.766	294.603
22.4647	295.738	294.585
22.4767	295.71	294.567
22.4886	295.682	294.55
22.5005	295.654	294.532
22.5125	295.626	294.515
22.5244	295.599	294.498
22.5363	295.572	294.481
22.5483	295.545	294.464
22.5602	295.518	294.447
22.5721	295.492	294.43
22.5841	295.466	294.414
22.596	295.44	294.398
22.608	295.414	294.382
22.6199	295.388	294.366
22.6318	295.363	294.35
22.6438	295.338	294.334
22.6557	295.313	294.319
22.6676	295.289	294.304
22.6796	295.264	294.288
22.6915	295.24	294.273
22.7035	295.216	294.259
22.7154	295.192	294.244
22.7273	295.169	294.229
22.7393	295.145	294.215
22.7512	295.122	294.201
22.7631	295.099	294.186
22.7751	295.077	294.172
22.787	295.054	294.159
22.7989	295.032	294.145
22.8109	295.01	294.131
22.8228	294.988	294.118
22.8348	294.966	294.105
22.8467	294.945	294.091
22.8586	294.923	294.078
22.8706	294.902	294.065
22.8825	294.881	294.053
22.8944	294.861	294.04
22.9064	294.84	294.027
22.9183	294.82	294.015
22.9302	294.8	294.003
22.9422	294.78	293.991
22.9541	294.76	293.979
22.9661	294.74	293.967
22.978	294.721	293.955
22.9899	294.702	293.943
23.0019	294.682	293.932
23.0138	294.664	293.921
23.0257	294.645	293.909
23.0377	294.626	293.898
23.0496	294.608	293.887
23.0616	294.59	293.876
23.0735	294.572	293.865
23.0854	294.554	293.855
23.0974	294.536	293.844
23.1093	294.519	293.834
23.1212	294.501	293.823
23.1332	294.484	293.813
23.1451	294.467	293.803
23.157	294.45	293.793
23.169	294.434	293.783
23.1809	294.417	293.773
23.1929	294.401	293.763
23.2048	294.385	293.754
23.2167	294.369	293.744
23.2287	294.353	293.735
23.2406	294.337	293.726
23.2525	294.322	293.716
23.2645	294.306	293.707
23.2764	294.291	293.698
23.2883	294.276	293.689
23.3003	294.261	293.681
23.3122	294.246	293.672
23.3242	294.231	293.663
23.3361	294.217	293.655
23.348	294.202	293.646
23.36	294.188	293.638
23.3719	294.174	293.63
23.3838	294.16	293.622
23.3958	294.146	293.614
23.4077	294.133	293.606
23.4196	294.119	293.598
23.4316	294.106	293.59
23.4435	294.092	293.582
23.4555	294.079	293.575
23.4674	294.066	293.567
23.4793	294.054	293.56
23.4913	294.041	293.552
23.5032	294.028	293.545
23.5151	294.016	293.538
23.5271	294.003	293.531
23.539	293.991	293.524
23.551	293.979	293.517
23.5629	293.967	293.51
23.5748	293.955	293.503
23.5868	293.944	293.496
23.5987	293.932	293.49
23.6106	293.921	293.483
23.6226	293.909	293.477
23.6345	293.898	293.47
23.6464	293.887	293.464
23.6584	293.876	293.458
23.6703	293.865	293.452
23.6823	293.854	293.445
23.6942	293.844	293.439
23.7061	293.833	293.433
23.7181	293.823	293.428
23.73	293.812	293.422
23.7419	293.802	293.416
23.7539	293.792	293.41
23.7658	293.782	293.405
23.7777	293.772	293.399
23.7897	293.762	293.394
23.8016	293.753	293.388
23.8136	293.743	293.383
23.8255	293.734	293.378
23.8374	293.724	293.373
23.8494	293.715	293.369
23.8613	293.706	293.366
23.8732	293.702	293.364
