0	870.317	871.448
0.0119366	870.303	871.443
0.0238732	870.275	871.432
0.0358099	870.246	871.418
0.0477465	870.217	871.401
0.0596831	870.187	871.383
0.0716197	870.157	871.365
0.0835563	870.127	871.346
0.095493	870.097	871.327
0.10743	870.066	871.308
0.119366	870.035	871.289
0.131303	870.004	871.269
0.143239	869.973	871.25
0.155176	869.941	871.23
0.167113	869.909	871.209
0.179049	869.876	871.189
0.190986	869.844	871.169
0.202923	869.811	871.148
0.214859	869.778	871.127
0.226796	869.744	871.106
0.238732	869.711	871.084
0.250669	869.677	871.063
0.262606	869.642	871.041
0.274542	869.608	871.019
0.286479	869.573	870.997
0.298416	869.538	870.975
0.310352	869.502	870.952
0.322289	869.466	870.929
0.334225	869.43	870.906
0.346162	869.394	870.883
0.358099	869.357	870.86
0.370035	869.32	870.836
0.381972	869.283	870.812
0.393908	869.245	870.788
0.405845	869.207	870.764
0.417782	869.169	870.739
0.429718	869.131	870.714
0.441655	869.092	870.689
0.453592	869.053	870.664
0.465528	869.013	870.639
0.477465	868.973	870.613
0.489401	868.933	870.587
0.501338	868.892	870.561
0.513275	868.852	870.534
0.525211	868.81	870.508
0.537148	868.769	870.481
0.549085	868.727	870.454
0.561021	868.685	870.426
0.572958	868.642	870.399
0.584894	868.599	870.371
0.596831	868.556	870.343
0.608768	868.513	870.314
0.620704	868.469	870.286
0.632641	868.424	870.257
0.644578	868.38	870.228
0.656514	868.335	870.198
0.668451	868.29	870.169
0.680387	868.244	870.139
0.692324	868.198	870.109
0.704261	868.151	870.078
0.716197	868.105	870.048
0.728134	868.058	870.017
0.74007	868.01	869.985
0.752007	867.962	869.954
0.763944	867.914	869.922
0.77588	867.865	869.89
0.787817	867.816	869.858
0.799754	867.767	869.825
0.81169	867.717	869.792
0.823627	867.667	869.759
0.835563	867.616	869.725
0.8475	867.565	869.692
0.859437	867.514	869.658
0.871373	867.462	869.623
0.88331	867.41	869.589
0.895247	867.358	869.554
0.907183	867.305	869.518
0.91912	867.252	869.483
0.931056	867.198	869.447
0.942993	867.144	869.411
0.95493	867.089	869.375
0.966866	867.034	869.338
0.978803	866.979	869.301
0.99074	866.923	869.263
1.00268	866.867	869.226
1.01461	866.811	869.188
1.02655	866.754	869.149
1.03849	866.696	869.111
1.05042	866.638	869.072
1.06236	866.58	869.033
1.0743	866.521	868.993
1.08623	866.462	868.953
1.09817	866.403	868.913
1.11011	866.343	868.872
1.12204	866.282	868.832
1.13398	866.221	868.79
1.14592	866.16	868.749
1.15785	866.098	868.707
1.16979	866.036	868.665
1.18173	865.974	868.622
1.19366	865.91	868.579
1.2056	865.847	868.536
1.21754	865.783	868.492
1.22947	865.719	868.448
1.24141	865.654	868.404
1.25335	865.588	868.359
1.26528	865.522	868.314
1.27722	865.456	868.269
1.28916	865.389	868.223
1.30109	865.322	868.177
1.31303	865.254	868.131
1.32496	865.186	868.084
1.3369	865.118	868.037
1.34884	865.048	867.989
1.36077	864.979	867.941
1.37271	864.909	867.893
1.38465	864.838	867.844
1.39658	864.767	867.795
1.40852	864.696	867.746
1.42046	864.624	867.696
1.43239	864.551	867.646
1.44433	864.478	867.596
1.45627	864.404	867.545
1.4682	864.33	867.493
1.48014	864.256	867.441
1.49208	864.181	867.389
1.50401	864.105	867.337
1.51595	864.029	867.284
1.52789	863.953	867.231
1.53982	863.876	867.177
1.55176	863.798	867.123
1.5637	863.72	867.068
1.57563	863.641	867.013
1.58757	863.562	866.958
1.59951	863.483	866.902
1.61144	863.402	866.846
1.62338	863.322	866.789
1.63532	863.24	866.732
1.64725	863.159	866.675
1.65919	863.076	866.617
1.67113	862.994	866.559
1.68306	862.91	866.5
1.695	862.826	866.441
1.70694	862.742	866.381
1.71887	862.657	866.321
1.73081	862.571	866.261
1.74275	862.485	866.2
1.75468	862.398	866.139
1.76662	862.311	866.077
1.77856	862.223	866.015
1.79049	862.135	865.952
1.80243	862.046	865.889
1.81437	861.957	865.825
1.8263	861.867	865.761
1.83824	861.776	865.697
1.85018	861.685	865.632
1.86211	861.593	865.567
1.87405	861.501	865.501
1.88599	861.408	865.434
1.89792	861.315	865.368
1.90986	861.221	865.3
1.9218	861.126	865.233
1.93373	861.031	865.165
1.94567	860.935	865.096
1.95761	860.839	865.027
1.96954	860.742	864.957
1.98148	860.644	864.887
1.99342	860.546	864.816
2.00535	860.447	864.745
2.01729	860.348	864.674
2.02923	860.248	864.602
2.04116	860.148	864.529
2.0531	860.046	864.456
2.06504	859.945	864.383
2.07697	859.842	864.309
2.08891	859.739	864.234
2.10085	859.636	864.159
2.11278	859.532	864.083
2.12472	859.427	864.007
2.13666	859.321	863.931
2.14859	859.215	863.854
2.16053	859.109	863.776
2.17246	859.001	863.698
2.1844	858.893	863.619
2.19634	858.785	863.54
2.20827	858.676	863.461
2.22021	858.566	863.38
2.23215	858.455	863.3
2.24408	858.344	863.218
2.25602	858.232	863.137
2.26796	858.12	863.054
2.27989	858.007	862.971
2.29183	857.893	862.888
2.30377	857.779	862.804
2.3157	857.664	862.72
2.32764	857.549	862.635
2.33958	857.432	862.549
2.35151	857.315	862.463
2.36345	857.198	862.376
2.37539	857.08	862.289
2.38732	856.961	862.201
2.39926	856.841	862.113
2.4112	856.721	862.024
2.42313	856.6	861.935
2.43507	856.478	861.845
2.44701	856.356	861.754
2.45894	856.233	861.663
2.47088	856.11	861.571
2.48282	855.986	861.479
2.49475	855.861	861.386
2.50669	855.735	861.292
2.51863	855.609	861.198
2.53056	855.482	861.104
2.5425	855.354	861.009
2.55444	855.226	860.913
2.56637	855.097	860.816
2.57831	854.967	860.719
2.59025	854.837	860.622
2.60218	854.705	860.524
2.61412	854.574	860.425
2.62606	854.441	860.326
2.63799	854.308	860.226
2.64993	854.174	860.125
2.66187	854.039	860.024
2.6738	853.904	859.922
2.68574	853.768	859.82
2.69768	853.631	859.717
2.70961	853.494	859.613
2.72155	853.356	859.509
2.73349	853.217	859.404
2.74542	853.077	859.299
2.75736	852.937	859.193
2.7693	852.796	859.086
2.78123	852.654	858.979
2.79317	852.512	858.871
2.80511	852.369	858.762
2.81704	852.225	858.653
2.82898	852.08	858.543
2.84092	851.935	858.433
2.85285	851.789	858.322
2.86479	851.642	858.21
2.87673	851.494	858.097
2.88866	851.346	857.984
2.9006	851.197	857.871
2.91254	851.047	857.756
2.92447	850.897	857.641
2.93641	850.746	857.526
2.94835	850.594	857.409
2.96028	850.441	857.292
2.97222	850.288	857.175
2.98416	850.133	857.057
2.99609	849.978	856.938
3.00803	849.823	856.818
3.01997	849.666	856.698
3.0319	849.509	856.577
3.04384	849.351	856.455
3.05577	849.192	856.333
3.06771	849.033	856.21
3.07965	848.873	856.087
3.09158	848.712	855.962
3.10352	848.55	855.837
3.11546	848.388	855.712
3.12739	848.224	855.585
3.13933	848.06	855.458
3.15127	847.895	855.331
3.1632	847.73	855.202
3.17514	847.564	855.073
3.18708	847.396	854.943
3.19901	847.229	854.813
3.21095	847.06	854.682
3.22289	846.89	854.55
3.23482	846.72	854.417
3.24676	846.549	854.284
3.2587	846.378	854.15
3.27063	846.205	854.016
3.28257	846.032	853.88
3.29451	845.858	853.744
3.30644	845.683	853.607
3.31838	845.507	853.47
3.33032	845.331	853.332
3.34225	845.153	853.193
3.35419	844.975	853.053
3.36613	844.797	852.913
3.37806	844.617	852.772
3.39	844.437	852.63
3.40194	844.256	852.488
3.41387	844.074	852.344
3.42581	843.891	852.2
3.43775	843.707	852.056
3.44968	843.523	851.91
3.46162	843.338	851.764
3.47356	843.152	851.617
3.48549	842.965	851.47
3.49743	842.778	851.321
3.50937	842.59	851.172
3.5213	842.4	851.022
3.53324	842.21	850.872
3.54518	842.02	850.721
3.55711	841.828	850.569
3.56905	841.636	850.416
3.58099	841.443	850.262
3.59292	841.249	850.108
3.60486	841.054	849.953
3.6168	840.859	849.797
3.62873	840.662	849.641
3.64067	840.465	849.483
3.65261	840.267	849.325
3.66454	840.068	849.167
3.67648	839.869	849.007
3.68842	839.668	848.847
3.70035	839.467	848.686
3.71229	839.265	848.524
3.72423	839.062	848.361
3.73616	838.859	848.198
3.7481	838.654	848.034
3.76004	838.449	847.869
3.77197	838.243	847.703
3.78391	838.036	847.537
3.79585	837.828	847.369
3.80778	837.62	847.202
3.81972	837.41	847.033
3.83166	837.2	846.863
3.84359	836.989	846.693
3.85553	836.778	846.522
3.86747	836.565	846.35
3.8794	836.351	846.177
3.89134	836.137	846.004
3.90327	835.922	845.83
3.91521	835.706	845.655
3.92715	835.49	845.479
3.93908	835.272	845.302
3.95102	835.054	845.125
3.96296	834.834	844.947
3.97489	834.614	844.768
3.98683	834.394	844.588
3.99877	834.172	844.408
4.0107	833.949	844.227
4.02264	833.726	844.045
4.03458	833.502	843.862
4.04651	833.277	843.678
4.05845	833.051	843.494
4.07039	832.825	843.308
4.08232	832.597	843.122
4.09426	832.369	842.935
4.1062	832.14	842.748
4.11813	831.91	842.559
4.13007	831.679	842.37
4.14201	831.448	842.18
4.15394	831.215	841.989
4.16588	830.982	841.797
4.17782	830.748	841.605
4.18975	830.513	841.412
4.20169	830.278	841.218
4.21363	830.041	841.023
4.22556	829.804	840.827
4.2375	829.566	840.63
4.24944	829.327	840.433
4.26137	829.087	840.235
4.27331	828.846	840.036
4.28525	828.605	839.836
4.29718	828.363	839.636
4.30912	828.12	839.434
4.32106	827.876	839.232
4.33299	827.631	839.029
4.34493	827.385	838.825
4.35687	827.139	838.621
4.3688	826.892	838.415
4.38074	826.644	838.209
4.39268	826.395	838.002
4.40461	826.145	837.794
4.41655	825.895	837.585
4.42849	825.643	837.376
4.44042	825.391	837.165
4.45236	825.138	836.954
4.4643	824.884	836.742
4.47623	824.63	836.529
4.48817	824.374	836.316
4.50011	824.118	836.101
4.51204	823.861	835.886
4.52398	823.603	835.67
4.53592	823.344	835.453
4.54785	823.085	835.235
4.55979	822.825	835.016
4.57173	822.563	834.797
4.58366	822.301	834.577
4.5956	822.039	834.356
4.60754	821.775	834.134
4.61947	821.511	833.911
4.63141	821.245	833.687
4.64335	820.979	833.463
4.65528	820.712	833.238
4.66722	820.445	833.012
4.67916	820.176	832.785
4.69109	819.907	832.557
4.70303	819.637	832.329
4.71497	819.366	832.099
4.7269	819.094	831.869
4.73884	818.822	831.638
4.75078	818.548	831.406
4.76271	818.274	831.174
4.77465	817.999	830.94
4.78658	817.724	830.706
4.79852	817.447	830.471
4.81046	817.17	830.235
4.82239	816.891	829.998
4.83433	816.612	829.761
4.84627	816.333	829.522
4.8582	816.052	829.283
4.87014	815.771	829.043
4.88208	815.489	828.802
4.89401	815.206	828.56
4.90595	814.922	828.318
4.91789	814.637	828.074
4.92982	814.352	827.83
4.94176	814.066	827.585
4.9537	813.779	827.339
4.96563	813.491	827.092
4.97757	813.203	826.845
4.98951	812.913	826.596
5.00144	812.623	826.347
5.01338	812.332	826.097
5.02532	812.041	825.846
5.03725	811.748	825.595
5.04919	811.455	825.342
5.06113	811.161	825.089
5.07306	810.866	824.835
5.085	810.571	824.58
5.09694	810.274	824.324
5.10887	809.977	824.067
5.12081	809.679	823.81
5.13275	809.381	823.552
5.14468	809.081	823.293
5.15662	808.781	823.033
5.16856	808.48	822.772
5.18049	808.178	822.511
5.19243	807.876	822.248
5.20437	807.573	821.985
5.2163	807.268	821.721
5.22824	806.964	821.456
5.24018	806.658	821.191
5.25211	806.352	820.924
5.26405	806.045	820.657
5.27599	805.737	820.389
5.28792	805.428	820.12
5.29986	805.119	819.85
5.3118	804.809	819.58
5.32373	804.498	819.308
5.33567	804.186	819.036
5.34761	803.874	818.763
5.35954	803.561	818.49
5.37148	803.247	818.215
5.38342	802.932	817.94
5.39535	802.617	817.663
5.40729	802.301	817.386
5.41923	801.984	817.109
5.43116	801.666	816.83
5.4431	801.348	816.551
5.45504	801.029	816.27
5.46697	800.709	815.989
5.47891	800.389	815.708
5.49085	800.067	815.425
5.50278	799.745	815.142
5.51472	799.423	814.857
5.52666	799.099	814.572
5.53859	798.775	814.287
5.55053	798.45	814
5.56247	798.125	813.713
5.5744	797.798	813.424
5.58634	797.471	813.135
5.59828	797.144	812.846
5.61021	796.815	812.555
5.62215	796.486	812.264
5.63408	796.156	811.972
5.64602	795.826	811.679
5.65796	795.495	811.385
5.66989	795.163	811.091
5.68183	794.83	810.795
5.69377	794.497	810.499
5.7057	794.162	810.202
5.71764	793.828	809.905
5.72958	793.492	809.606
5.74151	793.156	809.307
5.75345	792.819	809.007
5.76539	792.482	808.706
5.77732	792.144	808.405
5.78926	791.805	808.103
5.8012	791.465	807.8
5.81313	791.125	807.496
5.82507	790.784	807.191
5.83701	790.442	806.886
5.84894	790.1	806.58
5.86088	789.757	806.273
5.87282	789.414	805.965
5.88475	789.069	805.657
5.89669	788.724	805.348
5.90863	788.379	805.038
5.92056	788.033	804.727
5.9325	787.686	804.416
5.94444	787.338	804.103
5.95637	786.99	803.791
5.96831	786.641	803.477
5.98025	786.291	803.162
5.99218	785.941	802.847
6.00412	785.59	802.531
6.01606	785.239	802.215
6.02799	784.887	801.897
6.03993	784.534	801.579
6.05187	784.181	801.26
6.0638	783.827	800.941
6.07574	783.472	800.62
6.08768	783.117	800.299
6.09961	782.761	799.977
6.11155	782.405	799.655
6.12349	782.047	799.331
6.13542	781.69	799.007
6.14736	781.331	798.683
6.1593	780.972	798.357
6.17123	780.613	798.031
6.18317	780.253	797.704
6.19511	779.892	797.377
6.20704	779.53	797.048
6.21898	779.168	796.719
6.23092	778.806	796.389
6.24285	778.442	796.059
6.25479	778.079	795.728
6.26673	777.714	795.396
6.27866	777.349	795.063
6.2906	776.984	794.73
6.30254	776.617	794.396
6.31447	776.251	794.061
6.32641	775.883	793.726
6.33835	775.515	793.39
6.35028	775.147	793.053
6.36222	774.778	792.716
6.37416	774.408	792.377
6.38609	774.038	792.039
6.39803	773.667	791.699
6.40997	773.296	791.359
6.4219	772.924	791.018
6.43384	772.552	790.676
6.44578	772.178	790.334
6.45771	771.805	789.991
6.46965	771.431	789.648
6.48159	771.056	789.303
6.49352	770.681	788.958
6.50546	770.305	788.613
6.51739	769.929	788.267
6.52933	769.552	787.92
6.54127	769.175	787.572
6.5532	768.797	787.224
6.56514	768.418	786.875
6.57708	768.039	786.525
6.58901	767.66	786.175
6.60095	767.28	785.824
6.61289	766.899	785.473
6.62482	766.518	785.121
6.63676	766.137	784.768
6.6487	765.754	784.414
6.66063	765.372	784.06
6.67257	764.989	783.706
6.68451	764.605	783.35
6.69644	764.221	782.994
6.70838	763.836	782.638
6.72032	763.451	782.28
6.73225	763.066	781.923
6.74419	762.68	781.564
6.75613	762.293	781.205
6.76806	761.906	780.845
6.78	761.518	780.485
6.79194	761.13	780.124
6.80387	760.742	779.763
6.81581	760.353	779.4
6.82775	759.963	779.038
6.83968	759.573	778.674
6.85162	759.183	778.31
6.86356	758.792	777.946
6.87549	758.401	777.581
6.88743	758.009	777.215
6.89937	757.617	776.849
6.9113	757.224	776.482
6.92324	756.831	776.114
6.93518	756.437	775.746
6.94711	756.043	775.378
6.95905	755.649	775.008
6.97099	755.254	774.638
6.98292	754.858	774.268
6.99486	754.463	773.897
7.0068	754.066	773.526
7.01873	753.67	773.153
7.03067	753.273	772.781
7.04261	752.875	772.408
7.05454	752.477	772.034
7.06648	752.079	771.66
7.07842	751.68	771.285
7.09035	751.281	770.909
7.10229	750.881	770.533
7.11423	750.481	770.157
7.12616	750.081	769.78
7.1381	749.68	769.402
7.15004	749.279	769.024
7.16197	748.877	768.645
7.17391	748.475	768.266
7.18585	748.073	767.886
7.19778	747.67	767.506
7.20972	747.267	767.125
7.22166	746.863	766.744
7.23359	746.459	766.362
7.24553	746.055	765.98
7.25747	745.65	765.597
7.2694	745.245	765.213
7.28134	744.839	764.83
7.29328	744.434	764.445
7.30521	744.027	764.06
7.31715	743.621	763.675
7.32909	743.214	763.289
7.34102	742.807	762.903
7.35296	742.399	762.516
7.36489	741.991	762.128
7.37683	741.583	761.74
7.38877	741.174	761.352
7.4007	740.765	760.963
7.41264	740.356	760.574
7.42458	739.946	760.184
7.43651	739.536	759.794
7.44845	739.126	759.403
7.46039	738.715	759.012
7.47232	738.304	758.62
7.48426	737.893	758.228
7.4962	737.481	757.836
7.50813	737.069	757.443
7.52007	736.657	757.049
7.53201	736.244	756.655
7.54394	735.831	756.261
7.55588	735.418	755.866
7.56782	735.004	755.471
7.57975	734.59	755.075
7.59169	734.176	754.679
7.60363	733.762	754.282
7.61556	733.347	753.885
7.6275	732.932	753.488
7.63944	732.517	753.09
7.65137	732.101	752.691
7.66331	731.685	752.293
7.67525	731.269	751.894
7.68718	730.853	751.494
7.69912	730.436	751.094
7.71106	730.019	750.694
7.72299	729.602	750.293
7.73493	729.184	749.891
7.74687	728.766	749.49
7.7588	728.348	749.088
7.77074	727.93	748.685
7.78268	727.511	748.283
7.79461	727.092	747.879
7.80655	726.673	747.476
7.81849	726.254	747.072
7.83042	725.834	746.667
7.84236	725.415	746.263
7.8543	724.994	745.858
7.86623	724.574	745.452
7.87817	724.154	745.046
7.89011	723.733	744.64
7.90204	723.312	744.233
7.91398	722.89	743.826
7.92592	722.469	743.419
7.93785	722.047	743.011
7.94979	721.625	742.603
7.96173	721.203	742.195
7.97366	720.781	741.786
7.9856	720.358	741.377
7.99754	719.935	740.967
8.00947	719.512	740.558
8.02141	719.089	740.148
8.03335	718.666	739.737
8.04528	718.242	739.326
8.05722	717.818	738.915
8.06916	717.394	738.504
8.08109	716.97	738.092
8.09303	716.546	737.68
8.10497	716.121	737.267
8.1169	715.696	736.854
8.12884	715.271	736.441
8.14078	714.846	736.028
8.15271	714.421	735.614
8.16465	713.995	735.2
8.17659	713.569	734.786
8.18852	713.144	734.371
8.20046	712.718	733.956
8.2124	712.291	733.541
8.22433	711.865	733.126
8.23627	711.439	732.71
8.2482	711.012	732.294
8.26014	710.585	731.877
8.27208	710.158	731.461
8.28401	709.731	731.044
8.29595	709.303	730.627
8.30789	708.876	730.209
8.31982	708.448	729.791
8.33176	708.021	729.373
8.3437	707.593	728.955
8.35563	707.165	728.536
8.36757	706.737	728.118
8.37951	706.308	727.698
8.39144	705.88	727.279
8.40338	705.451	726.859
8.41532	705.023	726.44
8.42725	704.594	726.02
8.43919	704.165	725.599
8.45113	703.736	725.179
8.46306	703.307	724.758
8.475	702.877	724.337
8.48694	702.448	723.915
8.49887	702.018	723.494
8.51081	701.589	723.072
8.52275	701.159	722.65
8.53468	700.729	722.228
8.54662	700.299	721.805
8.55856	699.869	721.383
8.57049	699.439	720.96
8.58243	699.009	720.537
8.59437	698.578	720.113
8.6063	698.148	719.69
8.61824	697.717	719.266
8.63018	697.287	718.842
8.64211	696.856	718.418
8.65405	696.425	717.994
8.66599	695.994	717.569
8.67792	695.563	717.144
8.68986	695.132	716.719
8.7018	694.701	716.294
8.71373	694.27	715.869
8.72567	693.839	715.443
8.73761	693.408	715.018
8.74954	692.976	714.592
8.76148	692.545	714.166
8.77342	692.113	713.74
8.78535	691.682	713.313
8.79729	691.25	712.887
8.80923	690.818	712.46
8.82116	690.387	712.033
8.8331	689.955	711.606
8.84504	689.523	711.179
8.85697	689.091	710.751
8.86891	688.659	710.324
8.88085	688.227	709.896
8.89278	687.795	709.468
8.90472	687.363	709.04
8.91666	686.931	708.612
8.92859	686.499	708.184
8.94053	686.066	707.755
8.95247	685.634	707.327
8.9644	685.202	706.898
8.97634	684.77	706.469
8.98828	684.337	706.04
9.00021	683.905	705.611
9.01215	683.473	705.182
9.02409	683.04	704.753
9.03602	682.608	704.323
9.04796	682.175	703.894
9.0599	681.743	703.464
9.07183	681.311	703.034
9.08377	680.878	702.604
9.0957	680.446	702.174
9.10764	680.013	701.744
9.11958	679.581	701.313
9.13151	679.148	700.883
9.14345	678.716	700.453
9.15539	678.283	700.022
9.16732	677.851	699.591
9.17926	677.418	699.161
9.1912	676.986	698.73
9.20313	676.553	698.299
9.21507	676.121	697.868
9.22701	675.688	697.436
9.23894	675.256	697.005
9.25088	674.823	696.574
9.26282	674.391	696.143
9.27475	673.958	695.711
9.28669	673.526	695.279
9.29863	673.093	694.848
9.31056	672.661	694.416
9.3225	672.229	693.984
9.33444	671.796	693.553
9.34637	671.364	693.121
9.35831	670.932	692.689
9.37025	670.499	692.257
9.38218	670.067	691.825
9.39412	669.635	691.392
9.40606	669.203	690.96
9.41799	668.77	690.528
9.42993	668.338	690.096
9.44187	667.906	689.663
9.4538	667.474	689.231
9.46574	667.042	688.798
9.47768	666.61	688.366
9.48961	666.178	687.933
9.50155	665.746	687.501
9.51349	665.315	687.068
9.52542	664.883	686.635
9.53736	664.451	686.203
9.5493	664.019	685.77
9.56123	663.588	685.337
9.57317	663.156	684.904
9.58511	662.725	684.471
9.59704	662.293	684.039
9.60898	661.862	683.606
9.62092	661.43	683.173
9.63285	660.999	682.74
9.64479	660.568	682.307
9.65673	660.137	681.874
9.66866	659.706	681.441
9.6806	659.274	681.008
9.69254	658.843	680.575
9.70447	658.413	680.142
9.71641	657.982	679.709
9.72835	657.551	679.276
9.74028	657.12	678.843
9.75222	656.69	678.41
9.76416	656.259	677.977
9.77609	655.829	677.544
9.78803	655.398	677.111
9.79997	654.968	676.678
9.8119	654.538	676.245
9.82384	654.107	675.812
9.83578	653.677	675.379
9.84771	653.247	674.946
9.85965	652.817	674.513
9.87159	652.388	674.08
9.88352	651.958	673.647
9.89546	651.528	673.215
9.9074	651.099	672.782
9.91933	650.669	672.349
9.93127	650.24	671.916
9.94321	649.81	671.483
9.95514	649.381	671.05
9.96708	648.952	670.618
9.97901	648.523	670.185
9.99095	648.094	669.752
10.0029	647.665	669.32
10.0148	647.236	668.887
10.0268	646.808	668.454
10.0387	646.379	668.022
10.0506	645.951	667.589
10.0626	645.523	667.157
10.0745	645.094	666.724
10.0864	644.666	666.292
10.0984	644.238	665.86
10.1103	643.81	665.427
10.1223	643.382	664.995
10.1342	642.955	664.563
10.1461	642.527	664.131
10.1581	642.1	663.699
10.17	641.672	663.267
10.1819	641.245	662.835
10.1939	640.818	662.403
10.2058	640.391	661.971
10.2177	639.964	661.539
10.2297	639.537	661.108
10.2416	639.111	660.676
10.2536	638.684	660.244
10.2655	638.258	659.813
10.2774	637.831	659.381
10.2894	637.405	658.95
10.3013	636.979	658.518
10.3132	636.553	658.087
10.3252	636.127	657.656
10.3371	635.702	657.225
10.3491	635.276	656.794
10.361	634.851	656.363
10.3729	634.425	655.932
10.3849	634	655.501
10.3968	633.575	655.07
10.4087	633.15	654.64
10.4207	632.725	654.209
10.4326	632.3	653.779
10.4445	631.876	653.348
10.4565	631.452	652.918
10.4684	631.027	652.488
10.4804	630.603	652.058
10.4923	630.179	651.627
10.5042	629.755	651.197
10.5162	629.331	650.768
10.5281	628.908	650.338
10.54	628.484	649.908
10.552	628.061	649.479
10.5639	627.638	649.049
10.5758	627.215	648.62
10.5878	626.792	648.19
10.5997	626.369	647.761
10.6117	625.947	647.332
10.6236	625.524	646.903
10.6355	625.102	646.474
10.6475	624.68	646.045
10.6594	624.257	645.617
10.6713	623.836	645.188
10.6833	623.414	644.759
10.6952	622.992	644.331
10.7071	622.571	643.903
10.7191	622.149	643.475
10.731	621.728	643.047
10.743	621.307	642.619
10.7549	620.886	642.191
10.7668	620.466	641.763
10.7788	620.045	641.336
10.7907	619.625	640.908
10.8026	619.204	640.481
10.8146	618.784	640.053
10.8265	618.364	639.626
10.8385	617.944	639.199
10.8504	617.525	638.772
10.8623	617.105	638.346
10.8743	616.686	637.919
10.8862	616.267	637.493
10.8981	615.848	637.066
10.9101	615.429	636.64
10.922	615.01	636.214
10.9339	614.592	635.788
10.9459	614.173	635.362
10.9578	613.755	634.936
10.9698	613.337	634.51
10.9817	612.919	634.085
10.9936	612.501	633.659
11.0056	612.084	633.234
11.0175	611.666	632.809
11.0294	611.249	632.384
11.0414	610.832	631.959
11.0533	610.415	631.535
11.0652	609.998	631.11
11.0772	609.581	630.686
11.0891	609.165	630.261
11.1011	608.749	629.837
11.113	608.332	629.413
11.1249	607.916	628.989
11.1369	607.501	628.565
11.1488	607.085	628.142
11.1607	606.669	627.718
11.1727	606.254	627.295
11.1846	605.839	626.872
11.1966	605.424	626.449
11.2085	605.009	626.026
11.2204	604.595	625.603
11.2324	604.18	625.18
11.2443	603.766	624.758
11.2562	603.352	624.336
11.2682	602.938	623.913
11.2801	602.524	623.491
11.292	602.11	623.07
11.304	601.697	622.648
11.3159	601.283	622.226
11.3279	600.87	621.805
11.3398	600.457	621.384
11.3517	600.045	620.962
11.3637	599.632	620.541
11.3756	599.22	620.121
11.3875	598.807	619.7
11.3995	598.395	619.279
11.4114	597.983	618.859
11.4233	597.572	618.439
11.4353	597.16	618.019
11.4472	596.749	617.599
11.4592	596.337	617.179
11.4711	595.926	616.76
11.483	595.515	616.34
11.495	595.105	615.921
11.5069	594.694	615.502
11.5188	594.284	615.083
11.5308	593.874	614.664
11.5427	593.464	614.245
11.5546	593.054	613.827
11.5666	592.644	613.409
11.5785	592.235	612.991
11.5905	591.826	612.573
11.6024	591.416	612.155
11.6143	591.008	611.737
11.6263	590.599	611.32
11.6382	590.19	610.902
11.6501	589.782	610.485
11.6621	589.374	610.068
11.674	588.966	609.651
11.686	588.558	609.235
11.6979	588.15	608.818
11.7098	587.743	608.402
11.7218	587.335	607.986
11.7337	586.928	607.57
11.7456	586.521	607.154
11.7576	586.114	606.738
11.7695	585.708	606.323
11.7814	585.301	605.907
11.7934	584.895	605.492
11.8053	584.489	605.077
11.8173	584.083	604.662
11.8292	583.677	604.248
11.8411	583.272	603.833
11.8531	582.867	603.419
11.865	582.461	603.005
11.8769	582.056	602.591
11.8889	581.652	602.177
11.9008	581.247	601.763
11.9127	580.843	601.35
11.9247	580.438	600.936
11.9366	580.034	600.523
11.9486	579.63	600.11
11.9605	579.227	599.698
11.9724	578.823	599.285
11.9844	578.42	598.873
11.9963	578.017	598.46
12.0082	577.614	598.048
12.0202	577.211	597.636
12.0321	576.808	597.225
12.0441	576.406	596.813
12.056	576.004	596.402
12.0679	575.602	595.991
12.0799	575.2	595.58
12.0918	574.798	595.169
12.1037	574.397	594.758
12.1157	573.995	594.348
12.1276	573.594	593.937
12.1395	573.193	593.527
12.1515	572.793	593.117
12.1634	572.392	592.707
12.1754	571.992	592.298
12.1873	571.591	591.888
12.1992	571.191	591.479
12.2112	570.792	591.07
12.2231	570.392	590.661
12.235	569.992	590.252
12.247	569.593	589.844
12.2589	569.194	589.436
12.2708	568.795	589.027
12.2828	568.396	588.619
12.2947	567.998	588.212
12.3067	567.6	587.804
12.3186	567.201	587.397
12.3305	566.803	586.989
12.3425	566.406	586.582
12.3544	566.008	586.175
12.3663	565.611	585.769
12.3783	565.213	585.362
12.3902	564.816	584.956
12.4021	564.419	584.55
12.4141	564.023	584.144
12.426	563.626	583.738
12.438	563.23	583.332
12.4499	562.834	582.927
12.4618	562.438	582.521
12.4738	562.042	582.116
12.4857	561.647	581.711
12.4976	561.251	581.307
12.5096	560.856	580.902
12.5215	560.461	580.498
12.5335	560.066	580.094
12.5454	559.672	579.69
12.5573	559.277	579.286
12.5693	558.883	578.882
12.5812	558.489	578.479
12.5931	558.095	578.076
12.6051	557.701	577.673
12.617	557.308	577.27
12.6289	556.915	576.867
12.6409	556.521	576.465
12.6528	556.129	576.062
12.6648	555.736	575.66
12.6767	555.343	575.258
12.6886	554.951	574.856
12.7006	554.559	574.455
12.7125	554.167	574.053
12.7244	553.775	573.652
12.7364	553.383	573.251
12.7483	552.992	572.85
12.7602	552.601	572.45
12.7722	552.21	572.049
12.7841	551.819	571.649
12.7961	551.428	571.249
12.808	551.038	570.849
12.8199	550.647	570.449
12.8319	550.257	570.05
12.8438	549.867	569.65
12.8557	549.477	569.251
12.8677	549.088	568.852
12.8796	548.699	568.453
12.8916	548.309	568.055
12.9035	547.92	567.656
12.9154	547.532	567.258
12.9274	547.143	566.86
12.9393	546.755	566.462
12.9512	546.366	566.065
12.9632	545.978	565.667
12.9751	545.591	565.27
12.987	545.203	564.873
12.999	544.815	564.476
13.0109	544.428	564.079
13.0229	544.041	563.683
13.0348	543.654	563.286
13.0467	543.267	562.89
13.0587	542.881	562.494
13.0706	542.495	562.098
13.0825	542.108	561.703
13.0945	541.722	561.307
13.1064	541.337	560.912
13.1183	540.951	560.517
13.1303	540.566	560.122
13.1422	540.181	559.727
13.1542	539.796	559.333
13.1661	539.411	558.939
13.178	539.026	558.545
13.19	538.642	558.151
13.2019	538.257	557.757
13.2138	537.873	557.363
13.2258	537.49	556.97
13.2377	537.106	556.577
13.2496	536.722	556.184
13.2616	536.339	555.791
13.2735	535.956	555.398
13.2855	535.573	555.006
13.2974	535.19	554.614
13.3093	534.808	554.222
13.3213	534.426	553.83
13.3332	534.043	553.438
13.3451	533.661	553.047
13.3571	533.28	552.656
13.369	532.898	552.264
13.381	532.517	551.874
13.3929	532.136	551.483
13.4048	531.755	551.092
13.4168	531.374	550.702
13.4287	530.993	550.312
13.4406	530.613	549.922
13.4526	530.233	549.532
13.4645	529.852	549.143
13.4764	529.473	548.753
13.4884	529.093	548.364
13.5003	528.714	547.975
13.5123	528.334	547.586
13.5242	527.955	547.197
13.5361	527.576	546.809
13.5481	527.198	546.421
13.56	526.819	546.033
13.5719	526.441	545.645
13.5839	526.063	545.257
13.5958	525.685	544.87
13.6077	525.307	544.482
13.6197	524.929	544.095
13.6316	524.552	543.708
13.6436	524.175	543.322
13.6555	523.798	542.935
13.6674	523.421	542.549
13.6794	523.045	542.162
13.6913	522.668	541.777
13.7032	522.292	541.391
13.7152	521.916	541.005
13.7271	521.54	540.62
13.7391	521.165	540.235
13.751	520.789	539.849
13.7629	520.414	539.465
13.7749	520.039	539.08
13.7868	519.664	538.696
13.7987	519.29	538.311
13.8107	518.915	537.927
13.8226	518.541	537.543
13.8345	518.167	537.16
13.8465	517.793	536.776
13.8584	517.42	536.393
13.8704	517.046	536.01
13.8823	516.673	535.627
13.8942	516.3	535.244
13.9062	515.927	534.861
13.9181	515.554	534.479
13.93	515.182	534.097
13.942	514.809	533.715
13.9539	514.437	533.333
13.9658	514.065	532.952
13.9778	513.694	532.57
13.9897	513.322	532.189
14.0017	512.951	531.808
14.0136	512.58	531.427
14.0255	512.209	531.046
14.0375	511.838	530.666
14.0494	511.468	530.286
14.0613	511.097	529.906
14.0733	510.727	529.526
14.0852	510.357	529.146
14.0971	509.988	528.767
14.1091	509.618	528.387
14.121	509.249	528.008
14.133	508.88	527.629
14.1449	508.511	527.251
14.1568	508.142	526.872
14.1688	507.774	526.494
14.1807	507.405	526.116
14.1926	507.037	525.738
14.2046	506.669	525.36
14.2165	506.302	524.982
14.2285	505.934	524.605
14.2404	505.567	524.228
14.2523	505.2	523.851
14.2643	504.833	523.474
14.2762	504.466	523.098
14.2881	504.099	522.721
14.3001	503.733	522.345
14.312	503.367	521.969
14.3239	503.001	521.593
14.3359	502.635	521.217
14.3478	502.27	520.842
14.3598	501.904	520.467
14.3717	501.539	520.092
14.3836	501.174	519.717
14.3956	500.81	519.342
14.4075	500.445	518.968
14.4194	500.081	518.594
14.4314	499.717	518.22
14.4433	499.353	517.846
14.4552	498.989	517.472
14.4672	498.626	517.098
14.4791	498.262	516.725
14.4911	497.899	516.352
14.503	497.536	515.979
14.5149	497.174	515.607
14.5269	496.811	515.234
14.5388	496.449	514.862
14.5507	496.087	514.49
14.5627	495.725	514.118
14.5746	495.363	513.746
14.5866	495.002	513.374
14.5985	494.641	513.003
14.6104	494.28	512.632
14.6224	493.919	512.261
14.6343	493.558	511.89
14.6462	493.198	511.52
14.6582	492.837	511.149
14.6701	492.477	510.779
14.682	492.117	510.409
14.694	491.758	510.04
14.7059	491.398	509.67
14.7179	491.039	509.301
14.7298	490.68	508.931
14.7417	490.321	508.563
14.7537	489.962	508.194
14.7656	489.604	507.825
14.7775	489.245	507.457
14.7895	488.887	507.089
14.8014	488.529	506.721
14.8133	488.171	506.353
14.8253	487.814	505.985
14.8372	487.456	505.618
14.8492	487.099	505.251
14.8611	486.742	504.884
14.873	486.385	504.517
14.885	486.029	504.15
14.8969	485.672	503.784
14.9088	485.316	503.418
14.9208	484.96	503.052
14.9327	484.604	502.686
14.9446	484.248	502.32
14.9566	483.892	501.955
14.9685	483.537	501.59
14.9805	483.181	501.225
14.9924	482.826	500.86
15.0043	482.471	500.495
15.0163	482.116	500.131
15.0282	481.762	499.766
15.0401	481.407	499.402
15.0521	481.053	499.038
15.064	480.699	498.675
15.076	480.345	498.311
15.0879	479.991	497.948
15.0998	479.637	497.585
15.1118	479.284	497.222
15.1237	478.93	496.859
15.1356	478.577	496.497
15.1476	478.224	496.134
15.1595	477.871	495.772
15.1714	477.518	495.41
15.1834	477.166	495.048
15.1953	476.813	494.687
15.2073	476.461	494.326
15.2192	476.109	493.964
15.2311	475.757	493.603
15.2431	475.405	493.242
15.255	475.053	492.882
15.2669	474.701	492.521
15.2789	474.35	492.161
15.2908	473.998	491.801
15.3027	473.647	491.441
15.3147	473.296	491.081
15.3266	472.945	490.722
15.3386	472.594	490.363
15.3505	472.243	490.003
15.3624	471.893	489.644
15.3744	471.542	489.286
15.3863	471.192	488.927
15.3982	470.842	488.569
15.4102	470.492	488.21
15.4221	470.142	487.852
15.4341	469.792	487.494
15.446	469.442	487.137
15.4579	469.092	486.779
15.4699	468.743	486.422
15.4818	468.394	486.065
15.4937	468.044	485.708
15.5057	467.695	485.351
15.5176	467.346	484.994
15.5295	466.997	484.638
15.5415	466.649	484.281
15.5534	466.3	483.925
15.5654	465.951	483.569
15.5773	465.603	483.213
15.5892	465.254	482.858
15.6012	464.906	482.502
15.6131	464.558	482.147
15.625	464.21	481.792
15.637	463.862	481.437
15.6489	463.514	481.082
15.6608	463.166	480.727
15.6728	462.819	480.373
15.6847	462.471	480.018
15.6967	462.124	479.664
15.7086	461.776	479.31
15.7205	461.429	478.956
15.7325	461.082	478.603
15.7444	460.734	478.249
15.7563	460.387	477.896
15.7683	460.04	477.543
15.7802	459.693	477.19
15.7921	459.346	476.837
15.8041	458.999	476.484
15.816	458.653	476.131
15.828	458.306	475.779
15.8399	457.959	475.427
15.8518	457.613	475.074
15.8638	457.266	474.722
15.8757	456.92	474.371
15.8876	456.573	474.019
15.8996	456.227	473.667
15.9115	455.88	473.316
15.9235	455.534	472.964
15.9354	455.188	472.613
15.9473	454.842	472.262
15.9593	454.496	471.911
15.9712	454.149	471.561
15.9831	453.803	471.21
15.9951	453.457	470.86
16.007	453.111	470.509
16.0189	452.765	470.159
16.0309	452.419	469.809
16.0428	452.073	469.459
16.0548	451.727	469.109
16.0667	451.381	468.759
16.0786	451.035	468.41
16.0906	450.689	468.06
16.1025	450.343	467.711
16.1144	449.997	467.361
16.1264	449.651	467.012
16.1383	449.305	466.663
16.1502	448.959	466.314
16.1622	448.614	465.966
16.1741	448.268	465.617
16.1861	447.922	465.268
16.198	447.576	464.92
16.2099	447.23	464.571
16.2219	446.884	464.223
16.2338	446.538	463.875
16.2457	446.192	463.527
16.2577	445.845	463.179
16.2696	445.499	462.831
16.2816	445.153	462.483
16.2935	444.807	462.135
16.3054	444.461	461.788
16.3174	444.114	461.44
16.3293	443.768	461.093
16.3412	443.422	460.745
16.3532	443.075	460.398
16.3651	442.729	460.051
16.377	442.382	459.704
16.389	442.036	459.357
16.4009	441.689	459.01
16.4129	441.343	458.663
16.4248	440.996	458.316
16.4367	440.649	457.969
16.4487	440.302	457.622
16.4606	439.955	457.276
16.4725	439.608	456.929
16.4845	439.261	456.582
16.4964	438.914	456.236
16.5083	438.567	455.89
16.5203	438.219	455.543
16.5322	437.872	455.197
16.5442	437.524	454.851
16.5561	437.177	454.504
16.568	436.829	454.158
16.58	436.481	453.812
16.5919	436.133	453.466
16.6038	435.785	453.12
16.6158	435.437	452.774
16.6277	435.089	452.428
16.6396	434.741	452.082
16.6516	434.392	451.736
16.6635	434.044	451.39
16.6755	433.695	451.044
16.6874	433.346	450.698
16.6993	432.997	450.352
16.7113	432.648	450.006
16.7232	432.299	449.66
16.7351	431.95	449.314
16.7471	431.6	448.969
16.759	431.251	448.623
16.771	430.901	448.277
16.7829	430.551	447.931
16.7948	430.201	447.585
16.8068	429.851	447.24
16.8187	429.501	446.894
16.8306	429.15	446.548
16.8426	428.8	446.202
16.8545	428.449	445.856
16.8664	428.098	445.51
16.8784	427.747	445.164
16.8903	427.396	444.818
16.9023	427.044	444.472
16.9142	426.693	444.126
16.9261	426.341	443.78
16.9381	425.989	443.434
16.95	425.637	443.088
16.9619	425.285	442.742
16.9739	424.933	442.396
16.9858	424.58	442.05
16.9977	424.227	441.704
17.0097	423.874	441.357
17.0216	423.521	441.011
17.0336	423.168	440.665
17.0455	422.814	440.318
17.0574	422.461	439.972
17.0694	422.107	439.625
17.0813	421.753	439.278
17.0932	421.398	438.932
17.1052	421.044	438.585
17.1171	420.689	438.238
17.1291	420.335	437.891
17.141	419.979	437.544
17.1529	419.624	437.197
17.1649	419.269	436.85
17.1768	418.913	436.503
17.1887	418.557	436.155
17.2007	418.201	435.808
17.2126	417.845	435.461
17.2245	417.488	435.113
17.2365	417.132	434.765
17.2484	416.775	434.418
17.2604	416.418	434.07
17.2723	416.06	433.722
17.2842	415.703	433.374
17.2962	415.345	433.025
17.3081	414.987	432.677
17.32	414.629	432.329
17.332	414.27	431.98
17.3439	413.912	431.632
17.3558	413.553	431.283
17.3678	413.194	430.934
17.3797	412.834	430.585
17.3917	412.475	430.236
17.4036	412.115	429.887
17.4155	411.755	429.537
17.4275	411.395	429.188
17.4394	411.034	428.838
17.4513	410.674	428.488
17.4633	410.313	428.138
17.4752	409.952	427.788
17.4871	409.59	427.438
17.4991	409.229	427.087
17.511	408.867	426.737
17.523	408.505	426.386
17.5349	408.143	426.035
17.5468	407.78	425.684
17.5588	407.417	425.333
17.5707	407.055	424.982
17.5826	406.691	424.63
17.5946	406.328	424.279
17.6065	405.964	423.927
17.6185	405.6	423.575
17.6304	405.236	423.223
17.6423	404.872	422.871
17.6543	404.507	422.518
17.6662	404.143	422.165
17.6781	403.778	421.813
17.6901	403.412	421.459
17.702	403.047	421.106
17.7139	402.681	420.753
17.7259	402.315	420.399
17.7378	401.949	420.045
17.7498	401.583	419.692
17.7617	401.216	419.337
17.7736	400.85	418.983
17.7856	400.483	418.628
17.7975	400.116	418.274
17.8094	399.748	417.919
17.8214	399.38	417.564
17.8333	399.013	417.208
17.8452	398.645	416.853
17.8572	398.276	416.497
17.8691	397.908	416.141
17.8811	397.539	415.785
17.893	397.17	415.429
17.9049	396.801	415.072
17.9169	396.432	414.715
17.9288	396.063	414.358
17.9407	395.693	414.001
17.9527	395.323	413.644
17.9646	394.953	413.286
17.9766	394.583	412.928
17.9885	394.212	412.57
18.0004	393.842	412.212
18.0124	393.471	411.854
18.0243	393.1	411.495
18.0362	392.729	411.136
18.0482	392.358	410.777
18.0601	391.986	410.418
18.072	391.614	410.058
18.084	391.243	409.698
18.0959	390.871	409.338
18.1079	390.498	408.978
18.1198	390.126	408.617
18.1317	389.754	408.257
18.1437	389.381	407.896
18.1556	389.008	407.535
18.1675	388.636	407.173
18.1795	388.262	406.812
18.1914	387.889	406.45
18.2033	387.516	406.088
18.2153	387.143	405.726
18.2272	386.769	405.363
18.2392	386.395	405.001
18.2511	386.022	404.638
18.263	385.648	404.275
18.275	385.274	403.911
18.2869	384.9	403.548
18.2988	384.525	403.184
18.3108	384.151	402.82
18.3227	383.777	402.456
18.3346	383.402	402.091
18.3466	383.028	401.727
18.3585	382.653	401.362
18.3705	382.278	400.996
18.3824	381.904	400.631
18.3943	381.529	400.266
18.4063	381.154	399.9
18.4182	380.779	399.534
18.4301	380.404	399.168
18.4421	380.029	398.801
18.454	379.654	398.435
18.466	379.279	398.068
18.4779	378.903	397.701
18.4898	378.528	397.334
18.5018	378.153	396.966
18.5137	377.778	396.599
18.5256	377.403	396.231
18.5376	377.027	395.863
18.5495	376.652	395.494
18.5614	376.277	395.126
18.5734	375.902	394.757
18.5853	375.527	394.389
18.5973	375.152	394.02
18.6092	374.777	393.65
18.6211	374.401	393.281
18.6331	374.026	392.911
18.645	373.651	392.542
18.6569	373.277	392.172
18.6689	372.902	391.802
18.6808	372.527	391.431
18.6927	372.152	391.061
18.7047	371.778	390.69
18.7166	371.403	390.319
18.7286	371.029	389.948
18.7405	370.654	389.577
18.7524	370.28	389.206
18.7644	369.906	388.835
18.7763	369.532	388.463
18.7882	369.158	388.091
18.8002	368.785	387.72
18.8121	368.411	387.347
18.8241	368.038	386.975
18.836	367.665	386.603
18.8479	367.292	386.231
18.8599	366.919	385.858
18.8718	366.546	385.485
18.8837	366.174	385.113
18.8957	365.801	384.74
18.9076	365.429	384.367
18.9195	365.057	383.994
18.9315	364.686	383.62
18.9434	364.314	383.247
18.9554	363.943	382.874
18.9673	363.572	382.5
18.9792	363.201	382.126
18.9912	362.831	381.753
19.0031	362.461	381.379
19.015	362.091	381.005
19.027	361.721	380.631
19.0389	361.352	380.257
19.0508	360.983	379.883
19.0628	360.614	379.509
19.0747	360.246	379.135
19.0867	359.878	378.761
19.0986	359.51	378.387
19.1105	359.142	378.012
19.1225	358.775	377.638
19.1344	358.409	377.264
19.1463	358.042	376.889
19.1583	357.676	376.515
19.1702	357.311	376.141
19.1821	356.946	375.766
19.1941	356.581	375.392
19.206	356.217	375.018
19.218	355.853	374.643
19.2299	355.489	374.269
19.2418	355.126	373.895
19.2538	354.763	373.52
19.2657	354.401	373.146
19.2776	354.039	372.772
19.2896	353.678	372.398
19.3015	353.317	372.024
19.3135	352.957	371.65
19.3254	352.597	371.276
19.3373	352.238	370.902
19.3493	351.879	370.528
19.3612	351.521	370.154
19.3731	351.163	369.781
19.3851	350.806	369.407
19.397	350.449	369.034
19.4089	350.093	368.66
19.4209	349.738	368.287
19.4328	349.383	367.914
19.4448	349.028	367.541
19.4567	348.675	367.169
19.4686	348.321	366.796
19.4806	347.969	366.424
19.4925	347.617	366.051
19.5044	347.266	365.679
19.5164	346.915	365.307
19.5283	346.565	364.936
19.5402	346.216	364.564
19.5522	345.867	364.193
19.5641	345.519	363.821
19.5761	345.172	363.451
19.588	344.825	363.08
19.5999	344.479	362.709
19.6119	344.134	362.339
19.6238	343.789	361.969
19.6357	343.446	361.599
19.6477	343.103	361.23
19.6596	342.76	360.861
19.6716	342.419	360.492
19.6835	342.078	360.123
19.6954	341.738	359.755
19.7074	341.399	359.387
19.7193	341.061	359.019
19.7312	340.723	358.652
19.7432	340.386	358.285
19.7551	340.05	357.918
19.767	339.715	357.552
19.779	339.381	357.186
19.7909	339.047	356.82
19.8029	338.715	356.455
19.8148	338.383	356.09
19.8267	338.052	355.725
19.8387	337.722	355.361
19.8506	337.393	354.998
19.8625	337.065	354.634
19.8745	336.738	354.271
19.8864	336.411	353.909
19.8983	336.086	353.547
19.9103	335.762	353.185
19.9222	335.438	352.824
19.9342	335.115	352.464
19.9461	334.794	352.103
19.958	334.473	351.744
19.97	334.153	351.385
19.9819	333.835	351.026
19.9938	333.517	350.668
20.0058	333.2	350.31
20.0177	332.885	349.953
20.0296	332.57	349.596
20.0416	332.256	349.24
20.0535	331.944	348.885
20.0655	331.632	348.53
20.0774	331.321	348.176
20.0893	331.012	347.822
20.1013	330.704	347.469
20.1132	330.396	347.116
20.1251	330.09	346.764
20.1371	329.785	346.413
20.149	329.481	346.062
20.161	329.178	345.712
20.1729	328.876	345.363
20.1848	328.575	345.014
20.1968	328.276	344.666
20.2087	327.977	344.319
20.2206	327.68	343.972
20.2326	327.384	343.626
20.2445	327.089	343.281
20.2564	326.795	342.936
20.2684	326.502	342.592
20.2803	326.21	342.249
20.2923	325.92	341.907
20.3042	325.631	341.565
20.3161	325.343	341.224
20.3281	325.056	340.884
20.34	324.771	340.545
20.3519	324.486	340.206
20.3639	324.203	339.869
20.3758	323.921	339.532
20.3877	323.641	339.196
20.3997	323.361	338.86
20.4116	323.083	338.526
20.4236	322.806	338.192
20.4355	322.53	337.859
20.4474	322.256	337.527
20.4594	321.983	337.196
20.4713	321.711	336.866
20.4832	321.441	336.537
20.4952	321.171	336.209
20.5071	320.903	335.881
20.5191	320.637	335.555
20.531	320.371	335.229
20.5429	320.107	334.904
20.5549	319.844	334.58
20.5668	319.583	334.258
20.5787	319.323	333.936
20.5907	319.064	333.615
20.6026	318.807	333.295
20.6145	318.55	332.976
20.6265	318.296	332.658
20.6384	318.042	332.341
20.6504	317.79	332.025
20.6623	317.539	331.71
20.6742	317.29	331.396
20.6862	317.042	331.084
20.6981	316.795	330.772
20.71	316.55	330.461
20.722	316.306	330.151
20.7339	316.064	329.843
20.7458	315.823	329.535
20.7578	315.583	329.229
20.7697	315.344	328.923
20.7817	315.108	328.619
20.7936	314.872	328.316
20.8055	314.638	328.014
20.8175	314.405	327.713
20.8294	314.174	327.413
20.8413	313.944	327.114
20.8533	313.715	326.817
20.8652	313.488	326.52
20.8771	313.262	326.225
20.8891	313.038	325.931
20.901	312.815	325.638
20.913	312.594	325.347
20.9249	312.373	325.056
20.9368	312.155	324.767
20.9488	311.938	324.479
20.9607	311.722	324.192
20.9726	311.508	323.906
20.9846	311.295	323.622
20.9965	311.083	323.339
21.0085	310.873	323.057
21.0204	310.664	322.776
21.0323	310.457	322.497
21.0443	310.252	322.218
21.0562	310.047	321.941
21.0681	309.844	321.666
21.0801	309.643	321.391
21.092	309.443	321.118
21.1039	309.244	320.846
21.1159	309.047	320.576
21.1278	308.852	320.307
21.1398	308.658	320.039
21.1517	308.465	319.772
21.1636	308.273	319.507
21.1756	308.084	319.243
21.1875	307.895	318.98
21.1994	307.708	318.719
21.2114	307.522	318.459
21.2233	307.338	318.2
21.2352	307.156	317.943
21.2472	306.974	317.687
21.2591	306.795	317.433
21.2711	306.616	317.179
21.283	306.439	316.928
21.2949	306.264	316.677
21.3069	306.09	316.428
21.3188	305.917	316.18
21.3307	305.746	315.934
21.3427	305.576	315.689
21.3546	305.407	315.446
21.3666	305.241	315.204
21.3785	305.075	314.963
21.3904	304.911	314.724
21.4024	304.748	314.486
21.4143	304.587	314.249
21.4262	304.427	314.014
21.4382	304.269	313.78
21.4501	304.111	313.548
21.462	303.956	313.317
21.474	303.802	313.088
21.4859	303.649	312.86
21.4979	303.497	312.634
21.5098	303.347	312.409
21.5217	303.198	312.185
21.5337	303.051	311.963
21.5456	302.905	311.742
21.5575	302.761	311.523
21.5695	302.618	311.305
21.5814	302.476	311.089
21.5933	302.335	310.874
21.6053	302.196	310.66
21.6172	302.059	310.448
21.6292	301.922	310.238
21.6411	301.787	310.029
21.653	301.654	309.821
21.665	301.521	309.615
21.6769	301.39	309.41
21.6888	301.261	309.207
21.7008	301.132	309.005
21.7127	301.005	308.805
21.7246	300.88	308.606
21.7366	300.756	308.409
21.7485	300.632	308.213
21.7605	300.511	308.018
21.7724	300.39	307.825
21.7843	300.271	307.634
21.7963	300.153	307.444
21.8082	300.037	307.255
21.8201	299.922	307.068
21.8321	299.808	306.883
21.844	299.695	306.699
21.856	299.583	306.516
21.8679	299.473	306.335
21.8798	299.364	306.155
21.8918	299.257	305.977
21.9037	299.15	305.8
21.9156	299.045	305.625
21.9276	298.941	305.451
21.9395	298.838	305.279
21.9514	298.737	305.108
21.9634	298.636	304.938
21.9753	298.537	304.77
21.9873	298.439	304.604
21.9992	298.343	304.439
22.0111	298.247	304.275
22.0231	298.153	304.113
22.035	298.059	303.952
22.0469	297.967	303.793
22.0589	297.876	303.635
22.0708	297.787	303.478
22.0827	297.698	303.324
22.0947	297.611	303.17
22.1066	297.524	303.018
22.1186	297.439	302.867
22.1305	297.355	302.718
22.1424	297.272	302.57
22.1544	297.19	302.424
22.1663	297.109	302.279
22.1782	297.03	302.135
22.1902	296.951	301.993
22.2021	296.873	301.852
22.2141	296.797	301.713
22.226	296.722	301.575
22.2379	296.647	301.439
22.2499	296.574	301.304
22.2618	296.502	301.17
22.2737	296.43	301.037
22.2857	296.36	300.906
22.2976	296.291	300.777
22.3095	296.223	300.649
22.3215	296.155	300.522
22.3334	296.089	300.396
22.3454	296.024	300.272
22.3573	295.96	300.149
22.3692	295.896	300.028
22.3812	295.834	299.908
22.3931	295.773	299.789
22.405	295.712	299.672
22.417	295.653	299.555
22.4289	295.594	299.441
22.4408	295.536	299.327
22.4528	295.48	299.215
22.4647	295.424	299.104
22.4767	295.369	298.995
22.4886	295.315	298.886
22.5005	295.261	298.779
22.5125	295.209	298.674
22.5244	295.158	298.569
22.5363	295.107	298.466
22.5483	295.057	298.364
22.5602	295.008	298.264
22.5721	294.96	298.164
22.5841	294.913	298.066
22.596	294.867	297.969
22.608	294.821	297.874
22.6199	294.776	297.779
22.6318	294.732	297.686
22.6438	294.689	297.594
22.6557	294.646	297.503
22.6676	294.605	297.414
22.6796	294.564	297.325
22.6915	294.523	297.238
22.7035	294.484	297.152
22.7154	294.445	297.067
22.7273	294.407	296.983
22.7393	294.37	296.901
22.7512	294.333	296.819
22.7631	294.297	296.739
22.7751	294.262	296.66
22.787	294.228	296.582
22.7989	294.194	296.505
22.8109	294.161	296.429
22.8228	294.128	296.355
22.8348	294.096	296.281
22.8467	294.065	296.208
22.8586	294.034	296.137
22.8706	294.004	296.067
22.8825	293.975	295.997
22.8944	293.946	295.929
22.9064	293.918	295.862
22.9183	293.891	295.796
22.9302	293.864	295.731
22.9422	293.837	295.667
22.9541	293.812	295.604
22.9661	293.787	295.541
22.978	293.762	295.48
22.9899	293.738	295.42
23.0019	293.714	295.361
23.0138	293.691	295.303
23.0257	293.669	295.246
23.0377	293.647	295.19
23.0496	293.625	295.134
23.0616	293.604	295.08
23.0735	293.584	295.027
23.0854	293.564	294.974
23.0974	293.545	294.923
23.1093	293.526	294.872
23.1212	293.507	294.822
23.1332	293.489	294.774
23.1451	293.471	294.726
23.157	293.454	294.679
23.169	293.438	294.632
23.1809	293.421	294.587
23.1929	293.405	294.542
23.2048	293.39	294.499
23.2167	293.375	294.456
23.2287	293.36	294.414
23.2406	293.346	294.373
23.2525	293.332	294.332
23.2645	293.319	294.293
23.2764	293.306	294.254
23.2883	293.293	294.216
23.3003	293.281	294.178
23.3122	293.269	294.142
23.3242	293.257	294.106
23.3361	293.246	294.071
23.348	293.235	294.037
23.36	293.224	294.003
23.3719	293.214	293.97
23.3838	293.204	293.938
23.3958	293.195	293.907
23.4077	293.185	293.876
23.4196	293.176	293.846
23.4316	293.167	293.816
23.4435	293.159	293.788
23.4555	293.151	293.76
23.4674	293.143	293.732
23.4793	293.135	293.705
23.4913	293.128	293.679
23.5032	293.121	293.654
23.5151	293.114	293.629
23.5271	293.108	293.605
23.539	293.101	293.581
23.551	293.095	293.558
23.5629	293.089	293.535
23.5748	293.084	293.513
23.5868	293.078	293.492
23.5987	293.073	293.471
23.6106	293.068	293.451
23.6226	293.063	293.431
23.6345	293.059	293.412
23.6464	293.054	293.393
23.6584	293.05	293.375
23.6703	293.046	293.357
23.6823	293.042	293.34
23.6942	293.039	293.324
23.7061	293.035	293.308
23.7181	293.032	293.292
23.73	293.029	293.277
23.7419	293.026	293.263
23.7539	293.023	293.249
23.7658	293.02	293.236
23.7777	293.018	293.223
23.7897	293.015	293.211
23.8016	293.013	293.2
23.8136	293.011	293.19
23.8255	293.009	293.182
23.8374	293.007	293.174
23.8494	293.005	293.168
23.8613	293.003	293.165
23.8732	293	293.163
