0	873	872.311
0.0119366	872.988	872.306
0.0238732	872.98	872.292
0.0358099	872.972	872.271
0.0477465	872.964	872.243
0.0596831	872.955	872.211
0.0716197	872.946	872.174
0.0835563	872.937	872.135
0.095493	872.927	872.092
0.10743	872.917	872.048
0.119366	872.906	872.001
0.131303	872.895	871.952
0.143239	872.883	871.902
0.155176	872.871	871.851
0.167113	872.858	871.798
0.179049	872.844	871.743
0.190986	872.83	871.687
0.202923	872.815	871.63
0.214859	872.8	871.571
0.226796	872.784	871.511
0.238732	872.768	871.449
0.250669	872.751	871.386
0.262606	872.733	871.321
0.274542	872.715	871.255
0.286479	872.696	871.188
0.298416	872.676	871.119
0.310352	872.655	871.048
0.322289	872.634	870.977
0.334225	872.612	870.903
0.346162	872.59	870.828
0.358099	872.566	870.752
0.370035	872.542	870.674
0.381972	872.517	870.594
0.393908	872.491	870.513
0.405845	872.465	870.43
0.417782	872.437	870.345
0.429718	872.409	870.259
0.441655	872.38	870.172
0.453592	872.35	870.082
0.465528	872.319	869.991
0.477465	872.288	869.899
0.489401	872.255	869.805
0.501338	872.221	869.708
0.513275	872.187	869.611
0.525211	872.152	869.511
0.537148	872.115	869.41
0.549085	872.078	869.307
0.561021	872.04	869.202
0.572958	872	869.096
0.584894	871.96	868.988
0.596831	871.919	868.878
0.608768	871.876	868.766
0.620704	871.833	868.652
0.632641	871.788	868.537
0.644578	871.743	868.419
0.656514	871.696	868.3
0.668451	871.648	868.179
0.680387	871.599	868.056
0.692324	871.549	867.931
0.704261	871.498	867.805
0.716197	871.446	867.676
0.728134	871.392	867.546
0.74007	871.337	867.413
0.752007	871.281	867.279
0.763944	871.224	867.142
0.77588	871.166	867.004
0.787817	871.106	866.864
0.799754	871.045	866.722
0.81169	870.983	866.577
0.823627	870.92	866.431
0.835563	870.855	866.283
0.8475	870.789	866.133
0.859437	870.721	865.98
0.871373	870.652	865.826
0.88331	870.582	865.67
0.895247	870.511	865.511
0.907183	870.438	865.351
0.91912	870.363	865.189
0.931056	870.288	865.024
0.942993	870.21	864.858
0.95493	870.132	864.689
0.966866	870.052	864.518
0.978803	869.97	864.345
0.99074	869.887	864.17
1.00268	869.803	863.993
1.01461	869.717	863.814
1.02655	869.629	863.633
1.03849	869.54	863.449
1.05042	869.449	863.264
1.06236	869.357	863.076
1.0743	869.263	862.886
1.08623	869.168	862.694
1.09817	869.071	862.5
1.11011	868.973	862.304
1.12204	868.873	862.106
1.13398	868.771	861.905
1.14592	868.667	861.702
1.15785	868.562	861.497
1.16979	868.456	861.29
1.18173	868.347	861.081
1.19366	868.237	860.869
1.2056	868.125	860.656
1.21754	868.012	860.44
1.22947	867.896	860.222
1.24141	867.779	860.002
1.25335	867.661	859.779
1.26528	867.54	859.555
1.27722	867.418	859.328
1.28916	867.294	859.099
1.30109	867.168	858.868
1.31303	867.04	858.635
1.32496	866.911	858.399
1.3369	866.78	858.161
1.34884	866.646	857.921
1.36077	866.511	857.679
1.37271	866.375	857.435
1.38465	866.236	857.188
1.39658	866.095	856.94
1.40852	865.953	856.689
1.42046	865.809	856.436
1.43239	865.663	856.18
1.44433	865.514	855.923
1.45627	865.364	855.663
1.4682	865.212	855.401
1.48014	865.059	855.137
1.49208	864.903	854.871
1.50401	864.745	854.602
1.51595	864.585	854.332
1.52789	864.423	854.059
1.53982	864.26	853.784
1.55176	864.094	853.507
1.5637	863.926	853.227
1.57563	863.757	852.946
1.58757	863.585	852.662
1.59951	863.411	852.376
1.61144	863.236	852.088
1.62338	863.058	851.798
1.63532	862.878	851.506
1.64725	862.697	851.212
1.65919	862.513	850.915
1.67113	862.327	850.616
1.68306	862.139	850.316
1.695	861.949	850.013
1.70694	861.757	849.708
1.71887	861.563	849.401
1.73081	861.367	849.092
1.74275	861.168	848.78
1.75468	860.968	848.467
1.76662	860.766	848.151
1.77856	860.561	847.834
1.79049	860.355	847.514
1.80243	860.146	847.193
1.81437	859.935	846.869
1.8263	859.722	846.543
1.83824	859.507	846.216
1.85018	859.29	845.886
1.86211	859.071	845.554
1.87405	858.849	845.22
1.88599	858.626	844.885
1.89792	858.4	844.547
1.90986	858.172	844.207
1.9218	857.942	843.866
1.93373	857.71	843.522
1.94567	857.476	843.176
1.95761	857.24	842.829
1.96954	857.002	842.479
1.98148	856.761	842.128
1.99342	856.518	841.775
2.00535	856.274	841.42
2.01729	856.027	841.062
2.02923	855.778	840.704
2.04116	855.526	840.343
2.0531	855.273	839.98
2.06504	855.018	839.616
2.07697	854.76	839.249
2.08891	854.5	838.881
2.10085	854.238	838.511
2.11278	853.974	838.139
2.12472	853.708	837.766
2.13666	853.44	837.391
2.14859	853.17	837.014
2.16053	852.897	836.635
2.17246	852.623	836.254
2.1844	852.346	835.872
2.19634	852.067	835.488
2.20827	851.786	835.102
2.22021	851.503	834.715
2.23215	851.218	834.326
2.24408	850.93	833.935
2.25602	850.641	833.543
2.26796	850.35	833.149
2.27989	850.056	832.754
2.29183	849.761	832.357
2.30377	849.463	831.958
2.3157	849.163	831.558
2.32764	848.861	831.156
2.33958	848.557	830.752
2.35151	848.251	830.348
2.36345	847.943	829.941
2.37539	847.633	829.533
2.38732	847.321	829.124
2.39926	847.007	828.713
2.4112	846.691	828.301
2.42313	846.372	827.887
2.43507	846.052	827.472
2.44701	845.73	827.055
2.45894	845.406	826.637
2.47088	845.08	826.218
2.48282	844.751	825.797
2.49475	844.421	825.375
2.50669	844.089	824.952
2.51863	843.755	824.527
2.53056	843.419	824.101
2.5425	843.081	823.674
2.55444	842.741	823.245
2.56637	842.399	822.815
2.57831	842.055	822.384
2.59025	841.709	821.952
2.60218	841.361	821.519
2.61412	841.012	821.084
2.62606	840.66	820.648
2.63799	840.307	820.211
2.64993	839.952	819.773
2.66187	839.595	819.334
2.6738	839.236	818.894
2.68574	838.875	818.452
2.69768	838.513	818.01
2.70961	838.148	817.566
2.72155	837.782	817.121
2.73349	837.414	816.676
2.74542	837.045	816.229
2.75736	836.673	815.781
2.7693	836.3	815.333
2.78123	835.925	814.883
2.79317	835.548	814.433
2.80511	835.17	813.981
2.81704	834.789	813.529
2.82898	834.408	813.076
2.84092	834.024	812.622
2.85285	833.639	812.167
2.86479	833.252	811.711
2.87673	832.863	811.254
2.88866	832.473	810.797
2.9006	832.081	810.338
2.91254	831.688	809.879
2.92447	831.293	809.42
2.93641	830.896	808.959
2.94835	830.498	808.498
2.96028	830.098	808.036
2.97222	829.697	807.573
2.98416	829.294	807.11
2.99609	828.89	806.646
3.00803	828.484	806.181
3.01997	828.076	805.716
3.0319	827.668	805.25
3.04384	827.257	804.783
3.05577	826.846	804.316
3.06771	826.433	803.849
3.07965	826.018	803.38
3.09158	825.602	802.912
3.10352	825.185	802.442
3.11546	824.766	801.972
3.12739	824.346	801.502
3.13933	823.924	801.031
3.15127	823.501	800.56
3.1632	823.077	800.089
3.17514	822.652	799.617
3.18708	822.225	799.144
3.19901	821.797	798.671
3.21095	821.368	798.198
3.22289	820.938	797.724
3.23482	820.506	797.25
3.24676	820.073	796.776
3.2587	819.639	796.302
3.27063	819.204	795.827
3.28257	818.767	795.351
3.29451	818.33	794.876
3.30644	817.891	794.4
3.31838	817.451	793.924
3.33032	817.01	793.448
3.34225	816.568	792.972
3.35419	816.125	792.495
3.36613	815.681	792.018
3.37806	815.236	791.541
3.39	814.79	791.064
3.40194	814.343	790.587
3.41387	813.895	790.109
3.42581	813.446	789.632
3.43775	812.996	789.154
3.44968	812.545	788.676
3.46162	812.093	788.199
3.47356	811.64	787.721
3.48549	811.186	787.243
3.49743	810.731	786.765
3.50937	810.276	786.287
3.5213	809.82	785.809
3.53324	809.363	785.331
3.54518	808.905	784.853
3.55711	808.446	784.375
3.56905	807.986	783.897
3.58099	807.526	783.419
3.59292	807.065	782.941
3.60486	806.603	782.464
3.6168	806.141	781.986
3.62873	805.678	781.508
3.64067	805.214	781.031
3.65261	804.749	780.554
3.66454	804.284	780.077
3.67648	803.818	779.6
3.68842	803.352	779.123
3.70035	802.885	778.646
3.71229	802.417	778.169
3.72423	801.949	777.693
3.73616	801.48	777.217
3.7481	801.011	776.741
3.76004	800.541	776.265
3.77197	800.071	775.79
3.78391	799.6	775.315
3.79585	799.129	774.84
3.80778	798.657	774.365
3.81972	798.185	773.891
3.83166	797.713	773.416
3.84359	797.24	772.943
3.85553	796.766	772.469
3.86747	796.292	771.996
3.8794	795.818	771.523
3.89134	795.344	771.05
3.90327	794.869	770.578
3.91521	794.394	770.106
3.92715	793.918	769.635
3.93908	793.442	769.163
3.95102	792.966	768.693
3.96296	792.49	768.222
3.97489	792.013	767.752
3.98683	791.537	767.282
3.99877	791.06	766.813
4.0107	790.582	766.344
4.02264	790.105	765.876
4.03458	789.627	765.408
4.04651	789.15	764.94
4.05845	788.672	764.473
4.07039	788.194	764.006
4.08232	787.715	763.54
4.09426	787.237	763.074
4.1062	786.759	762.609
4.11813	786.28	762.144
4.13007	785.802	761.68
4.14201	785.323	761.216
4.15394	784.844	760.752
4.16588	784.366	760.289
4.17782	783.887	759.827
4.18975	783.408	759.365
4.20169	782.93	758.904
4.21363	782.451	758.443
4.22556	781.972	757.982
4.2375	781.494	757.523
4.24944	781.015	757.063
4.26137	780.537	756.605
4.27331	780.059	756.146
4.28525	779.58	755.689
4.29718	779.102	755.231
4.30912	778.624	754.775
4.32106	778.146	754.319
4.33299	777.668	753.863
4.34493	777.191	753.408
4.35687	776.713	752.954
4.3688	776.236	752.5
4.38074	775.759	752.047
4.39268	775.282	751.595
4.40461	774.805	751.143
4.41655	774.329	750.691
4.42849	773.853	750.24
4.44042	773.377	749.79
4.45236	772.901	749.34
4.4643	772.425	748.891
4.47623	771.95	748.443
4.48817	771.475	747.995
4.50011	771.001	747.548
4.51204	770.526	747.101
4.52398	770.052	746.655
4.53592	769.579	746.209
4.54785	769.105	745.764
4.55979	768.632	745.32
4.57173	768.159	744.876
4.58366	767.687	744.433
4.5956	767.215	743.991
4.60754	766.743	743.549
4.61947	766.272	743.108
4.63141	765.801	742.667
4.64335	765.331	742.227
4.65528	764.861	741.788
4.66722	764.391	741.349
4.67916	763.922	740.911
4.69109	763.453	740.474
4.70303	762.985	740.037
4.71497	762.517	739.6
4.7269	762.049	739.165
4.73884	761.582	738.73
4.75078	761.116	738.295
4.76271	760.649	737.861
4.77465	760.184	737.428
4.78658	759.719	736.995
4.79852	759.254	736.563
4.81046	758.79	736.132
4.82239	758.326	735.701
4.83433	757.863	735.271
4.84627	757.4	734.842
4.8582	756.938	734.413
4.87014	756.477	733.984
4.88208	756.015	733.556
4.89401	755.555	733.129
4.90595	755.095	732.703
4.91789	754.635	732.277
4.92982	754.176	731.851
4.94176	753.718	731.427
4.9537	753.26	731.003
4.96563	752.803	730.579
4.97757	752.346	730.156
4.98951	751.89	729.734
5.00144	751.435	729.312
5.01338	750.98	728.891
5.02532	750.525	728.47
5.03725	750.071	728.05
5.04919	749.618	727.63
5.06113	749.165	727.211
5.07306	748.713	726.793
5.085	748.262	726.375
5.09694	747.811	725.958
5.10887	747.361	725.541
5.12081	746.911	725.125
5.13275	746.462	724.71
5.14468	746.014	724.295
5.15662	745.566	723.88
5.16856	745.119	723.466
5.18049	744.672	723.053
5.19243	744.226	722.64
5.20437	743.781	722.228
5.2163	743.336	721.816
5.22824	742.892	721.405
5.24018	742.448	720.994
5.25211	742.005	720.584
5.26405	741.563	720.174
5.27599	741.121	719.765
5.28792	740.68	719.356
5.29986	740.24	718.948
5.3118	739.8	718.54
5.32373	739.361	718.133
5.33567	738.923	717.726
5.34761	738.485	717.32
5.35954	738.047	716.914
5.37148	737.611	716.509
5.38342	737.175	716.104
5.39535	736.739	715.7
5.40729	736.305	715.296
5.41923	735.871	714.893
5.43116	735.437	714.49
5.4431	735.004	714.087
5.45504	734.572	713.685
5.46697	734.141	713.284
5.47891	733.71	712.883
5.49085	733.279	712.482
5.50278	732.849	712.082
5.51472	732.42	711.682
5.52666	731.992	711.283
5.53859	731.564	710.884
5.55053	731.137	710.485
5.56247	730.71	710.087
5.5744	730.284	709.689
5.58634	729.859	709.292
5.59828	729.434	708.895
5.61021	729.01	708.498
5.62215	728.586	708.102
5.63408	728.163	707.706
5.64602	727.741	707.311
5.65796	727.319	706.916
5.66989	726.898	706.521
5.68183	726.477	706.127
5.69377	726.057	705.733
5.7057	725.638	705.34
5.71764	725.219	704.946
5.72958	724.801	704.553
5.74151	724.383	704.161
5.75345	723.966	703.769
5.76539	723.55	703.377
5.77732	723.134	702.985
5.78926	722.718	702.594
5.8012	722.303	702.203
5.81313	721.889	701.812
5.82507	721.476	701.422
5.83701	721.062	701.032
5.84894	720.65	700.643
5.86088	720.238	700.253
5.87282	719.826	699.864
5.88475	719.416	699.475
5.89669	719.005	699.087
5.90863	718.595	698.698
5.92056	718.186	698.31
5.9325	717.777	697.923
5.94444	717.369	697.535
5.95637	716.961	697.148
5.96831	716.554	696.761
5.98025	716.147	696.374
5.99218	715.741	695.988
6.00412	715.335	695.602
6.01606	714.93	695.216
6.02799	714.525	694.83
6.03993	714.121	694.444
6.05187	713.717	694.059
6.0638	713.314	693.674
6.07574	712.911	693.289
6.08768	712.509	692.904
6.09961	712.107	692.52
6.11155	711.706	692.136
6.12349	711.305	691.751
6.13542	710.904	691.368
6.14736	710.504	690.984
6.1593	710.105	690.6
6.17123	709.706	690.217
6.18317	709.307	689.834
6.19511	708.909	689.451
6.20704	708.511	689.068
6.21898	708.114	688.685
6.23092	707.717	688.303
6.24285	707.32	687.92
6.25479	706.924	687.538
6.26673	706.528	687.156
6.27866	706.133	686.774
6.2906	705.738	686.392
6.30254	705.343	686.011
6.31447	704.949	685.629
6.32641	704.555	685.248
6.33835	704.161	684.867
6.35028	703.768	684.485
6.36222	703.375	684.104
6.37416	702.983	683.723
6.38609	702.591	683.343
6.39803	702.199	682.962
6.40997	701.808	682.581
6.4219	701.417	682.201
6.43384	701.026	681.82
6.44578	700.636	681.44
6.45771	700.245	681.06
6.46965	699.856	680.68
6.48159	699.466	680.3
6.49352	699.077	679.92
6.50546	698.688	679.54
6.51739	698.299	679.16
6.52933	697.911	678.78
6.54127	697.523	678.401
6.5532	697.135	678.021
6.56514	696.747	677.641
6.57708	696.36	677.262
6.58901	695.973	676.882
6.60095	695.586	676.503
6.61289	695.199	676.124
6.62482	694.813	675.744
6.63676	694.427	675.365
6.6487	694.041	674.986
6.66063	693.655	674.607
6.67257	693.269	674.228
6.68451	692.884	673.849
6.69644	692.499	673.469
6.70838	692.114	673.09
6.72032	691.73	672.711
6.73225	691.345	672.332
6.74419	690.961	671.953
6.75613	690.577	671.575
6.76806	690.193	671.196
6.78	689.81	670.817
6.79194	689.426	670.438
6.80387	689.043	670.059
6.81581	688.66	669.68
6.82775	688.277	669.301
6.83968	687.895	668.922
6.85162	687.512	668.543
6.86356	687.13	668.165
6.87549	686.748	667.786
6.88743	686.366	667.407
6.89937	685.985	667.028
6.9113	685.604	666.649
6.92324	685.222	666.27
6.93518	684.842	665.891
6.94711	684.461	665.512
6.95905	684.08	665.133
6.97099	683.7	664.754
6.98292	683.32	664.375
6.99486	682.94	663.996
7.0068	682.56	663.617
7.01873	682.181	663.238
7.03067	681.801	662.859
7.04261	681.422	662.48
7.05454	681.043	662.101
7.06648	680.665	661.721
7.07842	680.286	661.342
7.09035	679.907	660.963
7.10229	679.529	660.583
7.11423	679.151	660.204
7.12616	678.773	659.824
7.1381	678.395	659.445
7.15004	678.018	659.065
7.16197	677.64	658.686
7.17391	677.262	658.306
7.18585	676.885	657.926
7.19778	676.508	657.546
7.20972	676.131	657.166
7.22166	675.754	656.786
7.23359	675.377	656.406
7.24553	675	656.026
7.25747	674.623	655.646
7.2694	674.246	655.266
7.28134	673.869	654.886
7.29328	673.492	654.505
7.30521	673.116	654.125
7.31715	672.739	653.744
7.32909	672.362	653.364
7.34102	671.986	652.983
7.35296	671.609	652.603
7.36489	671.232	652.222
7.37683	670.855	651.841
7.38877	670.479	651.46
7.4007	670.102	651.079
7.41264	669.725	650.698
7.42458	669.348	650.317
7.43651	668.971	649.936
7.44845	668.594	649.554
7.46039	668.217	649.173
7.47232	667.84	648.791
7.48426	667.463	648.41
7.4962	667.085	648.028
7.50813	666.708	647.647
7.52007	666.331	647.265
7.53201	665.953	646.883
7.54394	665.576	646.501
7.55588	665.198	646.119
7.56782	664.82	645.737
7.57975	664.442	645.355
7.59169	664.065	644.973
7.60363	663.687	644.591
7.61556	663.308	644.209
7.6275	662.93	643.826
7.63944	662.552	643.444
7.65137	662.174	643.062
7.66331	661.795	642.679
7.67525	661.417	642.296
7.68718	661.038	641.914
7.69912	660.659	641.531
7.71106	660.281	641.148
7.72299	659.902	640.765
7.73493	659.523	640.382
7.74687	659.144	640
7.7588	658.764	639.616
7.77074	658.385	639.233
7.78268	658.006	638.85
7.79461	657.626	638.467
7.80655	657.247	638.084
7.81849	656.867	637.7
7.83042	656.487	637.317
7.84236	656.108	636.933
7.8543	655.728	636.55
7.86623	655.348	636.166
7.87817	654.968	635.783
7.89011	654.588	635.399
7.90204	654.207	635.015
7.91398	653.827	634.631
7.92592	653.447	634.248
7.93785	653.066	633.864
7.94979	652.686	633.48
7.96173	652.305	633.096
7.97366	651.924	632.712
7.9856	651.543	632.327
7.99754	651.162	631.943
8.00947	650.782	631.559
8.02141	650.4	631.175
8.03335	650.019	630.79
8.04528	649.638	630.406
8.05722	649.257	630.022
8.06916	648.875	629.637
8.08109	648.494	629.253
8.09303	648.113	628.868
8.10497	647.731	628.483
8.1169	647.349	628.099
8.12884	646.968	627.714
8.14078	646.586	627.329
8.15271	646.204	626.944
8.16465	645.822	626.56
8.17659	645.44	626.175
8.18852	645.058	625.79
8.20046	644.676	625.405
8.2124	644.293	625.02
8.22433	643.911	624.634
8.23627	643.529	624.249
8.2482	643.146	623.864
8.26014	642.764	623.479
8.27208	642.381	623.094
8.28401	641.999	622.708
8.29595	641.616	622.323
8.30789	641.233	621.938
8.31982	640.85	621.552
8.33176	640.467	621.167
8.3437	640.085	620.781
8.35563	639.702	620.396
8.36757	639.318	620.01
8.37951	638.935	619.624
8.39144	638.552	619.239
8.40338	638.169	618.853
8.41532	637.786	618.467
8.42725	637.402	618.081
8.43919	637.019	617.696
8.45113	636.635	617.31
8.46306	636.252	616.924
8.475	635.868	616.538
8.48694	635.484	616.152
8.49887	635.101	615.766
8.51081	634.717	615.38
8.52275	634.333	614.994
8.53468	633.949	614.608
8.54662	633.565	614.222
8.55856	633.181	613.835
8.57049	632.797	613.449
8.58243	632.413	613.063
8.59437	632.029	612.677
8.6063	631.645	612.29
8.61824	631.26	611.904
8.63018	630.876	611.518
8.64211	630.492	611.131
8.65405	630.107	610.745
8.66599	629.723	610.358
8.67792	629.338	609.972
8.68986	628.954	609.585
8.7018	628.569	609.199
8.71373	628.184	608.812
8.72567	627.8	608.425
8.73761	627.415	608.039
8.74954	627.03	607.652
8.76148	626.645	607.265
8.77342	626.26	606.878
8.78535	625.875	606.492
8.79729	625.49	606.105
8.80923	625.105	605.718
8.82116	624.72	605.331
8.8331	624.335	604.944
8.84504	623.95	604.557
8.85697	623.565	604.17
8.86891	623.179	603.783
8.88085	622.794	603.396
8.89278	622.409	603.009
8.90472	622.023	602.622
8.91666	621.638	602.235
8.92859	621.252	601.848
8.94053	620.867	601.461
8.95247	620.481	601.074
8.9644	620.096	600.686
8.97634	619.71	600.299
8.98828	619.324	599.912
9.00021	618.939	599.525
9.01215	618.553	599.137
9.02409	618.167	598.75
9.03602	617.781	598.363
9.04796	617.395	597.975
9.0599	617.009	597.588
9.07183	616.624	597.2
9.08377	616.238	596.813
9.0957	615.852	596.425
9.10764	615.465	596.038
9.11958	615.079	595.65
9.13151	614.693	595.263
9.14345	614.307	594.875
9.15539	613.921	594.488
9.16732	613.535	594.1
9.17926	613.148	593.712
9.1912	612.762	593.325
9.20313	612.376	592.937
9.21507	611.989	592.549
9.22701	611.603	592.161
9.23894	611.217	591.774
9.25088	610.83	591.386
9.26282	610.444	590.998
9.27475	610.057	590.61
9.28669	609.67	590.222
9.29863	609.284	589.835
9.31056	608.897	589.447
9.3225	608.511	589.059
9.33444	608.124	588.671
9.34637	607.737	588.283
9.35831	607.35	587.895
9.37025	606.964	587.507
9.38218	606.577	587.119
9.39412	606.19	586.731
9.40606	605.803	586.343
9.41799	605.416	585.955
9.42993	605.029	585.567
9.44187	604.642	585.178
9.4538	604.255	584.79
9.46574	603.868	584.402
9.47768	603.481	584.014
9.48961	603.094	583.626
9.50155	602.707	583.238
9.51349	602.32	582.849
9.52542	601.933	582.461
9.53736	601.546	582.073
9.5493	601.158	581.685
9.56123	600.771	581.296
9.57317	600.384	580.908
9.58511	599.997	580.52
9.59704	599.609	580.131
9.60898	599.222	579.743
9.62092	598.835	579.354
9.63285	598.447	578.966
9.64479	598.06	578.577
9.65673	597.672	578.189
9.66866	597.285	577.8
9.6806	596.897	577.412
9.69254	596.51	577.023
9.70447	596.122	576.635
9.71641	595.735	576.246
9.72835	595.347	575.858
9.74028	594.96	575.469
9.75222	594.572	575.081
9.76416	594.184	574.692
9.77609	593.797	574.303
9.78803	593.409	573.915
9.79997	593.021	573.526
9.8119	592.634	573.137
9.82384	592.246	572.748
9.83578	591.858	572.36
9.84771	591.47	571.971
9.85965	591.082	571.582
9.87159	590.694	571.193
9.88352	590.307	570.805
9.89546	589.919	570.416
9.9074	589.531	570.027
9.91933	589.143	569.638
9.93127	588.755	569.249
9.94321	588.367	568.86
9.95514	587.979	568.471
9.96708	587.591	568.082
9.97901	587.203	567.693
9.99095	586.815	567.304
10.0029	586.427	566.915
10.0148	586.039	566.526
10.0268	585.65	566.137
10.0387	585.262	565.748
10.0506	584.874	565.359
10.0626	584.486	564.97
10.0745	584.098	564.581
10.0864	583.709	564.192
10.0984	583.321	563.803
10.1103	582.933	563.414
10.1223	582.545	563.025
10.1342	582.156	562.635
10.1461	581.768	562.246
10.1581	581.38	561.857
10.17	580.991	561.468
10.1819	580.603	561.079
10.1939	580.215	560.689
10.2058	579.826	560.3
10.2177	579.438	559.911
10.2297	579.049	559.521
10.2416	578.661	559.132
10.2536	578.272	558.743
10.2655	577.884	558.353
10.2774	577.495	557.964
10.2894	577.107	557.575
10.3013	576.718	557.185
10.3132	576.329	556.796
10.3252	575.941	556.406
10.3371	575.552	556.017
10.3491	575.164	555.627
10.361	574.775	555.238
10.3729	574.386	554.848
10.3849	573.998	554.459
10.3968	573.609	554.069
10.4087	573.22	553.68
10.4207	572.831	553.29
10.4326	572.443	552.901
10.4445	572.054	552.511
10.4565	571.665	552.121
10.4684	571.276	551.732
10.4804	570.887	551.342
10.4923	570.499	550.952
10.5042	570.11	550.563
10.5162	569.721	550.173
10.5281	569.332	549.783
10.54	568.943	549.394
10.552	568.554	549.004
10.5639	568.165	548.614
10.5758	567.776	548.224
10.5878	567.387	547.834
10.5997	566.998	547.445
10.6117	566.609	547.055
10.6236	566.22	546.665
10.6355	565.831	546.275
10.6475	565.442	545.885
10.6594	565.053	545.495
10.6713	564.664	545.105
10.6833	564.275	544.715
10.6952	563.885	544.326
10.7071	563.496	543.936
10.7191	563.107	543.546
10.731	562.718	543.156
10.743	562.329	542.766
10.7549	561.939	542.376
10.7668	561.55	541.986
10.7788	561.161	541.595
10.7907	560.772	541.205
10.8026	560.382	540.815
10.8146	559.993	540.425
10.8265	559.604	540.035
10.8385	559.214	539.645
10.8504	558.825	539.255
10.8623	558.436	538.865
10.8743	558.046	538.474
10.8862	557.657	538.084
10.8981	557.267	537.694
10.9101	556.878	537.304
10.922	556.489	536.914
10.9339	556.099	536.523
10.9459	555.71	536.133
10.9578	555.32	535.743
10.9698	554.931	535.353
10.9817	554.541	534.962
10.9936	554.152	534.572
11.0056	553.762	534.182
11.0175	553.372	533.791
11.0294	552.983	533.401
11.0414	552.593	533.01
11.0533	552.204	532.62
11.0652	551.814	532.23
11.0772	551.424	531.839
11.0891	551.035	531.449
11.1011	550.645	531.058
11.113	550.255	530.668
11.1249	549.866	530.277
11.1369	549.476	529.887
11.1488	549.086	529.496
11.1607	548.696	529.106
11.1727	548.307	528.715
11.1846	547.917	528.325
11.1966	547.527	527.934
11.2085	547.137	527.544
11.2204	546.747	527.153
11.2324	546.357	526.763
11.2443	545.968	526.372
11.2562	545.578	525.981
11.2682	545.188	525.591
11.2801	544.798	525.2
11.292	544.408	524.809
11.304	544.018	524.419
11.3159	543.628	524.028
11.3279	543.238	523.637
11.3398	542.848	523.247
11.3517	542.458	522.856
11.3637	542.068	522.465
11.3756	541.678	522.075
11.3875	541.288	521.684
11.3995	540.898	521.293
11.4114	540.508	520.902
11.4233	540.118	520.511
11.4353	539.728	520.121
11.4472	539.338	519.73
11.4592	538.947	519.339
11.4711	538.557	518.948
11.483	538.167	518.558
11.495	537.777	518.167
11.5069	537.387	517.776
11.5188	536.997	517.385
11.5308	536.606	516.994
11.5427	536.216	516.603
11.5546	535.826	516.212
11.5666	535.436	515.822
11.5785	535.045	515.431
11.5905	534.655	515.04
11.6024	534.265	514.649
11.6143	533.874	514.258
11.6263	533.484	513.867
11.6382	533.094	513.476
11.6501	532.703	513.085
11.6621	532.313	512.694
11.674	531.923	512.303
11.686	531.532	511.913
11.6979	531.142	511.522
11.7098	530.752	511.131
11.7218	530.361	510.74
11.7337	529.971	510.349
11.7456	529.58	509.958
11.7576	529.19	509.567
11.7695	528.799	509.176
11.7814	528.409	508.785
11.7934	528.018	508.394
11.8053	527.628	508.003
11.8173	527.237	507.612
11.8292	526.847	507.221
11.8411	526.456	506.83
11.8531	526.066	506.439
11.865	525.675	506.048
11.8769	525.285	505.657
11.8889	524.894	505.266
11.9008	524.504	504.875
11.9127	524.113	504.484
11.9247	523.722	504.093
11.9366	523.332	503.702
11.9486	522.941	503.311
11.9605	522.55	502.92
11.9724	522.16	502.53
11.9844	521.769	502.139
11.9963	521.378	501.748
12.0082	520.988	501.357
12.0202	520.597	500.966
12.0321	520.206	500.575
12.0441	519.816	500.184
12.056	519.425	499.793
12.0679	519.034	499.402
12.0799	518.644	499.011
12.0918	518.253	498.62
12.1037	517.862	498.229
12.1157	517.471	497.838
12.1276	517.081	497.448
12.1395	516.69	497.057
12.1515	516.299	496.666
12.1634	515.908	496.275
12.1754	515.518	495.884
12.1873	515.127	495.493
12.1992	514.736	495.103
12.2112	514.345	494.712
12.2231	513.955	494.321
12.235	513.564	493.93
12.247	513.173	493.539
12.2589	512.782	493.149
12.2708	512.391	492.758
12.2828	512.001	492.367
12.2947	511.61	491.977
12.3067	511.219	491.586
12.3186	510.828	491.195
12.3305	510.437	490.805
12.3425	510.047	490.414
12.3544	509.656	490.023
12.3663	509.265	489.633
12.3783	508.874	489.242
12.3902	508.483	488.852
12.4021	508.092	488.461
12.4141	507.702	488.071
12.426	507.311	487.68
12.438	506.92	487.29
12.4499	506.529	486.899
12.4618	506.138	486.509
12.4738	505.748	486.118
12.4857	505.357	485.728
12.4976	504.966	485.338
12.5096	504.575	484.947
12.5215	504.184	484.557
12.5335	503.793	484.167
12.5454	503.403	483.777
12.5573	503.012	483.386
12.5693	502.621	482.996
12.5812	502.23	482.606
12.5931	501.84	482.216
12.6051	501.449	481.826
12.617	501.058	481.436
12.6289	500.667	481.046
12.6409	500.276	480.656
12.6528	499.886	480.266
12.6648	499.495	479.876
12.6767	499.104	479.486
12.6886	498.714	479.096
12.7006	498.323	478.707
12.7125	497.932	478.317
12.7244	497.541	477.927
12.7364	497.151	477.538
12.7483	496.76	477.148
12.7602	496.37	476.758
12.7722	495.979	476.369
12.7841	495.588	475.979
12.7961	495.198	475.59
12.808	494.807	475.201
12.8199	494.416	474.811
12.8319	494.026	474.422
12.8438	493.635	474.033
12.8557	493.245	473.643
12.8677	492.854	473.254
12.8796	492.464	472.865
12.8916	492.073	472.476
12.9035	491.683	472.087
12.9154	491.292	471.698
12.9274	490.902	471.309
12.9393	490.512	470.921
12.9512	490.121	470.532
12.9632	489.731	470.143
12.9751	489.34	469.754
12.987	488.95	469.366
12.999	488.56	468.977
13.0109	488.17	468.589
13.0229	487.779	468.2
13.0348	487.389	467.812
13.0467	486.999	467.424
13.0587	486.609	467.036
13.0706	486.219	466.648
13.0825	485.828	466.259
13.0945	485.438	465.871
13.1064	485.048	465.484
13.1183	484.658	465.096
13.1303	484.268	464.708
13.1422	483.878	464.32
13.1542	483.488	463.933
13.1661	483.098	463.545
13.178	482.709	463.158
13.19	482.319	462.77
13.2019	481.929	462.383
13.2138	481.539	461.996
13.2258	481.149	461.608
13.2377	480.76	461.221
13.2496	480.37	460.834
13.2616	479.98	460.447
13.2735	479.591	460.061
13.2855	479.201	459.674
13.2974	478.812	459.287
13.3093	478.422	458.901
13.3213	478.033	458.514
13.3332	477.643	458.128
13.3451	477.254	457.742
13.3571	476.865	457.355
13.369	476.476	456.969
13.381	476.086	456.583
13.3929	475.697	456.197
13.4048	475.308	455.812
13.4168	474.919	455.426
13.4287	474.53	455.04
13.4406	474.141	454.655
13.4526	473.752	454.27
13.4645	473.363	453.884
13.4764	472.975	453.499
13.4884	472.586	453.114
13.5003	472.197	452.729
13.5123	471.809	452.344
13.5242	471.42	451.96
13.5361	471.031	451.575
13.5481	470.643	451.191
13.56	470.255	450.806
13.5719	469.866	450.422
13.5839	469.478	450.038
13.5958	469.09	449.654
13.6077	468.702	449.27
13.6197	468.314	448.886
13.6316	467.926	448.502
13.6436	467.538	448.119
13.6555	467.15	447.736
13.6674	466.762	447.352
13.6794	466.374	446.969
13.6913	465.987	446.586
13.7032	465.599	446.203
13.7152	465.211	445.821
13.7271	464.824	445.438
13.7391	464.437	445.056
13.751	464.049	444.673
13.7629	463.662	444.291
13.7749	463.275	443.909
13.7868	462.888	443.527
13.7987	462.501	443.146
13.8107	462.114	442.764
13.8226	461.727	442.383
13.8345	461.341	442.001
13.8465	460.954	441.62
13.8584	460.567	441.239
13.8704	460.181	440.858
13.8823	459.794	440.478
13.8942	459.408	440.097
13.9062	459.022	439.717
13.9181	458.636	439.337
13.93	458.25	438.957
13.942	457.864	438.577
13.9539	457.478	438.197
13.9658	457.092	437.818
13.9778	456.707	437.438
13.9897	456.321	437.059
14.0017	455.936	436.68
14.0136	455.551	436.301
14.0255	455.165	435.923
14.0375	454.78	435.544
14.0494	454.395	435.166
14.0613	454.01	434.788
14.0733	453.626	434.41
14.0852	453.241	434.032
14.0971	452.856	433.655
14.1091	452.472	433.277
14.121	452.087	432.9
14.133	451.703	432.523
14.1449	451.319	432.147
14.1568	450.935	431.77
14.1688	450.551	431.394
14.1807	450.168	431.017
14.1926	449.784	430.641
14.2046	449.4	430.266
14.2165	449.017	429.89
14.2285	448.634	429.515
14.2404	448.251	429.14
14.2523	447.868	428.765
14.2643	447.485	428.39
14.2762	447.102	428.015
14.2881	446.719	427.641
14.3001	446.337	427.267
14.312	445.955	426.893
14.3239	445.573	426.52
14.3359	445.19	426.146
14.3478	444.809	425.773
14.3598	444.427	425.4
14.3717	444.045	425.027
14.3836	443.664	424.655
14.3956	443.282	424.282
14.4075	442.901	423.91
14.4194	442.52	423.539
14.4314	442.139	423.167
14.4433	441.759	422.796
14.4552	441.378	422.425
14.4672	440.998	422.054
14.4791	440.617	421.683
14.4911	440.237	421.313
14.503	439.857	420.943
14.5149	439.478	420.573
14.5269	439.098	420.203
14.5388	438.719	419.834
14.5507	438.339	419.465
14.5627	437.96	419.096
14.5746	437.581	418.728
14.5866	437.202	418.359
14.5985	436.824	417.991
14.6104	436.446	417.624
14.6224	436.067	417.256
14.6343	435.689	416.889
14.6462	435.311	416.522
14.6582	434.934	416.155
14.6701	434.556	415.789
14.682	434.179	415.423
14.694	433.802	415.057
14.7059	433.425	414.691
14.7179	433.048	414.326
14.7298	432.671	413.961
14.7417	432.295	413.596
14.7537	431.919	413.232
14.7656	431.543	412.868
14.7775	431.167	412.504
14.7895	430.792	412.141
14.8014	430.416	411.777
14.8133	430.041	411.415
14.8253	429.666	411.052
14.8372	429.291	410.69
14.8492	428.917	410.328
14.8611	428.543	409.966
14.873	428.168	409.605
14.885	427.795	409.244
14.8969	427.421	408.883
14.9088	427.047	408.523
14.9208	426.674	408.162
14.9327	426.301	407.803
14.9446	425.928	407.443
14.9566	425.556	407.084
14.9685	425.184	406.725
14.9805	424.811	406.367
14.9924	424.44	406.009
15.0043	424.068	405.651
15.0163	423.697	405.294
15.0282	423.325	404.936
15.0401	422.955	404.58
15.0521	422.584	404.223
15.064	422.213	403.867
15.076	421.843	403.511
15.0879	421.473	403.156
15.0998	421.104	402.801
15.1118	420.734	402.446
15.1237	420.365	402.092
15.1356	419.996	401.738
15.1476	419.627	401.385
15.1595	419.259	401.031
15.1714	418.891	400.679
15.1834	418.523	400.326
15.1953	418.155	399.974
15.2073	417.788	399.622
15.2192	417.421	399.271
15.2311	417.054	398.92
15.2431	416.688	398.569
15.255	416.321	398.219
15.2669	415.955	397.869
15.2789	415.59	397.52
15.2908	415.224	397.171
15.3027	414.859	396.822
15.3147	414.494	396.474
15.3266	414.13	396.126
15.3386	413.765	395.778
15.3505	413.401	395.431
15.3624	413.038	395.084
15.3744	412.674	394.738
15.3863	412.311	394.392
15.3982	411.948	394.047
15.4102	411.586	393.701
15.4221	411.223	393.357
15.4341	410.862	393.012
15.446	410.5	392.669
15.4579	410.139	392.325
15.4699	409.778	391.982
15.4818	409.417	391.64
15.4937	409.057	391.297
15.5057	408.697	390.956
15.5176	408.337	390.614
15.5295	407.978	390.273
15.5415	407.618	389.933
15.5534	407.26	389.593
15.5654	406.901	389.253
15.5773	406.543	388.914
15.5892	406.185	388.576
15.6012	405.828	388.237
15.6131	405.471	387.899
15.625	405.114	387.562
15.637	404.758	387.225
15.6489	404.402	386.889
15.6608	404.046	386.553
15.6728	403.691	386.217
15.6847	403.336	385.882
15.6967	402.981	385.547
15.7086	402.627	385.213
15.7205	402.273	384.88
15.7325	401.919	384.546
15.7444	401.566	384.214
15.7563	401.213	383.881
15.7683	400.861	383.549
15.7802	400.508	383.218
15.7921	400.157	382.887
15.8041	399.805	382.557
15.816	399.454	382.227
15.828	399.103	381.897
15.8399	398.753	381.568
15.8518	398.403	381.24
15.8638	398.054	380.912
15.8757	397.705	380.585
15.8876	397.356	380.258
15.8996	397.007	379.931
15.9115	396.659	379.605
15.9235	396.312	379.28
15.9354	395.965	378.955
15.9473	395.618	378.63
15.9593	395.271	378.306
15.9712	394.925	377.983
15.9831	394.58	377.66
15.9951	394.235	377.337
16.007	393.89	377.015
16.0189	393.545	376.694
16.0309	393.201	376.373
16.0428	392.858	376.053
16.0548	392.515	375.733
16.0667	392.172	375.413
16.0786	391.83	375.095
16.0906	391.488	374.776
16.1025	391.146	374.459
16.1144	390.805	374.141
16.1264	390.465	373.825
16.1383	390.125	373.509
16.1502	389.785	373.193
16.1622	389.445	372.878
16.1741	389.107	372.563
16.1861	388.768	372.249
16.198	388.43	371.936
16.2099	388.093	371.623
16.2219	387.755	371.311
16.2338	387.419	370.999
16.2457	387.083	370.688
16.2577	386.747	370.377
16.2696	386.411	370.067
16.2816	386.077	369.758
16.2935	385.742	369.449
16.3054	385.408	369.14
16.3174	385.075	368.832
16.3293	384.742	368.525
16.3412	384.409	368.218
16.3532	384.077	367.912
16.3651	383.746	367.607
16.377	383.414	367.302
16.389	383.084	366.997
16.4009	382.754	366.693
16.4129	382.424	366.39
16.4248	382.095	366.087
16.4367	381.766	365.785
16.4487	381.438	365.484
16.4606	381.11	365.183
16.4725	380.783	364.883
16.4845	380.456	364.583
16.4964	380.129	364.284
16.5083	379.804	363.985
16.5203	379.478	363.687
16.5322	379.153	363.39
16.5442	378.829	363.093
16.5561	378.505	362.797
16.568	378.182	362.502
16.58	377.859	362.207
16.5919	377.537	361.912
16.6038	377.215	361.619
16.6158	376.894	361.325
16.6277	376.573	361.033
16.6396	376.253	360.741
16.6516	375.933	360.45
16.6635	375.614	360.159
16.6755	375.295	359.869
16.6874	374.977	359.58
16.6993	374.66	359.291
16.7113	374.343	359.003
16.7232	374.026	358.715
16.7351	373.71	358.428
16.7471	373.395	358.142
16.759	373.08	357.856
16.771	372.765	357.571
16.7829	372.451	357.287
16.7948	372.138	357.003
16.8068	371.825	356.72
16.8187	371.513	356.438
16.8306	371.201	356.156
16.8426	370.89	355.875
16.8545	370.58	355.594
16.8664	370.27	355.314
16.8784	369.96	355.035
16.8903	369.651	354.756
16.9023	369.343	354.478
16.9142	369.035	354.201
16.9261	368.728	353.924
16.9381	368.421	353.648
16.95	368.115	353.373
16.9619	367.81	353.098
16.9739	367.505	352.824
16.9858	367.2	352.551
16.9977	366.897	352.278
17.0097	366.593	352.006
17.0216	366.291	351.734
17.0336	365.989	351.464
17.0455	365.687	351.194
17.0574	365.386	350.924
17.0694	365.086	350.655
17.0813	364.786	350.387
17.0932	364.487	350.12
17.1052	364.189	349.853
17.1171	363.891	349.587
17.1291	363.593	349.322
17.141	363.297	349.057
17.1529	363	348.793
17.1649	362.705	348.529
17.1768	362.41	348.267
17.1887	362.116	348.005
17.2007	361.822	347.743
17.2126	361.529	347.483
17.2245	361.236	347.223
17.2365	360.944	346.964
17.2484	360.653	346.705
17.2604	360.362	346.447
17.2723	360.072	346.19
17.2842	359.783	345.933
17.2962	359.494	345.677
17.3081	359.206	345.422
17.32	358.918	345.168
17.332	358.631	344.914
17.3439	358.345	344.661
17.3558	358.059	344.408
17.3678	357.774	344.157
17.3797	357.49	343.906
17.3917	357.206	343.655
17.4036	356.922	343.406
17.4155	356.64	343.157
17.4275	356.358	342.909
17.4394	356.077	342.661
17.4513	355.796	342.414
17.4633	355.516	342.168
17.4752	355.237	341.923
17.4871	354.958	341.678
17.4991	354.68	341.434
17.511	354.402	341.191
17.523	354.126	340.948
17.5349	353.849	340.706
17.5468	353.574	340.465
17.5588	353.299	340.225
17.5707	353.025	339.985
17.5826	352.751	339.746
17.5946	352.478	339.508
17.6065	352.206	339.27
17.6185	351.935	339.033
17.6304	351.664	338.797
17.6423	351.393	338.562
17.6543	351.124	338.327
17.6662	350.855	338.093
17.6781	350.587	337.859
17.6901	350.319	337.627
17.702	350.052	337.395
17.7139	349.786	337.164
17.7259	349.52	336.933
17.7378	349.255	336.703
17.7498	348.991	336.474
17.7617	348.728	336.246
17.7736	348.465	336.019
17.7856	348.202	335.792
17.7975	347.941	335.566
17.8094	347.68	335.34
17.8214	347.42	335.115
17.8333	347.16	334.891
17.8452	346.901	334.668
17.8572	346.643	334.446
17.8691	346.386	334.224
17.8811	346.129	334.003
17.893	345.873	333.782
17.9049	345.618	333.563
17.9169	345.363	333.344
17.9288	345.109	333.126
17.9407	344.855	332.908
17.9527	344.603	332.691
17.9646	344.351	332.475
17.9766	344.1	332.26
17.9885	343.849	332.046
18.0004	343.599	331.832
18.0124	343.35	331.619
18.0243	343.101	331.406
18.0362	342.854	331.195
18.0482	342.607	330.984
18.0601	342.36	330.773
18.072	342.114	330.564
18.084	341.869	330.355
18.0959	341.625	330.147
18.1079	341.382	329.94
18.1198	341.139	329.733
18.1317	340.897	329.527
18.1437	340.655	329.322
18.1556	340.414	329.118
18.1675	340.174	328.914
18.1795	339.935	328.711
18.1914	339.696	328.509
18.2033	339.458	328.308
18.2153	339.221	328.107
18.2272	338.984	327.907
18.2392	338.749	327.708
18.2511	338.514	327.509
18.263	338.279	327.311
18.275	338.045	327.114
18.2869	337.812	326.918
18.2988	337.58	326.722
18.3108	337.349	326.527
18.3227	337.118	326.333
18.3346	336.888	326.139
18.3466	336.658	325.947
18.3585	336.43	325.755
18.3705	336.202	325.563
18.3824	335.974	325.373
18.3943	335.748	325.183
18.4063	335.522	324.994
18.4182	335.297	324.805
18.4301	335.073	324.618
18.4421	334.849	324.431
18.454	334.626	324.245
18.466	334.404	324.059
18.4779	334.182	323.874
18.4898	333.961	323.69
18.5018	333.741	323.507
18.5137	333.522	323.324
18.5256	333.303	323.142
18.5376	333.086	322.961
18.5495	332.868	322.781
18.5614	332.652	322.601
18.5734	332.436	322.422
18.5853	332.221	322.244
18.5973	332.007	322.066
18.6092	331.793	321.889
18.6211	331.581	321.713
18.6331	331.368	321.538
18.645	331.157	321.363
18.6569	330.946	321.189
18.6689	330.737	321.016
18.6808	330.527	320.843
18.6927	330.319	320.672
18.7047	330.111	320.5
18.7166	329.904	320.33
18.7286	329.698	320.16
18.7405	329.492	319.991
18.7524	329.287	319.823
18.7644	329.083	319.655
18.7763	328.88	319.489
18.7882	328.677	319.322
18.8002	328.475	319.157
18.8121	328.274	318.992
18.8241	328.073	318.828
18.836	327.874	318.665
18.8479	327.675	318.502
18.8599	327.476	318.34
18.8718	327.279	318.179
18.8837	327.082	318.019
18.8957	326.886	317.859
18.9076	326.69	317.7
18.9195	326.495	317.541
18.9315	326.301	317.384
18.9434	326.108	317.227
18.9554	325.916	317.07
18.9673	325.724	316.915
18.9792	325.533	316.76
18.9912	325.342	316.606
19.0031	325.153	316.452
19.015	324.964	316.299
19.027	324.776	316.147
19.0389	324.588	315.996
19.0508	324.401	315.845
19.0628	324.215	315.695
19.0747	324.03	315.545
19.0867	323.846	315.397
19.0986	323.662	315.249
19.1105	323.479	315.101
19.1225	323.296	314.955
19.1344	323.114	314.809
19.1463	322.933	314.663
19.1583	322.753	314.519
19.1702	322.574	314.375
19.1821	322.395	314.232
19.1941	322.217	314.089
19.206	322.039	313.947
19.218	321.863	313.806
19.2299	321.687	313.665
19.2418	321.511	313.526
19.2538	321.337	313.386
19.2657	321.163	313.248
19.2776	320.99	313.11
19.2896	320.817	312.973
19.3015	320.646	312.836
19.3135	320.475	312.7
19.3254	320.305	312.565
19.3373	320.135	312.431
19.3493	319.966	312.297
19.3612	319.798	312.163
19.3731	319.631	312.031
19.3851	319.464	311.899
19.397	319.298	311.768
19.4089	319.133	311.637
19.4209	318.968	311.507
19.4328	318.804	311.378
19.4448	318.641	311.249
19.4567	318.478	311.121
19.4686	318.317	310.994
19.4806	318.155	310.867
19.4925	317.995	310.741
19.5044	317.835	310.616
19.5164	317.676	310.491
19.5283	317.518	310.367
19.5402	317.36	310.243
19.5522	317.204	310.12
19.5641	317.047	309.998
19.5761	316.892	309.877
19.588	316.737	309.756
19.5999	316.583	309.635
19.6119	316.43	309.516
19.6238	316.277	309.397
19.6357	316.125	309.278
19.6477	315.973	309.16
19.6596	315.823	309.043
19.6716	315.673	308.927
19.6835	315.523	308.811
19.6954	315.375	308.695
19.7074	315.227	308.581
19.7193	315.08	308.467
19.7312	314.933	308.353
19.7432	314.787	308.24
19.7551	314.642	308.128
19.767	314.497	308.016
19.779	314.354	307.905
19.7909	314.21	307.795
19.8029	314.068	307.685
19.8148	313.926	307.576
19.8267	313.785	307.467
19.8387	313.644	307.359
19.8506	313.505	307.252
19.8625	313.366	307.145
19.8745	313.227	307.039
19.8864	313.089	306.933
19.8983	312.952	306.828
19.9103	312.816	306.724
19.9222	312.68	306.62
19.9342	312.545	306.517
19.9461	312.41	306.414
19.958	312.276	306.312
19.97	312.143	306.21
19.9819	312.011	306.109
19.9938	311.879	306.009
20.0058	311.748	305.909
20.0177	311.617	305.81
20.0296	311.487	305.711
20.0416	311.358	305.613
20.0535	311.229	305.516
20.0655	311.101	305.419
20.0774	310.974	305.322
20.0893	310.847	305.227
20.1013	310.721	305.131
20.1132	310.596	305.037
20.1251	310.471	304.943
20.1371	310.347	304.849
20.149	310.224	304.756
20.161	310.101	304.663
20.1729	309.979	304.572
20.1848	309.857	304.48
20.1968	309.736	304.389
20.2087	309.616	304.299
20.2206	309.496	304.209
20.2326	309.377	304.12
20.2445	309.259	304.032
20.2564	309.141	303.944
20.2684	309.024	303.856
20.2803	308.907	303.769
20.2923	308.791	303.682
20.3042	308.676	303.596
20.3161	308.562	303.511
20.3281	308.447	303.426
20.34	308.334	303.342
20.3519	308.221	303.258
20.3639	308.109	303.175
20.3758	307.997	303.092
20.3877	307.886	303.009
20.3997	307.776	302.928
20.4116	307.666	302.846
20.4236	307.557	302.766
20.4355	307.448	302.685
20.4474	307.34	302.606
20.4594	307.233	302.526
20.4713	307.126	302.448
20.4832	307.02	302.37
20.4952	306.914	302.292
20.5071	306.809	302.215
20.5191	306.705	302.138
20.531	306.601	302.062
20.5429	306.498	301.986
20.5549	306.395	301.911
20.5668	306.293	301.836
20.5787	306.191	301.762
20.5907	306.091	301.688
20.6026	305.99	301.615
20.6145	305.89	301.542
20.6265	305.791	301.469
20.6384	305.693	301.397
20.6504	305.594	301.326
20.6623	305.497	301.255
20.6742	305.4	301.185
20.6862	305.304	301.115
20.6981	305.208	301.045
20.71	305.113	300.976
20.722	305.018	300.908
20.7339	304.924	300.84
20.7458	304.83	300.772
20.7578	304.737	300.705
20.7697	304.645	300.638
20.7817	304.553	300.572
20.7936	304.462	300.506
20.8055	304.371	300.44
20.8175	304.281	300.375
20.8294	304.191	300.311
20.8413	304.102	300.247
20.8533	304.013	300.183
20.8652	303.925	300.12
20.8771	303.837	300.057
20.8891	303.75	299.995
20.901	303.664	299.933
20.913	303.578	299.872
20.9249	303.492	299.811
20.9368	303.407	299.75
20.9488	303.323	299.69
20.9607	303.239	299.63
20.9726	303.156	299.571
20.9846	303.073	299.512
20.9965	302.991	299.454
21.0085	302.909	299.396
21.0204	302.828	299.338
21.0323	302.747	299.281
21.0443	302.667	299.224
21.0562	302.587	299.168
21.0681	302.508	299.112
21.0801	302.429	299.056
21.092	302.351	299.001
21.1039	302.273	298.946
21.1159	302.196	298.892
21.1278	302.119	298.838
21.1398	302.043	298.784
21.1517	301.967	298.731
21.1636	301.892	298.678
21.1756	301.817	298.626
21.1875	301.743	298.574
21.1994	301.669	298.522
21.2114	301.596	298.471
21.2233	301.523	298.42
21.2352	301.451	298.37
21.2472	301.379	298.32
21.2591	301.307	298.27
21.2711	301.236	298.221
21.283	301.166	298.172
21.2949	301.096	298.123
21.3069	301.027	298.075
21.3188	300.957	298.027
21.3307	300.889	297.979
21.3427	300.821	297.932
21.3546	300.753	297.885
21.3666	300.686	297.839
21.3785	300.619	297.793
21.3904	300.553	297.747
21.4024	300.487	297.702
21.4143	300.422	297.657
21.4262	300.357	297.612
21.4382	300.292	297.568
21.4501	300.228	297.524
21.462	300.165	297.48
21.474	300.101	297.437
21.4859	300.039	297.394
21.4979	299.976	297.351
21.5098	299.915	297.309
21.5217	299.853	297.267
21.5337	299.792	297.225
21.5456	299.732	297.184
21.5575	299.671	297.143
21.5695	299.612	297.102
21.5814	299.552	297.062
21.5933	299.494	297.022
21.6053	299.435	296.982
21.6172	299.377	296.943
21.6292	299.319	296.904
21.6411	299.262	296.865
21.653	299.205	296.827
21.665	299.149	296.789
21.6769	299.093	296.751
21.6888	299.038	296.714
21.7008	298.982	296.676
21.7127	298.928	296.64
21.7246	298.873	296.603
21.7366	298.819	296.567
21.7485	298.766	296.531
21.7605	298.712	296.495
21.7724	298.66	296.46
21.7843	298.607	296.425
21.7963	298.555	296.39
21.8082	298.504	296.355
21.8201	298.452	296.321
21.8321	298.402	296.287
21.844	298.351	296.254
21.856	298.301	296.22
21.8679	298.251	296.187
21.8798	298.202	296.155
21.8918	298.153	296.122
21.9037	298.104	296.09
21.9156	298.056	296.058
21.9276	298.008	296.026
21.9395	297.961	295.995
21.9514	297.914	295.964
21.9634	297.867	295.933
21.9753	297.82	295.902
21.9873	297.774	295.872
21.9992	297.729	295.842
22.0111	297.683	295.812
22.0231	297.638	295.782
22.035	297.593	295.753
22.0469	297.549	295.724
22.0589	297.505	295.695
22.0708	297.462	295.667
22.0827	297.418	295.638
22.0947	297.375	295.61
22.1066	297.333	295.583
22.1186	297.29	295.555
22.1305	297.249	295.528
22.1424	297.207	295.501
22.1544	297.166	295.474
22.1663	297.125	295.447
22.1782	297.084	295.421
22.1902	297.044	295.395
22.2021	297.004	295.369
22.2141	296.964	295.343
22.226	296.925	295.318
22.2379	296.886	295.293
22.2499	296.847	295.268
22.2618	296.809	295.243
22.2737	296.771	295.219
22.2857	296.733	295.194
22.2976	296.696	295.17
22.3095	296.658	295.146
22.3215	296.622	295.123
22.3334	296.585	295.099
22.3454	296.549	295.076
22.3573	296.513	295.053
22.3692	296.477	295.03
22.3812	296.442	295.008
22.3931	296.407	294.986
22.405	296.372	294.963
22.417	296.338	294.942
22.4289	296.303	294.92
22.4408	296.27	294.898
22.4528	296.236	294.877
22.4647	296.203	294.856
22.4767	296.17	294.835
22.4886	296.137	294.814
22.5005	296.104	294.794
22.5125	296.072	294.774
22.5244	296.04	294.753
22.5363	296.009	294.733
22.5483	295.977	294.714
22.5602	295.946	294.694
22.5721	295.915	294.675
22.5841	295.885	294.656
22.596	295.854	294.637
22.608	295.824	294.618
22.6199	295.795	294.599
22.6318	295.765	294.581
22.6438	295.736	294.563
22.6557	295.707	294.544
22.6676	295.678	294.527
22.6796	295.65	294.509
22.6915	295.621	294.491
22.7035	295.593	294.474
22.7154	295.566	294.457
22.7273	295.538	294.44
22.7393	295.511	294.423
22.7512	295.484	294.406
22.7631	295.457	294.39
22.7751	295.43	294.373
22.787	295.404	294.357
22.7989	295.378	294.341
22.8109	295.352	294.325
22.8228	295.327	294.309
22.8348	295.301	294.294
22.8467	295.276	294.278
22.8586	295.251	294.263
22.8706	295.227	294.248
22.8825	295.202	294.233
22.8944	295.178	294.218
22.9064	295.154	294.204
22.9183	295.13	294.189
22.9302	295.107	294.175
22.9422	295.083	294.161
22.9541	295.06	294.147
22.9661	295.037	294.133
22.978	295.014	294.119
22.9899	294.992	294.105
23.0019	294.97	294.092
23.0138	294.948	294.078
23.0257	294.926	294.065
23.0377	294.904	294.052
23.0496	294.883	294.039
23.0616	294.861	294.027
23.0735	294.84	294.014
23.0854	294.819	294.001
23.0974	294.799	293.989
23.1093	294.778	293.977
23.1212	294.758	293.965
23.1332	294.738	293.953
23.1451	294.718	293.941
23.157	294.698	293.929
23.169	294.679	293.917
23.1809	294.66	293.906
23.1929	294.641	293.895
23.2048	294.622	293.883
23.2167	294.603	293.872
23.2287	294.584	293.861
23.2406	294.566	293.85
23.2525	294.548	293.839
23.2645	294.53	293.829
23.2764	294.512	293.818
23.2883	294.494	293.808
23.3003	294.477	293.798
23.3122	294.459	293.787
23.3242	294.442	293.777
23.3361	294.425	293.767
23.348	294.408	293.757
23.36	294.392	293.748
23.3719	294.375	293.738
23.3838	294.359	293.729
23.3958	294.343	293.719
23.4077	294.327	293.71
23.4196	294.311	293.701
23.4316	294.295	293.691
23.4435	294.28	293.682
23.4555	294.264	293.674
23.4674	294.249	293.665
23.4793	294.234	293.656
23.4913	294.219	293.647
23.5032	294.205	293.639
23.5151	294.19	293.63
23.5271	294.176	293.622
23.539	294.161	293.614
23.551	294.147	293.606
23.5629	294.133	293.598
23.5748	294.119	293.59
23.5868	294.106	293.582
23.5987	294.092	293.574
23.6106	294.079	293.567
23.6226	294.065	293.559
23.6345	294.052	293.551
23.6464	294.039	293.544
23.6584	294.026	293.537
23.6703	294.014	293.529
23.6823	294.001	293.522
23.6942	293.989	293.515
23.7061	293.976	293.508
23.7181	293.964	293.501
23.73	293.952	293.495
23.7419	293.94	293.488
23.7539	293.928	293.481
23.7658	293.917	293.475
23.7777	293.905	293.468
23.7897	293.894	293.462
23.8016	293.882	293.455
23.8136	293.871	293.449
23.8255	293.86	293.443
23.8374	293.849	293.438
23.8494	293.838	293.433
23.8613	293.828	293.429
23.8732	293.823	293.427
