0	873	873
0.0119366	873	873
0.0238732	873	873
0.0358099	873	873
0.0477465	873	873
0.0596831	873	873
0.0716197	873	873
0.0835563	873	873
0.095493	873	873
0.10743	873	873
0.119366	873	873
0.131303	873	873
0.143239	873	873
0.155176	873	873
0.167113	873	873
0.179049	873	873
0.190986	873	873
0.202923	873	873
0.214859	873	873
0.226796	873	873
0.238732	873	873
0.250669	873	873
0.262606	873	873
0.274542	873	873
0.286479	873	873
0.298416	873	873
0.310352	873	873
0.322289	873	873
0.334225	873	873
0.346162	873	873
0.358099	873	873
0.370035	873	873
0.381972	873	873
0.393908	873	873
0.405845	873	873
0.417782	873	873
0.429718	873	873
0.441655	873	873
0.453592	873	873
0.465528	873	873
0.477465	873	873
0.489401	873	873
0.501338	873	873
0.513275	873	873
0.525211	873	873
0.537148	873	873
0.549085	873	873
0.561021	873	873
0.572958	873	873
0.584894	873	873
0.596831	873	873
0.608768	873	873
0.620704	873	873
0.632641	873	873
0.644578	873	873
0.656514	873	873
0.668451	873	873
0.680387	873	873
0.692324	873	873
0.704261	873	873
0.716197	873	873
0.728134	873	873
0.74007	873	873
0.752007	873	873
0.763944	873	873
0.77588	873	873
0.787817	873	873
0.799754	873	873
0.81169	873	873
0.823627	873	873
0.835563	873	873
0.8475	872.999	872.999
0.859437	872.999	872.999
0.871373	872.999	872.999
0.88331	872.999	872.999
0.895247	872.999	872.999
0.907183	872.999	872.999
0.91912	872.999	872.999
0.931056	872.999	872.999
0.942993	872.999	872.999
0.95493	872.999	872.999
0.966866	872.999	872.999
0.978803	872.999	872.999
0.99074	872.999	872.999
1.00268	872.999	872.999
1.01461	872.999	872.999
1.02655	872.999	872.999
1.03849	872.999	872.999
1.05042	872.999	872.999
1.06236	872.999	872.999
1.0743	872.999	872.999
1.08623	872.999	872.999
1.09817	872.999	872.999
1.11011	872.999	872.999
1.12204	872.999	872.999
1.13398	872.999	872.999
1.14592	872.999	872.999
1.15785	872.998	872.998
1.16979	872.998	872.998
1.18173	872.998	872.998
1.19366	872.998	872.998
1.2056	872.998	872.998
1.21754	872.998	872.998
1.22947	872.998	872.998
1.24141	872.998	872.998
1.25335	872.998	872.998
1.26528	872.998	872.998
1.27722	872.998	872.998
1.28916	872.998	872.998
1.30109	872.998	872.998
1.31303	872.998	872.998
1.32496	872.997	872.997
1.3369	872.997	872.997
1.34884	872.997	872.997
1.36077	872.997	872.997
1.37271	872.997	872.997
1.38465	872.997	872.997
1.39658	872.997	872.997
1.40852	872.997	872.997
1.42046	872.997	872.997
1.43239	872.997	872.997
1.44433	872.996	872.996
1.45627	872.996	872.996
1.4682	872.996	872.996
1.48014	872.996	872.996
1.49208	872.996	872.996
1.50401	872.996	872.996
1.51595	872.996	872.996
1.52789	872.995	872.995
1.53982	872.995	872.995
1.55176	872.995	872.995
1.5637	872.995	872.995
1.57563	872.995	872.995
1.58757	872.995	872.995
1.59951	872.994	872.994
1.61144	872.994	872.994
1.62338	872.994	872.994
1.63532	872.994	872.994
1.64725	872.994	872.994
1.65919	872.994	872.994
1.67113	872.993	872.993
1.68306	872.993	872.993
1.695	872.993	872.993
1.70694	872.993	872.993
1.71887	872.992	872.992
1.73081	872.992	872.992
1.74275	872.992	872.992
1.75468	872.992	872.992
1.76662	872.991	872.991
1.77856	872.991	872.991
1.79049	872.991	872.991
1.80243	872.991	872.991
1.81437	872.99	872.99
1.8263	872.99	872.99
1.83824	872.99	872.99
1.85018	872.99	872.99
1.86211	872.989	872.989
1.87405	872.989	872.989
1.88599	872.989	872.989
1.89792	872.988	872.988
1.90986	872.988	872.988
1.9218	872.988	872.988
1.93373	872.987	872.987
1.94567	872.987	872.987
1.95761	872.986	872.986
1.96954	872.986	872.986
1.98148	872.986	872.986
1.99342	872.985	872.985
2.00535	872.985	872.985
2.01729	872.984	872.984
2.02923	872.984	872.984
2.04116	872.984	872.984
2.0531	872.983	872.983
2.06504	872.983	872.983
2.07697	872.982	872.982
2.08891	872.982	872.982
2.10085	872.981	872.981
2.11278	872.981	872.981
2.12472	872.98	872.98
2.13666	872.98	872.98
2.14859	872.979	872.979
2.16053	872.978	872.978
2.17246	872.978	872.978
2.1844	872.977	872.977
2.19634	872.977	872.977
2.20827	872.976	872.976
2.22021	872.975	872.975
2.23215	872.975	872.975
2.24408	872.974	872.974
2.25602	872.974	872.973
2.26796	872.973	872.973
2.27989	872.972	872.972
2.29183	872.971	872.971
2.30377	872.971	872.971
2.3157	872.97	872.97
2.32764	872.969	872.969
2.33958	872.968	872.968
2.35151	872.968	872.968
2.36345	872.967	872.967
2.37539	872.966	872.966
2.38732	872.965	872.965
2.39926	872.964	872.964
2.4112	872.963	872.963
2.42313	872.962	872.962
2.43507	872.961	872.961
2.44701	872.961	872.961
2.45894	872.96	872.96
2.47088	872.959	872.959
2.48282	872.958	872.958
2.49475	872.957	872.957
2.50669	872.956	872.955
2.51863	872.954	872.954
2.53056	872.953	872.953
2.5425	872.952	872.952
2.55444	872.951	872.951
2.56637	872.95	872.95
2.57831	872.949	872.949
2.59025	872.948	872.948
2.60218	872.946	872.946
2.61412	872.945	872.945
2.62606	872.944	872.944
2.63799	872.942	872.942
2.64993	872.941	872.941
2.66187	872.94	872.94
2.6738	872.938	872.938
2.68574	872.937	872.937
2.69768	872.935	872.935
2.70961	872.934	872.934
2.72155	872.933	872.932
2.73349	872.931	872.931
2.74542	872.929	872.929
2.75736	872.928	872.928
2.7693	872.926	872.926
2.78123	872.925	872.925
2.79317	872.923	872.923
2.80511	872.921	872.921
2.81704	872.919	872.919
2.82898	872.918	872.918
2.84092	872.916	872.916
2.85285	872.914	872.914
2.86479	872.912	872.912
2.87673	872.91	872.91
2.88866	872.908	872.908
2.9006	872.906	872.906
2.91254	872.904	872.904
2.92447	872.902	872.902
2.93641	872.9	872.9
2.94835	872.898	872.898
2.96028	872.896	872.896
2.97222	872.893	872.893
2.98416	872.891	872.891
2.99609	872.889	872.889
3.00803	872.887	872.886
3.01997	872.884	872.884
3.0319	872.882	872.882
3.04384	872.879	872.879
3.05577	872.877	872.877
3.06771	872.874	872.874
3.07965	872.872	872.871
3.09158	872.869	872.869
3.10352	872.866	872.866
3.11546	872.863	872.863
3.12739	872.861	872.861
3.13933	872.858	872.858
3.15127	872.855	872.855
3.1632	872.852	872.852
3.17514	872.849	872.849
3.18708	872.846	872.846
3.19901	872.843	872.843
3.21095	872.84	872.84
3.22289	872.836	872.836
3.23482	872.833	872.833
3.24676	872.83	872.83
3.2587	872.826	872.826
3.27063	872.823	872.823
3.28257	872.819	872.819
3.29451	872.816	872.816
3.30644	872.812	872.812
3.31838	872.809	872.809
3.33032	872.805	872.805
3.34225	872.801	872.801
3.35419	872.797	872.797
3.36613	872.793	872.793
3.37806	872.789	872.789
3.39	872.785	872.785
3.40194	872.781	872.781
3.41387	872.777	872.777
3.42581	872.773	872.773
3.43775	872.768	872.768
3.44968	872.764	872.764
3.46162	872.76	872.759
3.47356	872.755	872.755
3.48549	872.75	872.75
3.49743	872.746	872.746
3.50937	872.741	872.741
3.5213	872.736	872.736
3.53324	872.731	872.731
3.54518	872.726	872.726
3.55711	872.721	872.721
3.56905	872.716	872.716
3.58099	872.711	872.711
3.59292	872.705	872.705
3.60486	872.7	872.7
3.6168	872.695	872.694
3.62873	872.689	872.689
3.64067	872.683	872.683
3.65261	872.678	872.678
3.66454	872.672	872.672
3.67648	872.666	872.666
3.68842	872.66	872.66
3.70035	872.654	872.654
3.71229	872.648	872.648
3.72423	872.641	872.641
3.73616	872.635	872.635
3.7481	872.629	872.628
3.76004	872.622	872.622
3.77197	872.615	872.615
3.78391	872.609	872.609
3.79585	872.602	872.602
3.80778	872.595	872.595
3.81972	872.588	872.588
3.83166	872.581	872.58
3.84359	872.573	872.573
3.85553	872.566	872.566
3.86747	872.559	872.558
3.8794	872.551	872.551
3.89134	872.543	872.543
3.90327	872.535	872.535
3.91521	872.528	872.527
3.92715	872.52	872.519
3.93908	872.511	872.511
3.95102	872.503	872.503
3.96296	872.495	872.495
3.97489	872.486	872.486
3.98683	872.478	872.477
3.99877	872.469	872.469
4.0107	872.46	872.46
4.02264	872.451	872.451
4.03458	872.442	872.442
4.04651	872.433	872.432
4.05845	872.423	872.423
4.07039	872.414	872.414
4.08232	872.404	872.404
4.09426	872.394	872.394
4.1062	872.385	872.384
4.11813	872.374	872.374
4.13007	872.364	872.364
4.14201	872.354	872.354
4.15394	872.344	872.343
4.16588	872.333	872.333
4.17782	872.322	872.322
4.18975	872.311	872.311
4.20169	872.3	872.3
4.21363	872.289	872.289
4.22556	872.278	872.278
4.2375	872.266	872.266
4.24944	872.255	872.254
4.26137	872.243	872.243
4.27331	872.231	872.231
4.28525	872.219	872.219
4.29718	872.207	872.206
4.30912	872.194	872.194
4.32106	872.182	872.181
4.33299	872.169	872.169
4.34493	872.156	872.156
4.35687	872.143	872.143
4.3688	872.13	872.13
4.38074	872.117	872.116
4.39268	872.103	872.103
4.40461	872.089	872.089
4.41655	872.075	872.075
4.42849	872.061	872.061
4.44042	872.047	872.047
4.45236	872.033	872.032
4.4643	872.018	872.017
4.47623	872.003	872.003
4.48817	871.988	871.988
4.50011	871.973	871.972
4.51204	871.958	871.957
4.52398	871.942	871.942
4.53592	871.926	871.926
4.54785	871.91	871.91
4.55979	871.894	871.894
4.57173	871.878	871.877
4.58366	871.861	871.861
4.5956	871.844	871.844
4.60754	871.828	871.827
4.61947	871.81	871.81
4.63141	871.793	871.793
4.64335	871.775	871.775
4.65528	871.758	871.757
4.66722	871.74	871.739
4.67916	871.721	871.721
4.69109	871.703	871.702
4.70303	871.684	871.684
4.71497	871.665	871.665
4.7269	871.646	871.646
4.73884	871.627	871.627
4.75078	871.608	871.607
4.76271	871.588	871.587
4.77465	871.568	871.567
4.78658	871.548	871.547
4.79852	871.527	871.527
4.81046	871.506	871.506
4.82239	871.485	871.485
4.83433	871.464	871.464
4.84627	871.443	871.442
4.8582	871.421	871.421
4.87014	871.399	871.399
4.88208	871.377	871.376
4.89401	871.355	871.354
4.90595	871.332	871.331
4.91789	871.309	871.308
4.92982	871.286	871.285
4.94176	871.262	871.262
4.9537	871.239	871.238
4.96563	871.215	871.214
4.97757	871.19	871.19
4.98951	871.166	871.165
5.00144	871.141	871.141
5.01338	871.116	871.115
5.02532	871.091	871.09
5.03725	871.065	871.065
5.04919	871.039	871.039
5.06113	871.013	871.012
5.07306	870.987	870.986
5.085	870.96	870.959
5.09694	870.933	870.932
5.10887	870.906	870.905
5.12081	870.878	870.877
5.13275	870.85	870.849
5.14468	870.822	870.821
5.15662	870.793	870.793
5.16856	870.765	870.764
5.18049	870.736	870.735
5.19243	870.706	870.705
5.20437	870.676	870.676
5.2163	870.646	870.646
5.22824	870.616	870.615
5.24018	870.585	870.585
5.25211	870.554	870.554
5.26405	870.523	870.522
5.27599	870.491	870.491
5.28792	870.46	870.459
5.29986	870.427	870.426
5.3118	870.395	870.394
5.32373	870.362	870.361
5.33567	870.328	870.327
5.34761	870.295	870.294
5.35954	870.261	870.26
5.37148	870.227	870.226
5.38342	870.192	870.191
5.39535	870.157	870.156
5.40729	870.122	870.121
5.41923	870.086	870.085
5.43116	870.05	870.049
5.4431	870.013	870.012
5.45504	869.977	869.976
5.46697	869.94	869.938
5.47891	869.902	869.901
5.49085	869.864	869.863
5.50278	869.826	869.825
5.51472	869.787	869.786
5.52666	869.748	869.747
5.53859	869.709	869.708
5.55053	869.669	869.668
5.56247	869.629	869.628
5.5744	869.589	869.587
5.58634	869.548	869.547
5.59828	869.507	869.505
5.61021	869.465	869.464
5.62215	869.423	869.422
5.63408	869.38	869.379
5.64602	869.337	869.336
5.65796	869.294	869.293
5.66989	869.25	869.249
5.68183	869.206	869.205
5.69377	869.162	869.161
5.7057	869.117	869.116
5.71764	869.072	869.07
5.72958	869.026	869.025
5.74151	868.98	868.978
5.75345	868.933	868.932
5.76539	868.886	868.885
5.77732	868.839	868.837
5.78926	868.791	868.789
5.8012	868.743	868.741
5.81313	868.694	868.692
5.82507	868.645	868.643
5.83701	868.595	868.593
5.84894	868.545	868.543
5.86088	868.494	868.493
5.87282	868.443	868.442
5.88475	868.392	868.39
5.89669	868.34	868.339
5.90863	868.288	868.286
5.92056	868.235	868.233
5.9325	868.182	868.18
5.94444	868.128	868.126
5.95637	868.074	868.072
5.96831	868.019	868.017
5.98025	867.964	867.962
5.99218	867.908	867.907
6.00412	867.852	867.851
6.01606	867.796	867.794
6.02799	867.739	867.737
6.03993	867.681	867.679
6.05187	867.623	867.621
6.0638	867.564	867.563
6.07574	867.505	867.504
6.08768	867.446	867.444
6.09961	867.386	867.384
6.11155	867.325	867.323
6.12349	867.264	867.262
6.13542	867.203	867.201
6.14736	867.141	867.139
6.1593	867.078	867.076
6.17123	867.015	867.013
6.18317	866.951	866.949
6.19511	866.887	866.885
6.20704	866.823	866.821
6.21898	866.757	866.755
6.23092	866.692	866.69
6.24285	866.625	866.623
6.25479	866.559	866.557
6.26673	866.491	866.489
6.27866	866.424	866.421
6.2906	866.355	866.353
6.30254	866.286	866.284
6.31447	866.217	866.214
6.32641	866.147	866.144
6.33835	866.076	866.074
6.35028	866.005	866.003
6.36222	865.933	865.931
6.37416	865.861	865.859
6.38609	865.788	865.786
6.39803	865.715	865.712
6.40997	865.641	865.638
6.4219	865.566	865.564
6.43384	865.491	865.488
6.44578	865.415	865.413
6.45771	865.339	865.336
6.46965	865.262	865.26
6.48159	865.184	865.182
6.49352	865.106	865.104
6.50546	865.028	865.025
6.51739	864.949	864.946
6.52933	864.869	864.866
6.54127	864.788	864.786
6.5532	864.707	864.705
6.56514	864.626	864.623
6.57708	864.543	864.541
6.58901	864.461	864.458
6.60095	864.377	864.374
6.61289	864.293	864.29
6.62482	864.208	864.206
6.63676	864.123	864.12
6.6487	864.037	864.034
6.66063	863.95	863.948
6.67257	863.863	863.86
6.68451	863.775	863.773
6.69644	863.687	863.684
6.70838	863.598	863.595
6.72032	863.508	863.505
6.73225	863.418	863.415
6.74419	863.327	863.324
6.75613	863.235	863.232
6.76806	863.143	863.14
6.78	863.05	863.047
6.79194	862.956	862.953
6.80387	862.862	862.859
6.81581	862.767	862.764
6.82775	862.672	862.669
6.83968	862.575	862.572
6.85162	862.479	862.475
6.86356	862.381	862.378
6.87549	862.283	862.28
6.88743	862.184	862.181
6.89937	862.084	862.081
6.9113	861.984	861.981
6.92324	861.883	861.88
6.93518	861.781	861.778
6.94711	861.679	861.676
6.95905	861.576	861.573
6.97099	861.473	861.469
6.98292	861.368	861.365
6.99486	861.263	861.26
7.0068	861.157	861.154
7.01873	861.051	861.048
7.03067	860.944	860.94
7.04261	860.836	860.833
7.05454	860.727	860.724
7.06648	860.618	860.615
7.07842	860.508	860.505
7.09035	860.398	860.394
7.10229	860.286	860.283
7.11423	860.174	860.171
7.12616	860.061	860.058
7.1381	859.948	859.944
7.15004	859.834	859.83
7.16197	859.719	859.715
7.17391	859.603	859.599
7.18585	859.486	859.483
7.19778	859.369	859.366
7.20972	859.251	859.248
7.22166	859.133	859.129
7.23359	859.013	859.01
7.24553	858.893	858.889
7.25747	858.773	858.769
7.2694	858.651	858.647
7.28134	858.529	858.525
7.29328	858.406	858.402
7.30521	858.282	858.278
7.31715	858.157	858.153
7.32909	858.032	858.028
7.34102	857.906	857.902
7.35296	857.779	857.775
7.36489	857.651	857.647
7.37683	857.523	857.519
7.38877	857.394	857.39
7.4007	857.264	857.26
7.41264	857.134	857.129
7.42458	857.002	856.998
7.43651	856.87	856.866
7.44845	856.737	856.733
7.46039	856.603	856.599
7.47232	856.469	856.464
7.48426	856.334	856.329
7.4962	856.198	856.193
7.50813	856.061	856.056
7.52007	855.923	855.919
7.53201	855.785	855.78
7.54394	855.646	855.641
7.55588	855.506	855.501
7.56782	855.365	855.36
7.57975	855.224	855.219
7.59169	855.081	855.077
7.60363	854.938	854.933
7.61556	854.794	854.789
7.6275	854.65	854.645
7.63944	854.504	854.499
7.65137	854.358	854.353
7.66331	854.211	854.206
7.67525	854.063	854.058
7.68718	853.914	853.909
7.69912	853.765	853.76
7.71106	853.614	853.609
7.72299	853.463	853.458
7.73493	853.311	853.306
7.74687	853.159	853.154
7.7588	853.005	853
7.77074	852.851	852.846
7.78268	852.696	852.69
7.79461	852.54	852.534
7.80655	852.383	852.378
7.81849	852.225	852.22
7.83042	852.067	852.062
7.84236	851.908	851.902
7.8543	851.748	851.742
7.86623	851.587	851.581
7.87817	851.425	851.42
7.89011	851.262	851.257
7.90204	851.099	851.094
7.91398	850.935	850.929
7.92592	850.77	850.764
7.93785	850.604	850.598
7.94979	850.437	850.432
7.96173	850.27	850.264
7.97366	850.101	850.096
7.9856	849.932	849.927
7.99754	849.762	849.757
8.00947	849.591	849.586
8.02141	849.42	849.414
8.03335	849.247	849.241
8.04528	849.074	849.068
8.05722	848.9	848.894
8.06916	848.725	848.719
8.08109	848.549	848.543
8.09303	848.372	848.366
8.10497	848.195	848.189
8.1169	848.016	848.01
8.12884	847.837	847.831
8.14078	847.657	847.651
8.15271	847.476	847.47
8.16465	847.294	847.288
8.17659	847.112	847.105
8.18852	846.928	846.922
8.20046	846.744	846.738
8.2124	846.559	846.552
8.22433	846.373	846.366
8.23627	846.186	846.18
8.2482	845.998	845.992
8.26014	845.81	845.803
8.27208	845.62	845.614
8.28401	845.43	845.424
8.29595	845.239	845.232
8.30789	845.047	845.04
8.31982	844.854	844.848
8.33176	844.661	844.654
8.3437	844.466	844.459
8.35563	844.271	844.264
8.36757	844.074	844.068
8.37951	843.877	843.871
8.39144	843.679	843.673
8.40338	843.481	843.474
8.41532	843.281	843.274
8.42725	843.081	843.074
8.43919	842.879	842.872
8.45113	842.677	842.67
8.46306	842.474	842.467
8.475	842.27	842.263
8.48694	842.065	842.058
8.49887	841.86	841.853
8.51081	841.653	841.646
8.52275	841.446	841.439
8.53468	841.238	841.231
8.54662	841.029	841.022
8.55856	840.819	840.812
8.57049	840.608	840.601
8.58243	840.397	840.389
8.59437	840.184	840.177
8.6063	839.971	839.963
8.61824	839.757	839.749
8.63018	839.542	839.534
8.64211	839.326	839.318
8.65405	839.109	839.102
8.66599	838.892	838.884
8.67792	838.673	838.666
8.68986	838.454	838.446
8.7018	838.234	838.226
8.71373	838.013	838.005
8.72567	837.791	837.783
8.73761	837.568	837.561
8.74954	837.345	837.337
8.76148	837.12	837.113
8.77342	836.895	836.887
8.78535	836.669	836.661
8.79729	836.442	836.434
8.80923	836.214	836.206
8.82116	835.986	835.978
8.8331	835.756	835.748
8.84504	835.526	835.518
8.85697	835.295	835.287
8.86891	835.063	835.055
8.88085	834.83	834.822
8.89278	834.596	834.588
8.90472	834.362	834.353
8.91666	834.126	834.118
8.92859	833.89	833.882
8.94053	833.653	833.645
8.95247	833.415	833.407
8.9644	833.176	833.168
8.97634	832.937	832.928
8.98828	832.696	832.688
9.00021	832.455	832.447
9.01215	832.213	832.204
9.02409	831.97	831.961
9.03602	831.726	831.718
9.04796	831.482	831.473
9.0599	831.236	831.228
9.07183	830.99	830.981
9.08377	830.743	830.734
9.0957	830.495	830.486
9.10764	830.246	830.237
9.11958	829.997	829.988
9.13151	829.746	829.737
9.14345	829.495	829.486
9.15539	829.243	829.234
9.16732	828.99	828.981
9.17926	828.736	828.727
9.1912	828.482	828.473
9.20313	828.226	828.217
9.21507	827.97	827.961
9.22701	827.713	827.704
9.23894	827.455	827.446
9.25088	827.197	827.188
9.26282	826.937	826.928
9.27475	826.677	826.668
9.28669	826.416	826.407
9.29863	826.154	826.145
9.31056	825.892	825.883
9.3225	825.628	825.619
9.33444	825.364	825.355
9.34637	825.099	825.09
9.35831	824.833	824.824
9.37025	824.566	824.557
9.38218	824.299	824.29
9.39412	824.031	824.021
9.40606	823.762	823.752
9.41799	823.492	823.482
9.42993	823.221	823.212
9.44187	822.95	822.94
9.4538	822.678	822.668
9.46574	822.405	822.395
9.47768	822.131	822.121
9.48961	821.856	821.847
9.50155	821.581	821.571
9.51349	821.305	821.295
9.52542	821.028	821.018
9.53736	820.75	820.74
9.5493	820.472	820.462
9.56123	820.192	820.183
9.57317	819.912	819.903
9.58511	819.632	819.622
9.59704	819.35	819.34
9.60898	819.068	819.058
9.62092	818.785	818.775
9.63285	818.501	818.491
9.64479	818.216	818.206
9.65673	817.931	817.921
9.66866	817.645	817.635
9.6806	817.358	817.348
9.69254	817.07	817.06
9.70447	816.782	816.772
9.71641	816.493	816.483
9.72835	816.203	816.193
9.74028	815.912	815.902
9.75222	815.621	815.611
9.76416	815.329	815.319
9.77609	815.036	815.026
9.78803	814.743	814.732
9.79997	814.448	814.438
9.8119	814.153	814.143
9.82384	813.858	813.847
9.83578	813.561	813.551
9.84771	813.264	813.253
9.85965	812.966	812.956
9.87159	812.667	812.657
9.88352	812.368	812.357
9.89546	812.068	812.057
9.9074	811.767	811.757
9.91933	811.466	811.455
9.93127	811.164	811.153
9.94321	810.861	810.85
9.95514	810.557	810.546
9.96708	810.253	810.242
9.97901	809.948	809.937
9.99095	809.642	809.631
10.0029	809.336	809.325
10.0148	809.029	809.018
10.0268	808.721	808.71
10.0387	808.412	808.401
10.0506	808.103	808.092
10.0626	807.793	807.782
10.0745	807.483	807.472
10.0864	807.172	807.16
10.0984	806.86	806.849
10.1103	806.547	806.536
10.1223	806.234	806.223
10.1342	805.92	805.909
10.1461	805.605	805.594
10.1581	805.29	805.279
10.17	804.974	804.963
10.1819	804.658	804.647
10.1939	804.341	804.329
10.2058	804.023	804.012
10.2177	803.704	803.693
10.2297	803.385	803.374
10.2416	803.065	803.054
10.2536	802.745	802.734
10.2655	802.424	802.413
10.2774	802.102	802.091
10.2894	801.78	801.768
10.3013	801.457	801.445
10.3132	801.133	801.122
10.3252	800.809	800.798
10.3371	800.484	800.473
10.3491	800.159	800.147
10.361	799.833	799.821
10.3729	799.506	799.495
10.3849	799.179	799.167
10.3968	798.851	798.839
10.4087	798.522	798.511
10.4207	798.193	798.182
10.4326	797.864	797.852
10.4445	797.533	797.522
10.4565	797.202	797.191
10.4684	796.871	796.859
10.4804	796.539	796.527
10.4923	796.206	796.194
10.5042	795.873	795.861
10.5162	795.539	795.527
10.5281	795.205	795.193
10.54	794.87	794.858
10.552	794.534	794.522
10.5639	794.198	794.186
10.5758	793.861	793.849
10.5878	793.524	793.512
10.5997	793.186	793.174
10.6117	792.848	792.835
10.6236	792.509	792.496
10.6355	792.169	792.157
10.6475	791.829	791.817
10.6594	791.489	791.476
10.6713	791.147	791.135
10.6833	790.806	790.793
10.6952	790.463	790.451
10.7071	790.121	790.108
10.7191	789.777	789.765
10.731	789.434	789.421
10.743	789.089	789.077
10.7549	788.744	788.732
10.7668	788.399	788.386
10.7788	788.053	788.04
10.7907	787.707	787.694
10.8026	787.36	787.347
10.8146	787.012	787
10.8265	786.664	786.652
10.8385	786.316	786.303
10.8504	785.967	785.954
10.8623	785.617	785.605
10.8743	785.267	785.255
10.8862	784.917	784.904
10.8981	784.566	784.553
10.9101	784.214	784.202
10.922	783.862	783.85
10.9339	783.51	783.497
10.9459	783.157	783.144
10.9578	782.804	782.791
10.9698	782.45	782.437
10.9817	782.096	782.083
10.9936	781.741	781.728
11.0056	781.386	781.373
11.0175	781.03	781.017
11.0294	780.674	780.661
11.0414	780.317	780.304
11.0533	779.96	779.947
11.0652	779.603	779.59
11.0772	779.245	779.232
11.0891	778.886	778.874
11.1011	778.528	778.515
11.113	778.168	778.155
11.1249	777.809	777.796
11.1369	777.449	777.436
11.1488	777.088	777.075
11.1607	776.727	776.714
11.1727	776.366	776.353
11.1846	776.004	775.991
11.1966	775.642	775.629
11.2085	775.279	775.266
11.2204	774.916	774.903
11.2324	774.553	774.539
11.2443	774.189	774.175
11.2562	773.824	773.811
11.2682	773.46	773.447
11.2801	773.095	773.081
11.292	772.729	772.716
11.304	772.363	772.35
11.3159	771.997	771.984
11.3279	771.631	771.617
11.3398	771.264	771.25
11.3517	770.896	770.883
11.3637	770.528	770.515
11.3756	770.16	770.147
11.3875	769.792	769.778
11.3995	769.423	769.41
11.4114	769.054	769.04
11.4233	768.684	768.671
11.4353	768.314	768.301
11.4472	767.944	767.931
11.4592	767.573	767.56
11.4711	767.202	767.189
11.483	766.831	766.818
11.495	766.459	766.446
11.5069	766.087	766.074
11.5188	765.715	765.701
11.5308	765.342	765.329
11.5427	764.969	764.956
11.5546	764.596	764.582
11.5666	764.222	764.209
11.5785	763.848	763.835
11.5905	763.474	763.46
11.6024	763.099	763.086
11.6143	762.724	762.711
11.6263	762.349	762.335
11.6382	761.973	761.96
11.6501	761.598	761.584
11.6621	761.221	761.208
11.674	760.845	760.831
11.686	760.468	760.454
11.6979	760.091	760.077
11.7098	759.714	759.7
11.7218	759.336	759.322
11.7337	758.958	758.944
11.7456	758.58	758.566
11.7576	758.201	758.187
11.7695	757.822	757.809
11.7814	757.443	757.43
11.7934	757.064	757.05
11.8053	756.684	756.67
11.8173	756.304	756.291
11.8292	755.924	755.91
11.8411	755.544	755.53
11.8531	755.163	755.149
11.865	754.782	754.768
11.8769	754.401	754.387
11.8889	754.02	754.006
11.9008	753.638	753.624
11.9127	753.256	753.242
11.9247	752.874	752.86
11.9366	752.491	752.477
11.9486	752.108	752.094
11.9605	751.726	751.712
11.9724	751.342	751.328
11.9844	750.959	750.945
11.9963	750.575	750.561
12.0082	750.191	750.177
12.0202	749.807	749.793
12.0321	749.423	749.409
12.0441	749.039	749.024
12.056	748.654	748.64
12.0679	748.269	748.255
12.0799	747.884	747.87
12.0918	747.498	747.484
12.1037	747.113	747.099
12.1157	746.727	746.713
12.1276	746.341	746.327
12.1395	745.955	745.941
12.1515	745.568	745.554
12.1634	745.182	745.167
12.1754	744.795	744.781
12.1873	744.408	744.394
12.1992	744.021	744.006
12.2112	743.633	743.619
12.2231	743.246	743.232
12.235	742.858	742.844
12.247	742.47	742.456
12.2589	742.082	742.068
12.2708	741.694	741.679
12.2828	741.305	741.291
12.2947	740.917	740.902
12.3067	740.528	740.514
12.3186	740.139	740.125
12.3305	739.75	739.736
12.3425	739.361	739.346
12.3544	738.971	738.957
12.3663	738.581	738.567
12.3783	738.192	738.177
12.3902	737.802	737.788
12.4021	737.412	737.397
12.4141	737.022	737.007
12.426	736.631	736.617
12.438	736.241	736.226
12.4499	735.85	735.836
12.4618	735.459	735.445
12.4738	735.068	735.054
12.4857	734.677	734.663
12.4976	734.286	734.272
12.5096	733.895	733.88
12.5215	733.503	733.489
12.5335	733.112	733.097
12.5454	732.72	732.706
12.5573	732.328	732.314
12.5693	731.936	731.922
12.5812	731.544	731.53
12.5931	731.152	731.138
12.6051	730.76	730.745
12.617	730.367	730.353
12.6289	729.975	729.96
12.6409	729.582	729.568
12.6528	729.189	729.175
12.6648	728.796	728.782
12.6767	728.403	728.389
12.6886	728.01	727.996
12.7006	727.617	727.603
12.7125	727.224	727.209
12.7244	726.83	726.816
12.7364	726.437	726.423
12.7483	726.043	726.029
12.7602	725.65	725.635
12.7722	725.256	725.242
12.7841	724.862	724.848
12.7961	724.468	724.454
12.808	724.074	724.06
12.8199	723.68	723.666
12.8319	723.286	723.271
12.8438	722.892	722.877
12.8557	722.497	722.483
12.8677	722.103	722.088
12.8796	721.708	721.694
12.8916	721.314	721.299
12.9035	720.919	720.905
12.9154	720.524	720.51
12.9274	720.13	720.115
12.9393	719.735	719.72
12.9512	719.34	719.325
12.9632	718.945	718.93
12.9751	718.55	718.535
12.987	718.155	718.14
12.999	717.76	717.745
13.0109	717.364	717.35
13.0229	716.969	716.954
13.0348	716.574	716.559
13.0467	716.178	716.164
13.0587	715.783	715.768
13.0706	715.387	715.373
13.0825	714.992	714.977
13.0945	714.596	714.582
13.1064	714.201	714.186
13.1183	713.805	713.79
13.1303	713.409	713.395
13.1422	713.013	712.999
13.1542	712.617	712.603
13.1661	712.222	712.207
13.178	711.826	711.811
13.19	711.43	711.415
13.2019	711.034	711.019
13.2138	710.638	710.623
13.2258	710.242	710.227
13.2377	709.846	709.831
13.2496	709.45	709.435
13.2616	709.053	709.039
13.2735	708.657	708.643
13.2855	708.261	708.247
13.2974	707.865	707.85
13.3093	707.469	707.454
13.3213	707.072	707.058
13.3332	706.676	706.662
13.3451	706.28	706.265
13.3571	705.883	705.869
13.369	705.487	705.473
13.381	705.091	705.076
13.3929	704.694	704.68
13.4048	704.298	704.283
13.4168	703.902	703.887
13.4287	703.505	703.49
13.4406	703.109	703.094
13.4526	702.712	702.698
13.4645	702.316	702.301
13.4764	701.919	701.905
13.4884	701.523	701.508
13.5003	701.126	701.112
13.5123	700.73	700.715
13.5242	700.333	700.319
13.5361	699.937	699.922
13.5481	699.54	699.526
13.56	699.144	699.129
13.5719	698.747	698.733
13.5839	698.351	698.336
13.5958	697.954	697.94
13.6077	697.558	697.543
13.6197	697.161	697.146
13.6316	696.765	696.75
13.6436	696.368	696.353
13.6555	695.972	695.957
13.6674	695.575	695.56
13.6794	695.179	695.164
13.6913	694.782	694.767
13.7032	694.386	694.371
13.7152	693.989	693.974
13.7271	693.593	693.578
13.7391	693.196	693.182
13.751	692.8	692.785
13.7629	692.403	692.389
13.7749	692.007	691.992
13.7868	691.61	691.596
13.7987	691.214	691.199
13.8107	690.818	690.803
13.8226	690.421	690.407
13.8345	690.025	690.01
13.8465	689.629	689.614
13.8584	689.232	689.218
13.8704	688.836	688.821
13.8823	688.44	688.425
13.8942	688.043	688.029
13.9062	687.647	687.633
13.9181	687.251	687.236
13.93	686.855	686.84
13.942	686.459	686.444
13.9539	686.062	686.048
13.9658	685.666	685.652
13.9778	685.27	685.255
13.9897	684.874	684.859
14.0017	684.478	684.463
14.0136	684.082	684.067
14.0255	683.686	683.671
14.0375	683.29	683.275
14.0494	682.894	682.879
14.0613	682.498	682.483
14.0733	682.102	682.087
14.0852	681.706	681.692
14.0971	681.31	681.296
14.1091	680.914	680.9
14.121	680.519	680.504
14.133	680.123	680.108
14.1449	679.727	679.712
14.1568	679.331	679.317
14.1688	678.936	678.921
14.1807	678.54	678.525
14.1926	678.144	678.13
14.2046	677.749	677.734
14.2165	677.353	677.339
14.2285	676.958	676.943
14.2404	676.562	676.548
14.2523	676.167	676.152
14.2643	675.771	675.757
14.2762	675.376	675.361
14.2881	674.98	674.966
14.3001	674.585	674.571
14.312	674.19	674.175
14.3239	673.795	673.78
14.3359	673.399	673.385
14.3478	673.004	672.99
14.3598	672.609	672.594
14.3717	672.214	672.199
14.3836	671.819	671.804
14.3956	671.424	671.409
14.4075	671.029	671.014
14.4194	670.634	670.619
14.4314	670.239	670.224
14.4433	669.844	669.829
14.4552	669.449	669.435
14.4672	669.054	669.04
14.4791	668.659	668.645
14.4911	668.265	668.25
14.503	667.87	667.855
14.5149	667.475	667.461
14.5269	667.081	667.066
14.5388	666.686	666.672
14.5507	666.292	666.277
14.5627	665.897	665.883
14.5746	665.503	665.488
14.5866	665.108	665.094
14.5985	664.714	664.699
14.6104	664.319	664.305
14.6224	663.925	663.911
14.6343	663.531	663.516
14.6462	663.137	663.122
14.6582	662.742	662.728
14.6701	662.348	662.334
14.682	661.954	661.94
14.694	661.56	661.546
14.7059	661.166	661.151
14.7179	660.772	660.757
14.7298	660.378	660.364
14.7417	659.984	659.97
14.7537	659.59	659.576
14.7656	659.196	659.182
14.7775	658.803	658.788
14.7895	658.409	658.394
14.8014	658.015	658.001
14.8133	657.621	657.607
14.8253	657.228	657.213
14.8372	656.834	656.82
14.8492	656.441	656.426
14.8611	656.047	656.033
14.873	655.654	655.639
14.885	655.26	655.246
14.8969	654.867	654.852
14.9088	654.474	654.459
14.9208	654.08	654.066
14.9327	653.687	653.673
14.9446	653.294	653.279
14.9566	652.901	652.886
14.9685	652.507	652.493
14.9805	652.114	652.1
14.9924	651.721	651.707
15.0043	651.328	651.314
15.0163	650.935	650.921
15.0282	650.542	650.528
15.0401	650.149	650.135
15.0521	649.757	649.742
15.064	649.364	649.349
15.076	648.971	648.957
15.0879	648.578	648.564
15.0998	648.186	648.171
15.1118	647.793	647.778
15.1237	647.4	647.386
15.1356	647.008	646.993
15.1476	646.615	646.601
15.1595	646.223	646.208
15.1714	645.83	645.816
15.1834	645.438	645.423
15.1953	645.045	645.031
15.2073	644.653	644.639
15.2192	644.261	644.246
15.2311	643.868	643.854
15.2431	643.476	643.462
15.255	643.084	643.07
15.2669	642.692	642.677
15.2789	642.3	642.285
15.2908	641.908	641.893
15.3027	641.516	641.501
15.3147	641.124	641.109
15.3266	640.732	640.717
15.3386	640.34	640.325
15.3505	639.948	639.933
15.3624	639.556	639.542
15.3744	639.164	639.15
15.3863	638.772	638.758
15.3982	638.381	638.366
15.4102	637.989	637.975
15.4221	637.597	637.583
15.4341	637.206	637.191
15.446	636.814	636.8
15.4579	636.423	636.408
15.4699	636.031	636.017
15.4818	635.639	635.625
15.4937	635.248	635.234
15.5057	634.857	634.842
15.5176	634.465	634.451
15.5295	634.074	634.059
15.5415	633.683	633.668
15.5534	633.291	633.277
15.5654	632.9	632.886
15.5773	632.509	632.494
15.5892	632.118	632.103
15.6012	631.726	631.712
15.6131	631.335	631.321
15.625	630.944	630.93
15.637	630.553	630.539
15.6489	630.162	630.148
15.6608	629.771	629.757
15.6728	629.38	629.366
15.6847	628.989	628.975
15.6967	628.598	628.584
15.7086	628.208	628.193
15.7205	627.817	627.802
15.7325	627.426	627.412
15.7444	627.035	627.021
15.7563	626.644	626.63
15.7683	626.254	626.239
15.7802	625.863	625.849
15.7921	625.472	625.458
15.8041	625.082	625.067
15.816	624.691	624.677
15.828	624.301	624.286
15.8399	623.91	623.896
15.8518	623.52	623.505
15.8638	623.129	623.115
15.8757	622.739	622.724
15.8876	622.348	622.334
15.8996	621.958	621.944
15.9115	621.568	621.553
15.9235	621.177	621.163
15.9354	620.787	620.773
15.9473	620.397	620.382
15.9593	620.006	619.992
15.9712	619.616	619.602
15.9831	619.226	619.212
15.9951	618.836	618.822
16.007	618.446	618.431
16.0189	618.056	618.041
16.0309	617.666	617.651
16.0428	617.275	617.261
16.0548	616.885	616.871
16.0667	616.495	616.481
16.0786	616.105	616.091
16.0906	615.715	615.701
16.1025	615.326	615.311
16.1144	614.936	614.921
16.1264	614.546	614.531
16.1383	614.156	614.142
16.1502	613.766	613.752
16.1622	613.376	613.362
16.1741	612.986	612.972
16.1861	612.597	612.582
16.198	612.207	612.193
16.2099	611.817	611.803
16.2219	611.427	611.413
16.2338	611.038	611.023
16.2457	610.648	610.634
16.2577	610.258	610.244
16.2696	609.869	609.855
16.2816	609.479	609.465
16.2935	609.09	609.075
16.3054	608.7	608.686
16.3174	608.311	608.296
16.3293	607.921	607.907
16.3412	607.532	607.517
16.3532	607.142	607.128
16.3651	606.753	606.738
16.377	606.363	606.349
16.389	605.974	605.96
16.4009	605.584	605.57
16.4129	605.195	605.181
16.4248	604.806	604.791
16.4367	604.416	604.402
16.4487	604.027	604.013
16.4606	603.638	603.623
16.4725	603.248	603.234
16.4845	602.859	602.845
16.4964	602.47	602.456
16.5083	602.081	602.066
16.5203	601.692	601.677
16.5322	601.302	601.288
16.5442	600.913	600.899
16.5561	600.524	600.51
16.568	600.135	600.121
16.58	599.746	599.731
16.5919	599.357	599.342
16.6038	598.968	598.953
16.6158	598.579	598.564
16.6277	598.189	598.175
16.6396	597.8	597.786
16.6516	597.411	597.397
16.6635	597.022	597.008
16.6755	596.633	596.619
16.6874	596.244	596.23
16.6993	595.855	595.841
16.7113	595.467	595.452
16.7232	595.078	595.063
16.7351	594.689	594.674
16.7471	594.3	594.286
16.759	593.911	593.897
16.771	593.522	593.508
16.7829	593.133	593.119
16.7948	592.744	592.73
16.8068	592.356	592.341
16.8187	591.967	591.952
16.8306	591.578	591.564
16.8426	591.189	591.175
16.8545	590.8	590.786
16.8664	590.412	590.397
16.8784	590.023	590.009
16.8903	589.634	589.62
16.9023	589.245	589.231
16.9142	588.857	588.842
16.9261	588.468	588.454
16.9381	588.079	588.065
16.95	587.691	587.676
16.9619	587.302	587.288
16.9739	586.913	586.899
16.9858	586.525	586.511
16.9977	586.136	586.122
17.0097	585.748	585.733
17.0216	585.359	585.345
17.0336	584.971	584.956
17.0455	584.582	584.568
17.0574	584.193	584.179
17.0694	583.805	583.791
17.0813	583.416	583.402
17.0932	583.028	583.014
17.1052	582.639	582.625
17.1171	582.251	582.237
17.1291	581.862	581.848
17.141	581.474	581.46
17.1529	581.086	581.071
17.1649	580.697	580.683
17.1768	580.309	580.294
17.1887	579.92	579.906
17.2007	579.532	579.518
17.2126	579.143	579.129
17.2245	578.755	578.741
17.2365	578.367	578.352
17.2484	577.978	577.964
17.2604	577.59	577.576
17.2723	577.202	577.187
17.2842	576.813	576.799
17.2962	576.425	576.411
17.3081	576.037	576.023
17.32	575.649	575.634
17.332	575.26	575.246
17.3439	574.872	574.858
17.3558	574.484	574.47
17.3678	574.096	574.081
17.3797	573.707	573.693
17.3917	573.319	573.305
17.4036	572.931	572.917
17.4155	572.543	572.528
17.4275	572.155	572.14
17.4394	571.766	571.752
17.4513	571.378	571.364
17.4633	570.99	570.976
17.4752	570.602	570.588
17.4871	570.214	570.2
17.4991	569.826	569.812
17.511	569.438	569.424
17.523	569.05	569.035
17.5349	568.662	568.647
17.5468	568.274	568.259
17.5588	567.886	567.871
17.5707	567.498	567.483
17.5826	567.11	567.095
17.5946	566.722	566.707
17.6065	566.334	566.319
17.6185	565.946	565.931
17.6304	565.558	565.543
17.6423	565.17	565.155
17.6543	564.782	564.768
17.6662	564.394	564.38
17.6781	564.006	563.992
17.6901	563.618	563.604
17.702	563.23	563.216
17.7139	562.842	562.828
17.7259	562.455	562.44
17.7378	562.067	562.052
17.7498	561.679	561.665
17.7617	561.291	561.277
17.7736	560.903	560.889
17.7856	560.516	560.501
17.7975	560.128	560.114
17.8094	559.74	559.726
17.8214	559.352	559.338
17.8333	558.965	558.95
17.8452	558.577	558.563
17.8572	558.189	558.175
17.8691	557.802	557.787
17.8811	557.414	557.4
17.893	557.026	557.012
17.9049	556.639	556.625
17.9169	556.251	556.237
17.9288	555.864	555.849
17.9407	555.476	555.462
17.9527	555.088	555.074
17.9646	554.701	554.687
17.9766	554.313	554.299
17.9885	553.926	553.912
18.0004	553.538	553.524
18.0124	553.151	553.137
18.0243	552.764	552.749
18.0362	552.376	552.362
18.0482	551.989	551.975
18.0601	551.601	551.587
18.072	551.214	551.2
18.084	550.827	550.812
18.0959	550.439	550.425
18.1079	550.052	550.038
18.1198	549.665	549.651
18.1317	549.278	549.263
18.1437	548.89	548.876
18.1556	548.503	548.489
18.1675	548.116	548.102
18.1795	547.729	547.715
18.1914	547.342	547.327
18.2033	546.954	546.94
18.2153	546.567	546.553
18.2272	546.18	546.166
18.2392	545.793	545.779
18.2511	545.406	545.392
18.263	545.019	545.005
18.275	544.632	544.618
18.2869	544.245	544.231
18.2988	543.858	543.844
18.3108	543.471	543.457
18.3227	543.085	543.07
18.3346	542.698	542.683
18.3466	542.311	542.297
18.3585	541.924	541.91
18.3705	541.537	541.523
18.3824	541.15	541.136
18.3943	540.764	540.749
18.4063	540.377	540.363
18.4182	539.99	539.976
18.4301	539.604	539.589
18.4421	539.217	539.203
18.454	538.83	538.816
18.466	538.444	538.43
18.4779	538.057	538.043
18.4898	537.671	537.657
18.5018	537.284	537.27
18.5137	536.898	536.884
18.5256	536.512	536.497
18.5376	536.125	536.111
18.5495	535.739	535.725
18.5614	535.353	535.338
18.5734	534.966	534.952
18.5853	534.58	534.566
18.5973	534.194	534.18
18.6092	533.808	533.793
18.6211	533.421	533.407
18.6331	533.035	533.021
18.645	532.649	532.635
18.6569	532.263	532.249
18.6689	531.877	531.863
18.6808	531.491	531.477
18.6927	531.105	531.091
18.7047	530.719	530.705
18.7166	530.334	530.319
18.7286	529.948	529.934
18.7405	529.562	529.548
18.7524	529.176	529.162
18.7644	528.79	528.776
18.7763	528.405	528.391
18.7882	528.019	528.005
18.8002	527.634	527.619
18.8121	527.248	527.234
18.8241	526.863	526.848
18.836	526.477	526.463
18.8479	526.092	526.078
18.8599	525.706	525.692
18.8718	525.321	525.307
18.8837	524.936	524.922
18.8957	524.55	524.536
18.9076	524.165	524.151
18.9195	523.78	523.766
18.9315	523.395	523.381
18.9434	523.01	522.996
18.9554	522.625	522.611
18.9673	522.24	522.226
18.9792	521.855	521.841
18.9912	521.47	521.456
19.0031	521.085	521.071
19.015	520.701	520.687
19.027	520.316	520.302
19.0389	519.931	519.917
19.0508	519.547	519.533
19.0628	519.162	519.148
19.0747	518.778	518.763
19.0867	518.393	518.379
19.0986	518.009	517.995
19.1105	517.624	517.61
19.1225	517.24	517.226
19.1344	516.856	516.842
19.1463	516.472	516.458
19.1583	516.088	516.073
19.1702	515.704	515.689
19.1821	515.32	515.305
19.1941	514.936	514.921
19.206	514.552	514.538
19.218	514.168	514.154
19.2299	513.784	513.77
19.2418	513.4	513.386
19.2538	513.017	513.003
19.2657	512.633	512.619
19.2776	512.25	512.236
19.2896	511.866	511.852
19.3015	511.483	511.469
19.3135	511.099	511.085
19.3254	510.716	510.702
19.3373	510.333	510.319
19.3493	509.95	509.936
19.3612	509.567	509.553
19.3731	509.184	509.17
19.3851	508.801	508.787
19.397	508.418	508.404
19.4089	508.035	508.021
19.4209	507.653	507.638
19.4328	507.27	507.256
19.4448	506.887	506.873
19.4567	506.505	506.491
19.4686	506.122	506.108
19.4806	505.74	505.726
19.4925	505.358	505.344
19.5044	504.976	504.961
19.5164	504.593	504.579
19.5283	504.211	504.197
19.5402	503.829	503.815
19.5522	503.448	503.433
19.5641	503.066	503.052
19.5761	502.684	502.67
19.588	502.302	502.288
19.5999	501.921	501.907
19.6119	501.539	501.525
19.6238	501.158	501.144
19.6357	500.776	500.762
19.6477	500.395	500.381
19.6596	500.014	500
19.6716	499.633	499.619
19.6835	499.252	499.238
19.6954	498.871	498.857
19.7074	498.49	498.476
19.7193	498.11	498.096
19.7312	497.729	497.715
19.7432	497.348	497.334
19.7551	496.968	496.954
19.767	496.588	496.574
19.779	496.207	496.193
19.7909	495.827	495.813
19.8029	495.447	495.433
19.8148	495.067	495.053
19.8267	494.687	494.673
19.8387	494.307	494.293
19.8506	493.928	493.914
19.8625	493.548	493.534
19.8745	493.169	493.155
19.8864	492.789	492.775
19.8983	492.41	492.396
19.9103	492.031	492.017
19.9222	491.652	491.638
19.9342	491.273	491.259
19.9461	490.894	490.88
19.958	490.515	490.501
19.97	490.136	490.122
19.9819	489.758	489.744
19.9938	489.379	489.365
20.0058	489.001	488.987
20.0177	488.623	488.609
20.0296	488.245	488.231
20.0416	487.867	487.853
20.0535	487.489	487.475
20.0655	487.111	487.097
20.0774	486.733	486.719
20.0893	486.356	486.342
20.1013	485.978	485.964
20.1132	485.601	485.587
20.1251	485.224	485.21
20.1371	484.846	484.832
20.149	484.469	484.456
20.161	484.093	484.079
20.1729	483.716	483.702
20.1848	483.339	483.325
20.1968	482.963	482.949
20.2087	482.586	482.572
20.2206	482.21	482.196
20.2326	481.834	481.82
20.2445	481.458	481.444
20.2564	481.082	481.068
20.2684	480.706	480.692
20.2803	480.331	480.317
20.2923	479.955	479.941
20.3042	479.58	479.566
20.3161	479.205	479.191
20.3281	478.83	478.816
20.34	478.455	478.441
20.3519	478.08	478.066
20.3639	477.705	477.691
20.3758	477.33	477.317
20.3877	476.956	476.942
20.3997	476.582	476.568
20.4116	476.208	476.194
20.4236	475.834	475.82
20.4355	475.46	475.446
20.4474	475.086	475.072
20.4594	474.712	474.699
20.4713	474.339	474.325
20.4832	473.966	473.952
20.4952	473.593	473.579
20.5071	473.22	473.206
20.5191	472.847	472.833
20.531	472.474	472.46
20.5429	472.102	472.088
20.5549	471.729	471.715
20.5668	471.357	471.343
20.5787	470.985	470.971
20.5907	470.613	470.599
20.6026	470.241	470.227
20.6145	469.87	469.856
20.6265	469.498	469.484
20.6384	469.127	469.113
20.6504	468.756	468.742
20.6623	468.385	468.371
20.6742	468.014	468
20.6862	467.643	467.629
20.6981	467.273	467.259
20.71	466.902	466.889
20.722	466.532	466.519
20.7339	466.162	466.149
20.7458	465.792	465.779
20.7578	465.423	465.409
20.7697	465.053	465.04
20.7817	464.684	464.67
20.7936	464.315	464.301
20.8055	463.946	463.932
20.8175	463.577	463.563
20.8294	463.208	463.195
20.8413	462.84	462.826
20.8533	462.472	462.458
20.8652	462.104	462.09
20.8771	461.736	461.722
20.8891	461.368	461.354
20.901	461	460.987
20.913	460.633	460.619
20.9249	460.266	460.252
20.9368	459.899	459.885
20.9488	459.532	459.519
20.9607	459.166	459.152
20.9726	458.799	458.785
20.9846	458.433	458.419
20.9965	458.067	458.053
21.0085	457.701	457.687
21.0204	457.335	457.322
21.0323	456.97	456.956
21.0443	456.605	456.591
21.0562	456.239	456.226
21.0681	455.875	455.861
21.0801	455.51	455.496
21.092	455.145	455.132
21.1039	454.781	454.768
21.1159	454.417	454.404
21.1278	454.053	454.04
21.1398	453.69	453.676
21.1517	453.326	453.313
21.1636	452.963	452.949
21.1756	452.6	452.586
21.1875	452.237	452.223
21.1994	451.874	451.861
21.2114	451.512	451.498
21.2233	451.15	451.136
21.2352	450.788	450.774
21.2472	450.426	450.412
21.2591	450.064	450.051
21.2711	449.703	449.69
21.283	449.342	449.328
21.2949	448.981	448.968
21.3069	448.62	448.607
21.3188	448.26	448.246
21.3307	447.9	447.886
21.3427	447.54	447.526
21.3546	447.18	447.166
21.3666	446.82	446.807
21.3785	446.461	446.448
21.3904	446.102	446.088
21.4024	445.743	445.73
21.4143	445.384	445.371
21.4262	445.026	445.013
21.4382	444.668	444.654
21.4501	444.31	444.296
21.462	443.952	443.939
21.474	443.595	443.581
21.4859	443.237	443.224
21.4979	442.88	442.867
21.5098	442.524	442.51
21.5217	442.167	442.154
21.5337	441.811	441.798
21.5456	441.455	441.442
21.5575	441.099	441.086
21.5695	440.744	440.73
21.5814	440.388	440.375
21.5933	440.033	440.02
21.6053	439.678	439.665
21.6172	439.324	439.311
21.6292	438.97	438.956
21.6411	438.616	438.602
21.653	438.262	438.249
21.665	437.908	437.895
21.6769	437.555	437.542
21.6888	437.202	437.189
21.7008	436.849	436.836
21.7127	436.497	436.484
21.7246	436.145	436.132
21.7366	435.793	435.78
21.7485	435.441	435.428
21.7605	435.09	435.077
21.7724	434.739	434.726
21.7843	434.388	434.375
21.7963	434.037	434.024
21.8082	433.687	433.674
21.8201	433.337	433.324
21.8321	432.987	432.974
21.844	432.638	432.625
21.856	432.288	432.275
21.8679	431.939	431.926
21.8798	431.591	431.578
21.8918	431.242	431.229
21.9037	430.894	430.881
21.9156	430.546	430.533
21.9276	430.199	430.186
21.9395	429.852	429.839
21.9514	429.505	429.492
21.9634	429.158	429.145
21.9753	428.812	428.799
21.9873	428.465	428.453
21.9992	428.12	428.107
22.0111	427.774	427.761
22.0231	427.429	427.416
22.035	427.084	427.071
22.0469	426.739	426.727
22.0589	426.395	426.382
22.0708	426.051	426.038
22.0827	425.707	425.694
22.0947	425.364	425.351
22.1066	425.021	425.008
22.1186	424.678	424.665
22.1305	424.335	424.323
22.1424	423.993	423.98
22.1544	423.651	423.639
22.1663	423.31	423.297
22.1782	422.968	422.956
22.1902	422.627	422.615
22.2021	422.287	422.274
22.2141	421.947	421.934
22.226	421.606	421.594
22.2379	421.267	421.254
22.2499	420.927	420.915
22.2618	420.588	420.576
22.2737	420.25	420.237
22.2857	419.911	419.898
22.2976	419.573	419.56
22.3095	419.235	419.223
22.3215	418.898	418.885
22.3334	418.561	418.548
22.3454	418.224	418.211
22.3573	417.887	417.875
22.3692	417.551	417.539
22.3812	417.215	417.203
22.3931	416.88	416.867
22.405	416.545	416.532
22.417	416.21	416.198
22.4289	415.876	415.863
22.4408	415.541	415.529
22.4528	415.208	415.195
22.4647	414.874	414.862
22.4767	414.541	414.529
22.4886	414.208	414.196
22.5005	413.876	413.863
22.5125	413.544	413.531
22.5244	413.212	413.2
22.5363	412.881	412.868
22.5483	412.55	412.537
22.5602	412.219	412.207
22.5721	411.889	411.876
22.5841	411.559	411.546
22.596	411.229	411.217
22.608	410.9	410.888
22.6199	410.571	410.559
22.6318	410.242	410.23
22.6438	409.914	409.902
22.6557	409.586	409.574
22.6676	409.259	409.247
22.6796	408.932	408.92
22.6915	408.605	408.593
22.7035	408.279	408.266
22.7154	407.953	407.94
22.7273	407.627	407.615
22.7393	407.302	407.29
22.7512	406.977	406.965
22.7631	406.652	406.64
22.7751	406.328	406.316
22.787	406.004	405.992
22.7989	405.681	405.669
22.8109	405.358	405.346
22.8228	405.035	405.023
22.8348	404.713	404.701
22.8467	404.391	404.379
22.8586	404.07	404.058
22.8706	403.748	403.736
22.8825	403.428	403.416
22.8944	403.107	403.095
22.9064	402.787	402.775
22.9183	402.468	402.456
22.9302	402.149	402.137
22.9422	401.83	401.818
22.9541	401.511	401.499
22.9661	401.193	401.181
22.978	400.876	400.864
22.9899	400.558	400.547
23.0019	400.242	400.23
23.0138	399.925	399.913
23.0257	399.609	399.597
23.0377	399.293	399.282
23.0496	398.978	398.966
23.0616	398.663	398.652
23.0735	398.349	398.337
23.0854	398.035	398.023
23.0974	397.721	397.709
23.1093	397.408	397.396
23.1212	397.095	397.083
23.1332	396.783	396.771
23.1451	396.471	396.459
23.157	396.159	396.148
23.169	395.848	395.836
23.1809	395.537	395.526
23.1929	395.227	395.215
23.2048	394.917	394.905
23.2167	394.607	394.596
23.2287	394.298	394.287
23.2406	393.99	393.978
23.2525	393.681	393.67
23.2645	393.374	393.362
23.2764	393.066	393.055
23.2883	392.759	392.748
23.3003	392.453	392.441
23.3122	392.146	392.135
23.3242	391.841	391.829
23.3361	391.535	391.524
23.348	391.231	391.219
23.36	390.926	390.915
23.3719	390.622	390.611
23.3838	390.319	390.307
23.3958	390.015	390.004
23.4077	389.713	389.701
23.4196	389.41	389.399
23.4316	389.109	389.097
23.4435	388.807	388.796
23.4555	388.506	388.495
23.4674	388.206	388.194
23.4793	387.906	387.894
23.4913	387.606	387.595
23.5032	387.307	387.296
23.5151	387.008	386.997
23.5271	386.71	386.699
23.539	386.412	386.401
23.551	386.115	386.103
23.5629	385.818	385.806
23.5748	385.521	385.51
23.5868	385.225	385.214
23.5987	384.929	384.918
23.6106	384.634	384.623
23.6226	384.34	384.329
23.6345	384.045	384.034
23.6464	383.752	383.741
23.6584	383.459	383.448
23.6703	383.166	383.155
23.6823	382.874	382.863
23.6942	382.584	382.572
23.7061	382.294	382.283
23.7181	382.006	381.995
23.73	381.721	381.709
23.7419	381.439	381.427
23.7539	381.163	381.149
23.7658	380.894	380.879
23.7777	380.635	380.619
23.7897	380.389	380.372
23.8016	380.162	380.143
23.8136	379.957	379.936
23.8255	379.78	379.757
23.8374	379.636	379.611
23.8494	379.529	379.502
23.8613	379.463	379.436
23.8732	379.441	379.413
