0	872.98	872.995
0.0119366	872.98	872.995
0.0238732	872.979	872.995
0.0358099	872.978	872.995
0.0477465	872.978	872.994
0.0596831	872.977	872.994
0.0716197	872.976	872.994
0.0835563	872.975	872.994
0.095493	872.975	872.994
0.10743	872.974	872.993
0.119366	872.973	872.993
0.131303	872.972	872.993
0.143239	872.972	872.993
0.155176	872.971	872.992
0.167113	872.97	872.992
0.179049	872.969	872.992
0.190986	872.968	872.992
0.202923	872.967	872.991
0.214859	872.966	872.991
0.226796	872.965	872.991
0.238732	872.964	872.99
0.250669	872.963	872.99
0.262606	872.962	872.99
0.274542	872.961	872.989
0.286479	872.96	872.989
0.298416	872.958	872.989
0.310352	872.957	872.988
0.322289	872.956	872.988
0.334225	872.955	872.988
0.346162	872.954	872.987
0.358099	872.952	872.987
0.370035	872.951	872.986
0.381972	872.95	872.986
0.393908	872.948	872.985
0.405845	872.947	872.985
0.417782	872.945	872.984
0.429718	872.944	872.984
0.441655	872.942	872.983
0.453592	872.941	872.983
0.465528	872.939	872.982
0.477465	872.937	872.982
0.489401	872.936	872.981
0.501338	872.934	872.981
0.513275	872.932	872.98
0.525211	872.93	872.98
0.537148	872.928	872.979
0.549085	872.926	872.978
0.561021	872.924	872.978
0.572958	872.922	872.977
0.584894	872.92	872.976
0.596831	872.918	872.976
0.608768	872.916	872.975
0.620704	872.914	872.974
0.632641	872.912	872.973
0.644578	872.909	872.973
0.656514	872.907	872.972
0.668451	872.905	872.971
0.680387	872.902	872.97
0.692324	872.9	872.969
0.704261	872.897	872.968
0.716197	872.895	872.968
0.728134	872.892	872.967
0.74007	872.889	872.966
0.752007	872.886	872.965
0.763944	872.884	872.964
0.77588	872.881	872.963
0.787817	872.878	872.962
0.799754	872.875	872.961
0.81169	872.871	872.959
0.823627	872.868	872.958
0.835563	872.865	872.957
0.8475	872.862	872.956
0.859437	872.858	872.955
0.871373	872.855	872.954
0.88331	872.851	872.952
0.895247	872.848	872.951
0.907183	872.844	872.95
0.91912	872.84	872.948
0.931056	872.837	872.947
0.942993	872.833	872.946
0.95493	872.829	872.944
0.966866	872.825	872.943
0.978803	872.82	872.941
0.99074	872.816	872.939
1.00268	872.812	872.938
1.01461	872.807	872.936
1.02655	872.803	872.935
1.03849	872.798	872.933
1.05042	872.794	872.931
1.06236	872.789	872.929
1.0743	872.784	872.927
1.08623	872.779	872.926
1.09817	872.774	872.924
1.11011	872.769	872.922
1.12204	872.763	872.92
1.13398	872.758	872.918
1.14592	872.753	872.915
1.15785	872.747	872.913
1.16979	872.741	872.911
1.18173	872.736	872.909
1.19366	872.73	872.907
1.2056	872.724	872.904
1.21754	872.717	872.902
1.22947	872.711	872.899
1.24141	872.705	872.897
1.25335	872.698	872.894
1.26528	872.692	872.892
1.27722	872.685	872.889
1.28916	872.678	872.886
1.30109	872.671	872.884
1.31303	872.664	872.881
1.32496	872.656	872.878
1.3369	872.649	872.875
1.34884	872.641	872.872
1.36077	872.634	872.869
1.37271	872.626	872.866
1.38465	872.618	872.862
1.39658	872.61	872.859
1.40852	872.601	872.856
1.42046	872.593	872.852
1.43239	872.584	872.849
1.44433	872.576	872.845
1.45627	872.567	872.841
1.4682	872.558	872.838
1.48014	872.548	872.834
1.49208	872.539	872.83
1.50401	872.529	872.826
1.51595	872.52	872.822
1.52789	872.51	872.818
1.53982	872.5	872.814
1.55176	872.489	872.809
1.5637	872.479	872.805
1.57563	872.468	872.801
1.58757	872.457	872.796
1.59951	872.446	872.791
1.61144	872.435	872.787
1.62338	872.424	872.782
1.63532	872.412	872.777
1.64725	872.4	872.772
1.65919	872.388	872.767
1.67113	872.376	872.762
1.68306	872.364	872.756
1.695	872.351	872.751
1.70694	872.338	872.745
1.71887	872.325	872.74
1.73081	872.312	872.734
1.74275	872.299	872.728
1.75468	872.285	872.722
1.76662	872.271	872.716
1.77856	872.257	872.71
1.79049	872.242	872.704
1.80243	872.228	872.697
1.81437	872.213	872.691
1.8263	872.198	872.684
1.83824	872.182	872.677
1.85018	872.167	872.67
1.86211	872.151	872.663
1.87405	872.134	872.656
1.88599	872.118	872.649
1.89792	872.101	872.641
1.90986	872.084	872.634
1.9218	872.067	872.626
1.93373	872.05	872.618
1.94567	872.032	872.61
1.95761	872.014	872.602
1.96954	871.995	872.594
1.98148	871.977	872.585
1.99342	871.958	872.576
2.00535	871.939	872.568
2.01729	871.919	872.559
2.02923	871.899	872.55
2.04116	871.879	872.54
2.0531	871.858	872.531
2.06504	871.838	872.521
2.07697	871.817	872.512
2.08891	871.795	872.502
2.10085	871.773	872.492
2.11278	871.751	872.481
2.12472	871.729	872.471
2.13666	871.706	872.46
2.14859	871.683	872.45
2.16053	871.659	872.439
2.17246	871.635	872.427
2.1844	871.611	872.416
2.19634	871.587	872.405
2.20827	871.562	872.393
2.22021	871.536	872.381
2.23215	871.511	872.369
2.24408	871.485	872.356
2.25602	871.458	872.344
2.26796	871.431	872.331
2.27989	871.404	872.318
2.29183	871.377	872.305
2.30377	871.348	872.291
2.3157	871.32	872.278
2.32764	871.291	872.264
2.33958	871.262	872.249
2.35151	871.232	872.235
2.36345	871.202	872.221
2.37539	871.171	872.206
2.38732	871.14	872.191
2.39926	871.109	872.175
2.4112	871.077	872.16
2.42313	871.045	872.144
2.43507	871.012	872.128
2.44701	870.979	872.111
2.45894	870.945	872.095
2.47088	870.911	872.078
2.48282	870.876	872.061
2.49475	870.841	872.043
2.50669	870.805	872.026
2.51863	870.769	872.008
2.53056	870.732	871.99
2.5425	870.695	871.971
2.55444	870.657	871.952
2.56637	870.619	871.933
2.57831	870.58	871.914
2.59025	870.541	871.894
2.60218	870.501	871.874
2.61412	870.461	871.854
2.62606	870.42	871.833
2.63799	870.378	871.812
2.64993	870.336	871.791
2.66187	870.294	871.769
2.6738	870.251	871.747
2.68574	870.207	871.725
2.69768	870.163	871.702
2.70961	870.118	871.679
2.72155	870.072	871.656
2.73349	870.026	871.632
2.74542	869.98	871.608
2.75736	869.932	871.584
2.7693	869.884	871.559
2.78123	869.836	871.534
2.79317	869.787	871.508
2.80511	869.737	871.483
2.81704	869.686	871.456
2.82898	869.635	871.43
2.84092	869.583	871.403
2.85285	869.531	871.375
2.86479	869.478	871.347
2.87673	869.424	871.319
2.88866	869.37	871.291
2.9006	869.315	871.262
2.91254	869.259	871.232
2.92447	869.202	871.202
2.93641	869.145	871.172
2.94835	869.087	871.141
2.96028	869.028	871.11
2.97222	868.969	871.078
2.98416	868.909	871.046
2.99609	868.848	871.014
3.00803	868.786	870.981
3.01997	868.724	870.947
3.0319	868.661	870.914
3.04384	868.597	870.879
3.05577	868.532	870.844
3.06771	868.467	870.809
3.07965	868.4	870.773
3.09158	868.333	870.737
3.10352	868.265	870.7
3.11546	868.196	870.663
3.12739	868.127	870.625
3.13933	868.057	870.586
3.15127	867.985	870.547
3.1632	867.913	870.508
3.17514	867.84	870.468
3.18708	867.767	870.428
3.19901	867.692	870.387
3.21095	867.616	870.345
3.22289	867.54	870.303
3.23482	867.463	870.26
3.24676	867.385	870.217
3.2587	867.305	870.173
3.27063	867.225	870.129
3.28257	867.144	870.084
3.29451	867.063	870.038
3.30644	866.98	869.992
3.31838	866.896	869.945
3.33032	866.811	869.898
3.34225	866.726	869.85
3.35419	866.639	869.801
3.36613	866.551	869.752
3.37806	866.463	869.702
3.39	866.373	869.651
3.40194	866.283	869.6
3.41387	866.191	869.548
3.42581	866.098	869.496
3.43775	866.005	869.442
3.44968	865.91	869.389
3.46162	865.814	869.334
3.47356	865.717	869.279
3.48549	865.62	869.223
3.49743	865.521	869.166
3.50937	865.421	869.109
3.5213	865.32	869.051
3.53324	865.217	868.992
3.54518	865.114	868.933
3.55711	865.01	868.872
3.56905	864.904	868.811
3.58099	864.798	868.75
3.59292	864.69	868.687
3.60486	864.581	868.624
3.6168	864.471	868.56
3.62873	864.36	868.495
3.64067	864.247	868.43
3.65261	864.134	868.363
3.66454	864.019	868.296
3.67648	863.903	868.228
3.68842	863.786	868.159
3.70035	863.667	868.09
3.71229	863.548	868.019
3.72423	863.427	867.948
3.73616	863.305	867.876
3.7481	863.181	867.803
3.76004	863.057	867.729
3.77197	862.931	867.655
3.78391	862.803	867.579
3.79585	862.675	867.503
3.80778	862.545	867.425
3.81972	862.414	867.347
3.83166	862.282	867.268
3.84359	862.148	867.188
3.85553	862.013	867.107
3.86747	861.877	867.025
3.8794	861.739	866.942
3.89134	861.6	866.858
3.90327	861.459	866.774
3.91521	861.317	866.688
3.92715	861.174	866.601
3.93908	861.029	866.514
3.95102	860.883	866.425
3.96296	860.736	866.336
3.97489	860.587	866.245
3.98683	860.437	866.153
3.99877	860.285	866.061
4.0107	860.131	865.967
4.02264	859.977	865.873
4.03458	859.821	865.777
4.04651	859.663	865.68
4.05845	859.504	865.582
4.07039	859.343	865.483
4.08232	859.181	865.383
4.09426	859.017	865.282
4.1062	858.852	865.18
4.11813	858.685	865.077
4.13007	858.517	864.973
4.14201	858.347	864.867
4.15394	858.175	864.761
4.16588	858.002	864.653
4.17782	857.828	864.544
4.18975	857.651	864.434
4.20169	857.474	864.323
4.21363	857.294	864.211
4.22556	857.113	864.097
4.2375	856.93	863.982
4.24944	856.746	863.866
4.26137	856.56	863.749
4.27331	856.372	863.631
4.28525	856.183	863.511
4.29718	855.992	863.391
4.30912	855.799	863.269
4.32106	855.604	863.145
4.33299	855.408	863.021
4.34493	855.21	862.895
4.35687	855.011	862.768
4.3688	854.809	862.64
4.38074	854.606	862.51
4.39268	854.401	862.379
4.40461	854.195	862.247
4.41655	853.986	862.113
4.42849	853.776	861.978
4.44042	853.564	861.842
4.45236	853.35	861.704
4.4643	853.134	861.565
4.47623	852.917	861.425
4.48817	852.698	861.283
4.50011	852.476	861.14
4.51204	852.253	860.996
4.52398	852.029	860.85
4.53592	851.802	860.702
4.54785	851.573	860.554
4.55979	851.343	860.404
4.57173	851.11	860.252
4.58366	850.876	860.099
4.5956	850.639	859.944
4.60754	850.401	859.788
4.61947	850.161	859.631
4.63141	849.919	859.472
4.64335	849.675	859.311
4.65528	849.429	859.149
4.66722	849.181	858.986
4.67916	848.931	858.821
4.69109	848.679	858.654
4.70303	848.425	858.486
4.71497	848.168	858.316
4.7269	847.91	858.145
4.73884	847.65	857.972
4.75078	847.388	857.798
4.76271	847.124	857.622
4.77465	846.858	857.444
4.78658	846.589	857.265
4.79852	846.319	857.084
4.81046	846.046	856.901
4.82239	845.772	856.717
4.83433	845.495	856.532
4.84627	845.216	856.344
4.8582	844.935	856.155
4.87014	844.652	855.964
4.88208	844.367	855.772
4.89401	844.079	855.577
4.90595	843.79	855.382
4.91789	843.498	855.184
4.92982	843.204	854.985
4.94176	842.908	854.783
4.9537	842.61	854.581
4.96563	842.309	854.376
4.97757	842.007	854.17
4.98951	841.702	853.961
5.00144	841.394	853.751
5.01338	841.085	853.54
5.02532	840.773	853.326
5.03725	840.459	853.111
5.04919	840.143	852.894
5.06113	839.825	852.674
5.07306	839.504	852.454
5.085	839.181	852.231
5.09694	838.856	852.006
5.10887	838.528	851.78
5.12081	838.198	851.551
5.13275	837.866	851.321
5.14468	837.531	851.089
5.15662	837.194	850.855
5.16856	836.855	850.619
5.18049	836.513	850.381
5.19243	836.169	850.141
5.20437	835.823	849.899
5.2163	835.474	849.656
5.22824	835.123	849.41
5.24018	834.77	849.162
5.25211	834.414	848.912
5.26405	834.055	848.661
5.27599	833.695	848.407
5.28792	833.331	848.151
5.29986	832.966	847.893
5.3118	832.598	847.634
5.32373	832.227	847.372
5.33567	831.854	847.108
5.34761	831.479	846.842
5.35954	831.101	846.574
5.37148	830.721	846.304
5.38342	830.338	846.032
5.39535	829.953	845.757
5.40729	829.565	845.481
5.41923	829.175	845.203
5.43116	828.782	844.922
5.4431	828.387	844.639
5.45504	827.989	844.354
5.46697	827.589	844.067
5.47891	827.186	843.778
5.49085	826.78	843.487
5.50278	826.372	843.193
5.51472	825.962	842.897
5.52666	825.549	842.599
5.53859	825.133	842.299
5.55053	824.715	841.997
5.56247	824.294	841.692
5.5744	823.871	841.385
5.58634	823.445	841.076
5.59828	823.016	840.765
5.61021	822.585	840.451
5.62215	822.151	840.136
5.63408	821.715	839.818
5.64602	821.276	839.497
5.65796	820.835	839.174
5.66989	820.39	838.849
5.68183	819.943	838.522
5.69377	819.494	838.193
5.7057	819.042	837.861
5.71764	818.587	837.526
5.72958	818.13	837.19
5.74151	817.67	836.851
5.75345	817.207	836.51
5.76539	816.742	836.166
5.77732	816.273	835.82
5.78926	815.803	835.472
5.8012	815.329	835.121
5.81313	814.853	834.768
5.82507	814.374	834.412
5.83701	813.893	834.054
5.84894	813.409	833.694
5.86088	812.922	833.331
5.87282	812.432	832.966
5.88475	811.94	832.598
5.89669	811.445	832.228
5.90863	810.948	831.855
5.92056	810.447	831.48
5.9325	809.944	831.103
5.94444	809.438	830.723
5.95637	808.93	830.34
5.96831	808.418	829.955
5.98025	807.904	829.568
5.99218	807.387	829.178
6.00412	806.868	828.785
6.01606	806.346	828.39
6.02799	805.821	827.993
6.03993	805.293	827.593
6.05187	804.762	827.19
6.0638	804.229	826.785
6.07574	803.693	826.378
6.08768	803.155	825.967
6.09961	802.613	825.555
6.11155	802.069	825.139
6.12349	801.522	824.721
6.13542	800.972	824.301
6.14736	800.419	823.878
6.1593	799.864	823.452
6.17123	799.306	823.024
6.18317	798.745	822.593
6.19511	798.182	822.16
6.20704	797.615	821.724
6.21898	797.046	821.285
6.23092	796.474	820.844
6.24285	795.899	820.4
6.25479	795.322	819.953
6.26673	794.742	819.504
6.27866	794.159	819.052
6.2906	793.573	818.597
6.30254	792.984	818.14
6.31447	792.393	817.68
6.32641	791.799	817.218
6.33835	791.202	816.753
6.35028	790.602	816.285
6.36222	790	815.814
6.37416	789.394	815.341
6.38609	788.786	814.865
6.39803	788.176	814.387
6.40997	787.562	813.906
6.4219	786.946	813.422
6.43384	786.326	812.935
6.44578	785.705	812.446
6.45771	785.08	811.953
6.46965	784.453	811.459
6.48159	783.822	810.961
6.49352	783.189	810.461
6.50546	782.554	809.958
6.51739	781.915	809.452
6.52933	781.274	808.944
6.54127	780.63	808.433
6.5532	779.983	807.919
6.56514	779.334	807.402
6.57708	778.681	806.883
6.58901	778.026	806.361
6.60095	777.369	805.836
6.61289	776.708	805.308
6.62482	776.045	804.778
6.63676	775.379	804.245
6.6487	774.71	803.709
6.66063	774.039	803.17
6.67257	773.364	802.629
6.68451	772.687	802.084
6.69644	772.008	801.537
6.70838	771.325	800.988
6.72032	770.64	800.435
6.73225	769.953	799.88
6.74419	769.262	799.322
6.75613	768.569	798.761
6.76806	767.873	798.197
6.78	767.174	797.631
6.79194	766.473	797.062
6.80387	765.769	796.49
6.81581	765.062	795.915
6.82775	764.353	795.338
6.83968	763.641	794.757
6.85162	762.926	794.174
6.86356	762.209	793.588
6.87549	761.489	793
6.88743	760.766	792.408
6.89937	760.041	791.814
6.9113	759.313	791.217
6.92324	758.582	790.617
6.93518	757.849	790.015
6.94711	757.113	789.409
6.95905	756.374	788.801
6.97099	755.633	788.19
6.98292	754.89	787.577
6.99486	754.143	786.96
7.0068	753.394	786.341
7.01873	752.643	785.719
7.03067	751.889	785.094
7.04261	751.132	784.466
7.05454	750.373	783.836
7.06648	749.611	783.203
7.07842	748.847	782.567
7.09035	748.08	781.928
7.10229	747.31	781.287
7.11423	746.538	780.643
7.12616	745.764	779.996
7.1381	744.987	779.346
7.15004	744.207	778.693
7.16197	743.425	778.038
7.17391	742.641	777.38
7.18585	741.854	776.719
7.19778	741.064	776.056
7.20972	740.272	775.389
7.22166	739.478	774.72
7.23359	738.681	774.048
7.24553	737.882	773.374
7.25747	737.08	772.697
7.2694	736.276	772.017
7.28134	735.469	771.334
7.29328	734.66	770.648
7.30521	733.849	769.96
7.31715	733.035	769.269
7.32909	732.219	768.576
7.34102	731.4	767.879
7.35296	730.579	767.18
7.36489	729.756	766.478
7.37683	728.931	765.774
7.38877	728.103	765.067
7.4007	727.272	764.357
7.41264	726.44	763.644
7.42458	725.605	762.929
7.43651	724.768	762.211
7.44845	723.928	761.491
7.46039	723.087	760.767
7.47232	722.243	760.042
7.48426	721.397	759.313
7.4962	720.548	758.582
7.50813	719.698	757.848
7.52007	718.845	757.111
7.53201	717.99	756.372
7.54394	717.132	755.631
7.55588	716.273	754.886
7.56782	715.411	754.139
7.57975	714.548	753.39
7.59169	713.682	752.637
7.60363	712.814	751.883
7.61556	711.943	751.125
7.6275	711.071	750.365
7.63944	710.197	749.603
7.65137	709.32	748.838
7.66331	708.442	748.07
7.67525	707.561	747.3
7.68718	706.679	746.527
7.69912	705.794	745.752
7.71106	704.907	744.974
7.72299	704.019	744.194
7.73493	703.128	743.411
7.74687	702.235	742.626
7.7588	701.341	741.838
7.77074	700.444	741.047
7.78268	699.546	740.255
7.79461	698.645	739.459
7.80655	697.743	738.661
7.81849	696.839	737.861
7.83042	695.933	737.059
7.84236	695.025	736.253
7.8543	694.115	735.446
7.86623	693.203	734.636
7.87817	692.289	733.824
7.89011	691.374	733.009
7.90204	690.457	732.192
7.91398	689.538	731.372
7.92592	688.617	730.55
7.93785	687.695	729.726
7.94979	686.771	728.899
7.96173	685.845	728.07
7.97366	684.917	727.239
7.9856	683.988	726.405
7.99754	683.056	725.569
8.00947	682.124	724.731
8.02141	681.189	723.891
8.03335	680.253	723.048
8.04528	679.316	722.203
8.05722	678.376	721.355
8.06916	677.436	720.506
8.08109	676.493	719.654
8.09303	675.549	718.8
8.10497	674.604	717.944
8.1169	673.657	717.085
8.12884	672.708	716.224
8.14078	671.758	715.362
8.15271	670.806	714.497
8.16465	669.853	713.629
8.17659	668.899	712.76
8.18852	667.943	711.889
8.20046	666.986	711.015
8.2124	666.027	710.139
8.22433	665.067	709.262
8.23627	664.105	708.382
8.2482	663.143	707.5
8.26014	662.178	706.616
8.27208	661.213	705.73
8.28401	660.246	704.842
8.29595	659.278	703.952
8.30789	658.309	703.06
8.31982	657.338	702.165
8.33176	656.366	701.269
8.3437	655.393	700.371
8.35563	654.419	699.471
8.36757	653.444	698.569
8.37951	652.467	697.666
8.39144	651.489	696.76
8.40338	650.51	695.852
8.41532	649.53	694.943
8.42725	648.549	694.031
8.43919	647.567	693.118
8.45113	646.584	692.203
8.46306	645.6	691.286
8.475	644.614	690.367
8.48694	643.628	689.447
8.49887	642.641	688.524
8.51081	641.652	687.6
8.52275	640.663	686.674
8.53468	639.673	685.747
8.54662	638.682	684.817
8.55856	637.69	683.886
8.57049	636.697	682.954
8.58243	635.703	682.019
8.59437	634.709	681.083
8.6063	633.713	680.145
8.61824	632.717	679.206
8.63018	631.72	678.265
8.64211	630.722	677.322
8.65405	629.724	676.378
8.66599	628.724	675.432
8.67792	627.724	674.485
8.68986	626.724	673.536
8.7018	625.722	672.586
8.71373	624.72	671.634
8.72567	623.717	670.681
8.73761	622.714	669.726
8.74954	621.71	668.769
8.76148	620.706	667.812
8.77342	619.7	666.852
8.78535	618.695	665.892
8.79729	617.688	664.93
8.80923	616.682	663.966
8.82116	615.674	663.002
8.8331	614.667	662.036
8.84504	613.659	661.068
8.85697	612.65	660.099
8.86891	611.641	659.129
8.88085	610.631	658.158
8.89278	609.622	657.186
8.90472	608.611	656.212
8.91666	607.601	655.237
8.92859	606.59	654.26
8.94053	605.579	653.283
8.95247	604.567	652.304
8.9644	603.555	651.325
8.97634	602.543	650.344
8.98828	601.531	649.362
9.00021	600.518	648.378
9.01215	599.506	647.394
9.02409	598.493	646.409
9.03602	597.48	645.423
9.04796	596.467	644.435
9.0599	595.453	643.447
9.07183	594.44	642.457
9.08377	593.426	641.467
9.0957	592.413	640.476
9.10764	591.399	639.483
9.11958	590.385	638.49
9.13151	589.372	637.496
9.14345	588.358	636.501
9.15539	587.344	635.505
9.16732	586.331	634.508
9.17926	585.317	633.511
9.1912	584.304	632.512
9.20313	583.291	631.513
9.21507	582.277	630.513
9.22701	581.264	629.512
9.23894	580.251	628.511
9.25088	579.238	627.508
9.26282	578.226	626.505
9.27475	577.214	625.502
9.28669	576.201	624.497
9.29863	575.19	623.492
9.31056	574.178	622.487
9.3225	573.167	621.481
9.33444	572.156	620.474
9.34637	571.145	619.466
9.35831	570.135	618.458
9.37025	569.125	617.45
9.38218	568.115	616.441
9.39412	567.106	615.431
9.40606	566.097	614.421
9.41799	565.089	613.411
9.42993	564.081	612.4
9.44187	563.073	611.388
9.4538	562.066	610.377
9.46574	561.06	609.364
9.47768	560.054	608.352
9.48961	559.048	607.339
9.50155	558.044	606.326
9.51349	557.039	605.312
9.52542	556.036	604.298
9.53736	555.033	603.284
9.5493	554.03	602.27
9.56123	553.029	601.255
9.57317	552.028	600.24
9.58511	551.027	599.225
9.59704	550.027	598.21
9.60898	549.029	597.195
9.62092	548.03	596.179
9.63285	547.033	595.163
9.64479	546.036	594.147
9.65673	545.04	593.132
9.66866	544.045	592.116
9.6806	543.051	591.1
9.69254	542.058	590.084
9.70447	541.065	589.067
9.71641	540.073	588.051
9.72835	539.083	587.035
9.74028	538.093	586.019
9.75222	537.104	585.003
9.76416	536.116	583.988
9.77609	535.129	582.972
9.78803	534.143	581.956
9.79997	533.158	580.941
9.8119	532.174	579.925
9.82384	531.191	578.91
9.83578	530.209	577.895
9.84771	529.228	576.88
9.85965	528.249	575.866
9.87159	527.27	574.852
9.88352	526.292	573.838
9.89546	525.316	572.824
9.9074	524.341	571.81
9.91933	523.367	570.797
9.93127	522.394	569.785
9.94321	521.422	568.772
9.95514	520.452	567.76
9.96708	519.482	566.749
9.97901	518.514	565.737
9.99095	517.548	564.727
10.0029	516.582	563.716
10.0148	515.618	562.706
10.0268	514.655	561.697
10.0387	513.694	560.688
10.0506	512.734	559.68
10.0626	511.775	558.672
10.0745	510.817	557.665
10.0864	509.861	556.658
10.0984	508.907	555.652
10.1103	507.954	554.647
10.1223	507.002	553.642
10.1342	506.051	552.638
10.1461	505.103	551.635
10.1581	504.155	550.632
10.17	503.209	549.63
10.1819	502.265	548.629
10.1939	501.322	547.628
10.2058	500.381	546.628
10.2177	499.441	545.629
10.2297	498.503	544.631
10.2416	497.566	543.634
10.2536	496.631	542.637
10.2655	495.698	541.641
10.2774	494.766	540.646
10.2894	493.836	539.653
10.3013	492.907	538.659
10.3132	491.98	537.667
10.3252	491.055	536.676
10.3371	490.132	535.686
10.3491	489.21	534.697
10.361	488.29	533.708
10.3729	487.372	532.721
10.3849	486.455	531.735
10.3968	485.54	530.75
10.4087	484.627	529.765
10.4207	483.716	528.782
10.4326	482.807	527.8
10.4445	481.899	526.82
10.4565	480.993	525.84
10.4684	480.089	524.861
10.4804	479.187	523.884
10.4923	478.287	522.907
10.5042	477.389	521.932
10.5162	476.492	520.959
10.5281	475.598	519.986
10.54	474.705	519.014
10.552	473.814	518.044
10.5639	472.926	517.075
10.5758	472.039	516.108
10.5878	471.154	515.142
10.5997	470.271	514.177
10.6117	469.39	513.213
10.6236	468.511	512.251
10.6355	467.634	511.29
10.6475	466.759	510.33
10.6594	465.886	509.372
10.6713	465.015	508.415
10.6833	464.147	507.46
10.6952	463.28	506.506
10.7071	462.415	505.554
10.7191	461.553	504.603
10.731	460.692	503.654
10.743	459.834	502.706
10.7549	458.977	501.759
10.7668	458.123	500.814
10.7788	457.271	499.871
10.7907	456.421	498.929
10.8026	455.574	497.989
10.8146	454.728	497.051
10.8265	453.885	496.114
10.8385	453.044	495.178
10.8504	452.205	494.245
10.8623	451.368	493.312
10.8743	450.533	492.382
10.8862	449.701	491.453
10.8981	448.871	490.526
10.9101	448.043	489.601
10.922	447.217	488.677
10.9339	446.394	487.756
10.9459	445.572	486.835
10.9578	444.754	485.917
10.9698	443.937	485
10.9817	443.123	484.086
10.9936	442.311	483.173
11.0056	441.501	482.261
11.0175	440.694	481.352
11.0294	439.888	480.445
11.0414	439.086	479.539
11.0533	438.285	478.635
11.0652	437.487	477.733
11.0772	436.692	476.833
11.0891	435.898	475.935
11.1011	435.107	475.039
11.113	434.319	474.144
11.1249	433.532	473.252
11.1369	432.749	472.362
11.1488	431.967	471.473
11.1607	431.188	470.587
11.1727	430.412	469.702
11.1846	429.637	468.82
11.1966	428.866	467.939
11.2085	428.096	467.061
11.2204	427.329	466.184
11.2324	426.565	465.31
11.2443	425.803	464.437
11.2562	425.043	463.567
11.2682	424.286	462.699
11.2801	423.531	461.833
11.292	422.779	460.969
11.304	422.029	460.107
11.3159	421.282	459.247
11.3279	420.537	458.389
11.3398	419.795	457.534
11.3517	419.055	456.68
11.3637	418.318	455.829
11.3756	417.583	454.98
11.3875	416.851	454.133
11.3995	416.121	453.289
11.4114	415.394	452.446
11.4233	414.669	451.606
11.4353	413.947	450.768
11.4472	413.228	449.932
11.4592	412.511	449.098
11.4711	411.796	448.267
11.483	411.084	447.438
11.495	410.374	446.611
11.5069	409.668	445.786
11.5188	408.963	444.964
11.5308	408.261	444.144
11.5427	407.562	443.326
11.5546	406.865	442.511
11.5666	406.171	441.698
11.5785	405.48	440.887
11.5905	404.791	440.079
11.6024	404.105	439.273
11.6143	403.421	438.469
11.6263	402.739	437.667
11.6382	402.061	436.868
11.6501	401.385	436.072
11.6621	400.711	435.277
11.674	400.04	434.485
11.686	399.372	433.696
11.6979	398.707	432.909
11.7098	398.043	432.124
11.7218	397.383	431.342
11.7337	396.725	430.562
11.7456	396.07	429.784
11.7576	395.417	429.009
11.7695	394.767	428.237
11.7814	394.12	427.467
11.7934	393.475	426.699
11.8053	392.833	425.934
11.8173	392.193	425.171
11.8292	391.556	424.411
11.8411	390.922	423.653
11.8531	390.29	422.898
11.865	389.661	422.145
11.8769	389.034	421.394
11.8889	388.41	420.646
11.9008	387.789	419.901
11.9127	387.17	419.158
11.9247	386.554	418.418
11.9366	385.941	417.68
11.9486	385.33	416.945
11.9605	384.722	416.212
11.9724	384.116	415.482
11.9844	383.513	414.754
11.9963	382.913	414.029
12.0082	382.315	413.306
12.0202	381.72	412.586
12.0321	381.127	411.869
12.0441	380.537	411.154
12.056	379.95	410.441
12.0679	379.365	409.731
12.0799	378.783	409.024
12.0918	378.204	408.319
12.1037	377.627	407.617
12.1157	377.053	406.918
12.1276	376.481	406.221
12.1395	375.912	405.526
12.1515	375.346	404.835
12.1634	374.782	404.145
12.1754	374.221	403.459
12.1873	373.662	402.775
12.1992	373.106	402.093
12.2112	372.552	401.415
12.2231	372.002	400.738
12.235	371.453	400.065
12.247	370.908	399.394
12.2589	370.365	398.726
12.2708	369.824	398.06
12.2828	369.286	397.397
12.2947	368.751	396.736
12.3067	368.218	396.078
12.3186	367.688	395.423
12.3305	367.16	394.77
12.3425	366.635	394.12
12.3544	366.113	393.473
12.3663	365.593	392.828
12.3783	365.076	392.186
12.3902	364.561	391.546
12.4021	364.048	390.91
12.4141	363.539	390.275
12.426	363.032	389.644
12.438	362.527	389.015
12.4499	362.025	388.388
12.4618	361.525	387.765
12.4738	361.028	387.143
12.4857	360.534	386.525
12.4976	360.042	385.909
12.5096	359.553	385.296
12.5215	359.066	384.685
12.5335	358.581	384.078
12.5454	358.099	383.472
12.5573	357.62	382.87
12.5693	357.143	382.27
12.5812	356.669	381.672
12.5931	356.197	381.077
12.6051	355.728	380.485
12.617	355.261	379.896
12.6289	354.796	379.309
12.6409	354.334	378.725
12.6528	353.875	378.143
12.6648	353.418	377.564
12.6767	352.963	376.988
12.6886	352.511	376.414
12.7006	352.061	375.843
12.7125	351.614	375.274
12.7244	351.169	374.708
12.7364	350.727	374.145
12.7483	350.287	373.585
12.7602	349.85	373.026
12.7722	349.415	372.471
12.7841	348.982	371.918
12.7961	348.552	371.368
12.808	348.124	370.82
12.8199	347.699	370.275
12.8319	347.275	369.733
12.8438	346.855	369.193
12.8557	346.437	368.656
12.8677	346.021	368.122
12.8796	345.607	367.59
12.8916	345.196	367.06
12.9035	344.787	366.533
12.9154	344.381	366.009
12.9274	343.977	365.487
12.9393	343.575	364.968
12.9512	343.175	364.452
12.9632	342.778	363.938
12.9751	342.384	363.426
12.987	341.991	362.918
12.999	341.601	362.411
13.0109	341.213	361.908
13.0229	340.828	361.407
13.0348	340.444	360.908
13.0467	340.063	360.412
13.0587	339.685	359.918
13.0706	339.308	359.427
13.0825	338.934	358.939
13.0945	338.562	358.453
13.1064	338.193	357.97
13.1183	337.825	357.489
13.1303	337.46	357.011
13.1422	337.097	356.535
13.1542	336.736	356.061
13.1661	336.378	355.591
13.178	336.022	355.122
13.19	335.667	354.657
13.2019	335.316	354.193
13.2138	334.966	353.732
13.2258	334.618	353.274
13.2377	334.273	352.818
13.2496	333.93	352.365
13.2616	333.589	351.914
13.2735	333.25	351.465
13.2855	332.913	351.019
13.2974	332.579	350.576
13.3093	332.246	350.135
13.3213	331.916	349.696
13.3332	331.588	349.26
13.3451	331.262	348.826
13.3571	330.938	348.395
13.369	330.616	347.966
13.381	330.296	347.539
13.3929	329.978	347.115
13.4048	329.663	346.693
13.4168	329.349	346.274
13.4287	329.038	345.857
13.4406	328.728	345.443
13.4526	328.421	345.03
13.4645	328.116	344.621
13.4764	327.812	344.213
13.4884	327.511	343.808
13.5003	327.212	343.406
13.5123	326.914	343.005
13.5242	326.619	342.607
13.5361	326.326	342.212
13.5481	326.034	341.818
13.56	325.745	341.427
13.5719	325.458	341.038
13.5839	325.172	340.652
13.5958	324.889	340.268
13.6077	324.607	339.886
13.6197	324.327	339.507
13.6316	324.05	339.13
13.6436	323.774	338.755
13.6555	323.5	338.382
13.6674	323.228	338.012
13.6794	322.958	337.644
13.6913	322.69	337.278
13.7032	322.424	336.914
13.7152	322.159	336.553
13.7271	321.897	336.194
13.7391	321.636	335.837
13.751	321.377	335.482
13.7629	321.12	335.13
13.7749	320.865	334.779
13.7868	320.611	334.431
13.7987	320.36	334.085
13.8107	320.11	333.742
13.8226	319.862	333.4
13.8345	319.616	333.061
13.8465	319.372	332.724
13.8584	319.129	332.389
13.8704	318.888	332.056
13.8823	318.649	331.725
13.8942	318.412	331.396
13.9062	318.176	331.07
13.9181	317.942	330.746
13.93	317.71	330.423
13.942	317.48	330.103
13.9539	317.251	329.785
13.9658	317.024	329.469
13.9778	316.799	329.155
13.9897	316.575	328.843
14.0017	316.353	328.534
14.0136	316.133	328.226
14.0255	315.914	327.92
14.0375	315.697	327.617
14.0494	315.482	327.315
14.0613	315.268	327.015
14.0733	315.056	326.718
14.0852	314.846	326.422
14.0971	314.637	326.129
14.1091	314.429	325.837
14.121	314.224	325.548
14.133	314.02	325.26
14.1449	313.817	324.975
14.1568	313.616	324.691
14.1688	313.417	324.409
14.1807	313.219	324.13
14.1926	313.023	323.852
14.2046	312.828	323.576
14.2165	312.635	323.302
14.2285	312.443	323.03
14.2404	312.253	322.76
14.2523	312.064	322.492
14.2643	311.877	322.225
14.2762	311.691	321.961
14.2881	311.507	321.698
14.3001	311.324	321.438
14.312	311.143	321.179
14.3239	310.963	320.922
14.3359	310.785	320.667
14.3478	310.608	320.413
14.3598	310.433	320.162
14.3717	310.258	319.912
14.3836	310.086	319.664
14.3956	309.915	319.418
14.4075	309.745	319.174
14.4194	309.576	318.931
14.4314	309.409	318.691
14.4433	309.243	318.452
14.4552	309.079	318.214
14.4672	308.916	317.979
14.4791	308.754	317.745
14.4911	308.594	317.513
14.503	308.435	317.283
14.5149	308.277	317.055
14.5269	308.121	316.828
14.5388	307.966	316.603
14.5507	307.812	316.379
14.5627	307.66	316.157
14.5746	307.509	315.937
14.5866	307.359	315.719
14.5985	307.211	315.502
14.6104	307.063	315.287
14.6224	306.917	315.074
14.6343	306.772	314.862
14.6462	306.629	314.652
14.6582	306.486	314.443
14.6701	306.345	314.236
14.682	306.205	314.031
14.694	306.067	313.827
14.7059	305.929	313.625
14.7179	305.793	313.424
14.7298	305.658	313.225
14.7417	305.524	313.028
14.7537	305.391	312.832
14.7656	305.26	312.638
14.7775	305.129	312.445
14.7895	305	312.253
14.8014	304.872	312.064
14.8133	304.745	311.875
14.8253	304.619	311.689
14.8372	304.494	311.503
14.8492	304.371	311.32
14.8611	304.248	311.137
14.873	304.127	310.956
14.885	304.007	310.777
14.8969	303.887	310.599
14.9088	303.769	310.423
14.9208	303.652	310.248
14.9327	303.536	310.074
14.9446	303.421	309.902
14.9566	303.307	309.731
14.9685	303.194	309.562
14.9805	303.082	309.394
14.9924	302.971	309.227
15.0043	302.862	309.062
15.0163	302.753	308.898
15.0282	302.645	308.736
15.0401	302.538	308.574
15.0521	302.432	308.415
15.064	302.328	308.256
15.076	302.224	308.099
15.0879	302.121	307.943
15.0998	302.019	307.789
15.1118	301.918	307.636
15.1237	301.818	307.484
15.1356	301.719	307.333
15.1476	301.621	307.184
15.1595	301.524	307.036
15.1714	301.427	306.889
15.1834	301.332	306.744
15.1953	301.237	306.6
15.2073	301.144	306.457
15.2192	301.051	306.315
15.2311	300.959	306.174
15.2431	300.869	306.035
15.255	300.779	305.897
15.2669	300.689	305.76
15.2789	300.601	305.625
15.2908	300.514	305.49
15.3027	300.427	305.357
15.3147	300.341	305.225
15.3266	300.256	305.094
15.3386	300.172	304.964
15.3505	300.089	304.835
15.3624	300.007	304.708
15.3744	299.925	304.582
15.3863	299.844	304.456
15.3982	299.764	304.332
15.4102	299.685	304.209
15.4221	299.607	304.088
15.4341	299.529	303.967
15.446	299.452	303.847
15.4579	299.376	303.729
15.4699	299.301	303.611
15.4818	299.226	303.495
15.4937	299.152	303.379
15.5057	299.079	303.265
15.5176	299.007	303.152
15.5295	298.935	303.04
15.5415	298.864	302.928
15.5534	298.794	302.818
15.5654	298.725	302.709
15.5773	298.656	302.601
15.5892	298.588	302.494
15.6012	298.521	302.388
15.6131	298.454	302.283
15.625	298.388	302.178
15.637	298.323	302.075
15.6489	298.258	301.973
15.6608	298.194	301.872
15.6728	298.131	301.772
15.6847	298.068	301.672
15.6967	298.006	301.574
15.7086	297.945	301.477
15.7205	297.885	301.38
15.7325	297.825	301.285
15.7444	297.765	301.19
15.7563	297.706	301.096
15.7683	297.648	301.003
15.7802	297.591	300.911
15.7921	297.534	300.82
15.8041	297.477	300.73
15.816	297.422	300.641
15.828	297.367	300.552
15.8399	297.312	300.465
15.8518	297.258	300.378
15.8638	297.205	300.292
15.8757	297.152	300.207
15.8876	297.1	300.123
15.8996	297.048	300.04
15.9115	296.997	299.957
15.9235	296.947	299.876
15.9354	296.897	299.795
15.9473	296.847	299.715
15.9593	296.798	299.635
15.9712	296.75	299.557
15.9831	296.702	299.479
15.9951	296.655	299.402
16.007	296.608	299.326
16.0189	296.562	299.251
16.0309	296.516	299.176
16.0428	296.471	299.102
16.0548	296.426	299.029
16.0667	296.382	298.957
16.0786	296.338	298.885
16.0906	296.295	298.814
16.1025	296.252	298.744
16.1144	296.21	298.675
16.1264	296.168	298.606
16.1383	296.127	298.538
16.1502	296.086	298.471
16.1622	296.045	298.404
16.1741	296.005	298.338
16.1861	295.966	298.273
16.198	295.927	298.208
16.2099	295.888	298.144
16.2219	295.85	298.081
16.2338	295.812	298.019
16.2457	295.775	297.957
16.2577	295.738	297.896
16.2696	295.702	297.835
16.2816	295.666	297.775
16.2935	295.63	297.716
16.3054	295.595	297.657
16.3174	295.56	297.599
16.3293	295.526	297.542
16.3412	295.492	297.485
16.3532	295.458	297.429
16.3651	295.425	297.373
16.377	295.393	297.318
16.389	295.36	297.264
16.4009	295.328	297.21
16.4129	295.297	297.156
16.4248	295.265	297.104
16.4367	295.234	297.052
16.4487	295.204	297
16.4606	295.174	296.949
16.4725	295.144	296.899
16.4845	295.114	296.849
16.4964	295.085	296.8
16.5083	295.057	296.751
16.5203	295.028	296.703
16.5322	295	296.655
16.5442	294.973	296.608
16.5561	294.945	296.561
16.568	294.918	296.515
16.58	294.891	296.47
16.5919	294.865	296.425
16.6038	294.839	296.38
16.6158	294.813	296.336
16.6277	294.788	296.292
16.6396	294.763	296.249
16.6516	294.738	296.207
16.6635	294.713	296.165
16.6755	294.689	296.123
16.6874	294.665	296.082
16.6993	294.642	296.041
16.7113	294.618	296.001
16.7232	294.595	295.961
16.7351	294.573	295.922
16.7471	294.55	295.883
16.759	294.528	295.845
16.771	294.506	295.807
16.7829	294.485	295.769
16.7948	294.463	295.732
16.8068	294.442	295.695
16.8187	294.421	295.659
16.8306	294.401	295.623
16.8426	294.381	295.588
16.8545	294.361	295.553
16.8664	294.341	295.518
16.8784	294.321	295.484
16.8903	294.302	295.45
16.9023	294.283	295.417
16.9142	294.264	295.384
16.9261	294.246	295.352
16.9381	294.227	295.319
16.95	294.209	295.288
16.9619	294.192	295.256
16.9739	294.174	295.225
16.9858	294.157	295.194
16.9977	294.14	295.164
17.0097	294.123	295.134
17.0216	294.106	295.105
17.0336	294.09	295.075
17.0455	294.073	295.047
17.0574	294.057	295.018
17.0694	294.041	294.99
17.0813	294.026	294.962
17.0932	294.01	294.935
17.1052	293.995	294.907
17.1171	293.98	294.881
17.1291	293.965	294.854
17.141	293.951	294.828
17.1529	293.936	294.802
17.1649	293.922	294.777
17.1768	293.908	294.751
17.1887	293.894	294.727
17.2007	293.881	294.702
17.2126	293.867	294.678
17.2245	293.854	294.654
17.2365	293.841	294.63
17.2484	293.828	294.607
17.2604	293.815	294.584
17.2723	293.803	294.561
17.2842	293.79	294.538
17.2962	293.778	294.516
17.3081	293.766	294.494
17.32	293.754	294.473
17.332	293.742	294.451
17.3439	293.731	294.43
17.3558	293.719	294.409
17.3678	293.708	294.389
17.3797	293.697	294.368
17.3917	293.686	294.348
17.4036	293.675	294.329
17.4155	293.665	294.309
17.4275	293.654	294.29
17.4394	293.644	294.271
17.4513	293.634	294.252
17.4633	293.624	294.233
17.4752	293.614	294.215
17.4871	293.604	294.197
17.4991	293.594	294.179
17.511	293.585	294.162
17.523	293.576	294.144
17.5349	293.566	294.127
17.5468	293.557	294.11
17.5588	293.548	294.094
17.5707	293.539	294.077
17.5826	293.531	294.061
17.5946	293.522	294.045
17.6065	293.514	294.029
17.6185	293.505	294.014
17.6304	293.497	293.998
17.6423	293.489	293.983
17.6543	293.481	293.968
17.6662	293.473	293.953
17.6781	293.465	293.939
17.6901	293.458	293.924
17.702	293.45	293.91
17.7139	293.443	293.896
17.7259	293.436	293.882
17.7378	293.428	293.869
17.7498	293.421	293.855
17.7617	293.414	293.842
17.7736	293.407	293.829
17.7856	293.401	293.816
17.7975	293.394	293.803
17.8094	293.387	293.791
17.8214	293.381	293.778
17.8333	293.375	293.766
17.8452	293.368	293.754
17.8572	293.362	293.742
17.8691	293.356	293.731
17.8811	293.35	293.719
17.893	293.344	293.708
17.9049	293.338	293.697
17.9169	293.333	293.686
17.9288	293.327	293.675
17.9407	293.321	293.664
17.9527	293.316	293.653
17.9646	293.31	293.643
17.9766	293.305	293.633
17.9885	293.3	293.623
18.0004	293.295	293.613
18.0124	293.29	293.603
18.0243	293.285	293.593
18.0362	293.28	293.583
18.0482	293.275	293.574
18.0601	293.27	293.565
18.072	293.265	293.556
18.084	293.261	293.546
18.0959	293.256	293.538
18.1079	293.252	293.529
18.1198	293.247	293.52
18.1317	293.243	293.512
18.1437	293.239	293.503
18.1556	293.235	293.495
18.1675	293.23	293.487
18.1795	293.226	293.479
18.1914	293.222	293.471
18.2033	293.218	293.463
18.2153	293.215	293.455
18.2272	293.211	293.448
18.2392	293.207	293.44
18.2511	293.203	293.433
18.263	293.2	293.426
18.275	293.196	293.419
18.2869	293.193	293.412
18.2988	293.189	293.405
18.3108	293.186	293.398
18.3227	293.182	293.391
18.3346	293.179	293.385
18.3466	293.176	293.378
18.3585	293.173	293.372
18.3705	293.17	293.365
18.3824	293.166	293.359
18.3943	293.163	293.353
18.4063	293.16	293.347
18.4182	293.157	293.341
18.4301	293.155	293.335
18.4421	293.152	293.329
18.454	293.149	293.324
18.466	293.146	293.318
18.4779	293.144	293.313
18.4898	293.141	293.307
18.5018	293.138	293.302
18.5137	293.136	293.297
18.5256	293.133	293.292
18.5376	293.131	293.286
18.5495	293.128	293.281
18.5614	293.126	293.277
18.5734	293.123	293.272
18.5853	293.121	293.267
18.5973	293.119	293.262
18.6092	293.117	293.258
18.6211	293.114	293.253
18.6331	293.112	293.249
18.645	293.11	293.244
18.6569	293.108	293.24
18.6689	293.106	293.236
18.6808	293.104	293.231
18.6927	293.102	293.227
18.7047	293.1	293.223
18.7166	293.098	293.219
18.7286	293.096	293.215
18.7405	293.094	293.211
18.7524	293.093	293.208
18.7644	293.091	293.204
18.7763	293.089	293.2
18.7882	293.087	293.197
18.8002	293.086	293.193
18.8121	293.084	293.189
18.8241	293.082	293.186
18.836	293.081	293.183
18.8479	293.079	293.179
18.8599	293.078	293.176
18.8718	293.076	293.173
18.8837	293.075	293.17
18.8957	293.073	293.166
18.9076	293.072	293.163
18.9195	293.07	293.16
18.9315	293.069	293.157
18.9434	293.067	293.154
18.9554	293.066	293.152
18.9673	293.065	293.149
18.9792	293.064	293.146
18.9912	293.062	293.143
19.0031	293.061	293.141
19.015	293.06	293.138
19.027	293.059	293.135
19.0389	293.057	293.133
19.0508	293.056	293.13
19.0628	293.055	293.128
19.0747	293.054	293.125
19.0867	293.053	293.123
19.0986	293.052	293.121
19.1105	293.051	293.118
19.1225	293.05	293.116
19.1344	293.049	293.114
19.1463	293.048	293.112
19.1583	293.047	293.11
19.1702	293.046	293.107
19.1821	293.045	293.105
19.1941	293.044	293.103
19.206	293.043	293.101
19.218	293.042	293.099
19.2299	293.041	293.097
19.2418	293.04	293.095
19.2538	293.04	293.094
19.2657	293.039	293.092
19.2776	293.038	293.09
19.2896	293.037	293.088
19.3015	293.036	293.087
19.3135	293.036	293.085
19.3254	293.035	293.083
19.3373	293.034	293.081
19.3493	293.033	293.08
19.3612	293.033	293.078
19.3731	293.032	293.077
19.3851	293.031	293.075
19.397	293.031	293.074
19.4089	293.03	293.072
19.4209	293.029	293.071
19.4328	293.029	293.069
19.4448	293.028	293.068
19.4567	293.027	293.067
19.4686	293.027	293.065
19.4806	293.026	293.064
19.4925	293.026	293.063
19.5044	293.025	293.061
19.5164	293.025	293.06
19.5283	293.024	293.059
19.5402	293.024	293.058
19.5522	293.023	293.056
19.5641	293.022	293.055
19.5761	293.022	293.054
19.588	293.022	293.053
19.5999	293.021	293.052
19.6119	293.021	293.051
19.6238	293.02	293.05
19.6357	293.02	293.049
19.6477	293.019	293.048
19.6596	293.019	293.047
19.6716	293.018	293.046
19.6835	293.018	293.045
19.6954	293.018	293.044
19.7074	293.017	293.043
19.7193	293.017	293.042
19.7312	293.016	293.041
19.7432	293.016	293.04
19.7551	293.016	293.039
19.767	293.015	293.039
19.779	293.015	293.038
19.7909	293.015	293.037
19.8029	293.014	293.036
19.8148	293.014	293.035
19.8267	293.014	293.035
19.8387	293.013	293.034
19.8506	293.013	293.033
19.8625	293.013	293.032
19.8745	293.012	293.032
19.8864	293.012	293.031
19.8983	293.012	293.03
19.9103	293.012	293.03
19.9222	293.011	293.029
19.9342	293.011	293.028
19.9461	293.011	293.028
19.958	293.011	293.027
19.97	293.01	293.027
19.9819	293.01	293.026
19.9938	293.01	293.025
20.0058	293.01	293.025
20.0177	293.009	293.024
20.0296	293.009	293.024
20.0416	293.009	293.023
20.0535	293.009	293.023
20.0655	293.008	293.022
20.0774	293.008	293.022
20.0893	293.008	293.021
20.1013	293.008	293.021
20.1132	293.008	293.02
20.1251	293.008	293.02
20.1371	293.007	293.019
20.149	293.007	293.019
20.161	293.007	293.019
20.1729	293.007	293.018
20.1848	293.007	293.018
20.1968	293.006	293.017
20.2087	293.006	293.017
20.2206	293.006	293.017
20.2326	293.006	293.016
20.2445	293.006	293.016
20.2564	293.006	293.015
20.2684	293.006	293.015
20.2803	293.005	293.015
20.2923	293.005	293.014
20.3042	293.005	293.014
20.3161	293.005	293.014
20.3281	293.005	293.013
20.34	293.005	293.013
20.3519	293.005	293.013
20.3639	293.005	293.012
20.3758	293.004	293.012
20.3877	293.004	293.012
20.3997	293.004	293.012
20.4116	293.004	293.011
20.4236	293.004	293.011
20.4355	293.004	293.011
20.4474	293.004	293.011
20.4594	293.004	293.01
20.4713	293.004	293.01
20.4832	293.004	293.01
20.4952	293.003	293.01
20.5071	293.003	293.009
20.5191	293.003	293.009
20.531	293.003	293.009
20.5429	293.003	293.009
20.5549	293.003	293.008
20.5668	293.003	293.008
20.5787	293.003	293.008
20.5907	293.003	293.008
20.6026	293.003	293.008
20.6145	293.003	293.007
20.6265	293.003	293.007
20.6384	293.002	293.007
20.6504	293.002	293.007
20.6623	293.002	293.007
20.6742	293.002	293.007
20.6862	293.002	293.006
20.6981	293.002	293.006
20.71	293.002	293.006
20.722	293.002	293.006
20.7339	293.002	293.006
20.7458	293.002	293.006
20.7578	293.002	293.005
20.7697	293.002	293.005
20.7817	293.002	293.005
20.7936	293.002	293.005
20.8055	293.002	293.005
20.8175	293.002	293.005
20.8294	293.002	293.005
20.8413	293.002	293.005
20.8533	293.002	293.004
20.8652	293.001	293.004
20.8771	293.001	293.004
20.8891	293.001	293.004
20.901	293.001	293.004
20.913	293.001	293.004
20.9249	293.001	293.004
20.9368	293.001	293.004
20.9488	293.001	293.004
20.9607	293.001	293.004
20.9726	293.001	293.003
20.9846	293.001	293.003
20.9965	293.001	293.003
21.0085	293.001	293.003
21.0204	293.001	293.003
21.0323	293.001	293.003
21.0443	293.001	293.003
21.0562	293.001	293.003
21.0681	293.001	293.003
21.0801	293.001	293.003
21.092	293.001	293.003
21.1039	293.001	293.003
21.1159	293.001	293.002
21.1278	293.001	293.002
21.1398	293.001	293.002
21.1517	293.001	293.002
21.1636	293.001	293.002
21.1756	293.001	293.002
21.1875	293.001	293.002
21.1994	293.001	293.002
21.2114	293.001	293.002
21.2233	293.001	293.002
21.2352	293.001	293.002
21.2472	293.001	293.002
21.2591	293.001	293.002
21.2711	293.001	293.002
21.283	293.001	293.002
21.2949	293.001	293.002
21.3069	293	293.002
21.3188	293	293.002
21.3307	293	293.001
21.3427	293	293.001
21.3546	293	293.001
21.3666	293	293.001
21.3785	293	293.001
21.3904	293	293.001
21.4024	293	293.001
21.4143	293	293.001
21.4262	293	293.001
21.4382	293	293.001
21.4501	293	293.001
21.462	293	293.001
21.474	293	293.001
21.4859	293	293.001
21.4979	293	293.001
21.5098	293	293.001
21.5217	293	293.001
21.5337	293	293.001
21.5456	293	293.001
21.5575	293	293.001
21.5695	293	293.001
21.5814	293	293.001
21.5933	293	293.001
21.6053	293	293.001
21.6172	293	293.001
21.6292	293	293.001
21.6411	293	293.001
21.653	293	293.001
21.665	293	293.001
21.6769	293	293.001
21.6888	293	293.001
21.7008	293	293.001
21.7127	293	293.001
21.7246	293	293.001
21.7366	293	293.001
21.7485	293	293.001
21.7605	293	293
21.7724	293	293
21.7843	293	293
21.7963	293	293
21.8082	293	293
21.8201	293	293
21.8321	293	293
21.844	293	293
21.856	293	293
21.8679	293	293
21.8798	293	293
21.8918	293	293
21.9037	293	293
21.9156	293	293
21.9276	293	293
21.9395	293	293
21.9514	293	293
21.9634	293	293
21.9753	293	293
21.9873	293	293
21.9992	293	293
22.0111	293	293
22.0231	293	293
22.035	293	293
22.0469	293	293
22.0589	293	293
22.0708	293	293
22.0827	293	293
22.0947	293	293
22.1066	293	293
22.1186	293	293
22.1305	293	293
22.1424	293	293
22.1544	293	293
22.1663	293	293
22.1782	293	293
22.1902	293	293
22.2021	293	293
22.2141	293	293
22.226	293	293
22.2379	293	293
22.2499	293	293
22.2618	293	293
22.2737	293	293
22.2857	293	293
22.2976	293	293
22.3095	293	293
22.3215	293	293
22.3334	293	293
22.3454	293	293
22.3573	293	293
22.3692	293	293
22.3812	293	293
22.3931	293	293
22.405	293	293
22.417	293	293
22.4289	293	293
22.4408	293	293
22.4528	293	293
22.4647	293	293
22.4767	293	293
22.4886	293	293
22.5005	293	293
22.5125	293	293
22.5244	293	293
22.5363	293	293
22.5483	293	293
22.5602	293	293
22.5721	293	293
22.5841	293	293
22.596	293	293
22.608	293	293
22.6199	293	293
22.6318	293	293
22.6438	293	293
22.6557	293	293
22.6676	293	293
22.6796	293	293
22.6915	293	293
22.7035	293	293
22.7154	293	293
22.7273	293	293
22.7393	293	293
22.7512	293	293
22.7631	293	293
22.7751	293	293
22.787	293	293
22.7989	293	293
22.8109	293	293
22.8228	293	293
22.8348	293	293
22.8467	293	293
22.8586	293	293
22.8706	293	293
22.8825	293	293
22.8944	293	293
22.9064	293	293
22.9183	293	293
22.9302	293	293
22.9422	293	293
22.9541	293	293
22.9661	293	293
22.978	293	293
22.9899	293	293
23.0019	293	293
23.0138	293	293
23.0257	293	293
23.0377	293	293
23.0496	293	293
23.0616	293	293
23.0735	293	293
23.0854	293	293
23.0974	293	293
23.1093	293	293
23.1212	293	293
23.1332	293	293
23.1451	293	293
23.157	293	293
23.169	293	293
23.1809	293	293
23.1929	293	293
23.2048	293	293
23.2167	293	293
23.2287	293	293
23.2406	293	293
23.2525	293	293
23.2645	293	293
23.2764	293	293
23.2883	293	293
23.3003	293	293
23.3122	293	293
23.3242	293	293
23.3361	293	293
23.348	293	293
23.36	293	293
23.3719	293	293
23.3838	293	293
23.3958	293	293
23.4077	293	293
23.4196	293	293
23.4316	293	293
23.4435	293	293
23.4555	293	293
23.4674	293	293
23.4793	293	293
23.4913	293	293
23.5032	293	293
23.5151	293	293
23.5271	293	293
23.539	293	293
23.551	293	293
23.5629	293	293
23.5748	293	293
23.5868	293	293
23.5987	293	293
23.6106	293	293
23.6226	293	293
23.6345	293	293
23.6464	293	293
23.6584	293	293
23.6703	293	293
23.6823	293	293
23.6942	293	293
23.7061	293	293
23.7181	293	293
23.73	293	293
23.7419	293	293
23.7539	293	293
23.7658	293	293
23.7777	293	293
23.7897	293	293
23.8016	293	293
23.8136	293	293
23.8255	293	293
23.8374	293	293
23.8494	293	293
23.8613	293	293
23.8732	293	293
