0	873	785.187
0.0119366	800.974	785.126
0.0238732	785.049	785.045
0.0358099	785.005	784.994
0.0477465	784.942	784.924
0.0596831	784.859	784.834
0.0716197	784.757	784.725
0.0835563	784.638	784.599
0.095493	784.501	784.455
0.10743	784.347	784.296
0.119366	784.178	784.121
0.131303	783.995	783.932
0.143239	783.798	783.73
0.155176	783.59	783.517
0.167113	783.369	783.292
0.179049	783.139	783.058
0.190986	782.9	782.815
0.202923	782.652	782.564
0.214859	782.397	782.306
0.226796	782.135	782.042
0.238732	781.868	781.773
0.250669	781.596	781.499
0.262606	781.32	781.221
0.274542	781.039	780.939
0.286479	780.756	780.654
0.298416	780.47	780.367
0.310352	780.181	780.077
0.322289	779.89	779.786
0.334225	779.598	779.493
0.346162	779.304	779.199
0.358099	779.009	778.903
0.370035	778.713	778.606
0.381972	778.415	778.308
0.393908	778.117	778.01
0.405845	777.818	777.711
0.417782	777.519	777.411
0.429718	777.218	777.11
0.441655	776.917	776.809
0.453592	776.616	776.507
0.465528	776.314	776.205
0.477465	776.012	775.903
0.489401	775.709	775.599
0.501338	775.405	775.296
0.513275	775.101	774.992
0.525211	774.797	774.687
0.537148	774.492	774.382
0.549085	774.187	774.077
0.561021	773.881	773.771
0.572958	773.575	773.465
0.584894	773.269	773.158
0.596831	772.962	772.851
0.608768	772.654	772.544
0.620704	772.346	772.236
0.632641	772.038	771.927
0.644578	771.73	771.618
0.656514	771.421	771.309
0.668451	771.111	771
0.680387	770.801	770.69
0.692324	770.491	770.379
0.704261	770.18	770.068
0.716197	769.869	769.757
0.728134	769.557	769.445
0.74007	769.245	769.133
0.752007	768.933	768.821
0.763944	768.62	768.508
0.77588	768.307	768.194
0.787817	767.993	767.881
0.799754	767.679	767.566
0.81169	767.365	767.252
0.823627	767.05	766.937
0.835563	766.735	766.621
0.8475	766.419	766.306
0.859437	766.103	765.99
0.871373	765.787	765.673
0.88331	765.47	765.356
0.895247	765.153	765.039
0.907183	764.835	764.721
0.91912	764.517	764.403
0.931056	764.199	764.084
0.942993	763.88	763.765
0.95493	763.561	763.446
0.966866	763.242	763.126
0.978803	762.922	762.806
0.99074	762.601	762.486
1.00268	762.281	762.165
1.01461	761.959	761.844
1.02655	761.638	761.522
1.03849	761.316	761.2
1.05042	760.994	760.878
1.06236	760.671	760.555
1.0743	760.348	760.232
1.08623	760.025	759.908
1.09817	759.701	759.584
1.11011	759.377	759.26
1.12204	759.052	758.936
1.13398	758.728	758.611
1.14592	758.402	758.285
1.15785	758.077	757.959
1.16979	757.751	757.633
1.18173	757.424	757.307
1.19366	757.098	756.98
1.2056	756.771	756.653
1.21754	756.443	756.325
1.22947	756.115	755.997
1.24141	755.787	755.669
1.25335	755.459	755.34
1.26528	755.13	755.011
1.27722	754.801	754.682
1.28916	754.471	754.352
1.30109	754.141	754.022
1.31303	753.811	753.692
1.32496	753.48	753.361
1.3369	753.149	753.03
1.34884	752.818	752.698
1.36077	752.486	752.366
1.37271	752.154	752.034
1.38465	751.821	751.702
1.39658	751.489	751.369
1.40852	751.156	751.036
1.42046	750.822	750.702
1.43239	750.488	750.368
1.44433	750.154	750.034
1.45627	749.82	749.699
1.4682	749.485	749.364
1.48014	749.15	749.029
1.49208	748.814	748.694
1.50401	748.479	748.358
1.51595	748.143	748.021
1.52789	747.806	747.685
1.53982	747.469	747.348
1.55176	747.132	747.011
1.5637	746.795	746.673
1.57563	746.457	746.335
1.58757	746.119	745.997
1.59951	745.781	745.659
1.61144	745.442	745.32
1.62338	745.103	744.981
1.63532	744.763	744.641
1.64725	744.424	744.301
1.65919	744.084	743.961
1.67113	743.743	743.621
1.68306	743.403	743.28
1.695	743.062	742.939
1.70694	742.72	742.597
1.71887	742.379	742.256
1.73081	742.037	741.914
1.74275	741.695	741.571
1.75468	741.352	741.229
1.76662	741.009	740.886
1.77856	740.666	740.543
1.79049	740.323	740.199
1.80243	739.979	739.855
1.81437	739.635	739.511
1.8263	739.291	739.167
1.83824	738.946	738.822
1.85018	738.601	738.477
1.86211	738.256	738.132
1.87405	737.911	737.786
1.88599	737.565	737.44
1.89792	737.219	737.094
1.90986	736.872	736.747
1.9218	736.526	736.401
1.93373	736.179	736.054
1.94567	735.831	735.706
1.95761	735.484	735.359
1.96954	735.136	735.011
1.98148	734.788	734.663
1.99342	734.44	734.314
2.00535	734.091	733.965
2.01729	733.742	733.616
2.02923	733.393	733.267
2.04116	733.043	732.917
2.0531	732.693	732.567
2.06504	732.343	732.217
2.07697	731.993	731.867
2.08891	731.642	731.516
2.10085	731.292	731.165
2.11278	730.94	730.814
2.12472	730.589	730.462
2.13666	730.237	730.111
2.14859	729.885	729.759
2.16053	729.533	729.406
2.17246	729.181	729.054
2.1844	728.828	728.701
2.19634	728.475	728.348
2.20827	728.122	727.995
2.22021	727.768	727.641
2.23215	727.415	727.287
2.24408	727.061	726.933
2.25602	726.706	726.579
2.26796	726.352	726.224
2.27989	725.997	725.869
2.29183	725.642	725.514
2.30377	725.287	725.159
2.3157	724.931	724.803
2.32764	724.575	724.447
2.33958	724.219	724.091
2.35151	723.863	723.735
2.36345	723.507	723.378
2.37539	723.15	723.021
2.38732	722.793	722.664
2.39926	722.436	722.307
2.4112	722.078	721.949
2.42313	721.72	721.591
2.43507	721.362	721.233
2.44701	721.004	720.875
2.45894	720.646	720.517
2.47088	720.287	720.158
2.48282	719.928	719.799
2.49475	719.569	719.44
2.50669	719.21	719.08
2.51863	718.85	718.721
2.53056	718.49	718.361
2.5425	718.13	718.001
2.55444	717.77	717.64
2.56637	717.41	717.28
2.57831	717.049	716.919
2.59025	716.688	716.558
2.60218	716.327	716.197
2.61412	715.966	715.835
2.62606	715.604	715.474
2.63799	715.242	715.112
2.64993	714.88	714.75
2.66187	714.518	714.387
2.6738	714.155	714.025
2.68574	713.793	713.662
2.69768	713.43	713.299
2.70961	713.067	712.936
2.72155	712.704	712.573
2.73349	712.34	712.209
2.74542	711.976	711.845
2.75736	711.613	711.481
2.7693	711.248	711.117
2.78123	710.884	710.753
2.79317	710.52	710.388
2.80511	710.155	710.024
2.81704	709.79	709.659
2.82898	709.425	709.293
2.84092	709.06	708.928
2.85285	708.694	708.562
2.86479	708.329	708.197
2.87673	707.963	707.831
2.88866	707.597	707.465
2.9006	707.23	707.098
2.91254	706.864	706.732
2.92447	706.497	706.365
2.93641	706.13	705.998
2.94835	705.763	705.631
2.96028	705.396	705.264
2.97222	705.029	704.896
2.98416	704.661	704.529
2.99609	704.293	704.161
3.00803	703.926	703.793
3.01997	703.557	703.425
3.0319	703.189	703.056
3.04384	702.821	702.688
3.05577	702.452	702.319
3.06771	702.083	701.95
3.07965	701.714	701.581
3.09158	701.345	701.212
3.10352	700.976	700.843
3.11546	700.606	700.473
3.12739	700.236	700.103
3.13933	699.867	699.733
3.15127	699.497	699.363
3.1632	699.126	698.993
3.17514	698.756	698.623
3.18708	698.386	698.252
3.19901	698.015	697.881
3.21095	697.644	697.51
3.22289	697.273	697.139
3.23482	696.902	696.768
3.24676	696.53	696.397
3.2587	696.159	696.025
3.27063	695.787	695.653
3.28257	695.416	695.282
3.29451	695.044	694.91
3.30644	694.671	694.537
3.31838	694.299	694.165
3.33032	693.927	693.793
3.34225	693.554	693.42
3.35419	693.181	693.047
3.36613	692.809	692.674
3.37806	692.436	692.301
3.39	692.062	691.928
3.40194	691.689	691.555
3.41387	691.316	691.181
3.42581	690.942	690.807
3.43775	690.568	690.434
3.44968	690.194	690.06
3.46162	689.82	689.686
3.47356	689.446	689.311
3.48549	689.072	688.937
3.49743	688.697	688.562
3.50937	688.323	688.188
3.5213	687.948	687.813
3.53324	687.573	687.438
3.54518	687.198	687.063
3.55711	686.823	686.688
3.56905	686.448	686.313
3.58099	686.072	685.937
3.59292	685.697	685.562
3.60486	685.321	685.186
3.6168	684.946	684.81
3.62873	684.57	684.434
3.64067	684.194	684.058
3.65261	683.817	683.682
3.66454	683.441	683.305
3.67648	683.065	682.929
3.68842	682.688	682.552
3.70035	682.311	682.176
3.71229	681.935	681.799
3.72423	681.558	681.422
3.73616	681.181	681.045
3.7481	680.804	680.668
3.76004	680.426	680.29
3.77197	680.049	679.913
3.78391	679.672	679.535
3.79585	679.294	679.158
3.80778	678.916	678.78
3.81972	678.538	678.402
3.83166	678.16	678.024
3.84359	677.782	677.646
3.85553	677.404	677.268
3.86747	677.026	676.889
3.8794	676.647	676.511
3.89134	676.269	676.133
3.90327	675.89	675.754
3.91521	675.512	675.375
3.92715	675.133	674.996
3.93908	674.754	674.617
3.95102	674.375	674.238
3.96296	673.996	673.859
3.97489	673.616	673.48
3.98683	673.237	673.1
3.99877	672.858	672.721
4.0107	672.478	672.341
4.02264	672.099	671.962
4.03458	671.719	671.582
4.04651	671.339	671.202
4.05845	670.959	670.822
4.07039	670.579	670.442
4.08232	670.199	670.062
4.09426	669.819	669.682
4.1062	669.438	669.301
4.11813	669.058	668.921
4.13007	668.677	668.54
4.14201	668.297	668.16
4.15394	667.916	667.779
4.16588	667.535	667.398
4.17782	667.155	667.017
4.18975	666.774	666.636
4.20169	666.393	666.255
4.21363	666.012	665.874
4.22556	665.63	665.493
4.2375	665.249	665.112
4.24944	664.868	664.73
4.26137	664.486	664.349
4.27331	664.105	663.967
4.28525	663.723	663.586
4.29718	663.341	663.204
4.30912	662.96	662.822
4.32106	662.578	662.44
4.33299	662.196	662.058
4.34493	661.814	661.676
4.35687	661.432	661.294
4.3688	661.05	660.912
4.38074	660.667	660.529
4.39268	660.285	660.147
4.40461	659.903	659.765
4.41655	659.52	659.382
4.42849	659.138	659
4.44042	658.755	658.617
4.45236	658.372	658.234
4.4643	657.99	657.852
4.47623	657.607	657.469
4.48817	657.224	657.086
4.50011	656.841	656.703
4.51204	656.458	656.32
4.52398	656.075	655.937
4.53592	655.692	655.553
4.54785	655.308	655.17
4.55979	654.925	654.787
4.57173	654.542	654.403
4.58366	654.158	654.02
4.5956	653.775	653.636
4.60754	653.391	653.253
4.61947	653.007	652.869
4.63141	652.624	652.485
4.64335	652.24	652.102
4.65528	651.856	651.718
4.66722	651.472	651.334
4.67916	651.088	650.95
4.69109	650.704	650.566
4.70303	650.32	650.182
4.71497	649.936	649.798
4.7269	649.552	649.414
4.73884	649.168	649.029
4.75078	648.784	648.645
4.76271	648.399	648.261
4.77465	648.015	647.876
4.78658	647.63	647.492
4.79852	647.246	647.107
4.81046	646.861	646.723
4.82239	646.477	646.338
4.83433	646.092	645.954
4.84627	645.707	645.569
4.8582	645.323	645.184
4.87014	644.938	644.799
4.88208	644.553	644.414
4.89401	644.168	644.029
4.90595	643.783	643.644
4.91789	643.398	643.259
4.92982	643.013	642.874
4.94176	642.628	642.489
4.9537	642.243	642.104
4.96563	641.858	641.719
4.97757	641.473	641.334
4.98951	641.087	640.948
5.00144	640.702	640.563
5.01338	640.317	640.178
5.02532	639.931	639.792
5.03725	639.546	639.407
5.04919	639.16	639.021
5.06113	638.775	638.636
5.07306	638.389	638.25
5.085	638.003	637.864
5.09694	637.618	637.479
5.10887	637.232	637.093
5.12081	636.846	636.707
5.13275	636.461	636.321
5.14468	636.075	635.936
5.15662	635.689	635.55
5.16856	635.303	635.164
5.18049	634.917	634.778
5.19243	634.531	634.392
5.20437	634.145	634.006
5.2163	633.759	633.62
5.22824	633.373	633.234
5.24018	632.987	632.848
5.25211	632.601	632.461
5.26405	632.215	632.075
5.27599	631.828	631.689
5.28792	631.442	631.303
5.29986	631.056	630.916
5.3118	630.669	630.53
5.32373	630.283	630.144
5.33567	629.897	629.757
5.34761	629.51	629.371
5.35954	629.124	628.985
5.37148	628.737	628.598
5.38342	628.351	628.212
5.39535	627.964	627.825
5.40729	627.578	627.438
5.41923	627.191	627.052
5.43116	626.805	626.665
5.4431	626.418	626.278
5.45504	626.031	625.892
5.46697	625.645	625.505
5.47891	625.258	625.118
5.49085	624.871	624.732
5.50278	624.484	624.345
5.51472	624.097	623.958
5.52666	623.711	623.571
5.53859	623.324	623.184
5.55053	622.937	622.797
5.56247	622.55	622.41
5.5744	622.163	622.023
5.58634	621.776	621.636
5.59828	621.389	621.249
5.61021	621.002	620.862
5.62215	620.615	620.475
5.63408	620.228	620.088
5.64602	619.841	619.701
5.65796	619.454	619.314
5.66989	619.067	618.927
5.68183	618.679	618.54
5.69377	618.292	618.153
5.7057	617.905	617.765
5.71764	617.518	617.378
5.72958	617.131	616.991
5.74151	616.743	616.604
5.75345	616.356	616.216
5.76539	615.969	615.829
5.77732	615.581	615.442
5.78926	615.194	615.054
5.8012	614.807	614.667
5.81313	614.419	614.28
5.82507	614.032	613.892
5.83701	613.644	613.505
5.84894	613.257	613.117
5.86088	612.87	612.73
5.87282	612.482	612.342
5.88475	612.095	611.955
5.89669	611.707	611.567
5.90863	611.319	611.18
5.92056	610.932	610.792
5.9325	610.544	610.405
5.94444	610.157	610.017
5.95637	609.769	609.629
5.96831	609.382	609.242
5.98025	608.994	608.854
5.99218	608.606	608.467
6.00412	608.219	608.079
6.01606	607.831	607.691
6.02799	607.443	607.303
6.03993	607.056	606.916
6.05187	606.668	606.528
6.0638	606.28	606.14
6.07574	605.892	605.753
6.08768	605.505	605.365
6.09961	605.117	604.977
6.11155	604.729	604.589
6.12349	604.341	604.201
6.13542	603.953	603.813
6.14736	603.565	603.426
6.1593	603.178	603.038
6.17123	602.79	602.65
6.18317	602.402	602.262
6.19511	602.014	601.874
6.20704	601.626	601.486
6.21898	601.238	601.098
6.23092	600.85	600.71
6.24285	600.462	600.322
6.25479	600.074	599.934
6.26673	599.686	599.546
6.27866	599.298	599.158
6.2906	598.91	598.77
6.30254	598.522	598.382
6.31447	598.134	597.994
6.32641	597.746	597.606
6.33835	597.358	597.218
6.35028	596.97	596.83
6.36222	596.582	596.442
6.37416	596.194	596.054
6.38609	595.806	595.666
6.39803	595.418	595.278
6.40997	595.03	594.89
6.4219	594.641	594.501
6.43384	594.253	594.113
6.44578	593.865	593.725
6.45771	593.477	593.337
6.46965	593.089	592.949
6.48159	592.7	592.561
6.49352	592.312	592.172
6.50546	591.924	591.784
6.51739	591.536	591.396
6.52933	591.148	591.008
6.54127	590.759	590.619
6.5532	590.371	590.231
6.56514	589.983	589.843
6.57708	589.594	589.454
6.58901	589.206	589.066
6.60095	588.818	588.678
6.61289	588.43	588.289
6.62482	588.041	587.901
6.63676	587.653	587.513
6.6487	587.264	587.124
6.66063	586.876	586.736
6.67257	586.488	586.348
6.68451	586.099	585.959
6.69644	585.711	585.571
6.70838	585.322	585.182
6.72032	584.934	584.794
6.73225	584.546	584.406
6.74419	584.157	584.017
6.75613	583.769	583.629
6.76806	583.38	583.24
6.78	582.992	582.852
6.79194	582.603	582.463
6.80387	582.215	582.075
6.81581	581.826	581.686
6.82775	581.438	581.298
6.83968	581.049	580.909
6.85162	580.66	580.52
6.86356	580.272	580.132
6.87549	579.883	579.743
6.88743	579.495	579.355
6.89937	579.106	578.966
6.9113	578.717	578.577
6.92324	578.329	578.189
6.93518	577.94	577.8
6.94711	577.552	577.411
6.95905	577.163	577.023
6.97099	576.774	576.634
6.98292	576.385	576.245
6.99486	575.997	575.857
7.0068	575.608	575.468
7.01873	575.219	575.079
7.03067	574.83	574.69
7.04261	574.442	574.302
7.05454	574.053	573.913
7.06648	573.664	573.524
7.07842	573.275	573.135
7.09035	572.887	572.746
7.10229	572.498	572.357
7.11423	572.109	571.969
7.12616	571.72	571.58
7.1381	571.331	571.191
7.15004	570.942	570.802
7.16197	570.553	570.413
7.17391	570.164	570.024
7.18585	569.775	569.635
7.19778	569.386	569.246
7.20972	568.997	568.857
7.22166	568.608	568.468
7.23359	568.219	568.079
7.24553	567.83	567.69
7.25747	567.441	567.301
7.2694	567.052	566.912
7.28134	566.663	566.523
7.29328	566.274	566.134
7.30521	565.885	565.745
7.31715	565.496	565.356
7.32909	565.107	564.967
7.34102	564.718	564.577
7.35296	564.329	564.188
7.36489	563.939	563.799
7.37683	563.55	563.41
7.38877	563.161	563.021
7.4007	562.772	562.631
7.41264	562.383	562.242
7.42458	561.993	561.853
7.43651	561.604	561.464
7.44845	561.215	561.074
7.46039	560.825	560.685
7.47232	560.436	560.296
7.48426	560.047	559.906
7.4962	559.657	559.517
7.50813	559.268	559.127
7.52007	558.878	558.738
7.53201	558.489	558.349
7.54394	558.1	557.959
7.55588	557.71	557.57
7.56782	557.321	557.18
7.57975	556.931	556.791
7.59169	556.542	556.401
7.60363	556.152	556.011
7.61556	555.762	555.622
7.6275	555.373	555.232
7.63944	554.983	554.843
7.65137	554.594	554.453
7.66331	554.204	554.063
7.67525	553.814	553.674
7.68718	553.424	553.284
7.69912	553.035	552.894
7.71106	552.645	552.504
7.72299	552.255	552.115
7.73493	551.865	551.725
7.74687	551.476	551.335
7.7588	551.086	550.945
7.77074	550.696	550.555
7.78268	550.306	550.165
7.79461	549.916	549.775
7.80655	549.526	549.386
7.81849	549.136	548.996
7.83042	548.746	548.606
7.84236	548.356	548.216
7.8543	547.966	547.825
7.86623	547.576	547.435
7.87817	547.186	547.045
7.89011	546.796	546.655
7.90204	546.406	546.265
7.91398	546.016	545.875
7.92592	545.625	545.485
7.93785	545.235	545.094
7.94979	544.845	544.704
7.96173	544.455	544.314
7.97366	544.064	543.924
7.9856	543.674	543.533
7.99754	543.284	543.143
8.00947	542.893	542.752
8.02141	542.503	542.362
8.03335	542.112	541.972
8.04528	541.722	541.581
8.05722	541.331	541.191
8.06916	540.941	540.8
8.08109	540.55	540.41
8.09303	540.16	540.019
8.10497	539.769	539.628
8.1169	539.379	539.238
8.12884	538.988	538.847
8.14078	538.597	538.456
8.15271	538.206	538.066
8.16465	537.816	537.675
8.17659	537.425	537.284
8.18852	537.034	536.893
8.20046	536.643	536.502
8.2124	536.252	536.111
8.22433	535.861	535.72
8.23627	535.47	535.329
8.2482	535.079	534.938
8.26014	534.688	534.547
8.27208	534.297	534.156
8.28401	533.906	533.765
8.29595	533.515	533.374
8.30789	533.124	532.983
8.31982	532.733	532.592
8.33176	532.342	532.201
8.3437	531.95	531.809
8.35563	531.559	531.418
8.36757	531.168	531.027
8.37951	530.777	530.635
8.39144	530.385	530.244
8.40338	529.994	529.853
8.41532	529.602	529.461
8.42725	529.211	529.07
8.43919	528.819	528.678
8.45113	528.428	528.287
8.46306	528.036	527.895
8.475	527.645	527.503
8.48694	527.253	527.112
8.49887	526.861	526.72
8.51081	526.469	526.328
8.52275	526.078	525.936
8.53468	525.686	525.545
8.54662	525.294	525.153
8.55856	524.902	524.761
8.57049	524.51	524.369
8.58243	524.118	523.977
8.59437	523.726	523.585
8.6063	523.334	523.193
8.61824	522.942	522.801
8.63018	522.55	522.409
8.64211	522.158	522.017
8.65405	521.766	521.624
8.66599	521.374	521.232
8.67792	520.981	520.84
8.68986	520.589	520.448
8.7018	520.197	520.055
8.71373	519.804	519.663
8.72567	519.412	519.271
8.73761	519.02	518.878
8.74954	518.627	518.486
8.76148	518.235	518.093
8.77342	517.842	517.7
8.78535	517.449	517.308
8.79729	517.057	516.915
8.80923	516.664	516.523
8.82116	516.271	516.13
8.8331	515.879	515.737
8.84504	515.486	515.344
8.85697	515.093	514.951
8.86891	514.7	514.559
8.88085	514.307	514.166
8.89278	513.914	513.773
8.90472	513.521	513.38
8.91666	513.128	512.987
8.92859	512.735	512.594
8.94053	512.342	512.2
8.95247	511.949	511.807
8.9644	511.556	511.414
8.97634	511.163	511.021
8.98828	510.769	510.628
9.00021	510.376	510.234
9.01215	509.983	509.841
9.02409	509.589	509.447
9.03602	509.196	509.054
9.04796	508.802	508.661
9.0599	508.409	508.267
9.07183	508.015	507.873
9.08377	507.622	507.48
9.0957	507.228	507.086
9.10764	506.834	506.693
9.11958	506.441	506.299
9.13151	506.047	505.905
9.14345	505.653	505.511
9.15539	505.259	505.117
9.16732	504.866	504.724
9.17926	504.472	504.33
9.1912	504.078	503.936
9.20313	503.684	503.542
9.21507	503.29	503.148
9.22701	502.896	502.754
9.23894	502.502	502.359
9.25088	502.107	501.965
9.26282	501.713	501.571
9.27475	501.319	501.177
9.28669	500.925	500.783
9.29863	500.53	500.388
9.31056	500.136	499.994
9.3225	499.742	499.6
9.33444	499.347	499.205
9.34637	498.953	498.811
9.35831	498.558	498.416
9.37025	498.164	498.022
9.38218	497.769	497.627
9.39412	497.375	497.232
9.40606	496.98	496.838
9.41799	496.585	496.443
9.42993	496.191	496.048
9.44187	495.796	495.654
9.4538	495.401	495.259
9.46574	495.006	494.864
9.47768	494.611	494.469
9.48961	494.217	494.074
9.50155	493.822	493.679
9.51349	493.427	493.284
9.52542	493.032	492.889
9.53736	492.637	492.494
9.5493	492.242	492.099
9.56123	491.846	491.704
9.57317	491.451	491.309
9.58511	491.056	490.914
9.59704	490.661	490.518
9.60898	490.266	490.123
9.62092	489.87	489.728
9.63285	489.475	489.333
9.64479	489.08	488.937
9.65673	488.684	488.542
9.66866	488.289	488.146
9.6806	487.894	487.751
9.69254	487.498	487.356
9.70447	487.103	486.96
9.71641	486.707	486.565
9.72835	486.312	486.169
9.74028	485.916	485.773
9.75222	485.52	485.378
9.76416	485.125	484.982
9.77609	484.729	484.586
9.78803	484.333	484.191
9.79997	483.938	483.795
9.8119	483.542	483.399
9.82384	483.146	483.003
9.83578	482.75	482.608
9.84771	482.355	482.212
9.85965	481.959	481.816
9.87159	481.563	481.42
9.88352	481.167	481.024
9.89546	480.771	480.628
9.9074	480.375	480.232
9.91933	479.979	479.836
9.93127	479.583	479.44
9.94321	479.187	479.044
9.95514	478.791	478.648
9.96708	478.395	478.252
9.97901	477.999	477.856
9.99095	477.603	477.46
10.0029	477.207	477.064
10.0148	476.811	476.668
10.0268	476.415	476.272
10.0387	476.018	475.876
10.0506	475.622	475.479
10.0626	475.226	475.083
10.0745	474.83	474.687
10.0864	474.434	474.291
10.0984	474.038	473.895
10.1103	473.641	473.498
10.1223	473.245	473.102
10.1342	472.849	472.706
10.1461	472.453	472.31
10.1581	472.056	471.913
10.17	471.66	471.517
10.1819	471.264	471.121
10.1939	470.867	470.724
10.2058	470.471	470.328
10.2177	470.075	469.932
10.2297	469.678	469.536
10.2416	469.282	469.139
10.2536	468.886	468.743
10.2655	468.49	468.347
10.2774	468.093	467.95
10.2894	467.697	467.554
10.3013	467.301	467.158
10.3132	466.904	466.761
10.3252	466.508	466.365
10.3371	466.112	465.969
10.3491	465.715	465.572
10.361	465.319	465.176
10.3729	464.923	464.78
10.3849	464.527	464.384
10.3968	464.13	463.987
10.4087	463.734	463.591
10.4207	463.338	463.195
10.4326	462.941	462.799
10.4445	462.545	462.402
10.4565	462.149	462.006
10.4684	461.753	461.61
10.4804	461.357	461.214
10.4923	460.96	460.818
10.5042	460.564	460.421
10.5162	460.168	460.025
10.5281	459.772	459.629
10.54	459.376	459.233
10.552	458.98	458.837
10.5639	458.584	458.441
10.5758	458.188	458.045
10.5878	457.792	457.649
10.5997	457.396	457.253
10.6117	457	456.857
10.6236	456.604	456.461
10.6355	456.208	456.065
10.6475	455.812	455.67
10.6594	455.416	455.274
10.6713	455.021	454.878
10.6833	454.625	454.482
10.6952	454.229	454.087
10.7071	453.834	453.691
10.7191	453.438	453.295
10.731	453.042	452.9
10.743	452.647	452.504
10.7549	452.251	452.109
10.7668	451.856	451.713
10.7788	451.46	451.318
10.7907	451.065	450.923
10.8026	450.67	450.527
10.8146	450.274	450.132
10.8265	449.879	449.737
10.8385	449.484	449.342
10.8504	449.089	448.947
10.8623	448.694	448.551
10.8743	448.299	448.157
10.8862	447.904	447.762
10.8981	447.509	447.367
10.9101	447.114	446.972
10.922	446.72	446.577
10.9339	446.325	446.183
10.9459	445.93	445.788
10.9578	445.536	445.393
10.9698	445.141	444.999
10.9817	444.747	444.605
10.9936	444.353	444.21
11.0056	443.958	443.816
11.0175	443.564	443.422
11.0294	443.17	443.028
11.0414	442.776	442.634
11.0533	442.382	442.24
11.0652	441.988	441.846
11.0772	441.594	441.452
11.0891	441.201	441.059
11.1011	440.807	440.665
11.113	440.414	440.272
11.1249	440.02	439.878
11.1369	439.627	439.485
11.1488	439.234	439.092
11.1607	438.84	438.699
11.1727	438.447	438.306
11.1846	438.054	437.913
11.1966	437.662	437.52
11.2085	437.269	437.127
11.2204	436.876	436.735
11.2324	436.484	436.342
11.2443	436.091	435.95
11.2562	435.699	435.558
11.2682	435.307	435.165
11.2801	434.915	434.773
11.292	434.523	434.382
11.304	434.131	433.99
11.3159	433.739	433.598
11.3279	433.348	433.207
11.3398	432.956	432.815
11.3517	432.565	432.424
11.3637	432.174	432.033
11.3756	431.783	431.642
11.3875	431.392	431.251
11.3995	431.001	430.86
11.4114	430.61	430.469
11.4233	430.22	430.079
11.4353	429.829	429.689
11.4472	429.439	429.298
11.4592	429.049	428.908
11.4711	428.659	428.518
11.483	428.269	428.129
11.495	427.88	427.739
11.5069	427.49	427.35
11.5188	427.101	426.96
11.5308	426.712	426.571
11.5427	426.322	426.182
11.5546	425.934	425.793
11.5666	425.545	425.405
11.5785	425.156	425.016
11.5905	424.768	424.628
11.6024	424.38	424.24
11.6143	423.992	423.852
11.6263	423.604	423.464
11.6382	423.216	423.076
11.6501	422.829	422.689
11.6621	422.442	422.302
11.674	422.054	421.915
11.686	421.667	421.528
11.6979	421.281	421.141
11.7098	420.894	420.755
11.7218	420.508	420.368
11.7337	420.122	419.982
11.7456	419.736	419.596
11.7576	419.35	419.211
11.7695	418.964	418.825
11.7814	418.579	418.44
11.7934	418.194	418.055
11.8053	417.809	417.67
11.8173	417.424	417.285
11.8292	417.04	416.901
11.8411	416.655	416.517
11.8531	416.271	416.133
11.865	415.888	415.749
11.8769	415.504	415.366
11.8889	415.121	414.982
11.9008	414.737	414.599
11.9127	414.355	414.216
11.9247	413.972	413.834
11.9366	413.589	413.451
11.9486	413.207	413.069
11.9605	412.825	412.687
11.9724	412.443	412.306
11.9844	412.062	411.924
11.9963	411.681	411.543
12.0082	411.3	411.162
12.0202	410.919	410.782
12.0321	410.539	410.401
12.0441	410.158	410.021
12.056	409.779	409.641
12.0679	409.399	409.262
12.0799	409.019	408.883
12.0918	408.64	408.504
12.1037	408.262	408.125
12.1157	407.883	407.746
12.1276	407.505	407.368
12.1395	407.127	406.99
12.1515	406.749	406.613
12.1634	406.371	406.235
12.1754	405.994	405.858
12.1873	405.617	405.482
12.1992	405.241	405.105
12.2112	404.865	404.729
12.2231	404.489	404.353
12.235	404.113	403.978
12.247	403.738	403.602
12.2589	403.363	403.227
12.2708	402.988	402.853
12.2828	402.614	402.478
12.2947	402.239	402.104
12.3067	401.866	401.731
12.3186	401.492	401.358
12.3305	401.119	400.985
12.3425	400.746	400.612
12.3544	400.374	400.239
12.3663	400.002	399.867
12.3783	399.63	399.496
12.3902	399.259	399.124
12.4021	398.887	398.753
12.4141	398.517	398.383
12.426	398.146	398.013
12.438	397.776	397.643
12.4499	397.406	397.273
12.4618	397.037	396.904
12.4738	396.668	396.535
12.4857	396.299	396.166
12.4976	395.931	395.798
12.5096	395.563	395.431
12.5215	395.196	395.063
12.5335	394.829	394.696
12.5454	394.462	394.33
12.5573	394.095	393.963
12.5693	393.729	393.597
12.5812	393.364	393.232
12.5931	392.999	392.867
12.6051	392.634	392.502
12.617	392.269	392.138
12.6289	391.905	391.774
12.6409	391.542	391.41
12.6528	391.178	391.047
12.6648	390.816	390.685
12.6767	390.453	390.322
12.6886	390.091	389.96
12.7006	389.729	389.599
12.7125	389.368	389.238
12.7244	389.008	388.877
12.7364	388.647	388.517
12.7483	388.287	388.157
12.7602	387.928	387.798
12.7722	387.569	387.439
12.7841	387.21	387.081
12.7961	386.852	386.723
12.808	386.494	386.365
12.8199	386.137	386.008
12.8319	385.78	385.651
12.8438	385.424	385.295
12.8557	385.068	384.939
12.8677	384.712	384.584
12.8796	384.357	384.229
12.8916	384.003	383.875
12.9035	383.648	383.521
12.9154	383.295	383.167
12.9274	382.942	382.814
12.9393	382.589	382.462
12.9512	382.237	382.11
12.9632	381.885	381.758
12.9751	381.534	381.407
12.987	381.183	381.056
12.999	380.833	380.706
13.0109	380.483	380.357
13.0229	380.134	380.008
13.0348	379.785	379.659
13.0467	379.436	379.311
13.0587	379.089	378.963
13.0706	378.741	378.616
13.0825	378.395	378.269
13.0945	378.048	377.923
13.1064	377.703	377.578
13.1183	377.357	377.233
13.1303	377.013	376.888
13.1422	376.668	376.544
13.1542	376.325	376.201
13.1661	375.982	375.858
13.178	375.639	375.515
13.19	375.297	375.173
13.2019	374.955	374.832
13.2138	374.614	374.491
13.2258	374.274	374.151
13.2377	373.934	373.811
13.2496	373.595	373.472
13.2616	373.256	373.133
13.2735	372.918	372.795
13.2855	372.58	372.458
13.2974	372.243	372.121
13.3093	371.906	371.785
13.3213	371.57	371.449
13.3332	371.235	371.114
13.3451	370.9	370.779
13.3571	370.565	370.445
13.369	370.232	370.111
13.381	369.899	369.778
13.3929	369.566	369.446
13.4048	369.234	369.114
13.4168	368.903	368.783
13.4287	368.572	368.453
13.4406	368.242	368.123
13.4526	367.912	367.793
13.4645	367.583	367.464
13.4764	367.255	367.136
13.4884	366.927	366.809
13.5003	366.6	366.482
13.5123	366.273	366.155
13.5242	365.947	365.83
13.5361	365.622	365.504
13.5481	365.297	365.18
13.56	364.973	364.856
13.5719	364.65	364.533
13.5839	364.327	364.21
13.5958	364.004	363.888
13.6077	363.683	363.567
13.6197	363.362	363.246
13.6316	363.042	362.926
13.6436	362.722	362.607
13.6555	362.403	362.288
13.6674	362.085	361.97
13.6794	361.767	361.652
13.6913	361.45	361.335
13.7032	361.133	361.019
13.7152	360.817	360.703
13.7271	360.502	360.389
13.7391	360.188	360.074
13.751	359.874	359.761
13.7629	359.561	359.448
13.7749	359.248	359.136
13.7868	358.937	358.824
13.7987	358.625	358.513
13.8107	358.315	358.203
13.8226	358.005	357.893
13.8345	357.696	357.585
13.8465	357.388	357.276
13.8584	357.08	356.969
13.8704	356.773	356.662
13.8823	356.467	356.356
13.8942	356.161	356.051
13.9062	355.856	355.746
13.9181	355.552	355.442
13.93	355.248	355.139
13.942	354.945	354.836
13.9539	354.643	354.534
13.9658	354.342	354.233
13.9778	354.041	353.932
13.9897	353.741	353.633
14.0017	353.442	353.334
14.0136	353.143	353.035
14.0255	352.845	352.738
14.0375	352.548	352.441
14.0494	352.252	352.144
14.0613	351.956	351.849
14.0733	351.661	351.554
14.0852	351.367	351.26
14.0971	351.073	350.967
14.1091	350.78	350.675
14.121	350.488	350.383
14.133	350.197	350.092
14.1449	349.906	349.801
14.1568	349.616	349.512
14.1688	349.327	349.223
14.1807	349.039	348.935
14.1926	348.751	348.648
14.2046	348.465	348.361
14.2165	348.178	348.075
14.2285	347.893	347.79
14.2404	347.609	347.506
14.2523	347.325	347.222
14.2643	347.042	346.939
14.2762	346.759	346.657
14.2881	346.478	346.376
14.3001	346.197	346.096
14.312	345.917	345.816
14.3239	345.638	345.537
14.3359	345.359	345.259
14.3478	345.081	344.981
14.3598	344.805	344.705
14.3717	344.528	344.429
14.3836	344.253	344.154
14.3956	343.978	343.879
14.4075	343.705	343.606
14.4194	343.432	343.333
14.4314	343.159	343.061
14.4433	342.888	342.79
14.4552	342.617	342.519
14.4672	342.347	342.25
14.4791	342.078	341.981
14.4911	341.81	341.713
14.503	341.542	341.446
14.5149	341.276	341.179
14.5269	341.01	340.914
14.5388	340.745	340.649
14.5507	340.48	340.385
14.5627	340.217	340.122
14.5746	339.954	339.859
14.5866	339.692	339.598
14.5985	339.431	339.337
14.6104	339.171	339.077
14.6224	338.911	338.818
14.6343	338.653	338.559
14.6462	338.395	338.302
14.6582	338.138	338.045
14.6701	337.882	337.789
14.682	337.626	337.534
14.694	337.372	337.28
14.7059	337.118	337.026
14.7179	336.865	336.773
14.7298	336.613	336.522
14.7417	336.361	336.271
14.7537	336.111	336.02
14.7656	335.861	335.771
14.7775	335.612	335.522
14.7895	335.364	335.275
14.8014	335.117	335.028
14.8133	334.871	334.782
14.8253	334.625	334.537
14.8372	334.381	334.292
14.8492	334.137	334.049
14.8611	333.894	333.806
14.873	333.651	333.564
14.885	333.41	333.323
14.8969	333.17	333.083
14.9088	332.93	332.843
14.9208	332.691	332.605
14.9327	332.453	332.367
14.9446	332.216	332.13
14.9566	331.979	331.894
14.9685	331.744	331.659
14.9805	331.509	331.424
14.9924	331.275	331.191
15.0043	331.042	330.958
15.0163	330.81	330.726
15.0282	330.579	330.495
15.0401	330.348	330.265
15.0521	330.119	330.036
15.064	329.89	329.807
15.076	329.662	329.58
15.0879	329.435	329.353
15.0998	329.209	329.127
15.1118	328.984	328.902
15.1237	328.759	328.678
15.1356	328.535	328.454
15.1476	328.312	328.232
15.1595	328.091	328.01
15.1714	327.869	327.789
15.1834	327.649	327.569
15.1953	327.43	327.35
15.2073	327.211	327.132
15.2192	326.993	326.915
15.2311	326.776	326.698
15.2431	326.56	326.482
15.255	326.345	326.267
15.2669	326.131	326.053
15.2789	325.917	325.84
15.2908	325.705	325.628
15.3027	325.493	325.417
15.3147	325.282	325.206
15.3266	325.072	324.996
15.3386	324.863	324.787
15.3505	324.655	324.579
15.3624	324.447	324.372
15.3744	324.24	324.166
15.3863	324.035	323.96
15.3982	323.83	323.756
15.4102	323.626	323.552
15.4221	323.422	323.349
15.4341	323.22	323.147
15.446	323.018	322.946
15.4579	322.818	322.745
15.4699	322.618	322.546
15.4818	322.419	322.347
15.4937	322.221	322.149
15.5057	322.024	321.952
15.5176	321.827	321.756
15.5295	321.632	321.561
15.5415	321.437	321.366
15.5534	321.243	321.173
15.5654	321.05	320.98
15.5773	320.858	320.788
15.5892	320.667	320.597
15.6012	320.476	320.407
15.6131	320.287	320.218
15.625	320.098	320.029
15.637	319.91	319.842
15.6489	319.723	319.655
15.6608	319.537	319.469
15.6728	319.351	319.284
15.6847	319.167	319.1
15.6967	318.983	318.917
15.7086	318.8	318.734
15.7205	318.618	318.552
15.7325	318.437	318.371
15.7444	318.257	318.191
15.7563	318.077	318.012
15.7683	317.899	317.834
15.7802	317.721	317.656
15.7921	317.544	317.48
15.8041	317.368	317.304
15.816	317.192	317.129
15.828	317.018	316.955
15.8399	316.844	316.782
15.8518	316.672	316.609
15.8638	316.5	316.438
15.8757	316.329	316.267
15.8876	316.158	316.097
15.8996	315.989	315.928
15.9115	315.82	315.759
15.9235	315.653	315.592
15.9354	315.486	315.425
15.9473	315.32	315.26
15.9593	315.154	315.095
15.9712	314.99	314.93
15.9831	314.826	314.767
15.9951	314.664	314.605
16.007	314.502	314.443
16.0189	314.34	314.282
16.0309	314.18	314.122
16.0428	314.021	313.963
16.0548	313.862	313.805
16.0667	313.704	313.647
16.0786	313.547	313.49
16.0906	313.391	313.334
16.1025	313.235	313.179
16.1144	313.081	313.025
16.1264	312.927	312.871
16.1383	312.774	312.719
16.1502	312.622	312.567
16.1622	312.47	312.416
16.1741	312.32	312.265
16.1861	312.17	312.116
16.198	312.021	311.967
16.2099	311.873	311.819
16.2219	311.726	311.672
16.2338	311.579	311.526
16.2457	311.433	311.381
16.2577	311.288	311.236
16.2696	311.144	311.092
16.2816	311.001	310.949
16.2935	310.858	310.807
16.3054	310.716	310.665
16.3174	310.575	310.524
16.3293	310.435	310.384
16.3412	310.296	310.245
16.3532	310.157	310.107
16.3651	310.019	309.969
16.377	309.882	309.832
16.389	309.746	309.696
16.4009	309.61	309.561
16.4129	309.475	309.427
16.4248	309.341	309.293
16.4367	309.208	309.16
16.4487	309.076	309.028
16.4606	308.944	308.896
16.4725	308.813	308.766
16.4845	308.683	308.636
16.4964	308.554	308.507
16.5083	308.425	308.378
16.5203	308.297	308.251
16.5322	308.17	308.124
16.5442	308.044	307.998
16.5561	307.918	307.873
16.568	307.793	307.748
16.58	307.669	307.624
16.5919	307.546	307.501
16.6038	307.423	307.379
16.6158	307.301	307.257
16.6277	307.18	307.136
16.6396	307.06	307.016
16.6516	306.94	306.897
16.6635	306.821	306.778
16.6755	306.703	306.66
16.6874	306.586	306.543
16.6993	306.469	306.427
16.7113	306.353	306.311
16.7232	306.238	306.196
16.7351	306.123	306.082
16.7471	306.009	305.968
16.759	305.896	305.855
16.771	305.784	305.743
16.7829	305.672	305.632
16.7948	305.561	305.521
16.8068	305.451	305.411
16.8187	305.341	305.302
16.8306	305.232	305.193
16.8426	305.124	305.085
16.8545	305.017	304.978
16.8664	304.91	304.871
16.8784	304.804	304.766
16.8903	304.699	304.661
16.9023	304.594	304.556
16.9142	304.49	304.452
16.9261	304.387	304.349
16.9381	304.284	304.247
16.95	304.182	304.145
16.9619	304.081	304.044
16.9739	303.98	303.944
16.9858	303.881	303.844
16.9977	303.781	303.745
17.0097	303.683	303.647
17.0216	303.585	303.55
17.0336	303.488	303.453
17.0455	303.391	303.356
17.0574	303.295	303.261
17.0694	303.2	303.166
17.0813	303.106	303.071
17.0932	303.012	302.978
17.1052	302.918	302.885
17.1171	302.826	302.792
17.1291	302.734	302.701
17.141	302.643	302.61
17.1529	302.552	302.519
17.1649	302.462	302.429
17.1768	302.373	302.34
17.1887	302.284	302.252
17.2007	302.196	302.164
17.2126	302.108	302.076
17.2245	302.021	301.99
17.2365	301.935	301.904
17.2484	301.849	301.818
17.2604	301.764	301.734
17.2723	301.68	301.649
17.2842	301.596	301.566
17.2962	301.513	301.483
17.3081	301.431	301.401
17.32	301.349	301.319
17.332	301.267	301.238
17.3439	301.187	301.157
17.3558	301.106	301.077
17.3678	301.027	300.998
17.3797	300.948	300.919
17.3917	300.87	300.841
17.4036	300.792	300.764
17.4155	300.715	300.687
17.4275	300.638	300.61
17.4394	300.562	300.534
17.4513	300.487	300.459
17.4633	300.412	300.385
17.4752	300.337	300.311
17.4871	300.264	300.237
17.4991	300.191	300.164
17.511	300.118	300.092
17.523	300.046	300.02
17.5349	299.974	299.949
17.5468	299.904	299.878
17.5588	299.833	299.808
17.5707	299.763	299.738
17.5826	299.694	299.669
17.5946	299.625	299.601
17.6065	299.557	299.533
17.6185	299.49	299.465
17.6304	299.423	299.398
17.6423	299.356	299.332
17.6543	299.29	299.266
17.6662	299.225	299.201
17.6781	299.16	299.136
17.6901	299.095	299.072
17.702	299.031	299.008
17.7139	298.968	298.945
17.7259	298.905	298.882
17.7378	298.843	298.82
17.7498	298.781	298.758
17.7617	298.72	298.697
17.7736	298.659	298.637
17.7856	298.598	298.577
17.7975	298.539	298.517
17.8094	298.479	298.458
17.8214	298.421	298.399
17.8333	298.362	298.341
17.8452	298.304	298.283
17.8572	298.247	298.226
17.8691	298.19	298.17
17.8811	298.134	298.113
17.893	298.078	298.058
17.9049	298.022	298.002
17.9169	297.968	297.948
17.9288	297.913	297.893
17.9407	297.859	297.839
17.9527	297.805	297.786
17.9646	297.752	297.733
17.9766	297.7	297.681
17.9885	297.648	297.629
18.0004	297.596	297.577
18.0124	297.545	297.526
18.0243	297.494	297.476
18.0362	297.444	297.425
18.0482	297.394	297.376
18.0601	297.344	297.326
18.072	297.295	297.277
18.084	297.247	297.229
18.0959	297.199	297.181
18.1079	297.151	297.133
18.1198	297.104	297.086
18.1317	297.057	297.04
18.1437	297.01	296.993
18.1556	296.964	296.948
18.1675	296.919	296.902
18.1795	296.873	296.857
18.1914	296.829	296.813
18.2033	296.784	296.768
18.2153	296.74	296.725
18.2272	296.697	296.681
18.2392	296.654	296.638
18.2511	296.611	296.596
18.263	296.569	296.553
18.275	296.527	296.512
18.2869	296.485	296.47
18.2988	296.444	296.429
18.3108	296.403	296.389
18.3227	296.363	296.348
18.3346	296.323	296.309
18.3466	296.283	296.269
18.3585	296.244	296.23
18.3705	296.205	296.191
18.3824	296.167	296.153
18.3943	296.129	296.115
18.4063	296.091	296.077
18.4182	296.054	296.04
18.4301	296.017	296.003
18.4421	295.98	295.967
18.454	295.944	295.931
18.466	295.908	295.895
18.4779	295.872	295.859
18.4898	295.837	295.824
18.5018	295.802	295.79
18.5137	295.768	295.755
18.5256	295.733	295.721
18.5376	295.7	295.687
18.5495	295.666	295.654
18.5614	295.633	295.621
18.5734	295.6	295.588
18.5853	295.568	295.556
18.5973	295.535	295.524
18.6092	295.504	295.492
18.6211	295.472	295.461
18.6331	295.441	295.43
18.645	295.41	295.399
18.6569	295.379	295.368
18.6689	295.349	295.338
18.6808	295.319	295.308
18.6927	295.29	295.279
18.7047	295.26	295.25
18.7166	295.231	295.221
18.7286	295.203	295.192
18.7405	295.174	295.164
18.7524	295.146	295.136
18.7644	295.118	295.108
18.7763	295.091	295.081
18.7882	295.064	295.054
18.8002	295.037	295.027
18.8121	295.01	295
18.8241	294.984	294.974
18.836	294.957	294.948
18.8479	294.932	294.922
18.8599	294.906	294.897
18.8718	294.881	294.872
18.8837	294.856	294.847
18.8957	294.831	294.822
18.9076	294.807	294.798
18.9195	294.783	294.774
18.9315	294.759	294.75
18.9434	294.735	294.726
18.9554	294.712	294.703
18.9673	294.689	294.68
18.9792	294.666	294.657
18.9912	294.643	294.635
19.0031	294.621	294.613
19.015	294.599	294.591
19.027	294.577	294.569
19.0389	294.555	294.547
19.0508	294.534	294.526
19.0628	294.513	294.505
19.0747	294.492	294.484
19.0867	294.471	294.464
19.0986	294.451	294.443
19.1105	294.431	294.423
19.1225	294.411	294.403
19.1344	294.391	294.384
19.1463	294.371	294.364
19.1583	294.352	294.345
19.1702	294.333	294.326
19.1821	294.314	294.307
19.1941	294.296	294.289
19.206	294.277	294.271
19.218	294.259	294.253
19.2299	294.241	294.235
19.2418	294.224	294.217
19.2538	294.206	294.2
19.2657	294.189	294.182
19.2776	294.172	294.165
19.2896	294.155	294.148
19.3015	294.138	294.132
19.3135	294.121	294.115
19.3254	294.105	294.099
19.3373	294.089	294.083
19.3493	294.073	294.067
19.3612	294.057	294.052
19.3731	294.042	294.036
19.3851	294.027	294.021
19.397	294.011	294.006
19.4089	293.996	293.991
19.4209	293.982	293.976
19.4328	293.967	293.962
19.4448	293.953	293.947
19.4567	293.938	293.933
19.4686	293.924	293.919
19.4806	293.91	293.905
19.4925	293.897	293.892
19.5044	293.883	293.878
19.5164	293.87	293.865
19.5283	293.857	293.852
19.5402	293.844	293.839
19.5522	293.831	293.826
19.5641	293.818	293.813
19.5761	293.806	293.801
19.588	293.793	293.789
19.5999	293.781	293.777
19.6119	293.769	293.765
19.6238	293.757	293.753
19.6357	293.745	293.741
19.6477	293.734	293.729
19.6596	293.722	293.718
19.6716	293.711	293.707
19.6835	293.7	293.696
19.6954	293.689	293.685
19.7074	293.678	293.674
19.7193	293.667	293.663
19.7312	293.657	293.653
19.7432	293.646	293.642
19.7551	293.636	293.632
19.767	293.626	293.622
19.779	293.616	293.612
19.7909	293.606	293.602
19.8029	293.596	293.593
19.8148	293.587	293.583
19.8267	293.577	293.574
19.8387	293.568	293.564
19.8506	293.558	293.555
19.8625	293.549	293.546
19.8745	293.54	293.537
19.8864	293.532	293.528
19.8983	293.523	293.52
19.9103	293.514	293.511
19.9222	293.506	293.503
19.9342	293.497	293.494
19.9461	293.489	293.486
19.958	293.481	293.478
19.97	293.473	293.47
19.9819	293.465	293.462
19.9938	293.457	293.454
20.0058	293.45	293.447
20.0177	293.442	293.439
20.0296	293.435	293.432
20.0416	293.427	293.424
20.0535	293.42	293.417
20.0655	293.413	293.41
20.0774	293.406	293.403
20.0893	293.399	293.396
20.1013	293.392	293.389
20.1132	293.385	293.383
20.1251	293.379	293.376
20.1371	293.372	293.37
20.149	293.366	293.363
20.161	293.359	293.357
20.1729	293.353	293.351
20.1848	293.347	293.344
20.1968	293.341	293.338
20.2087	293.335	293.332
20.2206	293.329	293.327
20.2326	293.323	293.321
20.2445	293.317	293.315
20.2564	293.312	293.31
20.2684	293.306	293.304
20.2803	293.301	293.299
20.2923	293.295	293.293
20.3042	293.29	293.288
20.3161	293.285	293.283
20.3281	293.28	293.278
20.34	293.274	293.273
20.3519	293.269	293.268
20.3639	293.265	293.263
20.3758	293.26	293.258
20.3877	293.255	293.253
20.3997	293.25	293.249
20.4116	293.246	293.244
20.4236	293.241	293.24
20.4355	293.237	293.235
20.4474	293.232	293.231
20.4594	293.228	293.226
20.4713	293.224	293.222
20.4832	293.22	293.218
20.4952	293.215	293.214
20.5071	293.211	293.21
20.5191	293.207	293.206
20.531	293.203	293.202
20.5429	293.2	293.198
20.5549	293.196	293.194
20.5668	293.192	293.191
20.5787	293.188	293.187
20.5907	293.185	293.183
20.6026	293.181	293.18
20.6145	293.178	293.176
20.6265	293.174	293.173
20.6384	293.171	293.17
20.6504	293.168	293.166
20.6623	293.164	293.163
20.6742	293.161	293.16
20.6862	293.158	293.157
20.6981	293.155	293.154
20.71	293.152	293.151
20.722	293.149	293.148
20.7339	293.146	293.145
20.7458	293.143	293.142
20.7578	293.14	293.139
20.7697	293.137	293.136
20.7817	293.134	293.133
20.7936	293.132	293.131
20.8055	293.129	293.128
20.8175	293.127	293.126
20.8294	293.124	293.123
20.8413	293.121	293.12
20.8533	293.119	293.118
20.8652	293.116	293.116
20.8771	293.114	293.113
20.8891	293.112	293.111
20.901	293.109	293.109
20.913	293.107	293.106
20.9249	293.105	293.104
20.9368	293.103	293.102
20.9488	293.101	293.1
20.9607	293.098	293.098
20.9726	293.096	293.096
20.9846	293.094	293.094
20.9965	293.092	293.092
21.0085	293.09	293.09
21.0204	293.088	293.088
21.0323	293.087	293.086
21.0443	293.085	293.084
21.0562	293.083	293.082
21.0681	293.081	293.08
21.0801	293.079	293.079
21.092	293.078	293.077
21.1039	293.076	293.075
21.1159	293.074	293.074
21.1278	293.073	293.072
21.1398	293.071	293.071
21.1517	293.07	293.069
21.1636	293.068	293.067
21.1756	293.066	293.066
21.1875	293.065	293.064
21.1994	293.064	293.063
21.2114	293.062	293.062
21.2233	293.061	293.06
21.2352	293.059	293.059
21.2472	293.058	293.058
21.2591	293.057	293.056
21.2711	293.055	293.055
21.283	293.054	293.054
21.2949	293.053	293.052
21.3069	293.052	293.051
21.3188	293.051	293.05
21.3307	293.049	293.049
21.3427	293.048	293.048
21.3546	293.047	293.047
21.3666	293.046	293.046
21.3785	293.045	293.045
21.3904	293.044	293.043
21.4024	293.043	293.042
21.4143	293.042	293.041
21.4262	293.041	293.04
21.4382	293.04	293.04
21.4501	293.039	293.039
21.462	293.038	293.038
21.474	293.037	293.037
21.4859	293.036	293.036
21.4979	293.035	293.035
21.5098	293.034	293.034
21.5217	293.034	293.033
21.5337	293.033	293.032
21.5456	293.032	293.032
21.5575	293.031	293.031
21.5695	293.03	293.03
21.5814	293.03	293.029
21.5933	293.029	293.029
21.6053	293.028	293.028
21.6172	293.028	293.027
21.6292	293.027	293.027
21.6411	293.026	293.026
21.653	293.025	293.025
21.665	293.025	293.025
21.6769	293.024	293.024
21.6888	293.024	293.023
21.7008	293.023	293.023
21.7127	293.022	293.022
21.7246	293.022	293.022
21.7366	293.021	293.021
21.7485	293.021	293.02
21.7605	293.02	293.02
21.7724	293.02	293.019
21.7843	293.019	293.019
21.7963	293.019	293.018
21.8082	293.018	293.018
21.8201	293.018	293.017
21.8321	293.017	293.017
21.844	293.017	293.017
21.856	293.016	293.016
21.8679	293.016	293.016
21.8798	293.015	293.015
21.8918	293.015	293.015
21.9037	293.015	293.014
21.9156	293.014	293.014
21.9276	293.014	293.014
21.9395	293.013	293.013
21.9514	293.013	293.013
21.9634	293.013	293.013
21.9753	293.012	293.012
21.9873	293.012	293.012
21.9992	293.012	293.012
22.0111	293.011	293.011
22.0231	293.011	293.011
22.035	293.011	293.011
22.0469	293.01	293.01
22.0589	293.01	293.01
22.0708	293.01	293.01
22.0827	293.01	293.009
22.0947	293.009	293.009
22.1066	293.009	293.009
22.1186	293.009	293.009
22.1305	293.008	293.008
22.1424	293.008	293.008
22.1544	293.008	293.008
22.1663	293.008	293.008
22.1782	293.007	293.007
22.1902	293.007	293.007
22.2021	293.007	293.007
22.2141	293.007	293.007
22.226	293.007	293.007
22.2379	293.006	293.006
22.2499	293.006	293.006
22.2618	293.006	293.006
22.2737	293.006	293.006
22.2857	293.006	293.006
22.2976	293.005	293.005
22.3095	293.005	293.005
22.3215	293.005	293.005
22.3334	293.005	293.005
22.3454	293.005	293.005
22.3573	293.005	293.005
22.3692	293.005	293.004
22.3812	293.004	293.004
22.3931	293.004	293.004
22.405	293.004	293.004
22.417	293.004	293.004
22.4289	293.004	293.004
22.4408	293.004	293.004
22.4528	293.004	293.004
22.4647	293.003	293.003
22.4767	293.003	293.003
22.4886	293.003	293.003
22.5005	293.003	293.003
22.5125	293.003	293.003
22.5244	293.003	293.003
22.5363	293.003	293.003
22.5483	293.003	293.003
22.5602	293.003	293.003
22.5721	293.003	293.003
22.5841	293.002	293.002
22.596	293.002	293.002
22.608	293.002	293.002
22.6199	293.002	293.002
22.6318	293.002	293.002
22.6438	293.002	293.002
22.6557	293.002	293.002
22.6676	293.002	293.002
22.6796	293.002	293.002
22.6915	293.002	293.002
22.7035	293.002	293.002
22.7154	293.002	293.002
22.7273	293.002	293.002
22.7393	293.002	293.002
22.7512	293.001	293.001
22.7631	293.001	293.001
22.7751	293.001	293.001
22.787	293.001	293.001
22.7989	293.001	293.001
22.8109	293.001	293.001
22.8228	293.001	293.001
22.8348	293.001	293.001
22.8467	293.001	293.001
22.8586	293.001	293.001
22.8706	293.001	293.001
22.8825	293.001	293.001
22.8944	293.001	293.001
22.9064	293.001	293.001
22.9183	293.001	293.001
22.9302	293.001	293.001
22.9422	293.001	293.001
22.9541	293.001	293.001
22.9661	293.001	293.001
22.978	293.001	293.001
22.9899	293.001	293.001
23.0019	293.001	293.001
23.0138	293.001	293.001
23.0257	293.001	293.001
23.0377	293.001	293.001
23.0496	293.001	293.001
23.0616	293.001	293
23.0735	293	293
23.0854	293	293
23.0974	293	293
23.1093	293	293
23.1212	293	293
23.1332	293	293
23.1451	293	293
23.157	293	293
23.169	293	293
23.1809	293	293
23.1929	293	293
23.2048	293	293
23.2167	293	293
23.2287	293	293
23.2406	293	293
23.2525	293	293
23.2645	293	293
23.2764	293	293
23.2883	293	293
23.3003	293	293
23.3122	293	293
23.3242	293	293
23.3361	293	293
23.348	293	293
23.36	293	293
23.3719	293	293
23.3838	293	293
23.3958	293	293
23.4077	293	293
23.4196	293	293
23.4316	293	293
23.4435	293	293
23.4555	293	293
23.4674	293	293
23.4793	293	293
23.4913	293	293
23.5032	293	293
23.5151	293	293
23.5271	293	293
23.539	293	293
23.551	293	293
23.5629	293	293
23.5748	293	293
23.5868	293	293
23.5987	293	293
23.6106	293	293
23.6226	293	293
23.6345	293	293
23.6464	293	293
23.6584	293	293
23.6703	293	293
23.6823	293	293
23.6942	293	293
23.7061	293	293
23.7181	293	293
23.73	293	293
23.7419	293	293
23.7539	293	293
23.7658	293	293
23.7777	293	293
23.7897	293	293
23.8016	293	293
23.8136	293	293
23.8255	293	293
23.8374	293	293
23.8494	293	293
23.8613	293	293
23.8732	293	293
