0	786.641	786.847
0.0119366	786.613	786.819
0.0238732	786.532	786.737
0.0358099	786.402	786.605
0.0477465	786.23	786.43
0.0596831	786.024	786.221
0.0716197	785.791	785.985
0.0835563	785.538	785.731
0.095493	785.272	785.464
0.10743	784.997	785.188
0.119366	784.715	784.906
0.131303	784.43	784.621
0.143239	784.142	784.333
0.155176	783.853	784.044
0.167113	783.562	783.753
0.179049	783.271	783.462
0.190986	782.979	783.171
0.202923	782.686	782.878
0.214859	782.393	782.585
0.226796	782.1	782.292
0.238732	781.806	781.998
0.250669	781.511	781.704
0.262606	781.216	781.409
0.274542	780.921	781.114
0.286479	780.625	780.819
0.298416	780.329	780.523
0.310352	780.032	780.226
0.322289	779.734	779.929
0.334225	779.437	779.632
0.346162	779.139	779.334
0.358099	778.84	779.036
0.370035	778.541	778.737
0.381972	778.242	778.438
0.393908	777.942	778.138
0.405845	777.641	777.838
0.417782	777.34	777.537
0.429718	777.039	777.236
0.441655	776.737	776.935
0.453592	776.435	776.633
0.465528	776.133	776.331
0.477465	775.83	776.028
0.489401	775.526	775.725
0.501338	775.223	775.421
0.513275	774.918	775.117
0.525211	774.614	774.813
0.537148	774.308	774.508
0.549085	774.003	774.203
0.561021	773.697	773.897
0.572958	773.39	773.591
0.584894	773.083	773.284
0.596831	772.776	772.977
0.608768	772.468	772.67
0.620704	772.16	772.362
0.632641	771.852	772.054
0.644578	771.543	771.745
0.656514	771.233	771.436
0.668451	770.924	771.126
0.680387	770.613	770.816
0.692324	770.303	770.506
0.704261	769.992	770.195
0.716197	769.68	769.884
0.728134	769.368	769.572
0.74007	769.056	769.26
0.752007	768.743	768.948
0.763944	768.43	768.635
0.77588	768.117	768.322
0.787817	767.803	768.008
0.799754	767.489	767.694
0.81169	767.174	767.38
0.823627	766.859	767.065
0.835563	766.543	766.749
0.8475	766.227	766.434
0.859437	765.911	766.118
0.871373	765.594	765.801
0.88331	765.277	765.484
0.895247	764.959	765.167
0.907183	764.642	764.849
0.91912	764.323	764.531
0.931056	764.005	764.213
0.942993	763.685	763.894
0.95493	763.366	763.575
0.966866	763.046	763.255
0.978803	762.726	762.935
0.99074	762.405	762.615
1.00268	762.084	762.294
1.01461	761.763	761.973
1.02655	761.441	761.651
1.03849	761.119	761.329
1.05042	760.796	761.007
1.06236	760.473	760.684
1.0743	760.15	760.361
1.08623	759.826	760.038
1.09817	759.502	759.714
1.11011	759.178	759.39
1.12204	758.853	759.065
1.13398	758.528	758.74
1.14592	758.202	758.415
1.15785	757.877	758.089
1.16979	757.55	757.763
1.18173	757.224	757.437
1.19366	756.897	757.11
1.2056	756.569	756.783
1.21754	756.241	756.456
1.22947	755.913	756.128
1.24141	755.585	755.799
1.25335	755.256	755.471
1.26528	754.927	755.142
1.27722	754.597	754.813
1.28916	754.268	754.483
1.30109	753.937	754.153
1.31303	753.607	753.823
1.32496	753.276	753.492
1.3369	752.944	753.161
1.34884	752.613	752.829
1.36077	752.281	752.498
1.37271	751.949	752.165
1.38465	751.616	751.833
1.39658	751.283	751.5
1.40852	750.949	751.167
1.42046	750.616	750.834
1.43239	750.282	750.5
1.44433	749.947	750.166
1.45627	749.613	749.831
1.4682	749.278	749.496
1.48014	748.942	749.161
1.49208	748.606	748.825
1.50401	748.27	748.49
1.51595	747.934	748.153
1.52789	747.597	747.817
1.53982	747.26	747.48
1.55176	746.923	747.143
1.5637	746.585	746.805
1.57563	746.247	746.468
1.58757	745.909	746.129
1.59951	745.57	745.791
1.61144	745.231	745.452
1.62338	744.892	745.113
1.63532	744.552	744.774
1.64725	744.212	744.434
1.65919	743.872	744.094
1.67113	743.531	743.753
1.68306	743.19	743.413
1.695	742.849	743.072
1.70694	742.508	742.73
1.71887	742.166	742.389
1.73081	741.824	742.047
1.74275	741.481	741.704
1.75468	741.138	741.362
1.76662	740.795	741.019
1.77856	740.452	740.676
1.79049	740.108	740.332
1.80243	739.764	739.989
1.81437	739.42	739.644
1.8263	739.075	739.3
1.83824	738.731	738.955
1.85018	738.385	738.61
1.86211	738.04	738.265
1.87405	737.694	737.92
1.88599	737.348	737.574
1.89792	737.002	737.228
1.90986	736.655	736.881
1.9218	736.308	736.534
1.93373	735.961	736.187
1.94567	735.614	735.84
1.95761	735.266	735.492
1.96954	734.918	735.145
1.98148	734.569	734.796
1.99342	734.221	734.448
2.00535	733.872	734.099
2.01729	733.523	733.75
2.02923	733.173	733.401
2.04116	732.824	733.051
2.0531	732.474	732.702
2.06504	732.123	732.351
2.07697	731.773	732.001
2.08891	731.422	731.65
2.10085	731.071	731.3
2.11278	730.719	730.948
2.12472	730.368	730.597
2.13666	730.016	730.245
2.14859	729.664	729.893
2.16053	729.311	729.541
2.17246	728.959	729.188
2.1844	728.606	728.836
2.19634	728.253	728.483
2.20827	727.899	728.129
2.22021	727.545	727.776
2.23215	727.191	727.422
2.24408	726.837	727.068
2.25602	726.483	726.713
2.26796	726.128	726.359
2.27989	725.773	726.004
2.29183	725.418	725.649
2.30377	725.062	725.294
2.3157	724.706	724.938
2.32764	724.35	724.582
2.33958	723.994	724.226
2.35151	723.638	723.87
2.36345	723.281	723.513
2.37539	722.924	723.156
2.38732	722.567	722.799
2.39926	722.209	722.442
2.4112	721.852	722.084
2.42313	721.494	721.727
2.43507	721.136	721.369
2.44701	720.777	721.01
2.45894	720.419	720.652
2.47088	720.06	720.293
2.48282	719.701	719.934
2.49475	719.341	719.575
2.50669	718.982	719.216
2.51863	718.622	718.856
2.53056	718.262	718.496
2.5425	717.902	718.136
2.55444	717.541	717.776
2.56637	717.181	717.415
2.57831	716.82	717.055
2.59025	716.459	716.694
2.60218	716.097	716.332
2.61412	715.736	715.971
2.62606	715.374	715.609
2.63799	715.012	715.248
2.64993	714.65	714.886
2.66187	714.288	714.523
2.6738	713.925	714.161
2.68574	713.562	713.798
2.69768	713.199	713.435
2.70961	712.836	713.072
2.72155	712.472	712.709
2.73349	712.109	712.345
2.74542	711.745	711.981
2.75736	711.381	711.618
2.7693	711.017	711.253
2.78123	710.652	710.889
2.79317	710.287	710.524
2.80511	709.922	710.16
2.81704	709.557	709.795
2.82898	709.192	709.43
2.84092	708.827	709.064
2.85285	708.461	708.699
2.86479	708.095	708.333
2.87673	707.729	707.967
2.88866	707.363	707.601
2.9006	706.996	707.235
2.91254	706.63	706.868
2.92447	706.263	706.501
2.93641	705.896	706.135
2.94835	705.529	705.768
2.96028	705.162	705.4
2.97222	704.794	705.033
2.98416	704.426	704.665
2.99609	704.058	704.297
3.00803	703.69	703.929
3.01997	703.322	703.561
3.0319	702.954	703.193
3.04384	702.585	702.824
3.05577	702.216	702.456
3.06771	701.847	702.087
3.07965	701.478	701.718
3.09158	701.109	701.349
3.10352	700.739	700.979
3.11546	700.37	700.61
3.12739	700	700.24
3.13933	699.63	699.87
3.15127	699.259	699.5
3.1632	698.889	699.13
3.17514	698.519	698.759
3.18708	698.148	698.389
3.19901	697.777	698.018
3.21095	697.406	697.647
3.22289	697.035	697.276
3.23482	696.664	696.905
3.24676	696.292	696.534
3.2587	695.921	696.162
3.27063	695.549	695.79
3.28257	695.177	695.418
3.29451	694.805	695.046
3.30644	694.433	694.674
3.31838	694.06	694.302
3.33032	693.688	693.93
3.34225	693.315	693.557
3.35419	692.942	693.184
3.36613	692.569	692.811
3.37806	692.196	692.438
3.39	691.823	692.065
3.40194	691.449	691.692
3.41387	691.076	691.318
3.42581	690.702	690.944
3.43775	690.328	690.571
3.44968	689.954	690.197
3.46162	689.58	689.823
3.47356	689.205	689.448
3.48549	688.831	689.074
3.49743	688.456	688.7
3.50937	688.082	688.325
3.5213	687.707	687.95
3.53324	687.332	687.575
3.54518	686.957	687.2
3.55711	686.582	686.825
3.56905	686.206	686.45
3.58099	685.831	686.074
3.59292	685.455	685.699
3.60486	685.079	685.323
3.6168	684.703	684.947
3.62873	684.327	684.571
3.64067	683.951	684.195
3.65261	683.575	683.819
3.66454	683.198	683.443
3.67648	682.822	683.066
3.68842	682.445	682.69
3.70035	682.069	682.313
3.71229	681.692	681.936
3.72423	681.315	681.559
3.73616	680.938	681.182
3.7481	680.56	680.805
3.76004	680.183	680.428
3.77197	679.805	680.05
3.78391	679.428	679.673
3.79585	679.05	679.295
3.80778	678.672	678.917
3.81972	678.294	678.54
3.83166	677.916	678.162
3.84359	677.538	677.783
3.85553	677.16	677.405
3.86747	676.781	677.027
3.8794	676.403	676.648
3.89134	676.024	676.27
3.90327	675.646	675.891
3.91521	675.267	675.513
3.92715	674.888	675.134
3.93908	674.509	674.755
3.95102	674.13	674.376
3.96296	673.751	673.997
3.97489	673.371	673.617
3.98683	672.992	673.238
3.99877	672.612	672.858
4.0107	672.233	672.479
4.02264	671.853	672.099
4.03458	671.473	671.719
4.04651	671.093	671.34
4.05845	670.713	670.96
4.07039	670.333	670.58
4.08232	669.953	670.199
4.09426	669.573	669.819
4.1062	669.192	669.439
4.11813	668.812	669.058
4.13007	668.431	668.678
4.14201	668.05	668.297
4.15394	667.67	667.917
4.16588	667.289	667.536
4.17782	666.908	667.155
4.18975	666.527	666.774
4.20169	666.146	666.393
4.21363	665.765	666.012
4.22556	665.383	665.63
4.2375	665.002	665.249
4.24944	664.621	664.868
4.26137	664.239	664.486
4.27331	663.857	664.105
4.28525	663.476	663.723
4.29718	663.094	663.341
4.30912	662.712	662.96
4.32106	662.33	662.578
4.33299	661.948	662.196
4.34493	661.566	661.814
4.35687	661.184	661.432
4.3688	660.802	661.049
4.38074	660.419	660.667
4.39268	660.037	660.285
4.40461	659.654	659.902
4.41655	659.272	659.52
4.42849	658.889	659.137
4.44042	658.507	658.755
4.45236	658.124	658.372
4.4643	657.741	657.989
4.47623	657.358	657.606
4.48817	656.975	657.223
4.50011	656.592	656.84
4.51204	656.209	656.457
4.52398	655.826	656.074
4.53592	655.443	655.691
4.54785	655.059	655.308
4.55979	654.676	654.924
4.57173	654.293	654.541
4.58366	653.909	654.158
4.5956	653.526	653.774
4.60754	653.142	653.39
4.61947	652.758	653.007
4.63141	652.374	652.623
4.64335	651.991	652.239
4.65528	651.607	651.855
4.66722	651.223	651.472
4.67916	650.839	651.088
4.69109	650.455	650.704
4.70303	650.071	650.32
4.71497	649.687	649.935
4.7269	649.302	649.551
4.73884	648.918	649.167
4.75078	648.534	648.783
4.76271	648.149	648.398
4.77465	647.765	648.014
4.78658	647.381	647.63
4.79852	646.996	647.245
4.81046	646.611	646.86
4.82239	646.227	646.476
4.83433	645.842	646.091
4.84627	645.457	645.706
4.8582	645.072	645.322
4.87014	644.688	644.937
4.88208	644.303	644.552
4.89401	643.918	644.167
4.90595	643.533	643.782
4.91789	643.148	643.397
4.92982	642.763	643.012
4.94176	642.378	642.627
4.9537	641.992	642.242
4.96563	641.607	641.857
4.97757	641.222	641.471
4.98951	640.836	641.086
5.00144	640.451	640.701
5.01338	640.066	640.315
5.02532	639.68	639.93
5.03725	639.295	639.544
5.04919	638.909	639.159
5.06113	638.524	638.773
5.07306	638.138	638.388
5.085	637.752	638.002
5.09694	637.367	637.616
5.10887	636.981	637.231
5.12081	636.595	636.845
5.13275	636.209	636.459
5.14468	635.824	636.073
5.15662	635.438	635.687
5.16856	635.052	635.302
5.18049	634.666	634.916
5.19243	634.28	634.53
5.20437	633.894	634.144
5.2163	633.508	633.758
5.22824	633.121	633.371
5.24018	632.735	632.985
5.25211	632.349	632.599
5.26405	631.963	632.213
5.27599	631.577	631.827
5.28792	631.19	631.44
5.29986	630.804	631.054
5.3118	630.418	630.668
5.32373	630.031	630.281
5.33567	629.645	629.895
5.34761	629.259	629.509
5.35954	628.872	629.122
5.37148	628.486	628.736
5.38342	628.099	628.349
5.39535	627.712	627.963
5.40729	627.326	627.576
5.41923	626.939	627.189
5.43116	626.553	626.803
5.4431	626.166	626.416
5.45504	625.779	626.029
5.46697	625.392	625.643
5.47891	625.006	625.256
5.49085	624.619	624.869
5.50278	624.232	624.482
5.51472	623.845	624.096
5.52666	623.458	623.709
5.53859	623.071	623.322
5.55053	622.685	622.935
5.56247	622.298	622.548
5.5744	621.911	622.161
5.58634	621.524	621.774
5.59828	621.137	621.387
5.61021	620.75	621
5.62215	620.363	620.613
5.63408	619.975	620.226
5.64602	619.588	619.839
5.65796	619.201	619.452
5.66989	618.814	619.065
5.68183	618.427	618.677
5.69377	618.04	618.29
5.7057	617.652	617.903
5.71764	617.265	617.516
5.72958	616.878	617.129
5.74151	616.491	616.741
5.75345	616.103	616.354
5.76539	615.716	615.967
5.77732	615.329	615.579
5.78926	614.941	615.192
5.8012	614.554	614.805
5.81313	614.167	614.417
5.82507	613.779	614.03
5.83701	613.392	613.642
5.84894	613.004	613.255
5.86088	612.617	612.867
5.87282	612.229	612.48
5.88475	611.842	612.092
5.89669	611.454	611.705
5.90863	611.067	611.317
5.92056	610.679	610.93
5.9325	610.292	610.542
5.94444	609.904	610.155
5.95637	609.516	609.767
5.96831	609.129	609.379
5.98025	608.741	608.992
5.99218	608.353	608.604
6.00412	607.966	608.217
6.01606	607.578	607.829
6.02799	607.19	607.441
6.03993	606.803	607.053
6.05187	606.415	606.666
6.0638	606.027	606.278
6.07574	605.639	605.89
6.08768	605.252	605.502
6.09961	604.864	605.115
6.11155	604.476	604.727
6.12349	604.088	604.339
6.13542	603.7	603.951
6.14736	603.312	603.563
6.1593	602.925	603.175
6.17123	602.537	602.788
6.18317	602.149	602.4
6.19511	601.761	602.012
6.20704	601.373	601.624
6.21898	600.985	601.236
6.23092	600.597	600.848
6.24285	600.209	600.46
6.25479	599.821	600.072
6.26673	599.433	599.684
6.27866	599.045	599.296
6.2906	598.657	598.908
6.30254	598.269	598.52
6.31447	597.881	598.132
6.32641	597.493	597.744
6.33835	597.105	597.356
6.35028	596.717	596.968
6.36222	596.329	596.58
6.37416	595.941	596.192
6.38609	595.553	595.804
6.39803	595.164	595.415
6.40997	594.776	595.027
6.4219	594.388	594.639
6.43384	594	594.251
6.44578	593.612	593.863
6.45771	593.224	593.475
6.46965	592.835	593.087
6.48159	592.447	592.698
6.49352	592.059	592.31
6.50546	591.671	591.922
6.51739	591.283	591.534
6.52933	590.894	591.145
6.54127	590.506	590.757
6.5532	590.118	590.369
6.56514	589.73	589.981
6.57708	589.341	589.592
6.58901	588.953	589.204
6.60095	588.565	588.816
6.61289	588.176	588.427
6.62482	587.788	588.039
6.63676	587.4	587.651
6.6487	587.011	587.262
6.66063	586.623	586.874
6.67257	586.234	586.486
6.68451	585.846	586.097
6.69644	585.458	585.709
6.70838	585.069	585.32
6.72032	584.681	584.932
6.73225	584.292	584.543
6.74419	583.904	584.155
6.75613	583.515	583.766
6.76806	583.127	583.378
6.78	582.738	582.99
6.79194	582.35	582.601
6.80387	581.961	582.213
6.81581	581.573	581.824
6.82775	581.184	581.435
6.83968	580.796	581.047
6.85162	580.407	580.658
6.86356	580.019	580.27
6.87549	579.63	579.881
6.88743	579.241	579.493
6.89937	578.853	579.104
6.9113	578.464	578.715
6.92324	578.075	578.327
6.93518	577.687	577.938
6.94711	577.298	577.549
6.95905	576.909	577.161
6.97099	576.521	576.772
6.98292	576.132	576.383
6.99486	575.743	575.995
7.0068	575.355	575.606
7.01873	574.966	575.217
7.03067	574.577	574.828
7.04261	574.188	574.44
7.05454	573.799	574.051
7.06648	573.411	573.662
7.07842	573.022	573.273
7.09035	572.633	572.884
7.10229	572.244	572.496
7.11423	571.855	572.107
7.12616	571.466	571.718
7.1381	571.078	571.329
7.15004	570.689	570.94
7.16197	570.3	570.551
7.17391	569.911	570.162
7.18585	569.522	569.773
7.19778	569.133	569.384
7.20972	568.744	568.995
7.22166	568.355	568.606
7.23359	567.966	568.217
7.24553	567.577	567.828
7.25747	567.188	567.439
7.2694	566.799	567.05
7.28134	566.41	566.661
7.29328	566.021	566.272
7.30521	565.632	565.883
7.31715	565.242	565.494
7.32909	564.853	565.105
7.34102	564.464	564.716
7.35296	564.075	564.327
7.36489	563.686	563.937
7.37683	563.297	563.548
7.38877	562.907	563.159
7.4007	562.518	562.77
7.41264	562.129	562.38
7.42458	561.74	561.991
7.43651	561.35	561.602
7.44845	560.961	561.213
7.46039	560.572	560.823
7.47232	560.182	560.434
7.48426	559.793	560.045
7.4962	559.403	559.655
7.50813	559.014	559.266
7.52007	558.625	558.876
7.53201	558.235	558.487
7.54394	557.846	558.098
7.55588	557.456	557.708
7.56782	557.067	557.319
7.57975	556.677	556.929
7.59169	556.288	556.539
7.60363	555.898	556.15
7.61556	555.508	555.76
7.6275	555.119	555.371
7.63944	554.729	554.981
7.65137	554.34	554.591
7.66331	553.95	554.202
7.67525	553.56	553.812
7.68718	553.17	553.422
7.69912	552.781	553.033
7.71106	552.391	552.643
7.72299	552.001	552.253
7.73493	551.611	551.863
7.74687	551.222	551.474
7.7588	550.832	551.084
7.77074	550.442	550.694
7.78268	550.052	550.304
7.79461	549.662	549.914
7.80655	549.272	549.524
7.81849	548.882	549.134
7.83042	548.492	548.744
7.84236	548.102	548.354
7.8543	547.712	547.964
7.86623	547.322	547.574
7.87817	546.932	547.184
7.89011	546.542	546.794
7.90204	546.151	546.404
7.91398	545.761	546.014
7.92592	545.371	545.623
7.93785	544.981	545.233
7.94979	544.591	544.843
7.96173	544.2	544.453
7.97366	543.81	544.062
7.9856	543.42	543.672
7.99754	543.029	543.282
8.00947	542.639	542.891
8.02141	542.248	542.501
8.03335	541.858	542.11
8.04528	541.467	541.72
8.05722	541.077	541.329
8.06916	540.686	540.939
8.08109	540.296	540.548
8.09303	539.905	540.158
8.10497	539.515	539.767
8.1169	539.124	539.376
8.12884	538.733	538.986
8.14078	538.342	538.595
8.15271	537.952	538.204
8.16465	537.561	537.814
8.17659	537.17	537.423
8.18852	536.779	537.032
8.20046	536.388	536.641
8.2124	535.997	536.25
8.22433	535.606	535.859
8.23627	535.216	535.468
8.2482	534.825	535.077
8.26014	534.433	534.686
8.27208	534.042	534.295
8.28401	533.651	533.904
8.29595	533.26	533.513
8.30789	532.869	533.122
8.31982	532.478	532.731
8.33176	532.087	532.34
8.3437	531.695	531.948
8.35563	531.304	531.557
8.36757	530.913	531.166
8.37951	530.521	530.774
8.39144	530.13	530.383
8.40338	529.738	529.992
8.41532	529.347	529.6
8.42725	528.955	529.209
8.43919	528.564	528.817
8.45113	528.172	528.426
8.46306	527.781	528.034
8.475	527.389	527.642
8.48694	526.997	527.251
8.49887	526.606	526.859
8.51081	526.214	526.467
8.52275	525.822	526.075
8.53468	525.43	525.684
8.54662	525.038	525.292
8.55856	524.646	524.9
8.57049	524.254	524.508
8.58243	523.862	524.116
8.59437	523.47	523.724
8.6063	523.078	523.332
8.61824	522.686	522.94
8.63018	522.294	522.548
8.64211	521.902	522.156
8.65405	521.51	521.763
8.66599	521.118	521.371
8.67792	520.725	520.979
8.68986	520.333	520.587
8.7018	519.941	520.194
8.71373	519.548	519.802
8.72567	519.156	519.41
8.73761	518.763	519.017
8.74954	518.371	518.625
8.76148	517.978	518.232
8.77342	517.586	517.839
8.78535	517.193	517.447
8.79729	516.8	517.054
8.80923	516.407	516.662
8.82116	516.015	516.269
8.8331	515.622	515.876
8.84504	515.229	515.483
8.85697	514.836	515.09
8.86891	514.443	514.698
8.88085	514.05	514.305
8.89278	513.657	513.912
8.90472	513.264	513.519
8.91666	512.871	513.126
8.92859	512.478	512.732
8.94053	512.085	512.339
8.95247	511.692	511.946
8.9644	511.299	511.553
8.97634	510.905	511.16
8.98828	510.512	510.766
9.00021	510.119	510.373
9.01215	509.725	509.98
9.02409	509.332	509.586
9.03602	508.938	509.193
9.04796	508.545	508.799
9.0599	508.151	508.406
9.07183	507.758	508.012
9.08377	507.364	507.619
9.0957	506.97	507.225
9.10764	506.577	506.831
9.11958	506.183	506.438
9.13151	505.789	506.044
9.14345	505.395	505.65
9.15539	505.001	505.256
9.16732	504.607	504.862
9.17926	504.213	504.468
9.1912	503.819	504.074
9.20313	503.425	503.68
9.21507	503.031	503.286
9.22701	502.637	502.892
9.23894	502.243	502.498
9.25088	501.849	502.104
9.26282	501.455	501.71
9.27475	501.06	501.315
9.28669	500.666	500.921
9.29863	500.272	500.527
9.31056	499.877	500.132
9.3225	499.483	499.738
9.33444	499.088	499.344
9.34637	498.694	498.949
9.35831	498.299	498.555
9.37025	497.905	498.16
9.38218	497.51	497.765
9.39412	497.115	497.371
9.40606	496.721	496.976
9.41799	496.326	496.581
9.42993	495.931	496.187
9.44187	495.536	495.792
9.4538	495.141	495.397
9.46574	494.747	495.002
9.47768	494.352	494.607
9.48961	493.957	494.212
9.50155	493.562	493.817
9.51349	493.167	493.422
9.52542	492.772	493.027
9.53736	492.376	492.632
9.5493	491.981	492.237
9.56123	491.586	491.842
9.57317	491.191	491.447
9.58511	490.796	491.052
9.59704	490.4	490.656
9.60898	490.005	490.261
9.62092	489.61	489.866
9.63285	489.214	489.47
9.64479	488.819	489.075
9.65673	488.424	488.68
9.66866	488.028	488.284
9.6806	487.633	487.889
9.69254	487.237	487.493
9.70447	486.842	487.098
9.71641	486.446	486.702
9.72835	486.05	486.306
9.74028	485.655	485.911
9.75222	485.259	485.515
9.76416	484.863	485.119
9.77609	484.468	484.724
9.78803	484.072	484.328
9.79997	483.676	483.932
9.8119	483.28	483.536
9.82384	482.884	483.141
9.83578	482.488	482.745
9.84771	482.093	482.349
9.85965	481.697	481.953
9.87159	481.301	481.557
9.88352	480.905	481.161
9.89546	480.509	480.765
9.9074	480.113	480.369
9.91933	479.717	479.973
9.93127	479.321	479.577
9.94321	478.924	479.181
9.95514	478.528	478.785
9.96708	478.132	478.389
9.97901	477.736	477.993
9.99095	477.34	477.596
10.0029	476.944	477.2
10.0148	476.548	476.804
10.0268	476.151	476.408
10.0387	475.755	476.012
10.0506	475.359	475.615
10.0626	474.963	475.219
10.0745	474.566	474.823
10.0864	474.17	474.427
10.0984	473.774	474.03
10.1103	473.377	473.634
10.1223	472.981	473.238
10.1342	472.585	472.841
10.1461	472.188	472.445
10.1581	471.792	472.049
10.17	471.396	471.652
10.1819	470.999	471.256
10.1939	470.603	470.86
10.2058	470.207	470.463
10.2177	469.81	470.067
10.2297	469.414	469.671
10.2416	469.017	469.274
10.2536	468.621	468.878
10.2655	468.225	468.481
10.2774	467.828	468.085
10.2894	467.432	467.689
10.3013	467.035	467.292
10.3132	466.639	466.896
10.3252	466.243	466.499
10.3371	465.846	466.103
10.3491	465.45	465.707
10.361	465.054	465.31
10.3729	464.657	464.914
10.3849	464.261	464.517
10.3968	463.864	464.121
10.4087	463.468	463.725
10.4207	463.072	463.328
10.4326	462.675	462.932
10.4445	462.279	462.536
10.4565	461.883	462.139
10.4684	461.486	461.743
10.4804	461.09	461.347
10.4923	460.694	460.951
10.5042	460.298	460.554
10.5162	459.902	460.158
10.5281	459.505	459.762
10.54	459.109	459.366
10.552	458.713	458.97
10.5639	458.317	458.573
10.5758	457.921	458.177
10.5878	457.525	457.781
10.5997	457.129	457.385
10.6117	456.733	456.989
10.6236	456.337	456.593
10.6355	455.941	456.197
10.6475	455.545	455.801
10.6594	455.149	455.405
10.6713	454.753	455.009
10.6833	454.357	454.613
10.6952	453.961	454.218
10.7071	453.566	453.822
10.7191	453.17	453.426
10.731	452.774	453.03
10.743	452.379	452.635
10.7549	451.983	452.239
10.7668	451.587	451.844
10.7788	451.192	451.448
10.7907	450.796	451.053
10.8026	450.401	450.657
10.8146	450.006	450.262
10.8265	449.61	449.866
10.8385	449.215	449.471
10.8504	448.82	449.076
10.8623	448.425	448.681
10.8743	448.03	448.286
10.8862	447.635	447.891
10.8981	447.24	447.496
10.9101	446.845	447.101
10.922	446.45	446.706
10.9339	446.055	446.311
10.9459	445.661	445.916
10.9578	445.266	445.522
10.9698	444.872	445.127
10.9817	444.477	444.732
10.9936	444.083	444.338
11.0056	443.688	443.944
11.0175	443.294	443.549
11.0294	442.9	443.155
11.0414	442.506	442.761
11.0533	442.112	442.367
11.0652	441.718	441.973
11.0772	441.324	441.579
11.0891	440.93	441.185
11.1011	440.537	440.791
11.113	440.143	440.398
11.1249	439.749	440.004
11.1369	439.356	439.611
11.1488	438.963	439.217
11.1607	438.57	438.824
11.1727	438.176	438.431
11.1846	437.783	438.038
11.1966	437.391	437.645
11.2085	436.998	437.252
11.2204	436.605	436.859
11.2324	436.212	436.467
11.2443	435.82	436.074
11.2562	435.428	435.682
11.2682	435.035	435.289
11.2801	434.643	434.897
11.292	434.251	434.505
11.304	433.859	434.113
11.3159	433.468	433.721
11.3279	433.076	433.329
11.3398	432.684	432.938
11.3517	432.293	432.546
11.3637	431.902	432.155
11.3756	431.511	431.764
11.3875	431.12	431.373
11.3995	430.729	430.982
11.4114	430.338	430.591
11.4233	429.947	430.2
11.4353	429.557	429.81
11.4472	429.167	429.419
11.4592	428.777	429.029
11.4711	428.387	428.639
11.483	427.997	428.249
11.495	427.607	427.859
11.5069	427.217	427.47
11.5188	426.828	427.08
11.5308	426.439	426.691
11.5427	426.05	426.302
11.5546	425.661	425.913
11.5666	425.272	425.524
11.5785	424.884	425.135
11.5905	424.495	424.746
11.6024	424.107	424.358
11.6143	423.719	423.97
11.6263	423.331	423.582
11.6382	422.943	423.194
11.6501	422.556	422.806
11.6621	422.168	422.419
11.674	421.781	422.032
11.686	421.394	421.645
11.6979	421.007	421.258
11.7098	420.621	420.871
11.7218	420.235	420.484
11.7337	419.848	420.098
11.7456	419.462	419.712
11.7576	419.077	419.326
11.7695	418.691	418.94
11.7814	418.306	418.555
11.7934	417.92	418.17
11.8053	417.535	417.784
11.8173	417.151	417.4
11.8292	416.766	417.015
11.8411	416.382	416.63
11.8531	415.998	416.246
11.865	415.614	415.862
11.8769	415.23	415.478
11.8889	414.847	415.095
11.9008	414.464	414.712
11.9127	414.081	414.328
11.9247	413.698	413.946
11.9366	413.316	413.563
11.9486	412.934	413.181
11.9605	412.552	412.799
11.9724	412.17	412.417
11.9844	411.788	412.035
11.9963	411.407	411.654
12.0082	411.026	411.272
12.0202	410.645	410.892
12.0321	410.265	410.511
12.0441	409.885	410.131
12.056	409.505	409.75
12.0679	409.125	409.371
12.0799	408.746	408.991
12.0918	408.367	408.612
12.1037	407.988	408.233
12.1157	407.609	407.854
12.1276	407.231	407.476
12.1395	406.853	407.097
12.1515	406.475	406.719
12.1634	406.098	406.342
12.1754	405.721	405.965
12.1873	405.344	405.587
12.1992	404.967	405.211
12.2112	404.591	404.834
12.2231	404.215	404.458
12.235	403.84	404.082
12.247	403.464	403.707
12.2589	403.089	403.332
12.2708	402.715	402.957
12.2828	402.34	402.582
12.2947	401.966	402.208
12.3067	401.593	401.834
12.3186	401.219	401.46
12.3305	400.846	401.087
12.3425	400.473	400.714
12.3544	400.101	400.341
12.3663	399.729	399.969
12.3783	399.357	399.597
12.3902	398.986	399.225
12.4021	398.615	398.854
12.4141	398.244	398.483
12.426	397.874	398.113
12.438	397.504	397.742
12.4499	397.134	397.372
12.4618	396.765	397.003
12.4738	396.396	396.634
12.4857	396.027	396.265
12.4976	395.659	395.896
12.5096	395.291	395.528
12.5215	394.924	395.161
12.5335	394.557	394.793
12.5454	394.19	394.426
12.5573	393.824	394.06
12.5693	393.458	393.694
12.5812	393.092	393.328
12.5931	392.727	392.962
12.6051	392.362	392.597
12.617	391.998	392.233
12.6289	391.634	391.869
12.6409	391.27	391.505
12.6528	390.907	391.141
12.6648	390.544	390.778
12.6767	390.182	390.416
12.6886	389.82	390.053
12.7006	389.459	389.692
12.7125	389.098	389.33
12.7244	388.737	388.969
12.7364	388.377	388.609
12.7483	388.017	388.249
12.7602	387.657	387.889
12.7722	387.298	387.53
12.7841	386.94	387.171
12.7961	386.582	386.813
12.808	386.224	386.455
12.8199	385.867	386.097
12.8319	385.51	385.74
12.8438	385.154	385.384
12.8557	384.798	385.027
12.8677	384.443	384.672
12.8796	384.088	384.317
12.8916	383.734	383.962
12.9035	383.38	383.608
12.9154	383.026	383.254
12.9274	382.673	382.9
12.9393	382.321	382.548
12.9512	381.968	382.195
12.9632	381.617	381.843
12.9751	381.266	381.492
12.987	380.915	381.141
12.999	380.565	380.79
13.0109	380.215	380.44
13.0229	379.866	380.091
13.0348	379.518	379.742
13.0467	379.169	379.393
13.0587	378.822	379.045
13.0706	378.475	378.698
13.0825	378.128	378.351
13.0945	377.782	378.005
13.1064	377.436	377.659
13.1183	377.091	377.313
13.1303	376.747	376.968
13.1422	376.403	376.624
13.1542	376.059	376.28
13.1661	375.716	375.937
13.178	375.374	375.594
13.19	375.032	375.252
13.2019	374.691	374.91
13.2138	374.35	374.569
13.2258	374.01	374.228
13.2377	373.67	373.888
13.2496	373.331	373.549
13.2616	372.992	373.21
13.2735	372.654	372.871
13.2855	372.317	372.533
13.2974	371.98	372.196
13.3093	371.643	371.859
13.3213	371.307	371.523
13.3332	370.972	371.187
13.3451	370.638	370.852
13.3571	370.303	370.518
13.369	369.97	370.184
13.381	369.637	369.851
13.3929	369.305	369.518
13.4048	368.973	369.186
13.4168	368.642	368.854
13.4287	368.311	368.523
13.4406	367.981	368.193
13.4526	367.652	367.863
13.4645	367.323	367.534
13.4764	366.995	367.206
13.4884	366.668	366.878
13.5003	366.341	366.55
13.5123	366.014	366.224
13.5242	365.689	365.897
13.5361	365.364	365.572
13.5481	365.039	365.247
13.56	364.715	364.923
13.5719	364.392	364.599
13.5839	364.069	364.276
13.5958	363.747	363.954
13.6077	363.426	363.632
13.6197	363.105	363.311
13.6316	362.785	362.991
13.6436	362.466	362.671
13.6555	362.147	362.351
13.6674	361.829	362.033
13.6794	361.512	361.715
13.6913	361.195	361.398
13.7032	360.879	361.081
13.7152	360.563	360.765
13.7271	360.248	360.45
13.7391	359.934	360.135
13.751	359.621	359.821
13.7629	359.308	359.508
13.7749	358.996	359.196
13.7868	358.684	358.884
13.7987	358.374	358.572
13.8107	358.063	358.262
13.8226	357.754	357.952
13.8345	357.445	357.643
13.8465	357.137	357.334
13.8584	356.83	357.026
13.8704	356.523	356.719
13.8823	356.217	356.413
13.8942	355.912	356.107
13.9062	355.607	355.802
13.9181	355.303	355.497
13.93	355	355.194
13.942	354.697	354.891
13.9539	354.396	354.588
13.9658	354.094	354.287
13.9778	353.794	353.986
13.9897	353.494	353.686
14.0017	353.195	353.386
14.0136	352.897	353.088
14.0255	352.6	352.79
14.0375	352.303	352.492
14.0494	352.007	352.196
14.0613	351.712	351.9
14.0733	351.417	351.605
14.0852	351.123	351.31
14.0971	350.83	351.017
14.1091	350.537	350.724
14.121	350.246	350.432
14.133	349.955	350.14
14.1449	349.665	349.85
14.1568	349.375	349.56
14.1688	349.086	349.271
14.1807	348.799	348.982
14.1926	348.511	348.694
14.2046	348.225	348.407
14.2165	347.939	348.121
14.2285	347.654	347.836
14.2404	347.37	347.551
14.2523	347.087	347.267
14.2643	346.804	346.984
14.2762	346.522	346.702
14.2881	346.241	346.42
14.3001	345.961	346.139
14.312	345.681	345.859
14.3239	345.402	345.58
14.3359	345.124	345.301
14.3478	344.847	345.023
14.3598	344.57	344.746
14.3717	344.295	344.47
14.3836	344.02	344.194
14.3956	343.746	343.92
14.4075	343.472	343.646
14.4194	343.2	343.373
14.4314	342.928	343.1
14.4433	342.657	342.829
14.4552	342.387	342.558
14.4672	342.117	342.288
14.4791	341.848	342.019
14.4911	341.581	341.751
14.503	341.314	341.483
14.5149	341.047	341.216
14.5269	340.782	340.95
14.5388	340.517	340.685
14.5507	340.253	340.421
14.5627	339.99	340.157
14.5746	339.728	339.894
14.5866	339.467	339.632
14.5985	339.206	339.371
14.6104	338.946	339.111
14.6224	338.687	338.851
14.6343	338.429	338.593
14.6462	338.172	338.335
14.6582	337.915	338.078
14.6701	337.659	337.821
14.682	337.404	337.566
14.694	337.15	337.311
14.7059	336.897	337.057
14.7179	336.645	336.804
14.7298	336.393	336.552
14.7417	336.142	336.301
14.7537	335.892	336.05
14.7656	335.643	335.801
14.7775	335.395	335.552
14.7895	335.147	335.304
14.8014	334.9	335.057
14.8133	334.655	334.81
14.8253	334.41	334.565
14.8372	334.165	334.32
14.8492	333.922	334.076
14.8611	333.68	333.833
14.873	333.438	333.591
14.885	333.197	333.349
14.8969	332.957	333.109
14.9088	332.718	332.869
14.9208	332.48	332.63
14.9327	332.242	332.392
14.9446	332.005	332.155
14.9566	331.77	331.918
14.9685	331.535	331.683
14.9805	331.3	331.448
14.9924	331.067	331.214
15.0043	330.835	330.981
15.0163	330.603	330.749
15.0282	330.372	330.518
15.0401	330.143	330.287
15.0521	329.913	330.058
15.064	329.685	329.829
15.076	329.458	329.601
15.0879	329.231	329.374
15.0998	329.006	329.148
15.1118	328.781	328.922
15.1237	328.557	328.698
15.1356	328.334	328.474
15.1476	328.112	328.251
15.1595	327.89	328.029
15.1714	327.67	327.808
15.1834	327.45	327.588
15.1953	327.231	327.369
15.2073	327.013	327.15
15.2192	326.796	326.932
15.2311	326.58	326.715
15.2431	326.364	326.499
15.255	326.149	326.284
15.2669	325.936	326.07
15.2789	325.723	325.857
15.2908	325.511	325.644
15.3027	325.3	325.432
15.3147	325.089	325.221
15.3266	324.88	325.011
15.3386	324.671	324.802
15.3505	324.463	324.594
15.3624	324.257	324.386
15.3744	324.05	324.18
15.3863	323.845	323.974
15.3982	323.641	323.769
15.4102	323.437	323.565
15.4221	323.235	323.362
15.4341	323.033	323.159
15.446	322.832	322.958
15.4579	322.632	322.757
15.4699	322.433	322.558
15.4818	322.234	322.359
15.4937	322.037	322.161
15.5057	321.84	321.963
15.5176	321.644	321.767
15.5295	321.45	321.571
15.5415	321.255	321.377
15.5534	321.062	321.183
15.5654	320.87	320.99
15.5773	320.678	320.798
15.5892	320.488	320.607
15.6012	320.298	320.416
15.6131	320.109	320.227
15.625	319.921	320.038
15.637	319.733	319.85
15.6489	319.547	319.663
15.6608	319.361	319.477
15.6728	319.176	319.292
15.6847	318.993	319.107
15.6967	318.809	318.924
15.7086	318.627	318.741
15.7205	318.446	318.559
15.7325	318.265	318.378
15.7444	318.086	318.198
15.7563	317.907	318.018
15.7683	317.729	317.84
15.7802	317.552	317.662
15.7921	317.375	317.485
15.8041	317.2	317.309
15.816	317.025	317.134
15.828	316.851	316.96
15.8399	316.678	316.786
15.8518	316.506	316.613
15.8638	316.335	316.442
15.8757	316.165	316.271
15.8876	315.995	316.1
15.8996	315.826	315.931
15.9115	315.658	315.763
15.9235	315.491	315.595
15.9354	315.325	315.428
15.9473	315.159	315.262
15.9593	314.995	315.097
15.9712	314.831	314.933
15.9831	314.668	314.769
15.9951	314.506	314.606
16.007	314.344	314.444
16.0189	314.184	314.283
16.0309	314.024	314.123
16.0428	313.865	313.964
16.0548	313.707	313.805
16.0667	313.55	313.647
16.0786	313.394	313.491
16.0906	313.238	313.334
16.1025	313.083	313.179
16.1144	312.929	313.025
16.1264	312.776	312.871
16.1383	312.624	312.718
16.1502	312.472	312.566
16.1622	312.322	312.415
16.1741	312.172	312.264
16.1861	312.023	312.115
16.198	311.874	311.966
16.2099	311.727	311.818
16.2219	311.58	311.67
16.2338	311.434	311.524
16.2457	311.289	311.378
16.2577	311.145	311.234
16.2696	311.001	311.09
16.2816	310.858	310.946
16.2935	310.716	310.804
16.3054	310.575	310.662
16.3174	310.435	310.521
16.3293	310.295	310.381
16.3412	310.156	310.242
16.3532	310.018	310.103
16.3651	309.881	309.966
16.377	309.745	309.829
16.389	309.609	309.692
16.4009	309.474	309.557
16.4129	309.34	309.422
16.4248	309.207	309.289
16.4367	309.074	309.156
16.4487	308.942	309.023
16.4606	308.811	308.892
16.4725	308.681	308.761
16.4845	308.551	308.631
16.4964	308.423	308.502
16.5083	308.295	308.373
16.5203	308.167	308.245
16.5322	308.041	308.118
16.5442	307.915	307.992
16.5561	307.79	307.867
16.568	307.666	307.742
16.58	307.543	307.618
16.5919	307.42	307.495
16.6038	307.298	307.372
16.6158	307.177	307.251
16.6277	307.056	307.13
16.6396	306.936	307.01
16.6516	306.817	306.89
16.6635	306.699	306.771
16.6755	306.581	306.653
16.6874	306.465	306.536
16.6993	306.349	306.419
16.7113	306.233	306.304
16.7232	306.119	306.188
16.7351	306.005	306.074
16.7471	305.891	305.96
16.759	305.779	305.847
16.771	305.667	305.735
16.7829	305.556	305.624
16.7948	305.446	305.513
16.8068	305.336	305.403
16.8187	305.227	305.293
16.8306	305.119	305.185
16.8426	305.011	305.077
16.8545	304.905	304.969
16.8664	304.798	304.863
16.8784	304.693	304.757
16.8903	304.588	304.652
16.9023	304.484	304.547
16.9142	304.381	304.444
16.9261	304.278	304.34
16.9381	304.176	304.238
16.95	304.075	304.136
16.9619	303.974	304.035
16.9739	303.874	303.935
16.9858	303.775	303.835
16.9977	303.676	303.736
17.0097	303.578	303.638
17.0216	303.481	303.54
17.0336	303.385	303.443
17.0455	303.289	303.347
17.0574	303.193	303.251
17.0694	303.099	303.156
17.0813	303.005	303.062
17.0932	302.911	302.968
17.1052	302.819	302.875
17.1171	302.727	302.782
17.1291	302.635	302.691
17.141	302.545	302.599
17.1529	302.455	302.509
17.1649	302.365	302.419
17.1768	302.276	302.33
17.1887	302.188	302.241
17.2007	302.101	302.153
17.2126	302.014	302.066
17.2245	301.927	301.979
17.2365	301.842	301.893
17.2484	301.757	301.808
17.2604	301.672	301.723
17.2723	301.588	301.639
17.2842	301.505	301.555
17.2962	301.423	301.472
17.3081	301.341	301.39
17.32	301.259	301.308
17.332	301.179	301.227
17.3439	301.098	301.146
17.3558	301.019	301.066
17.3678	300.94	300.987
17.3797	300.861	300.908
17.3917	300.784	300.83
17.4036	300.706	300.753
17.4155	300.63	300.676
17.4275	300.554	300.599
17.4394	300.478	300.523
17.4513	300.403	300.448
17.4633	300.329	300.373
17.4752	300.255	300.299
17.4871	300.182	300.226
17.4991	300.109	300.153
17.511	300.037	300.08
17.523	299.966	300.009
17.5349	299.895	299.937
17.5468	299.825	299.867
17.5588	299.755	299.796
17.5707	299.686	299.727
17.5826	299.617	299.658
17.5946	299.549	299.589
17.6065	299.481	299.521
17.6185	299.414	299.454
17.6304	299.347	299.387
17.6423	299.281	299.321
17.6543	299.216	299.255
17.6662	299.151	299.189
17.6781	299.086	299.125
17.6901	299.023	299.06
17.702	298.959	298.997
17.7139	298.896	298.934
17.7259	298.834	298.871
17.7378	298.772	298.809
17.7498	298.711	298.747
17.7617	298.65	298.686
17.7736	298.59	298.625
17.7856	298.53	298.565
17.7975	298.47	298.506
17.8094	298.412	298.446
17.8214	298.353	298.388
17.8333	298.295	298.33
17.8452	298.238	298.272
17.8572	298.181	298.215
17.8691	298.125	298.158
17.8811	298.069	298.102
17.893	298.014	298.046
17.9049	297.959	297.991
17.9169	297.904	297.936
17.9288	297.85	297.882
17.9407	297.797	297.828
17.9527	297.744	297.775
17.9646	297.691	297.722
17.9766	297.639	297.669
17.9885	297.587	297.617
18.0004	297.536	297.566
18.0124	297.485	297.515
18.0243	297.435	297.464
18.0362	297.385	297.414
18.0482	297.335	297.364
18.0601	297.286	297.315
18.072	297.238	297.266
18.084	297.19	297.218
18.0959	297.142	297.17
18.1079	297.095	297.122
18.1198	297.048	297.075
18.1317	297.002	297.029
18.1437	296.956	296.982
18.1556	296.91	296.937
18.1675	296.865	296.891
18.1795	296.82	296.846
18.1914	296.776	296.802
18.2033	296.732	296.757
18.2153	296.688	296.714
18.2272	296.645	296.67
18.2392	296.603	296.627
18.2511	296.56	296.585
18.263	296.518	296.543
18.275	296.477	296.501
18.2869	296.436	296.46
18.2988	296.395	296.419
18.3108	296.355	296.378
18.3227	296.315	296.338
18.3346	296.275	296.298
18.3466	296.236	296.259
18.3585	296.197	296.22
18.3705	296.159	296.181
18.3824	296.121	296.143
18.3943	296.083	296.105
18.4063	296.046	296.067
18.4182	296.009	296.03
18.4301	295.972	295.993
18.4421	295.936	295.957
18.454	295.9	295.92
18.466	295.864	295.885
18.4779	295.829	295.849
18.4898	295.794	295.814
18.5018	295.76	295.78
18.5137	295.726	295.745
18.5256	295.692	295.711
18.5376	295.658	295.677
18.5495	295.625	295.644
18.5614	295.592	295.611
18.5734	295.56	295.578
18.5853	295.528	295.546
18.5973	295.496	295.514
18.6092	295.464	295.482
18.6211	295.433	295.451
18.6331	295.402	295.42
18.645	295.372	295.389
18.6569	295.342	295.359
18.6689	295.312	295.329
18.6808	295.282	295.299
18.6927	295.253	295.27
18.7047	295.224	295.24
18.7166	295.195	295.211
18.7286	295.167	295.183
18.7405	295.139	295.155
18.7524	295.111	295.127
18.7644	295.083	295.099
18.7763	295.056	295.072
18.7882	295.029	295.045
18.8002	295.003	295.018
18.8121	294.976	294.991
18.8241	294.95	294.965
18.836	294.925	294.939
18.8479	294.899	294.914
18.8599	294.874	294.888
18.8718	294.849	294.863
18.8837	294.824	294.838
18.8957	294.8	294.814
18.9076	294.776	294.789
18.9195	294.752	294.765
18.9315	294.728	294.742
18.9434	294.705	294.718
18.9554	294.682	294.695
18.9673	294.659	294.672
18.9792	294.636	294.649
18.9912	294.614	294.627
19.0031	294.592	294.604
19.015	294.57	294.583
19.027	294.549	294.561
19.0389	294.527	294.539
19.0508	294.506	294.518
19.0628	294.485	294.497
19.0747	294.465	294.476
19.0867	294.444	294.456
19.0986	294.424	294.436
19.1105	294.404	294.416
19.1225	294.385	294.396
19.1344	294.365	294.376
19.1463	294.346	294.357
19.1583	294.327	294.338
19.1702	294.308	294.319
19.1821	294.29	294.3
19.1941	294.271	294.282
19.206	294.253	294.263
19.218	294.235	294.245
19.2299	294.218	294.228
19.2418	294.2	294.21
19.2538	294.183	294.192
19.2657	294.166	294.175
19.2776	294.149	294.158
19.2896	294.132	294.142
19.3015	294.116	294.125
19.3135	294.1	294.109
19.3254	294.083	294.092
19.3373	294.068	294.076
19.3493	294.052	294.061
19.3612	294.036	294.045
19.3731	294.021	294.03
19.3851	294.006	294.014
19.397	293.991	293.999
19.4089	293.976	293.985
19.4209	293.962	293.97
19.4328	293.947	293.955
19.4448	293.933	293.941
19.4567	293.919	293.927
19.4686	293.905	293.913
19.4806	293.892	293.899
19.4925	293.878	293.886
19.5044	293.865	293.872
19.5164	293.852	293.859
19.5283	293.839	293.846
19.5402	293.826	293.833
19.5522	293.813	293.82
19.5641	293.801	293.808
19.5761	293.788	293.795
19.588	293.776	293.783
19.5999	293.764	293.771
19.6119	293.752	293.759
19.6238	293.741	293.747
19.6357	293.729	293.735
19.6477	293.718	293.724
19.6596	293.706	293.713
19.6716	293.695	293.701
19.6835	293.684	293.69
19.6954	293.674	293.679
19.7074	293.663	293.669
19.7193	293.652	293.658
19.7312	293.642	293.648
19.7432	293.632	293.637
19.7551	293.622	293.627
19.767	293.612	293.617
19.779	293.602	293.607
19.7909	293.592	293.597
19.8029	293.583	293.588
19.8148	293.573	293.578
19.8267	293.564	293.569
19.8387	293.555	293.559
19.8506	293.545	293.55
19.8625	293.537	293.541
19.8745	293.528	293.532
19.8864	293.519	293.524
19.8983	293.51	293.515
19.9103	293.502	293.507
19.9222	293.494	293.498
19.9342	293.485	293.49
19.9461	293.477	293.482
19.958	293.469	293.474
19.97	293.462	293.466
19.9819	293.454	293.458
19.9938	293.446	293.45
20.0058	293.439	293.443
20.0177	293.431	293.435
20.0296	293.424	293.428
20.0416	293.417	293.42
20.0535	293.409	293.413
20.0655	293.402	293.406
20.0774	293.396	293.399
20.0893	293.389	293.392
20.1013	293.382	293.386
20.1132	293.375	293.379
20.1251	293.369	293.372
20.1371	293.362	293.366
20.149	293.356	293.359
20.161	293.35	293.353
20.1729	293.344	293.347
20.1848	293.338	293.341
20.1968	293.332	293.335
20.2087	293.326	293.329
20.2206	293.32	293.323
20.2326	293.314	293.317
20.2445	293.309	293.312
20.2564	293.303	293.306
20.2684	293.298	293.301
20.2803	293.292	293.295
20.2923	293.287	293.29
20.3042	293.282	293.285
20.3161	293.277	293.28
20.3281	293.272	293.274
20.34	293.267	293.269
20.3519	293.262	293.265
20.3639	293.257	293.26
20.3758	293.253	293.255
20.3877	293.248	293.25
20.3997	293.243	293.246
20.4116	293.239	293.241
20.4236	293.234	293.237
20.4355	293.23	293.232
20.4474	293.226	293.228
20.4594	293.221	293.224
20.4713	293.217	293.219
20.4832	293.213	293.215
20.4952	293.209	293.211
20.5071	293.205	293.207
20.5191	293.201	293.203
20.531	293.197	293.199
20.5429	293.194	293.196
20.5549	293.19	293.192
20.5668	293.186	293.188
20.5787	293.183	293.185
20.5907	293.179	293.181
20.6026	293.176	293.177
20.6145	293.172	293.174
20.6265	293.169	293.171
20.6384	293.166	293.167
20.6504	293.162	293.164
20.6623	293.159	293.161
20.6742	293.156	293.158
20.6862	293.153	293.155
20.6981	293.15	293.151
20.71	293.147	293.148
20.722	293.144	293.146
20.7339	293.141	293.143
20.7458	293.138	293.14
20.7578	293.136	293.137
20.7697	293.133	293.134
20.7817	293.13	293.131
20.7936	293.127	293.129
20.8055	293.125	293.126
20.8175	293.122	293.124
20.8294	293.12	293.121
20.8413	293.117	293.119
20.8533	293.115	293.116
20.8652	293.113	293.114
20.8771	293.11	293.111
20.8891	293.108	293.109
20.901	293.106	293.107
20.913	293.104	293.105
20.9249	293.101	293.102
20.9368	293.099	293.1
20.9488	293.097	293.098
20.9607	293.095	293.096
20.9726	293.093	293.094
20.9846	293.091	293.092
20.9965	293.089	293.09
21.0085	293.087	293.088
21.0204	293.085	293.086
21.0323	293.084	293.084
21.0443	293.082	293.083
21.0562	293.08	293.081
21.0681	293.078	293.079
21.0801	293.076	293.077
21.092	293.075	293.076
21.1039	293.073	293.074
21.1159	293.072	293.072
21.1278	293.07	293.071
21.1398	293.068	293.069
21.1517	293.067	293.068
21.1636	293.065	293.066
21.1756	293.064	293.065
21.1875	293.063	293.063
21.1994	293.061	293.062
21.2114	293.06	293.06
21.2233	293.058	293.059
21.2352	293.057	293.058
21.2472	293.056	293.056
21.2591	293.054	293.055
21.2711	293.053	293.054
21.283	293.052	293.053
21.2949	293.051	293.051
21.3069	293.05	293.05
21.3188	293.048	293.049
21.3307	293.047	293.048
21.3427	293.046	293.047
21.3546	293.045	293.046
21.3666	293.044	293.045
21.3785	293.043	293.044
21.3904	293.042	293.043
21.4024	293.041	293.042
21.4143	293.04	293.041
21.4262	293.039	293.04
21.4382	293.038	293.039
21.4501	293.037	293.038
21.462	293.036	293.037
21.474	293.035	293.036
21.4859	293.035	293.035
21.4979	293.034	293.034
21.5098	293.033	293.033
21.5217	293.032	293.032
21.5337	293.031	293.032
21.5456	293.031	293.031
21.5575	293.03	293.03
21.5695	293.029	293.029
21.5814	293.028	293.029
21.5933	293.028	293.028
21.6053	293.027	293.027
21.6172	293.026	293.027
21.6292	293.026	293.026
21.6411	293.025	293.025
21.653	293.024	293.025
21.665	293.024	293.024
21.6769	293.023	293.023
21.6888	293.022	293.023
21.7008	293.022	293.022
21.7127	293.021	293.022
21.7246	293.021	293.021
21.7366	293.02	293.02
21.7485	293.02	293.02
21.7605	293.019	293.019
21.7724	293.019	293.019
21.7843	293.018	293.018
21.7963	293.018	293.018
21.8082	293.017	293.017
21.8201	293.017	293.017
21.8321	293.016	293.016
21.844	293.016	293.016
21.856	293.015	293.016
21.8679	293.015	293.015
21.8798	293.015	293.015
21.8918	293.014	293.014
21.9037	293.014	293.014
21.9156	293.013	293.014
21.9276	293.013	293.013
21.9395	293.013	293.013
21.9514	293.012	293.012
21.9634	293.012	293.012
21.9753	293.012	293.012
21.9873	293.011	293.011
21.9992	293.011	293.011
22.0111	293.011	293.011
22.0231	293.01	293.011
22.035	293.01	293.01
22.0469	293.01	293.01
22.0589	293.009	293.01
22.0708	293.009	293.009
22.0827	293.009	293.009
22.0947	293.009	293.009
22.1066	293.008	293.009
22.1186	293.008	293.008
22.1305	293.008	293.008
22.1424	293.008	293.008
22.1544	293.007	293.008
22.1663	293.007	293.007
22.1782	293.007	293.007
22.1902	293.007	293.007
22.2021	293.007	293.007
22.2141	293.006	293.006
22.226	293.006	293.006
22.2379	293.006	293.006
22.2499	293.006	293.006
22.2618	293.006	293.006
22.2737	293.005	293.006
22.2857	293.005	293.005
22.2976	293.005	293.005
22.3095	293.005	293.005
22.3215	293.005	293.005
22.3334	293.005	293.005
22.3454	293.005	293.005
22.3573	293.004	293.004
22.3692	293.004	293.004
22.3812	293.004	293.004
22.3931	293.004	293.004
22.405	293.004	293.004
22.417	293.004	293.004
22.4289	293.004	293.004
22.4408	293.003	293.004
22.4528	293.003	293.003
22.4647	293.003	293.003
22.4767	293.003	293.003
22.4886	293.003	293.003
22.5005	293.003	293.003
22.5125	293.003	293.003
22.5244	293.003	293.003
22.5363	293.003	293.003
22.5483	293.003	293.003
22.5602	293.002	293.002
22.5721	293.002	293.002
22.5841	293.002	293.002
22.596	293.002	293.002
22.608	293.002	293.002
22.6199	293.002	293.002
22.6318	293.002	293.002
22.6438	293.002	293.002
22.6557	293.002	293.002
22.6676	293.002	293.002
22.6796	293.002	293.002
22.6915	293.002	293.002
22.7035	293.002	293.002
22.7154	293.002	293.002
22.7273	293.001	293.001
22.7393	293.001	293.001
22.7512	293.001	293.001
22.7631	293.001	293.001
22.7751	293.001	293.001
22.787	293.001	293.001
22.7989	293.001	293.001
22.8109	293.001	293.001
22.8228	293.001	293.001
22.8348	293.001	293.001
22.8467	293.001	293.001
22.8586	293.001	293.001
22.8706	293.001	293.001
22.8825	293.001	293.001
22.8944	293.001	293.001
22.9064	293.001	293.001
22.9183	293.001	293.001
22.9302	293.001	293.001
22.9422	293.001	293.001
22.9541	293.001	293.001
22.9661	293.001	293.001
22.978	293.001	293.001
22.9899	293.001	293.001
23.0019	293.001	293.001
23.0138	293.001	293.001
23.0257	293.001	293.001
23.0377	293	293
23.0496	293	293
23.0616	293	293
23.0735	293	293
23.0854	293	293
23.0974	293	293
23.1093	293	293
23.1212	293	293
23.1332	293	293
23.1451	293	293
23.157	293	293
23.169	293	293
23.1809	293	293
23.1929	293	293
23.2048	293	293
23.2167	293	293
23.2287	293	293
23.2406	293	293
23.2525	293	293
23.2645	293	293
23.2764	293	293
23.2883	293	293
23.3003	293	293
23.3122	293	293
23.3242	293	293
23.3361	293	293
23.348	293	293
23.36	293	293
23.3719	293	293
23.3838	293	293
23.3958	293	293
23.4077	293	293
23.4196	293	293
23.4316	293	293
23.4435	293	293
23.4555	293	293
23.4674	293	293
23.4793	293	293
23.4913	293	293
23.5032	293	293
23.5151	293	293
23.5271	293	293
23.539	293	293
23.551	293	293
23.5629	293	293
23.5748	293	293
23.5868	293	293
23.5987	293	293
23.6106	293	293
23.6226	293	293
23.6345	293	293
23.6464	293	293
23.6584	293	293
23.6703	293	293
23.6823	293	293
23.6942	293	293
23.7061	293	293
23.7181	293	293
23.73	293	293
23.7419	293	293
23.7539	293	293
23.7658	293	293
23.7777	293	293
23.7897	293	293
23.8016	293	293
23.8136	293	293
23.8255	293	293
23.8374	293	293
23.8494	293	293
23.8613	293	293
23.8732	293	293
